  0.5                     -2                      400.898739
  0.5250000000000000222   -2                      400.894840
  0.5250000000000000222   -1.8999999999999999112  289.860759
  0.5374999999999999778   -1.8000000000000000444  207.916005
  0.5625                  -1.8000000000000000444  207.918599
  0.57499999999999995559  -1.6000000000000000888  115.900809
  0.5999999999999999778   -1.3999999999999999112  100.473525
  0.57499999999999995559  -1.3999999999999999112  100.873569
  0.63749999999999995559  -1                      225.121920
  0.5625                  -1.6000000000000000888  116.124766
  0.61250000000000004441  -1.1999999999999999556  142.286572
  0.57499999999999995559  -1.5                    100.114731
  0.5999999999999999778   -1.5                    99.899049
  0.61250000000000004441  -1.5500000000000000444  105.797219
  0.59375                 -1.4499999999999999556  98.426477
  0.6187500000000000222   -1.4499999999999999556  98.226683
  0.640625                -1.4250000000000000444  98.417802
  0.61250000000000004441  -1.3999999999999999112  100.363231
  0.6031250000000000222   -1.4750000000000000888  98.719378
  0.609375                -1.4250000000000000444  98.921991
  0.60468750000000004441  -1.4624999999999999112  98.298208
  0.62968749999999995559  -1.4624999999999999112  98.137926
  0.64765625000000004441  -1.46875                97.973459
  0.6617187500000000222   -1.4562500000000000444  97.824311
  0.69023437499999995559  -1.453125               97.355731
  0.7191406249999999778   -1.4718750000000000444  97.478456
  0.76171875              -1.4562500000000000444  96.734733
  0.8187499999999999778   -1.4499999999999999556  96.143686
  0.78984374999999995559  -1.4312499999999999112  96.619454
  0.9183593749999999778   -1.4281250000000000888  95.424937
  1.0324218750000000444   -1.4156249999999999112  94.462417
  1.0613281249999999556   -1.4343749999999999556  94.049439
  1.1970703124999999556   -1.4359375000000000888  92.845947
  1.4107421874999999112   -1.4015625000000000444  91.003374
  1.7067382812500000444   -1.3773437500000000888  88.774632
  1.8713867187499999556   -1.3976562500000000444  86.875367
  2.2908691406249999112   -1.388671875            83.476809
  2.800537109375          -1.330078125            79.957436
  3.6022705078124999112   -1.2771484374999999556  74.985636
  4.1864013671875         -1.2884765625000000888  70.356372
  5.4262329101562496447   -1.2440429687500000888  63.722267
  6.7376342773437496447   -1.1325195312500000444  58.190626
  8.9610168457031207367   -1.0044433593749999556  51.956352
 10.784979248046870026    -0.9713378906249999778  49.851857
 14.376333618164059303    -0.81843261718750004441 57.066780
 14.319763183593739342    -0.73173828124999995559 52.709740
 12.096380615234370026    -0.85981445312500004441 49.209310
 13.920343017578119316    -0.82670898437499995559 54.448417
 10.200848388671870381    -0.96000976562499995559 49.570365
 11.512249755859370381    -0.8484863281250000222  49.796769
 11.330432128906249289    -0.87919921874999995559 49.257217
 13.225964355468750711    -0.77900390625000004441 50.358304
 10.957127380371089131    -0.9147583007812499778  49.075412
 11.723075866699209868    -0.89537353515624995559 49.129447
 10.58382263183593075     -0.9503173828125        49.233334
 11.718241119384760651    -0.8824401855468799738  48.988175
 10.952292633056639914    -0.901824951171879996   49.257913
 11.5303800582885696      -0.89698638916016004696 49.032747
 12.291493797302239344    -0.86466827392579004297 49.528602
 11.290718984603879349    -0.90223579406738996234 49.002042
 11.4785800457000704      -0.88768959045411000019 48.953994
 11.452680039405819912    -0.88304119110108003632 49.054323
 11.906102180480949926    -0.86789398193360001166 49.109772
 11.444564783573149214    -0.89365034103394003218 48.937161
 11.204903709888460739    -0.89889974594116994755 49.005464
 11.589906767010690558    -0.88655507564544999699 48.949820
 11.555891504883769372    -0.89251582622528002897 48.954855
 11.497907910496000028    -0.88889614939689998163 48.963663
 11.461572414636609807    -0.89066996574402501619 48.941154
 11.517235775291918998    -0.89010270833969507009 48.989419
