 30                      -10                        0                       10                      1615400.000000
 30                      -10                        0                       10.5                    1461351.875000
 30                      -10                        0.00025000000000000001  10                      1615401.975150
 31.5                    -10                        0                       10                      2151942.875000
 28.5                    -10.25                     0.000125                10.25                   1126346.794586
 27                      -10.375                    0.0001875               10.375                  781934.701449
 28.5                     -9.6875                   0.00021875              10.4375                 1078444.911961
 27.75                   -10.03125                 -0.000046875             10.65625                869745.021778
 26.625                  -10.046875                 0.0001796875            10.984375               614680.654728
 24.9375                 -10.0703125                0.00026953125000000002  11.4765625              345008.331287
 24.09375                -10.08203125               0.00031445312500000001  10.97265625             313225.023835
 21.140625               -10.123046875              0.00047167968749999999  11.208984375            114841.333890
 21.9140625              -10.6123046875             0.00022216796875000001  11.4208984375           141663.324609
 19.74609375             -10.55908203125            0.00062231445313        11.58447265625          64848.730637
 15.744140625            -10.822998046875           0.00095690917969        12.048583984375         24875.383279
 14.8681640625           -10.4393310546875          0.00077264404297000002  12.7025146484375        20924.981691
  8.80224609375          -10.47149658203125         0.00106521606445999996  13.86627197265625       28770.202337
 11.89599609375          -10.92852783203125         0.00094216918945999996  12.21392822265625       24504.574830
  9.910400390625         -10.544647216796880329     0.00134953308106000006  12.666107177734380329   22881.584427
  5.0687255859375        -11.244705200195319605     0.00153894805909000009  13.606582641601569605   81597.850006
  9.0867004394531303291  -10.964290618896489704     0.00127213096618999997  13.007183074951180757   27784.970551
 17.122650146484371447   -10.403461456298829901     0.00073849678039999999  11.808383941650390625   27947.394811
 11.095687866210939276   -10.824083328247070312     0.00113872241973999992  12.707483291625980115   24050.129911
  8.1409835815429705264  -10.545296669006349433     0.00114462518692999993  13.096432685852059663   28734.171497
 13.843351364135740411   -10.753572702407840467     0.00100383818150000009  12.310546159744269801   22973.529489
 12.962805747985839844   -10.352289319038399995     0.0011901996731800001   12.979397416114819563   20539.252378
 13.496210575103759766   -10.064170062541970552     0.00131421491503000008  13.362132012844099904   18756.780064
 14.963375329971309924   -10.076777189970020032     0.00108139269053999999  12.813166707754149343   18716.418659
 16.897219061851501465    -9.7031241208315002211    0.00105272782594000003  12.866008415818230404   18761.871315
 12.775723814964299763    -9.8088900595903503188    0.00125505418329999998  13.461414113640799428   17453.103687
 12.241910040378579438    -9.3365487381815999157    0.00138066218420000004  14.036848090589060689   15277.608217
 17.874429613351829005    -9.4137663058936702498    0.00092492383531000001  13.791223552078029968   17406.190080
 14.419798716902739955    -9.0063000936061303747    0.00157795276957000004  14.299170533195169952   13332.619107
 14.195616044104109932    -8.289784613065450003     0.00198060713286999984  15.097498475574010257   10597.529823
 16.141454938799160601    -8.4942683610134004368    0.00136957800642999996  14.507236400153519895   11069.750070
 15.263329988345530452    -7.6904068191070402705    0.00174649288887000005  15.903236551443159286   8569.721848
 15.413307317532639829    -6.4972216336755597155    0.00207904298802999996  17.448271473287668698   5935.997582
 11.121714557055419448    -6.8951453670743401148    0.0024800213204599999   16.753703667724099802   17075.287586
 12.809893321129520061    -7.5248006017791704281    0.00209124694917000014  16.013083638812581455   9446.296887
 17.038225770404139325    -6.0664888665851899319    0.00237957535404999991  17.496196903324829464   4792.557307
 19.436383635416920157    -4.4314589307869898249    0.00287903193897999987  19.225871309692720956   2854.214489
 14.786145220292439717    -4.8773645286401796639    0.00314538649810000006  19.385126048529969012   8075.772017
 17.02724870308164995     -3.3756382343754998132    0.00311674705426999996  20.938677759587459803   4942.837594
 20.521649117032310983    -2.0660410619599400839    0.00351885729051999979  22.485889656736329556   2694.634311
 24.37752701498369845      0.66333870794966998119   0.00423266246119000013  25.722292665698198277   4301.656677
 21.41314916623932163     -3.3078154017588201619    0.00265145313779999994  20.664229051122120495   2394.211266
 24.726651139212769692    -2.5230408383181299747    0.00240448645764999988  21.30378055241819979    3682.485947
 23.785907993352459755    -0.09325518076507000043   0.00400400172276000037  24.20906241528165026    3452.020882
 25.551296252938861642    -1.5736470532599100558    0.00340992499076000002  22.353848456828949054   3645.515475
 23.420284365474561383    -2.0241448485388100487    0.00333663050664000007  22.000055782518579406   2487.077349
 18.609825148729100874    -5.8214749407572101703    0.00218898471420999989  17.978960484753219617   4337.917313
 22.491887282196618258    -1.5253101207631099001    0.00355024747061999987  22.651536932649541711   2622.577454
 24.487101330054478865    -0.03019678572335000172   0.00364956226381000018  24.674984401820569957   3628.306958
 20.699063059076308946    -3.3311433945210802143    0.00307166452019000001  20.588149582724678766   2401.844098
 23.490542819461090573    -3.0281658208309698566    0.00278614052711000006  20.466096017771128857   3061.287179
 21.263872542639511209    -2.3065722516777000806    0.00333567809967000002  21.980941246995030269   2449.600512
 20.906297284518238655    -3.9595278274851000155    0.00264746566152999994  19.965150899030671638   2596.744099
 21.302694783937830891    -3.3509734008045999332    0.00287316111380000018  20.636747407435390045   2406.720509
 18.919105410471928508    -4.1241073758422901463    0.00262934792909000001  19.93497786162004104    2786.172282
 22.294989626723911158    -2.5491354803646801841    0.0031598098622500001   21.483786302293939485   2364.279113
 21.591075775349178656    -3.9629615870468901662    0.00254236621734999987  19.705514924793039455   2640.746329
 21.345673350816930736    -2.7206695855200000445    0.0031373501290900001   21.412084666444531678   2381.364350
 21.573742817490408896    -2.6034085302776901472    0.00313697771087000001  21.437377393857239838   2363.413554
 21.709266834266689017    -2.2296260950142401391    0.0032688860093999998   21.837692387068170063   2409.061819
 22.614714421558968382    -2.2593711044395199394    0.00297113089981999997  21.910589124134240535   2428.510950
 21.177975899696978246    -3.0632003220006898125    0.00304653111510000017  20.918759468077070096   2365.506006
 21.783041681124789335    -2.1603915573227099323    0.00358888127086000016  21.961774864214270053   2432.926506
 21.505622294960691221    -3.0209594406497899399    0.00288581017105999987  20.988615504395159661   2362.403626
 21.930491968619058696    -2.8976823011264198904    0.00297721430054999998  21.00218466786716931    2332.994110
 22.222901277520119123    -2.9861886589296400274    0.00289714638627999992  20.797234668578489902   2341.825675
 22.474447454200060292    -2.4723925542086000462    0.00303337490727000015  21.537222466129691156   2369.115859
 21.502093788322749646    -2.9154983800526701465    0.00304324206313999999  21.073375217590228914   2351.556456
 20.960985807972541295    -3.169638845688610207     0.00286181226055999983  20.766990089560959376   2372.673562
 21.961488672036068692    -2.7042613216956601363    0.00308531046182999999  21.304587249110699787   2350.420041
 21.876105544478871678    -3.1657921914845799094    0.00285881078742000012  20.747003925624380116   2364.707570
 21.649333499237531697    -2.7440044455794101452    0.0030674359800100001   21.264784026799031125   2351.256972
 22.01608166914702025     -2.6097637835772902193    0.00320079123170999985  21.333850076288399578   2340.653172
 22.276604116197088246    -2.562357545936719827     0.00312213392391000018  21.379327792442420986   2345.924843
 22.442999713762091574    -2.6430280305886402203    0.00312528897899000012  21.245190866055310153   2341.871947
 22.371600061826558914    -2.6521545089188798272    0.00312740375574999986  21.17568945221594845    2329.008214
 22.576655756721809354    -2.6261011025304799027    0.00314845040271000002  21.111240553768581663   2335.465531
 22.103982590480278247    -2.8389567661688901445    0.00309321520959000016  20.999129738770989206   2324.103840
 22.017671827621878577    -2.9772563762849801883    0.00307875585243000014  20.809030711935278646   2325.139790
 21.768078431274361151    -2.8562506493070998204    0.00307402326980999981  21.010236101515939566   2323.097633
 21.430617790030499492    -2.9628619586663300645    0.00304839041522000009  20.892758719246259602   2327.643340
 22.07099485695311003     -3.0127583291833501811    0.00293513703613999984  20.759769903896629017   2331.730570
 22.226836001648099028    -2.7823778256626900962    0.00313767533508999994  20.970227930332590915   2314.829856
 22.375008018162620971    -2.7247255879308300841    0.00321790585237000017  20.95424956156529106    2314.853363
 22.16425368566153864     -2.5521115458454302072    0.00328102174897999983  21.317871707521099722   2330.819881
 22.140938978484431487    -2.6672732416799100896    0.00319455057076999983  21.17834625661499004    2322.158622
 21.748317939117029596    -2.9202747324904199111    0.00312232843687999979  20.903280561401309967   2318.101737
 21.838103084781678831    -2.7741314584011700362    0.00317107359668000006  21.031915686161429591   2309.881480
 21.705163331932379123    -2.741718804517310204     0.00321000279022999992  21.048308659856651559   2306.006410
 22.142549694316610243    -2.699571652868069993     0.00325825529667999984  21.039845602586829898   2304.653819
 22.329785325837729459    -2.6212321546485499724    0.00335037131011000017  21.054650353122280393   2304.991269
 21.770494505022629284    -2.9046982660893401196    0.00316958035866999992  20.80248512047370113    2296.596425
 21.585272268291731734    -3.0234107782940498055    0.00315709525261999996  20.614554552403060228   2292.088366
 22.081592708977378692    -2.7032647981806401383    0.00325918590043000004  20.933187811188261662   2286.134281
 22.248230093907558569    -2.5947598310257498078    0.00332761463221000007  20.948141436081730404   2281.477413
 21.613771692576040806    -2.7473527076898998089    0.00333880865078000017  20.855197195131548682   2269.175398
 21.307239538040011695    -2.7298401487035000024    0.00343937530863000019  20.797681827531018683   2254.665356
 21.93648246534558055     -2.7820724009283699374    0.00338116745483999989  20.651803049444669824   2254.140220
 22.052142032052181264    -2.8022491991339100181    0.00346674978715        20.453550244238691391   2254.256126
 21.396062488475831032    -2.8654699266077598985    0.00339437102746999999  20.466244830143409672   2221.864060
 21.022818885555441426    -2.9484190634776101803    0.00346242889287000019  20.179444443921699559   2188.289026
 21.672113223132569715    -2.5041349437735598293    0.0036481978916599999   20.673980826086499007   2197.372386
 20.721096962129241348    -2.8874734474157701669    0.0036379701417899998   20.203313637410218462   2177.552325
 19.957530396240080961    -3.0338302556107801244    0.0037931478965800001   19.830899738074460714   2158.900252
 20.987232947096831737    -2.9043881831916600333    0.00370309575934000016  19.870382201232651198   2125.778995
 20.827229651625231099    -2.9916622004357398268    0.00383495598470000006  19.406732388083458574   2086.622761
 19.803363612931079274    -2.956950830720470158     0.00398819787807000014  19.393725648638390879   2052.746803
 18.73680418672384107     -3.0443900456165300383    0.00429171308968000036  18.764686948235251407   1983.692717
 18.600078336939731116    -3.5050158387967700335    0.00404292504026000036  18.416900933070941448   2118.105180
 18.038002400209009579    -3.3390301067523000533    0.00451894211274000025  18.030165559810349407   1985.966973
 18.143526891508830801    -3.4062188401898900736    0.00455112021710999976  17.478343176525548586   1918.087269
 17.236525139143200391    -3.5924131324794399411    0.00493010637737999972  16.302064895751090745   1853.220960
 18.819202351910909954    -2.9787319038452397812    0.00474493374198999961  17.834923962869130065   1798.997239
 18.928764359396499373    -2.7155899363694699922    0.00509593809284999977  17.543935477768229703   1697.721116
 15.642818391111040555    -3.3540494101731299637    0.00558339385162999989  15.913694052699000281   1713.968935
 17.234453637978290885    -3.0141911555669800293    0.00543163359303000005  16.232025127416438437   1576.951611
 16.83267925686292088     -2.8517716799743300093    0.00588797933317999986  15.332954911219479399   1428.961246
 15.583589386532990417    -3.2125220338816600218    0.00645699573784000013  13.781637720483649545   1436.067113
 16.257400557808519892    -2.4745533977198599374    0.00658204713037000011  14.984046185334090495   1258.261447
 15.767838267141179642    -1.9156235303400599435    0.0074080175068600004   14.32503683012559037    1093.674982
 17.913617243855750161    -1.9937041801096300198    0.0068410714837400001   14.578088417099479557   2319.761867
 16.2105181042972184      -3.0139631026572599737    0.00589781325966000011  15.5797926437991201     1492.151730
 13.268548148020659738    -2.781350237057179875     0.00772946482592000005  11.965775575045690005   1016.521359
 10.438440042332739921    -2.8142303874010399234    0.00904622819245999923   9.1766956236844201555  823.353709
 13.100755372137699695    -2.3831107131412898603    0.00850179712551000014  10.728369898957449635   1039.670028
 12.48626708270428054     -1.7698461215467000684    0.00896501534115999935  10.999890911509819347   690.195251
 10.937605930789930042    -1.0485081653792200918    0.0102190251428299992    9.6090175070229104648  493.352526
  8.2896405493378502172   -1.2289647181564700151    0.01169955465065000005   6.5866050186757103546  318.726031
  4.0181211955753202147   -0.41756123724755001003   0.01460534230939000006   2.2134300724038200592  130.313427
  3.4796230032766599649   -1.4160817212444900548    0.01377817887822999944   1.5387197209087100092  271.969421
  1.3361397138496300396   -0.46508004249486001314   0.01532259013595000004   0.54056156305248004301 16.432934
 -4.546168115294410228     0.49393529282835002547   0.01873298664116000017  -4.5533426049000000901  104.717386
 -0.55269512058697001233   1.1406148042179800051    0.017916340040740001    -2.2258311919904598675  222.824707
 -6.7970115347326096611    0.46945406699475999979   0.0205922005393299988   -8.5755774248356306799  473.989141
 -2.3633571683519698503    0.08996350890125999478   0.01799890669019999986  -4.0294286918709998346  161.101183
 -2.2605186930336498285    1.5900502379329100044    0.01914341070990999844  -3.2893538451112900312  257.782503
 -0.82548326895608004072   0.83851724813855998963   0.01780210275199000172  -2.0823354536062899101  104.571196
  1.635405356645420083    -1.1176950655692801107    0.01494813090303000018   0.54694493697997004222 108.226822
  5.4454486669091197726   -0.67087305748782999348   0.0133401763599799994    4.6387292512859898963  113.039120
 -0.22236596135128000595  -0.29000422145915999428   0.01610115776608999835  -0.39147992354775001944 10.599002
 -2.3426095398145698745   -0.2262257135649599904    0.01684906549443000029  -1.6939349215235299795  37.613818
 -4.4836007468152700994    0.15374201679546001253   0.01874681441855000075  -5.3318836898467800722  157.004407
  2.9631863134780198621   -0.4647192889170099761    0.01469183587462         2.1460760160027998467  30.067296
 -0.00966695813528000054   0.92705191320305002645   0.01701071236128999867  -0.44053383602934997887 87.790775
  2.8591298228766302003   -0.98489306797255005144   0.0137610453169800008    3.0096473633453801888  94.789716
  1.937976549918450031    -0.5290404889447699599    0.01477130967574000024   1.7366516591074601106  26.176917
  3.0171352660826897818   -1.8014739341109500259    0.01343273436490999978   2.4564384933368499375  266.932346
  0.74703359791920997957   0.24492045137455001336   0.01611621786218999861   0.28370924631220001411 11.036844
 -1.0637943633100099827   -0.05488286184511000088   0.01646380184536999983  -1.0613547435406001096  8.409076
 -3.0772847017040301232    0.15003535169084000755   0.01734978483074000113  -2.6650701233123101908  38.752503
 -1.5394700563646799285    0.24651715173248001101   0.01723057412906000077  -2.0509335879693000315  22.929779
 -0.67010840479389000013   0.0526277415631700024    0.01661575801572999847  -1.1040372762001100515  6.654551
 -1.9407572796176200125    0.44141059731158999169   0.01732587760873999932  -1.6771429115406100152  20.549243
  0.51691546548281996909  -0.23845738254324999605   0.01582341200414999829  -0.01386455559578999956 4.291581
 -1.4667102299053900172   -0.51027881351672998989   0.01638584695347999887  -1.5690774957543300872  55.814845
  0.19359764096306000813   0.05612063515172999867   0.0161836251350099998   -0.17948743920442999933 0.954911
 -0.28932886947773001074   0.19770828762243000676   0.01644214073403999984  -0.78789208372272001579 6.701866
  0.93933227939714003529   0.08888250274214999636   0.01606866609910000132   0.01871406617907999878 10.525409
 -0.56301270263322000798  -0.01894152069830000104   0.0163650179087999996   -0.79133754111067999837 3.855250
  0.0280248689871099993   -0.27203355088575997822   0.01605176579779999876  -0.25647132233278002733 7.693947
 -0.20999043486151999782   0.08027282799538000557   0.01634454699997999957  -0.65503689337523995917 2.997411
  0.63886338926945995809  -0.11313046161039000403   0.01574254300824000016   0.28417406155704000303 0.761481
  1.2933492863011399887   -0.19600956319717000031   0.01530593550450000048   0.97827973043561999855 5.182324
 -0.48718651911393001663   0.24061812296245999043   0.01649445452187000075  -0.65697935047086997162 5.960545
  0.26588996933363001629  -0.11868850616682000143   0.01599117263357999891  -0.17464325431455998694 1.407085
  1.0071929849855401073   -0.02877123161674999957   0.01576592597959999842   0.42884077844208001729 2.489664
  1.2627624271373700804   -0.18250761011649999088   0.0154970863782299996    0.83447896661530995832 4.008385
  0.15819778063820000291   0.01457771846740999952   0.01613268184453999984  -0.28265792837760000955 0.916514
 -0.37891859488336998574  -0.05178907546229000181   0.01625908533108999868  -0.60514805861184994829 2.761245
  0.66066509001830997505  -0.03452569257812999892   0.01588921581746999961   0.17034356917859999614 0.796777
  0.55977198111088999344   0.08020960588212999731   0.01598286026904999907   0.17082938589136001384 2.203423
  0.33936047227793997294  -0.0689639781545799968    0.01598909454245000042  -0.08827509426308000062 0.511577
  0.70494572513888997811  -0.15714184208958001387   0.01569314247133999848   0.22127974325190999383 1.510613
  0.32143466200701997781   0.00280501584140000013   0.01606100446908999974  -0.07929564359035000398 0.425480
  0.82196402614815999854  -0.1214852767182599963    0.0157082470740899996    0.4261313748187099959  1.242641
  0.32413934201569000182  -0.0194380303290099983    0.01602657315192999865  -0.10546060257851999631 0.431250
  0.15123384276675000404  -0.06483803454816000622   0.01602039176838999934  -0.16477220861604999214 0.510392
 -0.07077922973575999366   0.03791294801522000074   0.01630598895769000065  -0.5030758360810400065  1.793110
  0.46145273451815999044  -0.07536960920398999564   0.01588340449559999881   0.08736158714752000065 0.306927
  0.28976981837587001412  -0.00945635096530000017   0.01600659240005999906  -0.0428083395556200022  0.177746
  0.26497449142482998319   0.02029746262933999901   0.01601534132886000064  -0.02007496220188999952 0.291510
  0.54716443569161998806   0.01410854721970999925   0.01596839548995000052   0.09467070932755999868 0.923886
  0.25021649099796999804  -0.04510138910618999991   0.01600739269878000137  -0.09991147913014999937 0.257823
  0.33729751093381998839  -0.04412313638802999732   0.01595262387982999963   0.03813366501421999732 0.093396
  0.34387659539289000543  -0.05646568941754000204   0.01591564924378999907   0.10993079881058999414 0.122953
  0.34793361540589001768  -0.08983025867315999613   0.01586400226803999849   0.07068336032833999472 0.377237
  0.34130887705617002359  -0.06667144004451999728   0.01591325281830999888   0.03318860934865999757 0.197607
  0.14784361416375998988  -0.00730654904802999997   0.01605652640289000066  -0.12306035930896999653 0.156221
  0.30789341926683999606  -0.01867734911675000137   0.01595710505175999827   0.05263826687928999798 0.063856
  0.33673188340128001883  -0.00546532912203000036   0.01593196122825999914   0.12891313988402000601 0.162047
  0.20009330431398000827   0.02688974728547000037   0.01607317104895999993  -0.07073699283419999928 0.311433
  0.30600498387061997319  -0.04328114321201999987   0.01595323237596999941   0.00720720880293999975 0.096204
  0.25974994574165000127  -0.04723773791711999986   0.01595315145517000113   0.03026773024936000103 0.074007
  0.45762931574269999357  -0.06935313426893000011   0.01585152997846999909   0.18718379478187999188 0.256024
  0.22529003955849999374  -0.02281819535326000056   0.01600527729679000061  -0.04549932078625999743 0.072700
  0.25911047387977997891  -0.02314706617556000143   0.01598084646581000162   0.03056296187536999831 0.029120
  0.23566321888437000154  -0.01308002765733000047   0.01599465351071999858   0.04224083841158000202 0.028441
  0.17700080079186000792  -0.00678351863420000034   0.0160024697773900014    0.00169009236277000005 0.022389
  0.09685244572088000381   0.01188629024271000041   0.01602739272617000055  -0.01653169396296000002 0.053487
  0.21317379350914000824   0.01655819253634999849   0.01602660136316000003  -0.00473279181567000037 0.168157
  0.24810590768352000501  -0.0312887553037499988    0.01597151393217000059   0.02151759973309999921 0.030727
  0.25904163375479999365  -0.0120966300027599994    0.01595759383923000055   0.10454271947962999467 0.064003
  0.25060373520571999073  -0.01477702134037999979   0.0159695147036199997    0.06703220941316000159 0.034972
  0.14779341201589998867  -0.01428731235108000007   0.01601197091019000013   0.01360210308100999986 0.003300
  0.06774340839042000684  -0.01209229396824999976   0.01603940383941000053  -0.00591597881812000025 0.005536
  0.15367793448211000684  -0.01794278563279999919   0.01602078936160999945  -0.02750689261892999907 0.020919
  0.10896177540359999747   0.00524193316604999997   0.01604342784778000144  -0.00650452911487999982 0.030364
  0.14374780847358001323  -0.00389073895139999994   0.0160254493688800001    0.00050100309711000003 0.016409
  0.0754467589973600028   -0.0083721501274099993    0.0160356861983199997   -0.04809768545060000289 0.022966
  0.11550087396911000448  -0.00954911950989000002   0.01602542802641999942  -0.0255130544850599994  0.012985
  0.10335921367849000563  -0.01605145958838000153   0.01603934905616000162  -0.02114851282569999921 0.012590
  0.10152271958642999916  -0.0039465295675800002    0.01603030931922000066   0.01122766205261000079 0.004633
  0.09034030115138999562  -0.01802647155707000001   0.01602807928711999855  -0.01141690418567999944 0.012931
  0.10600694924700000688  -0.01660676702216999992   0.01602942625992000159   0.02164522854617999953 0.004277
  0.13900084611252000455  -0.00741956270753999989   0.01602744848563000118   0.02408014461272999993 0.006271
  0.14380274980244001082  -0.00507862623580000033   0.01601022843131999843   0.05642608197197000047 0.017404
  0.11347009770947999452  -0.0133082512502400007    0.01603206889994999995  -0.00175486412627999999 0.003733
  0.095395743166880001    -0.01665486738800000047   0.01602443920901000171  -0.00172007983597000005 0.007532
  0.12809957037611000019  -0.00972838887765000056   0.01602669616647999992   0.01763008850055999832 0.002455
  0.14616229508781999891  -0.02301883018298999869   0.0160197717990499984    0.0143336159481300008  0.010104
  0.11268261346178000404  -0.00871460472142999987   0.01602767493917999983   0.01200415052649000079 0.001763
  0.14501589753464000365  -0.00641251157802999981   0.01601977919797999833  -0.00090448955529000004 0.012511
  0.11575918631890999566  -0.01405820316114000067   0.01602701449443999851   0.0160077990208099992  0.001611
  0.1386972933768700067   -0.01008600330541000074   0.01601460935519000151   0.0313769346907099983  0.003941
  0.11977689662632999557  -0.01250268926403000011   0.01602770401376000034   0.0065280855779700003  0.002128
  0.09036572137567000507  -0.00821463066103999932   0.01604257389673999917   0.01248295873191000022 0.000501
  0.06165187605555000339  -0.00517828981602999963   0.01605787539000999922   0.01192338655735000058 0.000246
  0.07683571585517999514  -0.01049850460365999924   0.01604343825220999956   0.00560162234074999994 0.001598
  0.06368779921938000355  -0.00672211188709999959   0.01605029752416000169   0.01624039364473000083 0.000066
  0.0356432505159099966   -0.00383182319864000011   0.01606159427935999889   0.02109654767810999892 0.000136
  0.04628467526273000177  -0.00951395001254000047   0.01606163789122999966   0.01288245025533000035 0.002453
  0.09608312891202000494  -0.00891444104421000062   0.01603616567719000005   0.01222372545869999938 0.000618
  0.03337007370215999691  -0.00159847051435999996   0.01606687392733999881   0.00698676497995999977 0.000721
  0.05056072308937999832  -0.00070815202719000001   0.01606216800713999859   0.01808551297962000121 0.001923
  0.07026696766373000114  -0.00805091645953999978   0.01604812069093999871   0.00872259500047000043 0.000519
  0.11247481222317999572  -0.01283440908908000007   0.0160293557138099993    0.01756828535066999944 0.001079
  0.05314625833242000302  -0.00440745515803999972   0.0160574943739600004    0.00963214507263999986 0.000326
  0.0282933217235200006   -0.00326494561614000013   0.01607072831234999943   0.01103553467890000007 0.000148
  0.03312266000170999841  -0.00173548477911000007   0.01607007710930000166   0.01569313497633999938 0.000252
  0.04023157016765999822  -0.0040429608911500001    0.0160669947939500006    0.01781407985602000144 0.000020
  0.03377422608528000275  -0.0038607137577100002    0.0160717450039399995    0.02190504724770999875 0.000195
  0.06380962358135000567  -0.00786866932609999944   0.01605287090093000107   0.01281356239215999948 0.000344
  0.04079440089662000196  -0.00326878091586000003   0.01606577555721000125   0.01497324183030000061 0.000078
  0.02485166994804000051  -0.00347110983909999999   0.01606902270383         0.01810823844761999882 0.000120
  0.05648939839232999804  -0.00548753615045999982   0.01605531697722999834   0.02253244221043999851 0.000228
  0.03534234089071999763  -0.00382059324972000005   0.0160668754785700009    0.01390976156178000064 0.000035
  0.06517638563915000016  -0.00545611363281999981   0.01605594897312000169   0.01336049999880000068 0.000223
  0.0349328488708200019   -0.00396736078753000005   0.01606575427114999982   0.01692130383541000024 0.000029
  0.04630287867767000215  -0.00600773249189000009   0.01605918547669999905   0.01746952761866999923 0.000209
  0.04217152034188000054  -0.00395351880986999967   0.01606412803707999923   0.01559731327738999966 0.000015
  0.0126513409161600008   -0.00117010498203000001   0.01608157876621000085   0.01588083562057000103 0.000002
 -0.01286688823544999971   0.00160589847049999999   0.0160972193872399999    0.0157010566084899994  0.000019
  0.02965129925753999876  -0.00274637948557000019   0.01607235245563000056   0.01919700473291999915 0.000055
  0.03391958048243000345  -0.00355203980868000002   0.0160682447228299996    0.01523157235455999993 0.000009
  0.02955415708323999927  -0.00239195145833000005   0.01607471888889000153   0.01534059671886000079 0.000036
  0.03358817592392999984  -0.00357350845522999994   0.01606799542557999991   0.01652612705627000064 0.000008
  0.02093373866453999976  -0.00208162513674999992   0.01607397868190000093   0.01380384429836999972 0.000027
  0.03540711229187999687  -0.00355262695254999995   0.01606874076594000042   0.01681152096661000031 0.000006
  0.01561158446532000081  -0.00197062128938000009   0.01607915180319999943   0.01662771472162000164 0.000020
  0.03553153637274000104  -0.00345779442975000005   0.01606788397861000015   0.01585491363844999946 0.000004
  0.02466950226991999895  -0.00232497760109999984   0.01607485474534000106   0.01730512628638999906 0.000011
  0.03160706092929999739  -0.0032452742567900001    0.01606989722846000057   0.01574996083752000162 0.000003
  0.0240103493311100008   -0.00213939185533000001   0.01607605494402999935   0.01562248847529999936 0.000009
  0.03119371927572999956  -0.00321497930526000019   0.0160700103051900009    0.01630021741103000049 0.000003
  0.02008471645508999939  -0.00199144953436999981   0.01607594437329000134   0.01508144278718000046 0.000006
  0.02391531541427999868  -0.00238174388890999983   0.01607414347145999858   0.01551396233202999991 0.000003
  0.01415218189499999925  -0.00154825678675000003   0.0160799309070500003    0.01586757446212999981 0.000003
  0.01949702051442999892  -0.0020256411975000002    0.01607691917493999853   0.01586440925621000059 0.000002
  0.02355925540352999878  -0.00244625598188000009   0.01607505926593999837   0.01638374923063999969 0.000003
  0.02364827040622000109  -0.00243012795864000009   0.01607483031731999842   0.0161663025059800014  0.000002
  0.01250812710732999988  -0.0012205948922199999    0.0160816024382799995    0.01553053669911000009 0.000003
  0.01717952514943000067  -0.00171919099548000008   0.0160787044050000015    0.01572295687709000106 0.000002
  0.00488101756381999988  -0.00042725831003999999   0.01608611910327999855   0.0160672912924099999  0.000002
  0.01156252840519000034  -0.00113176229672000005   0.01608206363457000132   0.01598795867868000112 0.000001
  0.01650005497157000164  -0.00165962722197         0.01607899154151999979   0.01622679615362999928 0.000001
  0.00645720199745000029  -0.00056343989047000003   0.01608494624130000009   0.0158136973485599984  0.000002
  0.0107549690996499997   -0.00103011190751000009   0.01608241726031000088   0.01590184863792000122 0.000002
  0.01210693466067500057  -0.00115093363937500003   0.01608182120038999935   0.01593439714962500281 0.000002
  0.01403129168838000013  -0.00139569475934499991   0.01608052758804499882   0.01610737741615499846 0.000001
  0.01552977445980999877  -0.00157870174711000023   0.01607949140475500166   0.01592618396744500259 0.000001
  0.01760539940570500159  -0.00178094512768000018   0.01607844697594500161   0.01607713059232999953 0.000001
  0.01935050330403000063  -0.00196345594160000003   0.0160773592983100011    0.01607815121663000099 0.000001
  0.01053519328405000052  -0.00093683402365999995   0.016083077445369999     0.01622246157855000009 0.000003
  0.01725656370682999985  -0.00175343940404000011   0.01607845874255000099   0.01595392233679000099 0.000001
  0.0196834842776500013   -0.00208403745013999988   0.01607685784226000128   0.01624257857229999963 0.000003
  0.01440937675652999989  -0.00139858809906000009   0.01608039853521999948   0.01597127135849999921 0.000002
  0.01440954605601000096  -0.00144260085037999997   0.01608026118855999942   0.01597094050773500279 0.000001
  0.01545651585461000135  -0.00154760911916000015   0.01607971146644000121   0.01603305494765500105 0.000001
