 -1                        0                        0                      2500.000000
 -1.1000000000000000888    1                        1                      823.154115
 -1.3999999999999999112    4                        4                      1157.376685
 -1.1999999999999999556    3                        2                      624.014189
 -1.5                      9                        5                      7125.658706
 -1.3999999999999999112   -0                        4                      132.000000
 -2                       -9                       10                      7667.214288
 -1.3000000000000000444   -0                        3                      418.000000
 -1.5                      2                       -6                      9331.969654
 -0.4000000000000000222   -1                        3                      1526.232666
 -1.3000000000000000444   10                        6                      9373.380720
 -2.3999999999999999112    0                       10                      2796.000000
 -2.3999999999999999112   -3                        2                      2770.675763
 -2.2000000000000001776    3                        3                      774.667067
 -1.8000000000000000444    2                        3                      339.252134
 -1.8000000000000000444   -2                        5                      488.727551
 -1.6999999999999999556   -1                        4                      451.407837
 -1.3000000000000000444    2                        3                      218.341986
 -1.6999999999999999556    3                        4                      661.531486
 -1.3999999999999999112    1                        3                      163.491938
 -0.9000000000000000222    0                        4                      117.000000
 -0.5                     -1                        4                      780.302851
 -1.1999999999999999556   -1                        4                      490.991603
 -1.3000000000000000444    1                        3                      141.451062
  0.5999999999999999778    0                        4                      1632.000000
 -0.80000000000000004441   1                        5                      236.255840
 -1.1000000000000000888   -1                        4                      512.423254
 -0.2999999999999999889    5                        6                      2802.346290
 -1.8999999999999999112    2                        8                      2214.371912
 -1.3999999999999999112    4                       -1                      2678.211302
 -0.9000000000000000222    1                        4                      39.062323
 -0.9000000000000000222    4                        4                      1108.736937
 -1.1999999999999999556    1                        4                      48.707480
 -0.69999999999999995559  -0                        5                      34.000000
 -0.4000000000000000222   -0                        6                      172.000000
 -1                        1                        5                      198.407288
 -0.10000000000000000555  -3                        8                      495.251200
 -1                       -0                        5                      25.000000
 -1.8999999999999999112    0                        5                      106.000000
 -1                       -0                        6                      136.000000
  1                        3                        7                      3028.640977
 -1.6000000000000000888   -5                       10                      2801.797178
 -1.8000000000000000444   10                        7                      10218.792964
 -1.1000000000000000888    0                        5                      26.000000
 -1.1999999999999999556   -0                        5                      29.000000
 -1.1000000000000000888    1                        5                      186.569426
 -1                       -0                        4                      116.000000
 -0.80000000000000004441  -2                        7                      183.301840
 -2                       -3                        5                      948.550894
 -1.8000000000000000444    5                        6                      2767.441995
 -1.5                      1                        5                      177.023626
 -1.1999999999999999556   -2                        6                      254.470493
 -0.80000000000000004441   1                        6                      632.479127
 -1.3999999999999999112    0                        5.3300000000000000711  55.298900
 -0.5999999999999999778    1                        4                      59.708569
 -1.1999999999999999556   -0                        5.1200000000000001066  31.654400
 -1                       -0                        4.5                    45.250000
 -0.9000000000000000222   -1                        5.0800000000000000711  194.907415
 -0.80000000000000004441  -0.2999999999999999889    5.3300000000000000711  36.336986
 -1.3999999999999999112    0.2999999999999999889    4.75                   41.945085
 -1                       -0.14999999999999999445   5.1900000000000003908  27.169194
 -0.9000000000000000222   -0.10000000000000000555   5.0099999999999997868  28.751864
 -1                       -0.08000000000000000167   5.0400000000000000355  26.160450
 -1.1000000000000000888    0.10000000000000000555   4.8399999999999998579  24.543061
 -1.1000000000000000888    0.22000000000000000111   4.6600000000000001421  23.265487
 -1.1000000000000000888    0.23000000000000000999   4.7300000000000004263  24.242260
 -1                        0.2999999999999999889    4.5899999999999998579  21.552145
 -1                        0.4500000000000000111    4.3899999999999996803  20.601789
 -1.1000000000000000888    0.5999999999999999778    4.1900000000000003908  23.980120
 -1                        0.61999999999999999556   4.0999999999999996447  19.956821
 -1                        0.81000000000000005329   3.7799999999999998046  24.381411
 -1                        0.26000000000000000888   4.5800000000000000711  21.109923
 -0.9000000000000000222    0.67000000000000003997   4.0499999999999998224  18.360160
 -0.80000000000000004441   0.89000000000000001332   3.75                   18.648760
 -0.9000000000000000222    0.9000000000000000222    3.7799999999999998046  21.819959
 -1                        0.41999999999999998446   4.3799999999999998934  19.916949
 -0.9000000000000000222    0.68999999999999994671   3.9599999999999999645  17.479003
 -0.9000000000000000222    0.81000000000000005329   3.75                   19.207644
 -0.9000000000000000222    0.56999999999999995115   4.1600000000000001421  18.074923
 -0.80000000000000004441   0.86999999999999999556   3.7299999999999999822  17.439685
 -0.69999999999999995559   1.0900000000000000799    3.4100000000000001421  20.355305
 -0.80000000000000004441   0.75                     3.8500000000000000888  15.992328
 -0.80000000000000004441   0.79000000000000003553   3.75                   15.618116
 -0.80000000000000004441   1                        3.4700000000000001954  20.995110
 -0.9000000000000000222    0.68000000000000004885   3.9900000000000002132  17.597916
 -0.80000000000000004441   0.89000000000000001332   3.6400000000000001243  17.182964
 -0.69999999999999995559   1.0100000000000000089    3.4500000000000001776  17.161486
 -0.69999999999999995559   0.92000000000000003997   3.5                    14.808212
 -0.69999999999999995559   0.94999999999999995559   3.3799999999999998934  16.373559
 -0.69999999999999995559   0.92000000000000003997   3.4900000000000002132  14.818667
 -0.80000000000000004441   0.73999999999999999112   3.7099999999999999645  15.609909
 -0.69999999999999995559   0.93000000000000004885   3.3799999999999998934  16.271972
 -0.80000000000000004441   0.82999999999999996003   3.6600000000000001421  16.098332
 -0.4000000000000000222    0.92000000000000003997   2.75                   23.783305
 -0.5999999999999999778    0.92000000000000003997   3.3799999999999998934  12.549998
 -0.2999999999999999889    0.92000000000000003997   3.3799999999999998934  25.841493
 -0.2999999999999999889    0.92000000000000003997   2.3799999999999998934  44.417448
 -0.5                      0.92000000000000003997   3.3799999999999998934  12.415132
 -0.4000000000000000222    0.92000000000000003997   3.3799999999999998934  16.590225
 -0.2000000000000000111    0.92000000000000003997   3.3799999999999998934  40.852489
 -0.2000000000000000111    0.92000000000000003997   2.3799999999999998934  27.230121
 -0.69999999999999995559   0.92000000000000003997   3.3799999999999998934  16.266880
 -0.69999999999999995559   0.92000000000000003997   2.3799999999999998934  141.542446
 -1.5                      0.92000000000000003997   3.3799999999999998934  124.543337
 -0.69999999999999995559   1.9199999999999999289    3.3799999999999998934  130.810148
 -0.5                      0.89000000000000001332   3.3799999999999998934  11.894944
 -0.2000000000000000111    0.89000000000000001332   2.3799999999999998934  28.695584
 -0.4000000000000000222    0.89000000000000001332   3.3799999999999998934  15.799216
 -0.5999999999999999778    0.89000000000000001332   3.3799999999999998934  12.372928
  0                        0.89000000000000001332   3.3799999999999998934  90.074400
 -0.5999999999999999778    1.8899999999999999023    3.3799999999999998934  123.313404
 -0.5                      0.89000000000000001332   4.3799999999999998934  132.726169
 -0.5                      0.80000000000000004441   3.3799999999999998934  11.752947
 -0.2999999999999999889    0.80000000000000004441   3.3799999999999998934  23.092347
 -0.4000000000000000222    0.80000000000000004441   3.3799999999999998934  14.557689
 -0.4000000000000000222    1.8000000000000000444    3.3799999999999998934  110.942635
 -0.2999999999999999889    0.80000000000000004441   4.3799999999999998934  192.652096
 -0.5999999999999999778    1.8000000000000000444    4.3799999999999998934  286.831070
 -0.5                      0.53000000000000002665   3.3799999999999998934  29.264034
 -0.2999999999999999889    1.0700000000000000622    2.9100000000000001421  9.768784
  0.2999999999999999889    2.0699999999999998401    1.9099999999999999201  135.840314
 -0.2000000000000000111    1.0700000000000000622    2.9100000000000001421  10.595336
 -0.4000000000000000222    1.0700000000000000622    2.9100000000000001421  13.033559
 -0.5                      1.0700000000000000622    2.9100000000000001421  19.910368
 -0.2999999999999999889    2.0699999999999998401    1.9099999999999999201  189.899528
 -0.4000000000000000222    0.07000000000000000666   1.9099999999999999201  830.934441
 -0.10000000000000000555   0.07000000000000000666   3.9100000000000001421  93.757376
  0.2999999999999999889    1.8799999999999998934    1.5                    139.906106
 -0.2000000000000000111    1.0700000000000000622    2.75                   8.540689
  0.10000000000000000555   1.0700000000000000622    2.75                   23.985208
 -0.4000000000000000222    1.0700000000000000622    2.75                   19.787817
 -0                        1.0700000000000000622    2.75                   14.302500
 -0.2000000000000000111    0.07000000000000000666   2.75                   363.509556
 -0.2999999999999999889    1.0700000000000000622    3.75                   81.713354
  0.10000000000000000555   1.0700000000000000622    2.2700000000000000178  6.377643
  1                        1.0700000000000000622    1.2700000000000000178  23.307602
 -0.2000000000000000111    1.0700000000000000622    3.2700000000000000178  34.125494
  0.2999999999999999889    1.0700000000000000622    2.2700000000000000178  10.595690
  0                        1.0700000000000000622    3.2700000000000000178  70.472900
 -0.10000000000000000555   2.0699999999999998401    2.2700000000000000178  129.574353
  0.2999999999999999889    2.0699999999999998401    3.2700000000000000178  229.670649
  0.4000000000000000222    0.07000000000000000666   1.2700000000000000178  135.744612
  1                        1.0700000000000000622    0.82999999999999996003 44.718003
  0.4000000000000000222    0.95999999999999996447   2.2099999999999999645  16.490791
  0.2999999999999999889    1.3400000000000000799    1.9099999999999999201  23.308063
 -0.2999999999999999889    0.93999999999999994671   3.0099999999999997868  9.111325
 -0.10000000000000000555   0.97999999999999998224   2.4399999999999999467  10.897259
 -0.2000000000000000111    1.0500000000000000444    2.7900000000000000355  8.267663
  0.10000000000000000555   1.1899999999999999467    2.2000000000000001776  11.385693
 -0.2000000000000000111    1                        2.8100000000000000533  7.937054
  0                        1.0100000000000000089    2.5                    6.260000
  0.10000000000000000555   0.97999999999999998224   2.3700000000000001066  5.740531
  0.2000000000000000111    0.97999999999999998224   2.1800000000000001599  4.752420
  0.4000000000000000222    0.94999999999999995559   1.8700000000000001066  3.593440
  0.5999999999999999778    1                        1.5300000000000000266  6.310530
  0.5999999999999999778    0.88000000000000000444   1.5800000000000000711  3.025031
  0.9000000000000000222    0.79000000000000003553   1.2299999999999999822  6.111396
  0.10000000000000000555   0.86999999999999999556   2.3500000000000000888  7.170128
  0.5                      0.96999999999999997335   1.7399999999999999911  3.861503
  0.9000000000000000222    0.89000000000000001332   1.0900000000000000799  10.533308
  0.2999999999999999889    0.95999999999999996447   2.0499999999999998224  4.308605
  0.69999999999999995559   0.91000000000000003109   1.4099999999999999201  4.396583
  0.4000000000000000222    0.94999999999999995559   1.8899999999999999023  3.725713
  0.4000000000000000222    0.88000000000000000444   1.8200000000000000622  3.423765
  0.5                      0.85999999999999998668   1.6200000000000001066  2.802232
  0.5999999999999999778    0.81000000000000005329   1.4899999999999999911  2.228729
  0.69999999999999995559   0.76000000000000000888   1.3899999999999999023  2.599612
  0.9000000000000000222    0.75                     1.1499999999999999112  4.461167
  0.5                      0.8499999999999999778    1.6499999999999999112  2.743066
  0.5999999999999999778    0.72999999999999998224   1.4399999999999999467  2.498822
  0.80000000000000004441   0.68000000000000004885   1.2299999999999999822  2.945360
  0.5999999999999999778    0.81000000000000005329   1.5500000000000000444  2.827414
  0.9000000000000000222    0.81000000000000005329   1.4899999999999999911  17.142294
  0.69999999999999995559   0.81000000000000005329   1.4899999999999999911  4.262128
  0.80000000000000004441   0.81000000000000005329   1.4899999999999999911  9.432603
  0.4000000000000000222    0.81000000000000005329   1.4899999999999999911  10.991399
  0.5                      1.8100000000000000533    1.4899999999999999911  113.032963
  0.5999999999999999778    1.8100000000000000533    2.4900000000000002132  113.383174
  0.9000000000000000222    0.66000000000000003109   1.1000000000000000888  3.421048
  0.5999999999999999778    0.77000000000000001776   1.3899999999999999023  2.307986
  0.5                      0.78000000000000002665   1.4899999999999999911  3.816149
  0.69999999999999995559   0.77000000000000001776   1.4199999999999999289  3.070105
  0.5999999999999999778    1.1799999999999999378    1.9899999999999999911  20.140023
  0.5                      1.1799999999999999378    1.3500000000000000888  35.976615
  0.69999999999999995559   1.3000000000000000444    0.98999999999999999112 76.082112
  0.5999999999999999778    0.79000000000000003553   1.4899999999999999911  2.283067
  0.66500000000000003553   0.76000000000000000888   1.3500000000000000888  1.835766
  0.86499999999999999112   0.60999999999999998668   0.93000000000000004885 1.432630
  1.4650000000000000799    0.60999999999999998668  -0.07000000000000000666 83.165336
  0.76500000000000001332   0.60999999999999998668   0.93000000000000004885 2.909217
  0.66500000000000003553   0.60999999999999998668   0.93000000000000004885 8.137050
  1.0649999999999999467    0.60999999999999998668   0.93000000000000004885 7.075892
  0.86499999999999999112   0.60999999999999998668   1.9299999999999999378  94.783857
  0.86499999999999999112  -0.39000000000000001332   0.93000000000000004885 258.453040
  1.4650000000000000799    0.16000000000000000333  -0.33000000000000001554 47.863612
  0.66500000000000003553   0.81999999999999995115   1.2600000000000000089  4.317204
  0.86499999999999999112   0.66000000000000003109   1.0200000000000000178  1.845484
  0.76500000000000001332   0.68999999999999994671   0.9000000000000000222  8.085460
  0.86499999999999999112   0.57999999999999996003   0.42999999999999999334 26.374254
  0.86499999999999999112   1.1100000000000000977    0.91000000000000003109 46.188190
  0.86499999999999999112   0.46999999999999997335   0.94999999999999995559 3.418229
  0.77800000000000002487   0.52000000000000001776   0.97999999999999998224 1.551565
  0.67400000000000004352   0.5999999999999999778    1.1499999999999999112  2.281480
  0.81699999999999994849   0.6500000000000000222    1.0500000000000000444  1.334732
  0.9749999999999999778    0.42999999999999999334   0.61999999999999999556 0.983587
  1.1299999999999998934    0.26000000000000000888   0.26000000000000000888 3.611103
  0.99299999999999999378   0.60999999999999998668   0.75                   4.904241
  0.83199999999999996181   0.54000000000000003553   0.92000000000000003997 0.854399
  0.88400000000000000799   0.46999999999999997335   0.80000000000000004441 0.689716
  0.89400000000000001688   0.4000000000000000222    0.72999999999999998224 0.940314
  0.97699999999999997957   0.30999999999999999778   0.51000000000000000888 0.366696
  1.0569999999999999396    0.14000000000000001332   0.23999999999999999112 0.588787
  0.81999999999999995115   0.4500000000000000111    0.86999999999999999556 1.681538
  0.93600000000000005418   0.44000000000000000222   0.68000000000000004885 0.617325
  1.0329999999999999183    0.27000000000000001776   0.40999999999999997558 0.627434
  1.0800000000000000711    0.20999999999999999223   0.27000000000000001776 1.204570
  0.93300000000000005151   0.40999999999999997558   0.67000000000000003997 0.497604
  0.86399999999999999023   0.5                      0.82999999999999996003 0.691656
  0.99099999999999999201   0.33000000000000001554   0.52000000000000001776 0.475484
  0.99799999999999999822   0.26000000000000000888   0.4500000000000000111  0.497537
  1.0440000000000000391    0.19000000000000000222   0.32000000000000000666 0.588444
  0.96099999999999996536   0.35999999999999998668   0.57999999999999996003 0.414240
  0.95499999999999996003   0.40999999999999997558   0.61999999999999999556 0.603346
  0.98699999999999998845   0.2999999999999999889    0.48999999999999999112 0.381355
  1.276999999999999913    -0.17000000000000001221  -0.35999999999999998668 10.670290
  0.97699999999999997957   0.28000000000000002665   0.46999999999999997335 0.314040
  1.0769999999999999574    0.28000000000000002665   0.46999999999999997335 1.918288
  0.97699999999999997957   0.28000000000000002665  -0.53000000000000002665 95.217697
  0.97699999999999997957   1.2800000000000000266    0.46999999999999997335 135.946903
  0.97699999999999997957   0.19000000000000000222   0.3499999999999999778  0.320977
  0.93300000000000005151   0.25                     0.41999999999999998446 0.293696
  0.8329999999999999627    0.16000000000000000333   0.27000000000000001776 2.478942
  0.93300000000000005151   0.23999999999999999112   0.4000000000000000222  0.294199
  0.93300000000000005151   0.32000000000000000666   0.51000000000000000888 0.303879
  0.93300000000000005151   0.57999999999999996003   0.92000000000000003997 1.939409
  0.8329999999999999627    0.35999999999999998668   0.23000000000000000999 18.485547
  0.93300000000000005151   0.75                     0.14000000000000001332 91.816786
  0.93300000000000005151   0.23999999999999999112   0.41999999999999998446 0.347742
  0.8010000000000000453    0.16000000000000000333   0.27000000000000001776 3.619947
  0.97199999999999997513   0.22000000000000000111   0.3499999999999999778  0.125479
  1.0720000000000000639    0.13000000000000000444   0.14000000000000001332 0.928361
  0.97199999999999997513   0.17000000000000001221   0.28000000000000002665 0.097907
  0.87199999999999999734   0.17000000000000001221   0.28000000000000002665 1.393370
  0.87199999999999999734   0.17000000000000001221  -0.71999999999999997335 107.120464
  0.87199999999999999734   1.1699999999999999289    0.28000000000000002665 165.317972
  0.97199999999999997513   1.1699999999999999289   -0.71999999999999997335 475.713191
  0.97199999999999997513  -0.82999999999999996003   1.2800000000000000266  587.702209
  0.97199999999999997513   0.02000000000000000042   0.07000000000000000666 0.220958
  0.99799999999999999822   0.05999999999999999778   0.07000000000000000666 0.070283
  1.098000000000000087     0.05999999999999999778  -0.93000000000000004885 105.262881
  1.098000000000000087     1.0600000000000000533    1.0700000000000000622  31.140417
  0.89800000000000002043   1.0600000000000000533    0.07000000000000000666 187.128291
  0.99799999999999999822   1.0600000000000000533   -0.93000000000000004885 518.016673
  0.99799999999999999822  -1.9399999999999999467   -0.93000000000000004885 206.723889
  1.0760000000000000675   -0.27000000000000001776  -0.56000000000000005329 4.355917
  1.0060000000000000053    0.05000000000000000278   0.07000000000000000666 0.018313
  1.0060000000000000053    0.02000000000000000042   0.07000000000000000666 0.155915
  1.0060000000000000053    0.05999999999999999778   0.10000000000000000555 0.018757
  1.0060000000000000053   -0.05999999999999999778  -0.11999999999999999556 0.083913
  1.0060000000000000053   -0                       -0.02000000000000000042 0.044000
  1.0060000000000000053    0.01000000000000000021   0.02999999999999999889 0.024667
  1.1060000000000000941    0.27000000000000001776   0.56999999999999995115 5.811633
  0.90600000000000002753   0.55000000000000004441   0.33000000000000001554 29.448974
  1.1060000000000000941    0.55000000000000004441  -0.39000000000000001332 132.125516
  1.0060000000000000053    0.02999999999999999889   0.07000000000000000666 0.059918
  1.0300000000000000266    0.02000000000000000042   0.07000000000000000666 0.248950
  1.0300000000000000266   -0.05999999999999999778  -0.10000000000000000555 0.116247
  1.0140000000000000124    0.02000000000000000042   0.05999999999999999778 0.105624
  1.0020000000000000018    0.05000000000000000278   0.07000000000000000666 0.014702
  1.0029999999999998916    0.10000000000000000555   0.13000000000000000444 0.102534
  1.0049999999999998934    0.02999999999999999889   0.05999999999999999778 0.022206
  1.0040000000000000036    0.08000000000000000167   0.10000000000000000555 0.085645
  1.0049999999999998934    0.04000000000000000083   0.07000000000000000666 0.012732
  1.0029999999999998916    0.02999999999999999889   0.04000000000000000083 0.008549
  1.0009999999999998899    0.02000000000000000042   0.01000000000000000021 0.047746
  1.0009999999999998899    0.02999999999999999889   0.05000000000000000278 0.003246
  0.99799999999999999822   0.02000000000000000042   0.04000000000000000083 0.008500
  1.0040000000000000036    0.02000000000000000042   0.04000000000000000083 0.010252
  1                        0.01000000000000000021   0.02000000000000000042 0.002069
  0.99799999999999999822  -0                       -0.01000000000000000021 0.010500
  0.99899999999999999911   0.02999999999999999889   0.02999999999999999889 0.032543
  1.0029999999999998916    0.02000000000000000042   0.04000000000000000083 0.009460
  1                        0.02999999999999999889   0.02999999999999999889 0.032363
  1.0020000000000000018    0.02000000000000000042   0.04000000000000000083 0.008868
  1.0009999999999998899    0.02999999999999999889   0.02999999999999999889 0.032384
  0.99699999999999999734  -0.05000000000000000278  -0.07000000000000000666 0.014712
  0.99699999999999999734   0.02000000000000000042   0.04000000000000000083 0.008908
  0.99599999999999999645   0.01000000000000000021   0.02999999999999999889 0.022119
  1.0009999999999998899    0.02999999999999999889   0.04000000000000000083 0.007715
  1.0029999999999998916    0.02999999999999999889   0.02999999999999999889 0.033028
  0.99899999999999999911   0.02000000000000000042   0.04000000000000000083 0.008292
  1.0020000000000000018    0.02999999999999999889   0.02999999999999999889 0.032606
  1                        0.02000000000000000042   0.04000000000000000083 0.008284
  1.0120000000000000107   -0.19000000000000000222  -0.11999999999999999556 3.177971
  0.94999999999999995559  -0.05000000000000000278   0.13000000000000000444 4.820203
  1.0140000000000000124   -0.02999999999999999889   0.52000000000000001776 32.448501
  1.0020000000000000018    0.01000000000000000021   0.01000000000000000021 0.003981
  1                        0                        0                      0.000000
  1                       -0.02999999999999999889  -0.05999999999999999778 0.018670
  1.0009999999999998899    0.01000000000000000021   0.02000000000000000042 0.002192
  1                       -0.02000000000000000042  -0.02000000000000000042 0.014391
  1.0009999999999998899    0.02000000000000000042   0.02999999999999999889 0.001366
  1                        0.01000000000000000021   0.01000000000000000021 0.003599
  1.0009999999999998899   -0.10000000000000000555   0.02000000000000000042 3.189139
  0.97999999999999998224  -0.01000000000000000021  -0.2000000000000000111  3.456580
  0.97999999999999998224   0                        0.2000000000000000111  4.080000
  1                       -0.00069999999999999999   0                      0.000124
  1.0009999999999998899    0.0028999999999999998   -0                      0.002227
  1                        0.00820000000000000069   0.02000000000000000042 0.005230
  0.98999999999999999112   0.00589999999999999986  -0.02000000000000000042 0.097301
  1.0009999999999998899    0.05000000000000000278   0.01000000000000000021 0.482685
  1.0020000000000000018    0.00489999999999999984  -0.10000000000000000555 1.172122
  1                       -0.00080000000000000004  -0                      0.000162
  1.000019999999999909     0.0001                   0.00020000000000000001 0.000000
  0.9990099999999999536   -0.02040000000000000147  -0.02989999999999999949 0.001629
  1.0004999999999999449    0.00990000000000000081   0.01499999999999999944 0.000311
  0.99499999999999999556  -0.00889999999999999993  -0.01650000000000000078 0.003245
  0.99783999999999994923   0.00459999999999999992   0.05000000000000000278 0.184976
  0.99838999999999999968   0.02000000000000000042  -0.01849999999999999908 0.254336
  1.0000899999999999235   -0.00020000000000000001  -0.00020000000000000001 0.000002
  0.9999299999999999855    0.00129999999999999994   0.00200000000000000004 0.000005
  1.000140000000000029    -0.00139999999999999999  -0.00200000000000000004 0.000011
  0.99997999999999998      0.00059999999999999995   0.00100000000000000002 0.000001
  0.99941000000000002057   0.01000000000000000021   0.00220000000000000013 0.018870
  0.9983100000000000307   -0.00139999999999999999  -0.02000000000000000042 0.032256
  1.0020000000000000018    0.00389999999999999982  -0.01799999999999999864 0.059265
  1                       -0.0001                   0.00040000000000000002 0.000031
  1.0000100000000000655    0.000113                 0.00020000000000000001 0.000000
  1.00004000000000004     -0.00045800000000000002  -0.00069999999999999999 0.000001
  1.0000299999999999745   -0.000194                -0.00029999999999999997 0.000000
  0.99899999999999999911  -0.000163                 0.00139999999999999999 0.000377
  0.99997000000000002551   0.0050000000000000001    0                      0.006333
  0.99985999999999997101  -0.000012                -0.01000000000000000021 0.010064
  1.0000100000000000655   -0.000048                 0.0001                 0.000003
  1.0001321724779999034   -0.00044299999999999998  -0.00075100000000000004 0.000003
  0.99999000000000004551   0.00033599999999999998   0.00056700000000000001 0.000000
  1                        0.000204                 0.00035                0.000000
  1.0000257999999999647   -0.00200000000000000004   0.00068000000000000005 0.001493
  0.99950000000000005507   0.000136                 0.00438899999999999967 0.001785
  1.0004451000000000871    0.00036400000000000001   0.0050000000000000001  0.001999
  1.0000011473004999374    0.000015                -0.000108               0.000002
  1.00000856606834998      0.00011900000000000001   0.000193               0.000000
  1.000019999999999909    -0.000062                -0.000083               0.000000
  1.000199999999999978    -0.000776                -0.00098299999999999993 0.000011
  1.0001633999999999247    0.00042000000000000002   0.00200000000000000004 0.000184
  0.99991870000000004914  -0.00100000000000000002   0.00150399999999999991 0.000961
  0.99999889617565995703   0.000035                -0.000057               0.000001
  0.99999945822000002593   0.00010989000000000001   0.000184               0.000000
  1.000019999999999909    -0.0000615               -0.000083               0.000000
  1.000099999999999989    -0.00013772              -0.000021               0.000005
  1.0000279000000000806    0.00050000000000000001   0.00015899999999999999 0.000041
  0.99999789999999999512  -0.00007647               0.00100000000000000002 0.000127
  0.99999874200000005153  -0.00000286              -0.000011               0.000000
  0.99999874200000005153   0.00011900000000000001   0.00013855930000000001 0.000000
  0.99999000000000004551   0.00033599999999999998   0.00056666666666999998 0.000000
  1                        0.00020350000000000001   0.00035                0.000000
  0.99999849200000001659   0.0001864                0.00050000000000000001 0.000004
  1.0000500000000001055   -0.00013338               0.00032587000000000002 0.000029
  1.0000500000000001055    0.00016003              -0.00035778999999999997 0.000038
  0.99999901507999999772  -0.00000213              -0.00000468             0.000000
  1.0000299999999999745    0.00011900000000000001   0.00017476850000000001 0.000000
  1.000019999999999909    -0.0000615               -0.00008333             0.000000
  0.99999247899999998968   0.0001                   0.00007805             0.000001
  0.99998993400000002474   0.0000201               -0.00020000000000000001 0.000005
  0.99997999999999998     -0.00005308               0.00007933             0.000003
  1.0000375870000000056   -0.00006702000000000001   0.00004262             0.000002
  0.99997999999999998      0.0000093368            -0.00003231             0.000000
  0.99999269800000001318  -0.00005                 -0.00000028             0.000001
  1.0000100000000000655   -0.0000365128             0.00000086             0.000000
  1.0000000700000000187   -0.0000001138            -0.0001                 0.000001
  1.0000071700547099596    0.00005041706192         0.00004591             0.000000
  1.000019999999999909     0.00003279396192         0.0000541797           0.000000
  1.000011433931649929     0.000023                 0.00007366666667       0.000000
  1.0000107169658301043    0.000047                 0.00010349999999999999 0.000000
  0.99999499999999996724   0.0000078479             0.0000146053           0.000000
  1.0000018858399999377    0.00002                 -0.0000026067           0.000000
  1.0000013613400000612   -0.0000010111             0.00005                0.000000
  0.99999680282000003029  -0.000019067379          -0.000047539353         0.000000
  0.99999269800000001318   0.00005041706192         0.00006883509999999999 0.000000
  0.99998850472000000433   0.00003318613333        -0.00001131333333       0.000000
  0.99999387853999999187   0.0000157614            -0.00000827             0.000000
  1.0000020000000000575    0.0000069159             0.0000013717           0.000000
  0.99999858628000004579   0.00001                  0.0000044519           0.000000
  0.99999988532999994906   0.0000018207            -0.00002                0.000000
  0.99999952838999994764  -0.0000187366             0.0000141764           0.000000
  1.0000035047199999916   -0.00001117456667        -0.00002505863333       0.000000
  1.00000137853999993     -0.00000641895           -0.00001514265          0.000000
  1.0000009999999999177    0.000001381826          -0.0000044634           0.000000
  1.0000002899700000114    0.000002829135           0.00001                0.000000
  0.99999953168999999864   0.000005                -0.0000043003           0.000000
  0.9999991783399999612   -0.000009210961          -0.0000012363           0.000000
  0.99999650472000001233  -0.00001024256667        -0.00001182503333       0.000000
  0.99999787853999999587  -0.00000595295           -0.00000852585          0.000000
  1.0000005000000000699   -0.000000008001          -0.000001758234         0.000000
  0.99999999811249995485   0.000002                -0.000000110563         0.000000
  0.99999982412970001011  -0.000000046881          -0.000005               0.000000
  0.99999967775779996515  -0.000001945118           0.000006868797         0.000000
  0.99999712618000002884   0.00000309228333         0.00000468931667       0.000000
  0.99999818926999994861   0.000000714475          -0.000000268675         0.000000
  1.0000001670208999993   -0.000001                 0.000000948458         0.000000
  0.99999979999999999425  -0.000000427219           0.000001720206         0.000000
  1.0000000969216999991    0.000000878928           0.000002               0.000000
  0.99999993605740000735   0.000000548291          -0.000004668664         0.000000
  1.0000005079453000434    0.00000137488033         0.00000375413533       0.000000
  1.0000003369913998963    0.00000101944            0.0000015656015        0.000000
  1.0000001000000000584   -0.00000015438298         0.00000020675          0.000000
  0.99999996768590004859  -0.00000018847779         0.000001               0.000000
  1.0000000216375000139    0.0000005                0.000000446875         0.000000
  0.99999991067659999011  -0.00000015713923        -0.000001653625         0.000000
  0.99999988109223003629  -0.00000183040733        -0.00000022089067       0.000000
  0.99999993504960005275  -0.0000011530735          0.000000334332         0.000000
  1.0000000270800000202   -0.0000002                0.00000031855883       0.000000
  0.99999994999999997081  -0.00000000177299         0.00000041808223       0.000000
  1.0000000380976299397    0.0000002                0.0000004609246        0.000000
  0.99999998482236995834   0.00000000177299        -0.00000119756566       0.000000
  1.000000023486429912    -0.00000072857385         0.000000357625         0.000000
  1.000000023024200102    -0.00000042143039         0.0000003799375        0.000000
  1.0000000200000001005   -0.00000002252692         0.00000001162633       0.000000
  0.99999999484193002885  -0.0000001                0.00000011227639       0.000000
  1.0000000012915699621    0.00000005447269         0.0000002              0.000000
  0.99999998386650001958   0.00000006805423        -0.00000032390272       0.000000
  0.9999999466223700173   -0.00000033451533         0.00000003016944       0.000000
  0.99999996949118996614  -0.0000002008865          0.00000013785823       0.000000
  0.99999999056857002966   0.00000005              -0.0000000740208        0.000000
  1.0000000086064100291    0.00000005               0.00000002543768       0.000000
  0.99999999448611998076   0.00000001100851         0.0000001              0.000000
  1.0000000063389000715   -0.00000011100851        -0.00000005141688       0.000000
  1.0000000086030500501   -0.0000001361573         -0.00000011739819       0.000000
  1.0000000067751799726   -0.00000008849981        -0.00000003804864       0.000000
  1.0000000049999999696    0.00000000383013        -0.00000001166431       0.000000
  1.000000000954960111     0.00000000441694         0.00000005             0.000000
  0.99999999883669998813   0.00000002              -0.00000000882052       0.000000
  0.9999999952083400423   -0.00000002824707        -0.00000002951517       0.000000
  1.0000000049638699817    0.00000005565816        -0.00000013238875       0.000000
  1.0000000023444299835    0.00000004449574        -0.00000007429156       0.000000
  1.0000000017909400629    0.00000001              -0.00000000991107       0.000000
  1.0000000019999999434   -0.00000000436815         0.00000001851094       0.000000
  0.99999999898058999914   0.00000000951982         0.00000002             0.000000
  0.9999999972284699945   -0.00000001515167        -0.00000002859987       0.000000
  1.0000000051332700313   -0.00000001450195         0.00000003437765       0.000000
  1.0000000035591301017   -0.00000000587647         0.0000000235781        0.000000
  1.0000000010000000827   -0.00000000359704         0.00000000220836       0.000000
  0.99999999910755998922  -0.000000005              0.00000000783552       0.000000
  1.0000000002088000883    0.00000000298604         0.00000001             0.000000
  0.99999999968363995073   0.000000005611          -0.00000002004388       0.000000
  1.0000000035467000448   -0.00000000576525        -0.00000001426675       0.000000
  1.0000000024051700631   -0.00000000194399        -0.00000000570007       0.000000
  0.99999999984057996727  -0.000000002              0.00000000067271       0.000000
  0.99999999949999995863   0.00000000066396         0.00000000048852       0.000000
  1.0000000000643700648    0.00000000018699         0.000000005            0.000000
  1.0000000005950500093    0.00000000114905        -0.00000000616123       0.000000
  0.99999999986290999399  -0.0000000087174         -0.00000000330408       0.000000
  0.99999999994938004733  -0.00000000579154         0.00000000002194       0.000000
  1.000000000046509907     0.000000001             -0.00000000003845       0.000000
  1.0000000002000000165   -0.0000000002321          0.0000000000484        0.000000
  0.99999999999624999969   0.00000000002358         0.000000002            0.000000
  0.9999999997572399657   -0.00000000079148        -0.00000000200995       0.000000
  0.99999999949602003113  -0.00000000107768        -0.00000000422585       0.000000
  0.99999999963810004555  -0.00000000076152        -0.00000000191939       0.000000
  1.0000000001000000083    0.00000000016821         0.00000000056962       0.000000
  1.0000000000349400509    0.00000000032733        -0.000000001            0.000000
  1.0000000000591600102   -0.0000000005            -0.00000000044797       0.000000
  0.99999999980590004167   0.00000000000446         0.00000000087835       0.000000
  1.0000000001680899864    0.00000000048835        -0.00000000199337       0.000000
  1.0000000001251299064    0.00000000037216        -0.00000000099503       0.000000
  0.99999999994999999586   0.00000000007264        -0.00000000009114       0.000000
  1.0000000000178699278    0.0000000002             0.00000000001567       0.000000
  0.99999999999142996643   0.00000000000599         0.0000000005           0.000000
  1.0000000000407001099   -0.00000000027863        -0.00000000042453       0.000000
  1.0000000000308000292    0.00000000083036         0.00000000016105       0.000000
  1.0000000000378899134    0.00000000049777         0.0000000000088        0.000000
  0.9999999999828900199    0.0000000001             0.00000000004896       0.000000
  1.0000000000200000017    0.00000000008827        -0.00000000002232       0.000000
  1.0000000000037299053   -0.00000000000851         0.0000000002           0.000000
  0.99999999999337996215  -0.00000000017976        -0.00000000022664       0.000000
  0.99999999998714994565   0.00000000017577        -0.00000000055031       0.000000
  0.9999999999882199786    0.00000000013333        -0.00000000028774       0.000000
  1.0000000000097100106   -0.00000000003129        -0.0000000001           0.000000
  0.99999999999443001109   0.00000000003669        -0.0000000001           0.000000
  0.99999999999110000815  -0.00000000005           -0.0000000000238        0.000000
  1.0000000000047599702    0.0000000000446          0.0000000002238        0.000000
  0.99999999999819999541   0.00000000013402        -0.00000000018224       0.000000
  0.99999999999958000263   0.00000000009839        -0.00000000008668       0.000000
  0.99999999999499999959   0.00000000000572         0.00000000004392       0.000000
  1.000000000001080025     0.00000000002           -0.00000000000401       0.000000
  1.0000000000042499337   -0.00000000000206         0.00000000005          0.000000
  0.99999999999967004172  -0.00000000002366        -0.00000000008991       0.000000
  1.0000000000116600063    0.0000000000536         -0.00000000010953       0.000000
  1.0000000000065198957    0.0000000000277         -0.0000000000881        0.000000
  1.0000000000009598988   -0.00000000000393         0.00000000002          0.000000
  0.99999999999917998927   0.00000000001            0.00000000001182       0.000000
  1.0000000000019999558    0.00000000000564        -0.00000000000515       0.000000
  0.99999999999786004512  -0.00000000001171        -0.00000000002667       0.000000
  0.99999999999314004295   0.00000000001921        -0.00000000002339       0.000000
  0.99999999999592004141   0.00000000001389        -0.00000000000505       0.000000
  1.0000000000010000889    0.00000000000004         0.00000000000841       0.000000
  1.000000000000009992     0.000000000005          -0.00000000000017       0.000000
  1.0000000000008399947   -0.00000000000011        -0.00000000001          0.000000
  0.99999999999815003537  -0.00000000000493         0.00000000000176       0.000000
  0.99999999999808997231  -0.00000000000159         0.00000000002636       0.000000
  0.99999999999906996617   0.00000000000021         0.00000000001849       0.000000
  1                       -0.00000000000092        -0.000000000005         0.000000
  0.99999999999974997777   0.000000000002          -0.00000000000228       0.000000
  0.99999999999949995555  -0.00000000000083         0.00000000000099       0.000000
  1.0000000000007500667   -0.00000000000025         0.00000000000629       0.000000
  0.99999999999983002485   0.00000000000347         0.00000000001549       0.000000
  1.0000000000000799361    0.00000000000257         0.00000000000912       0.000000
  1.000000000000019984     0.000000000001          -0.00000000000093       0.000000
  1.0000000000002000622    0.00000000000014         0.00000000000091       0.000000
  0.99999999999989996891   0.00000000000051         0.000000000002         0.000000
  0.99999999999987998489  -0.00000000000165        -0.00000000000198       0.000000
  1.0000000000003299583    0.00000000000155        -0.00000000000584       0.000000
  1.0000000000001298961    0.00000000000095        -0.00000000000413       0.000000
  0.99999999999995003996  -0.0000000000005         -0.00000000000006       0.000000
  0.99999999999989996891   0.00000000000023        -0.00000000000004       0.000000
  0.99999999999999000799  -0.00000000000002         0.000000000001         0.000000
  1.0000000000001600942    0.00000000000029        -0.0000000000009        0.000000
  1.0000000000002500222    0.00000000000025        -0.00000000000201       0.000000
  1.0000000000001600942    0.00000000000031        -0.00000000000101       0.000000
  1.00000000000004996      0.00000000000007        -0.00000000000032       0.000000
  1.000000000000019984     0.00000000000016         0.0000000000005        0.000000
  1.0000000000002000622   -0.00000000000047         0.00000000000061       0.000000
  1.0000000000001298961   -0.00000000000029         0.00000000000044       0.000000
  1.000000000000009992    -0.00000000000003         0.0000000000002        0.000000
  0.99999999999999000799   0.0000000000001          0.00000000000009       0.000000
  0.99999999999973998577  -0.00000000000047         0.00000000000083       0.000000
  0.99999999999984001686  -0.00000000000028         0.0000000000004        0.000000
  1                       -0                       -0.0000000000001        0.000000
  1                        0                        0.0000000000001        0.000000
  0.99999999999995003996   0.00000000000004        -0.00000000000074       0.000000
  0.99999999999997002398   0.00000000000007        -0.00000000000043       0.000000
