  0.2999999999999999889    0.4000000000000000222  4171.306162
  0.2000000000000000111    0.5                    25968.271657
  0.4000000000000000222    0.5                    49352.585812
  0.2999999999999999889    0.2000000000000000111  136.611001
  0.2999999999999999889   -0.4000000000000000222  341.579781
  0.4000000000000000222   -0.69999999999999995559 1473.067726
  0.4000000000000000222   -0.4000000000000000222  1469.149187
  0.2000000000000000111    0.2000000000000000111  400.865618
  0.2999999999999999889    0.10000000000000000555 191.784840
  0.2999999999999999889    0                      256.730456
  0.4000000000000000222    0.2000000000000000111  2290.763467
  0.4000000000000000222    0.10000000000000000555 1735.521796
  0.25                     0.2000000000000000111  220.566365
  0.3499999999999999778    0.10000000000000000555 312.418499
  0.2750000000000000222    0.2000000000000000111  153.522466
  0.2750000000000000222    0.2999999999999999889  291.438852
  0.29399999999999998357   0.2000000000000000111  133.831001
  0.29399999999999998357   0.2999999999999999889  425.563221
  0.19400000000000000577   0.2999999999999999889  136.587672
  0.19400000000000000577   0.10000000000000000555 733.006208
  0.27600000000000002309   0.2000000000000000111  151.628960
  0.24499999999999999556   0.24599999999999999645 142.837976
  0.18800000000000000044   0.2999999999999999889  137.399805
  0.27200000000000001954   0.22500000000000000555 132.642516
  0.37199999999999999734   0.125                  726.100592
  0.23899999999999999023   0.25600000000000000533 137.071569
  0.17199999999999998623   0.3250000000000000111  187.639682
  0.17199999999999998623   0.125                  770.619871
  0.20599999999999998868   0.2999999999999999889  137.607294
  0.26300000000000001155   0.25600000000000000533 124.830932
  0.26300000000000001155   0.35599999999999998312 1056.200011
  0.163000000000000006     0.25600000000000000533 277.265494
  0.26300000000000001155   0.15599999999999999978 261.259461
  0.36299999999999998934   0.25600000000000000533 1185.005050
  0.23599999999999998757   0.34899999999999997691 654.647935
  0.23999999999999999112   0.27400000000000002132 125.686186
  0.23100000000000001088   0.30499999999999999334 173.095020
  0.26200000000000001066   0.24499999999999999556 126.768184
  0.24099999999999999201   0.28499999999999997558 134.517450
  0.25700000000000000622   0.25500000000000000444 124.809384
  0.28000000000000002665   0.23699999999999998845 127.523672
  0.25                     0.26500000000000001332 124.614591
  0.24399999999999999467   0.26400000000000001243 126.294615
  0.25800000000000000711   0.25800000000000000711 124.366337
  0.25100000000000000089   0.26800000000000001599 125.245833
  0.25600000000000000533   0.25800000000000000711 124.457413
  0.26400000000000001243   0.25100000000000000089 124.553646
  0.26100000000000000977   0.25500000000000000444 124.408934
  0.26300000000000001155   0.25500000000000000444 124.648377
  0.25800000000000000711   0.25700000000000000622 124.377520
  0.25500000000000000444   0.26000000000000000888 124.402065
  0.25700000000000000622   0.25900000000000000799 124.371047
  0.25700000000000000622   0.26000000000000000888 124.436442
  0.25800000000000000711   0.15800000000000000155 278.697278
  0.15800000000000000155   0.25800000000000000711 278.697278
  0.28199999999999997291   0.23699999999999998845 128.890050
  0.26100000000000000977   0.25100000000000000089 124.864364
  0.27600000000000002309   0.20799999999999999045 143.022033
  0.20799999999999999045   0.23999999999999999112 234.091295
  0.25800000000000000711   0.25900000000000000799 124.425726
  0.23799999999999998934   0.2670000000000000151  127.763541
  0.24899999999999999911   0.23799999999999998934 148.570129
  0.26600000000000001421   0.24799999999999999822 124.751611
  0.24799999999999999822   0.25                   134.128672
  0.25774000000000002464   0.25786999999999998812 124.362257
  0.25696000000000002172   0.25747999999999998666 124.411899
  0.25776999999999999913   0.25785999999999997812 124.362206
  0.25785999999999997812   0.25783000000000000362 124.362237
  0.25778000000000000913   0.25785999999999997812 124.362193
  0.25780999999999998362   0.25785999999999997812 124.362198
  0.25778000000000000913   0.25785000000000002363 124.362202
  0.25780999999999998362   0.25786999999999998812 124.362216
  0.25779000000000001913   0.25785999999999997812 124.362188
  0.25781999999999999362   0.25785999999999997812 124.362214
  0.25779000000000001913   0.25786999999999998812 124.362193
  0.25279000000000001469   0.25311000000000000165 127.451135
  0.25303999999999998716   0.26285999999999998256 124.477911
  0.25789000000000000812   0.25785999999999997812 124.362520
  0.25787999999999999812   0.25776999999999999913 124.362196
  0.25852000000000002755   0.25585999999999997634 124.423183
  0.25579000000000001736   0.25713000000000002521 124.613415
  0.25779999999999997362   0.25789000000000000812 124.362245
  0.25783000000000000362   0.25781999999999999362 124.362182
  0.25795000000000001261   0.25769999999999998463 124.362252
  0.25784000000000001362   0.25781999999999999362 124.362186
  0.25883000000000000451   0.25736999999999998767 124.375038
  0.25737999999999999767   0.25681999999999999273 124.433411
  0.25780999999999998362   0.25784000000000001362 124.362183
  0.25782556161414998952   0.25782487121572000843 124.362182
  0.25784556161415000952   0.25780487121571998843 124.362184
  0.25781889040354000198   0.25783121780392997957 124.362183
  0.25755519999999998415   0.25831999999999999407 124.364576
  0.25733000000000000318   0.25754519999999997415 124.382558
  0.2578408004234399864    0.25781219410000000281 124.362183
  0.25782566133599998937   0.25782476517908997637 124.362182
  0.25782990027815000378   0.25782010603663002568 124.362182
  0.25782884054261001605   0.2578212708222499816  124.362182
  0.25783000000000000362   0.25802000000000002711 124.363577
  0.2580299999999999816    0.25781999999999999362 124.363586
  0.25782800000000000162   0.25781799999999999162 124.362183
  0.25782549528400000582   0.25782466526999997525 124.362182
  0.25782672107153997709   0.25782360039347002045 124.362182
  0.25773000000000001464   0.25789269999999997474 124.362238
  0.25790269999999998474   0.25791999999999998261 124.363191
  0.25783027299999999871   0.25781827299999998671 124.362183
  0.25782536431440000735   0.25782484865999999446 124.362182
  0.25778000000000000913   0.2578309169999999928  124.362238
  0.2578409170000000028    0.25786999999999998812 124.362308
  0.25783039082999997804   0.2578193908299999948  124.362183
  0.25782484323707999252   0.25782514461076000423 124.362182
  0.25782139900000000665   0.25784000000000001362 124.362187
  0.25785000000000002363   0.2578286009999999906  124.362210
  0.25782988601000000894   0.2578197139899999768  124.362182
  0.25782484323707999252   0.25782216876637997771 124.362183
  0.25782798699999998071   0.25783000000000000362 124.362184
  0.25784000000000001362   0.25782201300000001654 124.362187
  0.25782992013000000098   0.25781987986999999052 124.362182
  0.25782842576999998041   0.25782500000000002638 124.362183
  0.25783499999999998087   0.25782157423000001684 124.362184
  0.25782891886679998317   0.25781960465314002207 124.362183
  0.25783019541500001859   0.25782063541111999161 124.362182
  0.25782859845000000165   0.25782199999999999562 124.362182
  0.25783200000000000562   0.25782140154999999559 124.362183
  0.2578294015500000036    0.25781659844999998965 124.362183
  0.25782930036000001328   0.25781900000000002038 124.362183
  0.25782899999999997487   0.25782069963999998397 124.362182
  0.25783169964000002272   0.25782030035999997652 124.362183
  0.25783105973553999135   0.25781883521437998219 124.362183
  0.25782939534083998412   0.25782066192028002538 124.362182
  0.25782949999999998925   0.25782032462449999688 124.362182
  0.25783032462450000688   0.257820500000000008   124.362182
  0.25783017537550001475   0.25781917537549997599 124.362183
  0.25783002136290000816   0.25782019999999999937 124.362182
  0.25782979999999999787   0.25782002136289999816 124.362182
  0.25783017863710000483   0.25781977863709998333 124.362182
  0.25783001426814999846   0.25782039204662998699 124.362182
  0.25782998220360997532   0.25782022253247000032 124.362182
  0.25782991153890000291   0.25781989999999999075 124.362182
  0.25782990000000000075   0.25782008846109999434 124.362182
  0.25783018846110000721   0.25782001153889999578 124.362182
  0.25782991807453997657   0.25781988350416001898 124.362182
  0.25782999830338998448   0.25782005000000002282 124.362182
  0.25783004999999997731   0.25782000169661001276 124.362182
  0.25782995169660999357   0.2578199483033900008  124.362182
  0.25782998014815000642   0.25782022616662997327 124.362182
  0.25782996514361000706   0.25782013959247002122 124.362182
  0.25783000600304001315   0.25781998000000000415 124.362182
  0.25782998000000001415   0.25781999399695998409 124.362182
  0.25783001399695998357   0.25782002600303999262 124.362182
  0.2578299483033900108    0.25782004830339000367 124.362182
  0.2578299737275400183    0.25782003665170000195 124.362182
  0.25783000999999999836   0.2578199950403199936  124.362182
  0.2578299950403200036    0.25781998999999999889 124.362182
  0.25782999495968000891   0.25782001495967998839 124.362182
  0.25783002600304000262   0.25781998600304001368 124.362182
  0.25783001450227999163   0.25781998800152000628 124.362182
  0.2578299949999999785    0.25782000137144001073 124.362182
  0.25783000137144002073   0.25782000500000001875 124.362182
  0.25783000362856001164   0.2578199936285600069  124.362182
  0.25783001495967999839   0.25782000504031998833 124.362182
  0.25783000997984001357   0.25782000128024001873 124.362182
  0.25783000200000000257   0.25782000017203998699 124.362182
  0.25783000017203999699   0.25781999799999999468 124.362182
  0.25782999782796001131   0.25782000182795999921 124.362182
  0.25782999362856001691   0.25781999637143998561 124.362182
  0.25782999556427999011   0.25781999852858000777 124.362182
  0.25783000030934999369   0.2578199990000000219  124.362182
  0.25782999899999997639   0.25781999969065000355 124.362182
  0.25783000069064998527   0.25782000130935001092 124.362182
  0.25783000182796000921   0.25782000217203998593 124.362182
  0.25783000141397999228   0.25782000112902997424 124.362182
  0.25783000028879998755   0.25781999950000000776 124.362182
  0.25782999950000001776   0.2578199997112000097  124.362182
  0.25783000021120000556   0.25782000078880001892 124.362182
  0.25783000130935002092   0.25781999930935001197 124.362182
  0.25783000073201001179   0.25781999940467997812 124.362182
  0.25783000000241002025   0.25781999979999997707 124.362182
  0.25782999979999998708   0.25781999999758997699 124.362182
  0.25783000019759000354   0.2578200002024100268  124.362182
  0.25783000078879997341   0.25781999978879999169 124.362182
  0.2578300004665999845    0.25781999976940001007 124.362182
  0.25782999989999999535   0.25782000003687000067 124.362182
  0.25783000003687001067   0.2578200001000000019  124.362182
  0.25783000006313000485   0.2578199998631299783  124.362182
  0.25783000020240998129   0.25781999980240999371 124.362182
  0.25783000010181000849   0.25781999985120002128 124.362182
  0.25783000005000000776   0.2578199999983900037  124.362182
  0.2578299999983900137    0.25781999994999998949 124.362182
  0.25782999995160998941   0.25782000005160998768 124.362182
  0.2578299998631299883    0.2578199999368699924  124.362182
  0.25782999990656002565   0.25781999997764998289 124.362182
  0.25782999998014000109   0.25781999997999999197 124.362182
  0.25782999998000000197   0.25782000001985999615 124.362182
  0.25783000003986000781   0.25782000000013999275 124.362182
  0.25783000005160999768   0.25782000004839000784 124.362182
  0.25783000003831002545   0.25782000002379001913 124.362182
  0.25783000001000000445   0.25782000000443000554 124.362182
  0.25783000000443001554   0.2578199999899999928  124.362182
  0.25782999998556999088   0.25782000000556998254 124.362182
  0.25783000000014000275   0.25781999996013998944 124.362182
  0.25782999999511002631   0.25781999997506999112 124.362182
  0.25782999999500000321   0.25782000000150001595 124.362182
  0.25783000000150002595   0.25782000000499999404 124.362182
  0.25783000000349998171   0.25781999999350002639 124.362182
  0.25783000000556999254   0.25782000001443000636 124.362182
  0.25783000000528999429   0.25782000000832000497 124.362182
  0.25783000000023997833   0.25782000000200000489 124.362182
  0.25783000000200001489   0.25781999999976001892 124.362182
  0.25782999999776001765   0.25781999999824001257 124.362182
  0.25782999999349998088   0.25781999999650001554 124.362182
  0.25782999999549999215   0.25781999999862997841 124.362182
  0.2578300000009999815    0.25781999999996002559 124.362182
  0.25782999999995998008   0.25781999999900001574 124.362182
  0.25782999999903999377   0.25782000000103999504 124.362182
  0.25782999999824002257   0.2578200000022399796  124.362182
  0.2578299999991799929    0.25782000000161997555 124.362182
  0.25783000000018002629   0.25782000000049998256 124.362182
  0.25783000000049999256   0.25781999999982002647 124.362182
  0.25782999999931999202   0.25781999999968002735 124.362182
  0.25783000000104000504   0.25782000000096000347 124.362182
  0.2578300000007699988    0.25782000000047000654 124.362182
  0.25782999999989997253   0.2578200000002000003  124.362182
  0.2578300000002000103    0.25782000000010002472 124.362182
  0.25782999999989997253   0.25781999999970001136 124.362182
  0.25782999999967998184   0.25782000000068000523 124.362182
  0.25782999999988998052   0.25782000000046001453 124.362182
  0.25782999999991002005   0.25782000000010002472 124.362182
  0.25782999999989997253   0.25781999999991001005 124.362182
  0.25783000000019001829   0.25781999999999000162 124.362182
  0.25783000000029998589   0.25782000000004001716 124.362182
