  5                      -20                      154489277.503455
  5.25                   -20                      154480919.055017
  5.25                   -19                      114637852.135220
  5.375                  -18                      83839985.134586
  5.625                  -18                      83811582.798658
  5.9375                 -17                      60248214.971161
  6.0625                 -15                      29252701.046918
  6.46875                -12.5                    10292502.422276
  7.03125                -11.5                    6402787.452469
  7.859375                -8.25                   993620.751553
  8.390625                -3.75                   15896.254627
  9.6171875                2.875                  833.188905
 11.0078125                7.125                  102295.646720
 12.765625                18.25                   57439871.284099
  9.0859375               -1.625                  284.839960
  7.6953125               -5.875                  157279.031013
 10.1796875                3.875                  39.994612
  9.6484375               -0.625                  109.337749
 10.7421875                4.875                  2904.745159
  9.5                      0                      392.299828
  9.6328125                1.125                  1053.084514
  9.9140625                1.625                  1225.788395
