 30                      -10                        0                       10                      1457.271744
 29                       -9                        1                        9                      1464.799608
 31                       -9                        0                       10                      1556.925128
 32                      -10                        1                       10                      1762.666999
 28                      -10                        0                       11                      1110.494992
 22                      -10                        0                       14                      411.690722
  4                      -10                        0                       23                      1389.011799
 23                       -9                       -1                       12                      527.704481
 20                      -10                        0                       13                      364.020489
 15                      -11                        0                       15                      249.541020
 15                      -11                       -2                       17                      199.134402
  8                      -12                       -3                       21                      736.090556
 10                      -11                       -2                       18                      396.107130
  8                      -13                       -1                       20                      745.325411
 19                      -10                       -1                       14                      257.597961
  8                      -12                       -3                       18                      511.185194
 18                      -10                       -1                       15                      210.237587
 24                      -10                        0                       13                      587.704481
 13                      -11                       -2                       17                      239.081734
 12                      -12                       -2                       18                      330.563355
 17                      -10                       -1                       15                      195.426198
 23                       -7                        2                        9                      803.458897
  9                       -9                       -3                        9                      116.832816
-15                       -6                       -9                       -9                      332.841996
  9                       -7                       -3                        9                      88.832816
  9                       -1                       -3                        9                      52.832816
  9                       17                       -3                        9                      734.832816
  9                        3                        2                        9                      55.652476
  7                        4                       -1                        4                      122.640839
  0                       10                       -2                        1                      305.870482
 13                       -5                       -1                       11                      85.481926
 13                       -9                       -2                       15                      152.662266
  9                        1                       -1                        7                      58.537654
 11                        6                        2                        9                      103.301586
 10                       -4                       -2                        9                      57.759025
  6                        5                       -1                        6                      120.652476
 11                       -3                       -1                       10                      47.759025
 11                       -4                       -1                       12                      65.231161
  9                        0                       -1                        8                      36.286889
  9                        4                        1                        9                      70.888544
 10                       -2                       -1                        9                      35.522957
 13                       -8                       -1                       12                      135.231161
 -0                        1                        2                        1                      24.398346
-30                       10                       11                      -23                      444.977917
  4                        0                       -0                        4                      12.944272
 16                       -3                       -6                       13                      165.945791
-23                       -2                       -0                      -21                      106.606538
  1                        3                        1                        1                      32.000000
 12                       -4                       20                        9                      2017.057247
-79                      -25                        2                      -46                      4721.051635
-88                       50                        3                       18                      37912.892809
-64                      -45                       -2                       54                      46351.773947
  6                       -0                        0                        4                      27.593383
-10                       -2                        1                       -9                      71.522957
 -5                        4                        3                       -4                      57.814754
  6                       -1                        0                        6                      18.416408
  7                       -3                        0                        7                      47.652476
  3                        2                        1                        2                      28.398346
  5                       -2                        0                        6                      35.578686
  4                        1                        1                        3                      22.634414
  1                        1                        2                        3                      34.885179
  5                       -0                       -0                        4                      17.106550
 10                       -1                       -2                        8                      44.009790
  2                        1                        1                        3                      20.634414
-23                      -11                      -10                        1                      2060.068680
 -2                       -1                       -1                       24                      2206.601398
-21                       20                       -3                        3                      2689.888340
-46                       -6                        7                        2                      7803.068069
 -5                       -3                       -3                       -4                      49.398346
  9                       -1                       -2                        8                      35.522957
 -1                        0                        1                       -6                      99.709417
  7                      -10                       -0                        4                      230.404771
 -6                       -1                        5                        7                      675.897061
-16                       -1                       -3                        6                      1601.666999
  4                       -2                       -2                        1                      55.168703
  4                        0                        2                        4                      24.472136
  2                        2                       -0                       -1                      56.696567
 -6                        1                        0                        5                      398.815937
  1                       -5                       -0                        2                      81.634414
  2                        2                       -2                        1                      67.870482
  4                        2                       -0                        3                      37.870482
  4                        0                        1                        2                      22.885179
  5                       -1                       -1                        2                      41.168703
  9                        0                        0                        4                      97.001213
  3                        0                        0.56000000000000005329   3                      9.710406
  0                        0                        2.5600000000000000533    0                      31.938734
 -1                       -0                       -0.44000000000000000222  -1                      3.026598
-13                        0                       -3.4399999999999999467  -13                      81.711210
 -4                        1                        0.56000000000000005329  -4                      16.210870
 -4                        1                        0.56000000000000005329  -3                      17.137080
  3                       -0                        0.56000000000000005329   2                      10.636616
  9                       -1                       -0.44000000000000000222   8                      23.049091
 -1                        1                        0.56000000000000005329  -1                      12.502666
 -2                        1                        0.56000000000000005329  -3                      19.137080
  3                       -1                        1.5600000000000000533    4                      32.592684
 -5                        1                        0.56000000000000005329   3                      212.856176
-11                       -0                        0.56000000000000005329  -2                      274.123224
  3                        1                        1.5600000000000000533   -5                      234.548776
  0                       -0.2000000000000000111   -0.44000000000000000222   0                      3.446270
  4                       -1.1000000000000000888   -0.44000000000000000222   3                      17.902752
 -0                        0.47999999999999998224   0.56000000000000005329   0                      6.461798
 -2                        0.14000000000000001332  -0.44000000000000000222  -1                      6.054876
 -5                        0.20999999999999999223  -1.4399999999999999467   -4                      21.334712
  1                        0.05000000000000000278   0.56000000000000005329   1                      3.628770
 -1                       -0.48999999999999999112  -1.4399999999999999467   -1                      12.595970
  0                        0.23999999999999999112   0.56000000000000005329   0                      4.426598
  0                       -0.05999999999999999778   0.56000000000000005329  -1                      8.642944
  0                       -0.04000000000000000083  -0.44000000000000000222   1                      7.487816
  4                        0.5                     -0.44000000000000000222  -1                      91.213540
 -6                        0.5                     -0.44000000000000000222   0                      117.730266
 -1                       -0.38000000000000000444  -0.16000000000000000333  -1                      6.681897
  2                       -0.10000000000000000555   0.56000000000000005329   1                      6.634548
 -1                        0.08000000000000000167  -0.19000000000000000222  -1                      2.222815
 -1                        0.32000000000000000666   0.81000000000000005329  -1                      7.937283
 -4                        0.52000000000000001776  -1.1899999999999999467   -3                      16.819561
  2                       -0.17999999999999999334  -0.19000000000000000222   1                      6.063199
 -1                        0.05999999999999999778  -0.19000000000000000222  -1                      2.404815
  0                        0.27000000000000001776   0.81000000000000005329  -2                      23.454962
 -1                        0.41999999999999998446   0.81000000000000005329   0                      9.613493
  1                        0.3499999999999999778   -1.1899999999999999467    0                      17.776099
  0                       -0.41999999999999998446   0.81000000000000005329  -1                      15.571161
 -1                        0.08999999999999999667  -0.19000000000000000222  -1                      2.132115
  1                        1.0900000000000000799    0.81000000000000005329  -2                      46.924750
  1                        0.08999999999999999667  -0.19000000000000000222  -1                      16.581226
 -1                        0.08999999999999999667   0.81000000000000005329  -1                      6.488183
 -3                        0.08999999999999999667  -0.19000000000000000222  -1                      16.781226
 -2                       -0.91000000000000003109  -1.1899999999999999467   -2                      15.072115
 -1                       -0.91000000000000003109  -0.19000000000000000222   0                      13.968031
 -1                        0.11999999999999999556  -0.19000000000000000222  -1                      2.261215
 -2                        0.40999999999999997558  -1.0300000000000000266   -2                      10.369886
  1                       -0.16000000000000000333  -0.19000000000000000222  -0.5                    8.456706
 -1                        0.07000000000000000666  -0.38000000000000000444  -0.88000000000000000444 2.152471
 -2                        0.32000000000000000666  -0.16000000000000000333  -1.9399999999999999467  5.601185
 -1                       -0.07000000000000000666  -0.36999999999999999556  -0.48999999999999999112 3.239737
 -1                       -0.26000000000000000888  -0.16000000000000000333  -0.5                    5.154433
 -1                        0.07000000000000000666  -0.68999999999999994671  -0.96999999999999997335 3.031445
 -2                       -0.33000000000000001554  -0.14999999999999999445  -1.0600000000000000533  10.129910
  0                       -0.34000000000000002442  -0.22000000000000000111  -1.5                    13.387292
 -1                        0.10000000000000000555  -0.19000000000000000222  -1                      2.041615
  0                        0.10000000000000000555  -0.19000000000000000222   0                      1.655253
  3                        0.10000000000000000555  -0.19000000000000000222   3                      11.363457
 -1                        0.10000000000000000555  -0.19000000000000000222   0                      3.817531
  0                        0.10000000000000000555   0.81000000000000005329   0                      5.121615
  2                       -0.9000000000000000222   -0.19000000000000000222   1                      13.093599
  0                       -0.9000000000000000222   -0.19000000000000000222  -2                      25.966794
 -2                       -0.9000000000000000222   -0.19000000000000000222   1                      42.391820
 -1                       -0.38000000000000000444  -0.68999999999999994671   1                      22.228066
 -1                        0.17999999999999999334  -0.04000000000000000083   0                      4.119320
 -1                        0.05000000000000000278  -0.34000000000000002442  -1                      2.508705
 -1                        0.13000000000000000444  -0.14000000000000001332   0                      3.943427
 -1                        0.07000000000000000666  -0.28999999999999998002  -1                      2.310108
 -1                        0.11000000000000000056  -0.19000000000000000222   0                      3.927231
 -1                        0.08000000000000000167  -0.26000000000000000888  -1                      2.214690
 -1                        0.10000000000000000555  -0.22000000000000000111   0                      3.945813
 -1                        0.08999999999999999667  -0.25                    -1                      2.125151
 -1                        0.11999999999999999556  -0.02999999999999999889  -1                      2.401386
 -1                        0.08000000000000000167  -0.28999999999999998002  -1                      2.223208
  0                        0.14000000000000001332   0.30999999999999999778   0                      2.323581
  0                       -0.4000000000000000222   -0.23000000000000000999   0                      4.517896
 -1                       -0.02000000000000000042   0.02999999999999999889   0                      4.435760
  0                        0                       -0.02000000000000000042   1                      5.444667
 -0                        0.11000000000000000056  -0.2000000000000000111    0                      1.807314
  0.77000000000000001776  -0.23999999999999999112   0.02999999999999999889   0.55000000000000004441 3.035810
  0                        0.13000000000000000444  -0.04000000000000000083  -0.11999999999999999556 1.568522
  0.5                      0.16000000000000000333   0.14000000000000001332   0.26000000000000000888 2.564875
  0.5                      0.13000000000000000444  -0.05999999999999999778   0.44000000000000000222 2.991918
 -0.63000000000000000444   0.10000000000000000555  -0.2000000000000000111   -0.64000000000000001332 1.604186
  0.68999999999999994671   0.11999999999999999556  -0.13000000000000000444   0.61999999999999999556 3.726946
 -0.57999999999999996003   0.11000000000000000056  -0.17000000000000001221  -0.5999999999999999778  1.685274
 -0.60999999999999998668   0.11000000000000000056  -0.10000000000000000555  -0.68000000000000004885 1.898515
 -0.14999999999999999445   0.11000000000000000056  -0.17999999999999999334  -0.17000000000000001221 1.194526
  0.19000000000000000222   0.11000000000000000056  -0.14000000000000001332   0.14000000000000001332 2.076105
 -0.39000000000000001332   0.11000000000000000056  -0.16000000000000000333  -0.41999999999999998446 1.479124
 -0.14999999999999999445   0.05000000000000000278  -0.5999999999999999778   -0.32000000000000000666 2.629989
 -0.14999999999999999445   0.14999999999999999445   0.2000000000000000111    0.26000000000000000888 2.078243
 -0.14999999999999999445   0.13000000000000000444  -0.10000000000000000555  -0.68000000000000004885 3.444103
 -0.14999999999999999445   0.11000000000000000056  -0.17000000000000001221  -0.17000000000000001221 1.153765
 -1.1499999999999999112    0.4500000000000000111   -0.17000000000000001221  -1.1699999999999999289  6.211433
 -0.14999999999999999445   0.13000000000000000444  -0.17000000000000001221  -0.17000000000000001221 1.372165
 -1.1499999999999999112   -0.23999999999999999112  -0.17000000000000001221  -1.1699999999999999289  5.797333
 -1.1499999999999999112    0.34000000000000002442  -0.17000000000000001221  -0.17000000000000001221 5.749451
 -0.14999999999999999445   0                        0.82999999999999996003  -0.17000000000000001221 5.142933
 -0.14999999999999999445  -0.39000000000000001332  -0.17000000000000001221   0.82999999999999996003 9.325619
 -0.14999999999999999445   0.10000000000000000555  -0.17000000000000001221  -0.17000000000000001221 1.044865
 -0.14999999999999999445   0.10000000000000000555  -0.17000000000000001221   0.82999999999999996003 6.316719
 -1.1499999999999999112    0.10000000000000000555   0.82999999999999996003  -0.17000000000000001221 7.856719
 -0.14999999999999999445   1.1000000000000000888    0.82999999999999996003  -0.17000000000000001221 13.400933
  0.8499999999999999778   -0.9000000000000000222    0.82999999999999996003  -1.1699999999999999289  32.079094
 -0.14999999999999999445   0.07000000000000000666  -0.17000000000000001221  -0.17000000000000001221 0.719365
 -0.14999999999999999445  -0.02000000000000000042  -0.17000000000000001221  -0.17000000000000001221 0.453665
 -0.63000000000000000444  -0.02000000000000000042   0.30999999999999999778   0.26000000000000000888 3.856244
 -0.41999999999999998446  -0.02000000000000000042  -0.2999999999999999889   -0.3499999999999999778  1.083699
 -0.10000000000000000555  -0.02000000000000000042   0.33000000000000001554  -0.2999999999999999889  2.297614
 -0.6500000000000000222   -0.02000000000000000042  -0.22000000000000000111  -0.41999999999999998446 1.640898
 -0.40999999999999997558   0.97999999999999998224  -0.02000000000000000042  -0.02999999999999999889 10.909394
  0.02999999999999999889   0.97999999999999998224  -0.27000000000000001776  -0.67000000000000003997 14.584343
  0.01000000000000000021  -1.0200000000000000178   -0.79000000000000003553  -0.02000000000000000042 12.228218
 -0.14999999999999999445  -0.28999999999999998002  -0.17000000000000001221  -0.17000000000000001221 3.053765
 -0.41999999999999998446   0.58999999999999996891  -0.44000000000000000222   0.05999999999999999778 9.487523
 -0.05000000000000000278  -0.04000000000000000083  -0.25                    -0.01000000000000000021 1.203316
 -0.13000000000000000444   0                       -0.23000000000000000999  -0.11000000000000000056 0.611193
 -0.28000000000000002665  -0.10000000000000000555  -0.26000000000000000888  -0.23000000000000000999 1.531388
 -0.17999999999999999334   0.05999999999999999778  -0.2000000000000000111   -0.19000000000000000222 0.654277
  0.11999999999999999556   0.08000000000000000167  -0.08999999999999999667   0.02999999999999999889 1.281543
 -0.28999999999999998002  -0                       -0.25                    -0.26000000000000000888 0.565207
 -0.23000000000000000999  -0.05000000000000000278  -0.26000000000000000888  -0.2000000000000000111  1.087910
 -0.17000000000000001221   0.04000000000000000083  -0.19000000000000000222  -0.17999999999999999334 0.429077
 -0.19000000000000000222  -0.05000000000000000278  -0.22000000000000000111  -0.17000000000000001221 0.955168
 -0.17999999999999999334   0.02999999999999999889  -0.20999999999999999223  -0.19000000000000000222 0.367538
 -0.27000000000000001776   0.02999999999999999889  -0.17999999999999999334  -0.28999999999999998002 0.429332
 -0.10000000000000000555   0.04000000000000000083  -0.13000000000000000444  -0.16000000000000000333 0.468466
 -0.14000000000000001332   0.02999999999999999889  -0.16000000000000000333  -0.17999999999999999334 0.332281
 -0.23000000000000000999   0.08999999999999999667  -0.2000000000000000111   -0.25                   1.023168
 -0.17000000000000001221   0.01000000000000000021  -0.17999999999999999334  -0.19000000000000000222 0.230526
 -0.05999999999999999778   0.02999999999999999889  -0.19000000000000000222  -0.08000000000000000167 0.655332
 -0.22000000000000000111   0.02999999999999999889  -0.17999999999999999334  -0.23999999999999999112 0.367529
 -0.19000000000000000222   0.01000000000000000021  -0.17999999999999999334  -0.22000000000000000111 0.319189
 -0.17999999999999999334   0.01000000000000000021  -0.14000000000000001332  -0.23000000000000000999 0.373252
 -0.17999999999999999334   0.02999999999999999889  -0.19000000000000000222  -0.2000000000000000111  0.311726
 -0.11999999999999999556   0.01000000000000000021  -0.17999999999999999334  -0.16000000000000000333 0.206681
 -0.07000000000000000666   0                       -0.17000000000000001221  -0.11000000000000000056 0.324824
 -0.19000000000000000222   0                       -0.20999999999999999223  -0.20999999999999999223 0.367665
 -0.14999999999999999445   0.02000000000000000042  -0.17000000000000001221  -0.19000000000000000222 0.229381
 -0.11999999999999999556   0.02999999999999999889  -0.17999999999999999334  -0.14999999999999999445 0.402028
 -0.17000000000000001221   0.01000000000000000021  -0.17999999999999999334  -0.2000000000000000111  0.254467
 -0.13000000000000000444  -0.01000000000000000021  -0.17000000000000001221  -0.17000000000000001221 0.343960
 -0.17000000000000001221   0.02000000000000000042  -0.17999999999999999334  -0.19000000000000000222 0.198026
 -0.14000000000000001332   0.02000000000000000042  -0.17999999999999999334  -0.17000000000000001221 0.229607
 -0.32000000000000000666   0.05000000000000000278  -0.17999999999999999334  -0.28000000000000002665 0.576766
  0.19000000000000000222  -0.4000000000000000222   -0.2999999999999999889   -0.68000000000000004885 7.093234
 -0.11999999999999999556   0.02999999999999999889  -0.17999999999999999334  -0.17000000000000001221 0.362366
 -0.16000000000000000333   0.01000000000000000021  -0.17999999999999999334  -0.17999999999999999334 0.198165
 -0.01000000000000000021   0.07000000000000000666   0.02000000000000000042  -0.10000000000000000555 0.984843
 -0.67000000000000003997   0.19000000000000000222  -0.11999999999999999556  -0.16000000000000000333 2.326851
 -0.30999999999999999778  -0.47999999999999998224  -0.13000000000000000444  -0.27000000000000001776 5.476509
 -0.19000000000000000222  -0.07000000000000000666  -0.20999999999999999223   0.30999999999999999778 2.965825
  0.33000000000000001554   0.39000000000000001332  -0.46000000000000001998  -0.72999999999999998224 10.102974
  0                       -0.10000000000000000555  -0.13000000000000000444  -0.25                   1.491571
 -0.16000000000000000333   0.01000000000000000021  -0.17999999999999999334  -0.19000000000000000222 0.222107
 -0.16000000000000000333   0.01000000000000000021  -0.19000000000000000222  -0.17000000000000001221 0.257138
 -0.14999999999999999445   0.02000000000000000042  -0.17999999999999999334  -0.19000000000000000222 0.221820
 -0.26000000000000000888  -0.13000000000000000444  -0.08000000000000000167  -0.2999999999999999889  2.057895
  0                       -0.02000000000000000042  -0.10000000000000000555   0.01000000000000000021 0.478684
  0.02999999999999999889  -0.14999999999999999445  -0.23000000000000000999  -0.32000000000000000666 2.154725
 -0.04000000000000000083   0.22000000000000000111  -0.11999999999999999556  -0.3499999999999999778  3.189791
 -0.46000000000000001998   0.05000000000000000278  -0.17000000000000001221   0.05000000000000000278 1.506543
 -0.08999999999999999667  -0.01000000000000000021  -0.21540000000000000813  -0.11000000000000000056 0.604019
 -0.14999999999999999445   0.01000000000000000021  -0.19000000000000000222  -0.17000000000000001221 0.248086
 -0.14999999999999999445   0.02000000000000000042  -0.1749999999999999889   -0.19000000000000000222 0.225501
 -0.14999999999999999445   0.01000000000000000021  -0.18499999999999999778  -0.17000000000000001221 0.229206
 -0.14999999999999999445   0.02000000000000000042  -0.17749999999999999112  -0.19000000000000000222 0.223635
 -0.14999999999999999445   0.01000000000000000021  -0.18249999999999999556  -0.17000000000000001221 0.219841
 -0.14999999999999999445   0.01000000000000000021  -0.18129999999999998894  -0.16000000000000000333 0.236775
 -0.14999999999999999445   0.02000000000000000042  -0.18029999999999998805  -0.17999999999999999334 0.198373
 -0.07000000000000000666   0.02000000000000000042  -0.17919999999999999818  -0.20999999999999999223 0.404038
 -0.17000000000000001221   0.02000000000000000042  -0.13000000000000000444  -0.17000000000000001221 0.197843
 -0.17000000000000001221   0.02000000000000000042   0.02000000000000000042  -0.11000000000000000056 0.332473
 -0.08000000000000000167  -0.01000000000000000021  -0.23000000000000000999  -0.28999999999999998002 0.656121
 -0.20999999999999999223   0.02999999999999999889  -0.16000000000000000333  -0.2000000000000000111  0.302259
 -0.14000000000000001332   0.01000000000000000021  -0.17000000000000001221  -0.17000000000000001221 0.165346
 -0.17000000000000001221   0.01000000000000000021  -0.14999999999999999445  -0.17999999999999999334 0.233498
 -0.16000000000000000333   0.02000000000000000042  -0.17000000000000001221  -0.17999999999999999334 0.193226
 -0.05000000000000000278  -0.02000000000000000042  -0.28999999999999998002  -0.17000000000000001221 0.877465
 -0.11999999999999999556   0.02000000000000000042  -0.05999999999999999778  -0.07000000000000000666 0.129866
 -0.05999999999999999778   0.05000000000000000278   0.27000000000000001776   0.23000000000000000999 1.035490
 -0.11999999999999999556   0.01000000000000000021  -0.02999999999999999889  -0.05000000000000000278 0.085117
 -0.11999999999999999556  -0.02000000000000000042   0.05999999999999999778   0.01000000000000000021 0.504846
 -0.32000000000000000666   0.11000000000000000056  -0.11000000000000000056   0.30999999999999999778 3.083157
 -0.10000000000000000555   0.01000000000000000021  -0.08999999999999999667  -0.07000000000000000666 0.083667
 -0.07000000000000000666   0.01000000000000000021  -0.05999999999999999778  -0.01000000000000000021 0.170088
 -0.04000000000000000083   0.01000000000000000021  -0.08999999999999999667  -0.13000000000000000444 0.211157
 -0.26000000000000000888   0.02999999999999999889  -0.08999999999999999667  -0.08999999999999999667 0.175490
 -0.17000000000000001221   0.02000000000000000042  -0.08999999999999999667  -0.17000000000000001221 0.248885
 -0.10000000000000000555   0.01000000000000000021  -0.08999999999999999667  -0.05000000000000000278 0.133448
 -0.08000000000000000167   0.02000000000000000042  -0.08999999999999999667   0.05000000000000000278 0.526492
 -0.13000000000000000444   0.01000000000000000021  -0.08999999999999999667  -0.11999999999999999556 0.133498
 -0.08999999999999999667   0.02000000000000000042  -0.08999999999999999667   0                      0.376861
 -0.11999999999999999556   0.01000000000000000021  -0.08999999999999999667  -0.08999999999999999667 0.058946
 -0.13000000000000000444   0.02000000000000000042  -0.08999999999999999667  -0.08999999999999999667 0.115060
 -0.17999999999999999334   0.01000000000000000021  -0.08999999999999999667  -0.08999999999999999667 0.141714
 -0.20999999999999999223   0.02000000000000000042  -0.08999999999999999667  -0.08999999999999999667 0.095537
 -0.14999999999999999445   0.01000000000000000021  -0.08999999999999999667  -0.08999999999999999667 0.097484
 -0.14000000000000001332   0.01000000000000000021  -0.08999999999999999667  -0.08999999999999999667 0.084006
 -0.10000000000000000555  -0.19000000000000000222  -0.08999999999999999667  -0.08999999999999999667 2.000416
 -0.61999999999999999556   0                       -0.08999999999999999667  -0.08999999999999999667 1.540684
 -0.36999999999999999556   0.01000000000000000021  -0.08999999999999999667  -1.0900000000000000799  4.181493
 -0.08000000000000000167   0.01000000000000000021   0.91000000000000003109  -0.08999999999999999667 5.532484
 -0.11000000000000000056   0.01000000000000000021  -0.08999999999999999667  -0.08999999999999999667 0.047365
 -0.11000000000000000056   0.02000000000000000042  -0.08999999999999999667  -0.08999999999999999667 0.131265
 -0.11000000000000000056   0                       -0.08999999999999999667  -0.08999999999999999667 0.143665
 -1.1100000000000000977    0.01000000000000000021  -0.08999999999999999667  -0.08999999999999999667 4.336134
 -0.11000000000000000056   0.02000000000000000042   0.91000000000000003109  -0.08999999999999999667 5.567333
 -0.11000000000000000056  -0.01000000000000000021  -0.08999999999999999667  -1.0900000000000000799  5.512019
 -0.11000000000000000056   0.51000000000000000888  -0.08999999999999999667  -0.08999999999999999667 5.467365
 -0.08000000000000000167   0.01000000000000000021  -0.08999999999999999667  -0.08999999999999999667 0.056416
 -0.16000000000000000333  -0                       -0                       -0.07000000000000000666 0.342139
  0.01000000000000000021   0                       -0.05999999999999999778  -0.05999999999999999778 0.039895
  0.11000000000000000056  -0.01000000000000000021  -0.05000000000000000278  -0.05000000000000000278 0.099054
  0.01000000000000000021  -0.02999999999999999889   0.02999999999999999889   0.02999999999999999889 0.299365
  0.01000000000000000021  -0.02999999999999999889   0.05000000000000000278   0.13000000000000000444 0.531322
  0.01000000000000000021   0.01000000000000000021  -0.14000000000000001332  -0.11000000000000000056 0.306719
  0.01000000000000000021   0.01000000000000000021  -0.05999999999999999778  -0.05999999999999999778 0.142395
 -0.98999999999999999112   0.2000000000000000111   -0.23000000000000000999  -0.20999999999999999223 3.414251
 -0.98999999999999999112  -0.05999999999999999778   0.44000000000000000222  -0.17000000000000001221 5.963917
 -0.98999999999999999112  -0.2000000000000000111   -0.46999999999999997335  -0.42999999999999999334 4.618733
 -0.98999999999999999112  -0.05000000000000000278  -0.16000000000000000333   0.44000000000000000222 9.371082
  1.0100000000000000089    0.02000000000000000042   0.05000000000000000278   0.05000000000000000278 4.130755
  0.36999999999999999556  -0.02999999999999999889   0.02999999999999999889   0.02999999999999999889 0.443659
 -0.11999999999999999556   0                       -0.08000000000000000167  -0.08999999999999999667 0.170807
 -0.02000000000000000042   0.01000000000000000021  -0.14000000000000001332  -0.11000000000000000056 0.256796
 -0.10000000000000000555   0.01000000000000000021  -0.05999999999999999778  -0.05999999999999999778 0.021960
 -0.04000000000000000083   0.01000000000000000021  -0.05999999999999999778  -0.08000000000000000167 0.126681
 -0.08999999999999999667   0.01000000000000000021  -0.08000000000000000167  -0.07000000000000000666 0.062526
 -0.05000000000000000278   0.01000000000000000021  -0.07000000000000000666  -0.08000000000000000167 0.097707
 -0.08000000000000000167   0.01000000000000000021  -0.08000000000000000167  -0.07000000000000000666 0.071577
 -0.10000000000000000555   0.04000000000000000083  -0.05999999999999999778  -0.05999999999999999778 0.330660
 -0.10000000000000000555   0                       -0.05999999999999999778  -0.08999999999999999667 0.181798
 -0.10000000000000000555   0.01000000000000000021  -0.07000000000000000666  -0.08000000000000000167 0.046126
 -0.10000000000000000555   0.01000000000000000021  -0.05000000000000000278  -0.05999999999999999778 0.039520
 -0.10000000000000000555   0.04000000000000000083  -0.08000000000000000167  -0.26000000000000000888 0.823447
 -0.10000000000000000555   0                        0.14000000000000001332  -0.08999999999999999667 0.693012
  0.9000000000000000222    0.05999999999999999778  -0.05000000000000000278   0.05999999999999999778 4.002871
  0.9000000000000000222   -0.08999999999999999667  -0.08999999999999999667  -0.07000000000000000666 3.028208
 -0.42999999999999999334   0.04000000000000000083  -0.05999999999999999778  -0.05999999999999999778 0.488516
  0.07000000000000000666  -0.01050000000000000065   0.02999999999999999889  -0.01000000000000000021 0.149652
 -0.04000000000000000083   0.0050000000000000001   -0.02999999999999999889  -0.04000000000000000083 0.036586
  0.05999999999999999778   0.02089999999999999844   0.04000000000000000083  -0.05000000000000000278 0.512002
  0.4000000000000000222   -0.01969999999999999876  -0.08999999999999999667  -0.02000000000000000042 0.943047
 -0.20999999999999999223  -0.04000000000000000083  -0.02000000000000000042  -0.11999999999999999556 0.859221
  0.23000000000000000999   0.03230000000000000232  -0.08000000000000000167  -0.16000000000000000333 1.249847
 -0.11999999999999999556   0.00970000000000000029  -0.07000000000000000666  -0.05999999999999999778 0.079155
  0.01000000000000000021   0                       -0.02999999999999999889  -0.01020000000000000073 0.059164
 -0.02000000000000000042   0.00250000000000000005  -0.02999999999999999889  -0.02999999999999999889 0.009222
  0.02999999999999999889  -0.00129999999999999994  -0.01000000000000000021  -0.0050000000000000001  0.032404
 -0.14000000000000001332   0.01379999999999999977  -0.02500000000000000139  -0.03500000000000000333 0.063295
 -0.02999999999999999889   0.00339999999999999981  -0.05129999999999999838  -0.0538000000000000006  0.022617
  0.01000000000000000021   0.00050000000000000001  -0.03570000000000000256  -0.0318999999999999978  0.034218
 -0.02999999999999999889   0.00320000000000000015  -0.05850000000000000339  -0.04789999999999999813 0.041164
 -0.04000000000000000083   0.00459999999999999992  -0.03710000000000000103  -0.04200000000000000261 0.023179
 -0.11000000000000000056   0.00979999999999999968  -0.05349999999999999895  -0.06099999999999999867 0.050005
 -0.02000000000000000042   0.00279999999999999997  -0.04019999999999999962  -0.03919999999999999873 0.018324
 -0.05000000000000000278   0.00479999999999999958  -0.05369999999999999774  -0.04950000000000000233 0.023981
 -0.04000000000000000083   0.00459999999999999992  -0.04120000000000000051  -0.04390000000000000152 0.019654
 -0.05999999999999999778   0.00659999999999999996  -0.03440000000000000002  -0.03280000000000000276 0.017602
  0.02999999999999999889  -0.00179999999999999995  -0.01290000000000000001  -0.0129999999999999994  0.018647
  0.01000000000000000021   0.00050000000000000001  -0.01760000000000000106  -0.01359999999999999924 0.026980
 -0.02999999999999999889   0.0035999999999999999   -0.03529999999999999805  -0.03629999999999999893 0.013867
 -0.10000000000000000555   0.00959999999999999916  -0.05709999999999999798  -0.05619999999999999996 0.027406
  0                        0.00100000000000000002  -0.0239000000000000011   -0.02380000000000000171 0.014396
 -0.04000000000000000083   0.00410000000000000035  -0.02160000000000000114  -0.02230000000000000038 0.005793
 -0.04000000000000000083   0.00470000000000000018  -0.01230000000000000017  -0.01379999999999999977 0.013383
 -0.10000000000000000555   0.00889999999999999993   0.00839999999999999948  -0.00229999999999999996 0.065173
 -0                        0.00270000000000000014  -0.00160000000000000008  -0.00229999999999999996 0.028617
 -0.07000000000000000666   0.0064999999999999997   -0.02160000000000000114  -0.03230000000000000232 0.035891
 -0.02000000000000000042   0.00239999999999999979  -0.02160000000000000114  -0.02230000000000000038 0.007661
 -0.02000000000000000042  -0.00119999999999999989   0.00839999999999999948  -0.12230000000000000593 0.357672
  0.04000000000000000083   0.00530000000000000002   0.07839999999999999747   0.00770000000000000025 0.277341
 -0.11999999999999999556   0.02409999999999999989  -0.00160000000000000008  -0.05229999999999999927 0.249608
 -0.23999999999999999112  -0.00459999999999999992   0.01839999999999999969  -0.01230000000000000017 0.520317
 -0.02999999999999999889   0.00169999999999999991  -0.04159999999999999809   0.02769999999999999893 0.185696
 -0.10000000000000000555   0.00889999999999999993   0.0035999999999999999    0.00080000000000000004 0.049395
 -0.04000000000000000083  -0.00179999999999999995   0.00839999999999999948   0.02769999999999999893 0.115996
 -0.02999999999999999889   0.00329999999999999998  -0.00749999999999999972  -0.00790000000000000077 0.005774
 -0.02999999999999999889   0.00309999999999999989   0.0064999999999999997    0.00630000000000000004 0.005712
 -0.02999999999999999889   0.00250000000000000005   0.04649999999999999967   0.04630000000000000088 0.032047
  0.04000000000000000083   0.0019                   0.03649999999999999772   0.04630000000000000088 0.086094
 -0.04000000000000000083   0.00400000000000000008   0.0064999999999999997    0.00630000000000000004 0.007307
 -0.10000000000000000555   0.0071999999999999998   -0.043499999999999997    -0.09370000000000000551 0.149250
  0.01000000000000000021  -0.00689999999999999988  -0.02350000000000000006  -0.04370000000000000273 0.114896
 -0.13000000000000000444  -0.00279999999999999997   0.07649999999999999856   0.01629999999999999852 0.384569
  0.02000000000000000042   0.00600000000000000012   0.10649999999999999745  -0.06370000000000000662 0.525582
 -0.02999999999999999889   0.00250000000000000005   0.04850000000000000144   0.04889999999999999902 0.034511
 -0.07000000000000000666   0.00324600000000000019  -0.04159999999999999809  -0.01519999999999999997 0.113542
 -0.05000000000000000278   0.00485000000000000014   0.01359999999999999924   0.01349999999999999985 0.014974
 -0.02750000000000000014   0.00301300000000000005  -0.01280000000000000061  -0.01340000000000000045 0.005419
 -0.02000000000000000042   0.00275200000000000011  -0.0728000000000000036   -0.07340000000000000691 0.039887
 -0.07000000000000000666  -0.00179999999999999995   0.0471999999999999989   -0.07340000000000000691 0.366961
 -0.02380000000000000171   0.0027569999999999999   -0.02280000000000000082  -0.02340000000000000066 0.007451
 -0.03590000000000000135   0.003689                -0.00279999999999999997  -0.00339999999999999981 0.005758
 -0.03119999999999999857  -0.00198700000000000005  -0.02280000000000000082  -0.01340000000000000045 0.074993
  0.02249999999999999917   0.00234000000000000007   0.03719999999999999696  -0.03339999999999999913 0.218841
 -0.03300000000000000155   0.0030869999999999999   -0.03280000000000000276  -0.1134000000000000008  0.207516
 -0.05360000000000000181   0.00259900000000000018   0.08719999999999999973  -0.02340000000000000066 0.307319
 -0.02740000000000000074   0.00306999999999999981  -0.01280000000000000061  -0.00339999999999999981 0.026962
 -0.02000000000000000042   0.00275200000000000011  -0.07069999999999999896  -0.072499999999999995   0.041041
 -0.02000000000000000042   0.00268600000000000002   0.0064999999999999997   -0.0538000000000000006  0.145414
 -0.02170000000000000054   0.00245100000000000005   0.01329999999999999932   0.01310000000000000053 0.007670
 -0.03540000000000000091   0.00368799999999999987  -0.01290000000000000001  -0.01349999999999999985 0.005208
 -0.05909999999999999976   0.0057130000000000002   -0.01319999999999999993  -0.01379999999999999977 0.010832
 -0.0666999999999999954    0.00659999999999999996   0.00459999999999999992   0.02769999999999999893 0.080540
 -0.03440000000000000002   0.00344500000000000015  -0.00350000000000000007  -0.00410000000000000035 0.004404
 -0.03660000000000000059   0.00351799999999999986  -0.00150000000000000003  -0.00220000000000000013 0.006770
 -0.03139999999999999736   0.0027160000000000001    0.02649999999999999925   0.02589999999999999941 0.018493
 -0.0463999999999999968    0.00425899999999999977   0.08649999999999999356   0.0459000000000000033  0.150008
 -0.02779999999999999832   0.00293399999999999998  -0.01349999999999999985  -0.00410000000000000035 0.025231
 -0.03389999999999999958   0.00350000000000000007  -0.00350000000000000007  -0.00410000000000000035 0.005360
  0.01559999999999999928   0.00470899999999999964  -0.01349999999999999985  -0.00410000000000000035 0.085942
 -0.03389999999999999958   0.00311200000000000018  -0.00350000000000000007  -0.10409999999999999809 0.243415
 -0.05000000000000000278   0.00713900000000000038  -0.10349999999999999478  -0.01409999999999999969 0.271226
 -0.02670000000000000151  -0.00155499999999999996  -0.08350000000000000477  -0.00410000000000000035 0.248781
 -0.06890000000000000291  -0.00145999999999999993   0.10649999999999999745   0.00589999999999999986 0.372135
 -0.03139999999999999736   0.0027160000000000001    0.02469999999999999973   0.02409999999999999989 0.017502
 -0.04030000000000000249   0.0050000000000000001    0.02649999999999999925  -0.01650000000000000078 0.109946
 -0.0355999999999999997    0.00372300000000000018  -0.02290000000000000022  -0.0239000000000000011  0.006751
 -0.03139999999999999736   0.00325600000000000021  -0.00080000000000000004  -0.00119999999999999989 0.004962
 -0.04420000000000000318   0.00519000000000000017  -0.02649999999999999925  -0.05410000000000000225 0.073111
 -0.02560000000000000123   0.00188199999999999999  -0.05349999999999999895  -0.02589999999999999941 0.080351
 -0.05439999999999999697   0.0016819999999999999    0.01969999999999999876  -0.02869999999999999982 0.149317
 -0.05439999999999999697   0.00361100000000000006  -0.05040000000000000036   0.04560000000000000164 0.275477
  0.00949999999999999976   0.00434299999999999964   0.05029999999999999749   0.01060000000000000005 0.150971
 -0.05439999999999999697   0.0016819999999999999   -0.04159999999999999809   0.02769999999999999893 0.221060
 -0.04009999999999999676   0.00393199999999999973   0.00250000000000000005   0.00200000000000000004 0.007504
 -0.03059999999999999873   0.00324299999999999979  -0.00899999999999999932  -0.00959999999999999916 0.005017
 -0.02440000000000000155   0.00331599999999999994  -0.00459999999999999992  -0.00350000000000000007 0.012758
 -0.03370000000000000079   0.00437699999999999981  -0.02350000000000000006  -0.00830000000000000009 0.048738
 -0.03409999999999999837   0.00384700000000000016  -0.00020000000000000001   0.01590000000000000094 0.048294
 -0.03250000000000000111   0.00437900000000000008   0.01650000000000000078  -0.01510000000000000057 0.083726
 -0.03919999999999999873   0.00348400000000000012  -0.00300000000000000006  -0.00440000000000000027 0.011410
 -0.02440000000000000155   0.00319928519393000016   0.01650000000000000078  -0.00229999999999999996 0.052064
 -0.03200000000000000067   0.00331599999999999994  -0.00959999999999999916  -0.0100999999999999996  0.004302
 -0.03105000000000000121   0.00322399999999999987  -0.01269999999999999948  -0.01310000000000000053 0.003923
 -0.02832499999999999948   0.00289600000000000014  -0.0001                  -0.00050000000000000001 0.003987
 -0.03198800000000000254   0.00316750000000000018   0.00050000000000000001   0.00020000000000000001 0.004265
 -0.03148200000000000304   0.00311025000000000017  -0.00710000000000000041  -0.00759999999999999998 0.003601
 -0.03152200000000000141   0.00303737500000000014  -0.01030000000000000013  -0.01069999999999999944 0.003972
 -0.02702299999999999841   0.00275387499999999981  -0.00619999999999999978  -0.00640000000000000031 0.002538
 -0.02333400000000000057   0.00240831249999999986  -0.00759999999999999998  -0.00759999999999999998 0.001842
 -0.02510799999999999838   0.00265178125000000006  -0.01430000000000000021  -0.01460000000000000013 0.003406
 -0.02716199999999999865   0.00280117187499999984  -0.02079999999999999905  -0.0210000000000000013  0.003388
 -0.02249299999999999911   0.0022617578125000001   -0.01220000000000000077  -0.01230000000000000017 0.001388
 -0.01821499999999999855   0.00178063671874999999  -0.01200000000000000025  -0.01190000000000000085 0.001423
 -0.01756699999999999928   0.00195126171874999998  -0.02040000000000000147  -0.02019999999999999921 0.004242
 -0.02800300000000000011   0.0028205029296899998   -0.01039999999999999952  -0.01069999999999999944 0.002378
 -0.02538800000000000084   0.00249409130858999984  -0.01119999999999999989  -0.01119999999999999989 0.001703
 -0.02244700000000000167   0.00219116040038999996   0.0001                   0.0001                 0.002147
 -0.01882800000000000099   0.00185715808105000007  -0.00510000000000000037  -0.00479999999999999958 0.001695
 -0.02257500000000000132   0.00231949945067999987  -0.0182000000000000009   -0.0181000000000000015  0.002406
 -0.02247899999999999898   0.00222324516296000009  -0.00449999999999999966  -0.00440000000000000027 0.001630
 -0.01999300000000000035   0.00182175781250000003  -0.02599999999999999881  -0.02639999999999999986 0.005696
 -0.0319930000000000006    0.00325575781250000019  -0.02999999999999999889  -0.02460000000000000034 0.016813
 -0.01559299999999999922   0.00156775781249999992  -0.00570000000000000021  -0.00549999999999999968 0.001022
 -0.01069299999999999938   0.00110375781249999992  -0.00300000000000000006  -0.00270000000000000014 0.001268
  0.00510700000000000043  -0.00051424218750000005   0.01379999999999999977   0.01490000000000000005 0.003589
  0.000007                 0.0009997578125         -0.0297000000000000007    0.02769999999999999893 0.144428
 -0.0109929999999999993    0.0011337578125         -0.01200000000000000025  -0.01179999999999999973 0.001426
 -0.01389300000000000083   0.00140575781250000011  -0.0100999999999999996   -0.01000000000000000021 0.000903
 -0.00879300000000000047   0.0009197578125         -0.02330000000000000127  -0.02350000000000000006 0.003794
 -0.0319930000000000006   -0.00051424218750000005   0.00440000000000000027   0.02769999999999999893 0.100591
 -0.01309300000000000047   0.00138875781250000002  -0.00350000000000000007  -0.00339999999999999981 0.001386
 -0.03389299999999999952   0.0013927578124999999   -0.03810000000000000192  -0.03629999999999999893 0.030029
 -0.0043930000000000002   -0.00059424218750000004  -0.03219999999999999946  -0.03070000000000000159 0.019949
 -0.0225929999999999985    0.00029875781249999998   0.03989999999999999797  -0.02149999999999999828 0.163224
 -0.0058929999999999998    0.00241375781249999989   0.00100000000000000002  -0.05999999999999999778 0.163903
 -0.02019299999999999914   0.00199575781249999992  -0.00630000000000000004   0.01789999999999999925 0.059150
 -0.01189300000000000079   0.0009197578125         -0.00600000000000000012  -0.00640000000000000031 0.003852
 -0.00419299999999999968   0.00047175781250000001   0.00110000000000000007   0.00150000000000000003 0.001524
 -0.01789299999999999918   0.00181375781250000005  -0.00889999999999999993  -0.00889999999999999993 0.000885
 -0.02989299999999999943   0.00303775781249999988  -0.00530000000000000002  -0.00559999999999999994 0.003208
  0.000007                 0.00122375781250000002   0.0064999999999999997    0.00239999999999999979 0.021569
 -0.01599300000000000027   0.00155675781249999998  -0.01039999999999999952  -0.01020000000000000073 0.001479
 -0.01379299999999999971   0.00143075781249999995  -0.00519999999999999976  -0.00510000000000000037 0.001117
 -0.0291930000000000002   -0.00018624218749999999  -0.0100999999999999996   -0.01179999999999999973 0.036214
 -0.03789300000000000307   0.00315775781250000019  -0.01400000000000000029  -0.02120000000000000009 0.024267
 -0.02169300000000000048   0.00192075781249999994   0.01110000000000000049  -0.00990000000000000081 0.050294
 -0.02799300000000000052   0.00209875781250000015  -0.01000000000000000021   0.01110000000000000049 0.059508
  0.01260700000000000015   0.00267875781249999993  -0.02380000000000000171   0.00419999999999999974 0.104756
 -0.01379299999999999971   0.00135575781249999998  -0.00640000000000000031  -0.00640000000000000031 0.000609
 -0.00149299999999999997  -0.0000182421875          0.00110000000000000007   0.00110000000000000007 0.001702
  0.000007                -0.00018624218749999999  -0.02599999999999999881   0.00640000000000000031 0.077118
 -0.0167929999999999989    0.00164075781250000007  -0.01039999999999999952  -0.01030000000000000013 0.001246
 -0.01459300000000000007   0.00148375781250000005  -0.0064999999999999997   -0.00640000000000000031 0.000890
  0.00620699999999999984   0.00308475781250000004  -0.00700000000000000015  -0.01129999999999999928 0.047931
 -0.03379299999999999665   0.00325775781250000002  -0.00820000000000000069  -0.02069999999999999965 0.030095
 -0.01429300000000000015   0.00147475781249999994   0.01359999999999999924  -0.00670000000000000023 0.046691
 -0.00959300000000000083   0.0003017578125         -0.00600000000000000012  -0.02639999999999999986 0.053236
 -0.00349300000000000001   0.00092275781249999997  -0.02549999999999999836   0.02409999999999999989 0.121747
 -0.0058929999999999998    0.00047175781250000001  -0.00169999999999999991  -0.00169999999999999991 0.001246
 -0.01449300000000000067   0.00146175781249999995  -0.01030000000000000013  -0.01039999999999999952 0.000888
 -0.01769300000000000039   0.00107375781250000006  -0.01640000000000000138  -0.01430000000000000021 0.012835
 -0.01219300000000000071   0.00035575781250000001  -0.00229999999999999996  -0.0086999999999999994  0.023009
 -0.00379299999999999993   0.0011827578125         -0.01250000000000000069  -0.0028999999999999998  0.030189
 -0.02059300000000000019   0.00086075781249999998  -0.01030000000000000013   0.0035999999999999999  0.045378
 -0.01379299999999999971   0.00137575781250000003  -0.00619999999999999978  -0.00640000000000000031 0.000845
 -0.00149299999999999997  -0.00001824               0.00110000000000000007   0.00110000000000000007 0.001702
 -0.00379299999999999993   0.00099137609009999992   0.00110000000000000007  -0.00961399999999999928 0.030187
 -0.01539300000000000043   0.00151975781250000006  -0.00940000000000000037  -0.00965000000000000059 0.001272
 -0.01479300000000000059   0.00149275781249999994  -0.00722499999999999965  -0.00721299999999999979 0.000597
 -0.01564300000000000065   0.00155725781250000005  -0.00406299999999999977  -0.00405699999999999984 0.000602
 -0.01111799999999999941   0.00107700781250000006  -0.00304399999999999983  -0.0031350000000000002  0.000804
 -0.01388099999999999924   0.00136563281250000009  -0.00416600000000000043  -0.00400299999999999961 0.000992
 -0.01381499999999999916   0.0013732265625000001   -0.00569200000000000001  -0.00580099999999999973 0.000692
 -0.01790399999999999978   0.00181249218750000008  -0.00864599999999999917  -0.00860099999999999927 0.000960
 -0.012815                 0.00126087890624999996  -0.00444500000000000017  -0.00450099999999999979 0.000653
 -0.01470699999999999959   0.0014600996093800001   -0.00537499999999999957  -0.00528499999999999977 0.000737
 -0.01403800000000000013   0.00139494482421999993  -0.00561299999999999993  -0.00567199999999999996 0.000601
 -0.01779299999999999979   0.00190375781250000007  -0.00972499999999999927  -0.00961300000000000002 0.002163
 -0.0232930000000000012    0.0009197578125         -0.00172499999999999997   0.000087               0.019895
 -0.01629299999999999846   0.00163975781249999994  -0.00722499999999999965  -0.00721299999999999979 0.000651
 -0.01539300000000000043   0.00154475781249999991  -0.00652500000000000042  -0.00651299999999999969 0.000544
 -0.01719299999999999995   0.00170075781250000001  -0.00442500000000000011  -0.00441300000000000026 0.000840
 -0.01069299999999999938   0.0009197578125         -0.00512500000000000022  -0.00471300000000000018 0.002655
 -0.01609299999999999967   0.00163875781250000002  -0.00532499999999999987  -0.00531300000000000001 0.000840
 -0.01439299999999999954   0.00142675781250000007  -0.00612500000000000024  -0.00611300000000000038 0.000556
 -0.00539300000000000022   0.0018607578125         -0.00802499999999999915  -0.00151300000000000002 0.028144
 -0.02089299999999999838   0.00254475781249999993  -0.01142499999999999939  -0.0034129999999999998  0.024081
 -0.01389300000000000083   0.00127375781249999993  -0.01652500000000000149  -0.0108129999999999997  0.015136
 -0.01879300000000000068   0.00089575781249999996  -0.00962499999999999988   0.00348700000000000008 0.041130
 -0.01299299999999999934   0.00140275781249999992  -0.00412500000000000019  -0.01001299999999999933 0.014322
 -0.01069299999999999938   0.00190375781250000007  -0.00300000000000000006  -0.01039999999999999952 0.024954
 -0.01366599999999999933   0.00137235131835999999  -0.00868099999999999948  -0.00869900000000000014 0.000527
 -0.01267700000000000077   0.00127989807128999996  -0.01098999999999999977  -0.01101899999999999928 0.000737
 -0.00846599999999999957   0.00085535131836        -0.01518100000000000005  -0.0152990000000000001  0.001474
 -0.00376599999999999982   0.00095435131836000002  -0.00878100000000000061  -0.00959899999999999989 0.008057
 -0.01506599999999999953   0.00152335131836000008  -0.00868099999999999948  -0.00859900000000000074 0.000840
 -0.01426599999999999917   0.00142735131835999992  -0.00638100000000000039  -0.00639900000000000017 0.000445
 -0.01606600000000000042   0.00159235131835999992   0.00051900000000000004   0.00050100000000000003 0.001051
 -0.00536600000000000011   0.00060135131836000001   0.0055189999999999996    0.00360100000000000003 0.005299
 -0.01406600000000000038   0.00139335131835999996  -0.00668100000000000031  -0.00669900000000000009 0.000562
 -0.01426599999999999917   0.00141735131835999989  -0.0067809999999999997   -0.00679900000000000036 0.000533
 -0.01566599999999999937   0.00242735131836000016  -0.00618099999999999986  -0.00569900000000000007 0.010218
 -0.02426599999999999938   0.00126935131835999998  -0.00358099999999999998   0.00490099999999999997 0.033300
 -0.00876599999999999949   0.00146735131836000002  -0.00708099999999999962   0.01360100000000000024 0.053980
 -0.01546600000000000058   0.00141835131836000002  -0.02638100000000000167  -0.00579900000000000033 0.050536
 -0.01206600000000000034   0.00051635131836        -0.00468100000000000026  -0.00829900000000000082 0.015135
 -0.01703700000000000006   0.00190375781250000007   0.00051900000000000004  -0.00279899999999999984 0.010062
 -0.01440299999999999914   0.0014541480712900001   -0.00808099999999999964  -0.0080990000000000003  0.000615
 -0.01439499999999999981   0.00143360537720000009  -0.00658100000000000004  -0.00659899999999999983 0.000504
 -0.0192659999999999984    0.0015021713183600001   -0.00638100000000000039  -0.00489899999999999971 0.008414
 -0.01502700000000000043   0.00092735131836000002  -0.00668100000000000031  -0.00659899999999999983 0.006366
 -0.01428600000000000009   0.00141442131835999995   0.00361899999999999982  -0.00669900000000000009 0.023429
 -0.01352599999999999983   0.00140768131836000007  -0.0060809999999999996    0.00360100000000000003 0.023312
 -0.00876900000000000075   0.0018626610538799999   -0.00848100000000000069  -0.01129900000000000002 0.016533
 -0.01599300000000000027   0.00126087890624999996  -0.01098999999999999977  -0.00355799999999999996 0.021032
 -0.01290400000000000054   0.00128057185363999993  -0.00768700000000000026  -0.00773499999999999969 0.000567
 -0.01477099999999999941   0.00147871132278999998  -0.00681600000000000001  -0.00681900000000000041 0.000451
 -0.01538999999999999917   0.00122735131836000004  -0.00274999999999999984  -0.00592699999999999998 0.010549
 -0.01349400000000000079   0.00129261131835999997  -0.00887600000000000021  -0.01139899999999999941 0.006586
 -0.01626599999999999921   0.00149486131835999993  -0.00760700000000000005  -0.00885500000000000002 0.004561
 -0.01370399999999999917   0.0015272913183600001   -0.00138100000000000007  -0.01003500000000000052 0.020981
 -0.01389999999999999916   0.0017604168183600001   -0.00755500000000000008  -0.00180999999999999998 0.017297
 -0.01379299999999999971   0.00135575781249999998  -0.00808099999999999964  -0.00510000000000000037 0.007447
 -0.01428300000000000056   0.0014386583499999999   -0.00744899999999999989  -0.00745900000000000035 0.000540
 -0.0142699999999999997    0.00142267807627        -0.00694800000000000018  -0.0069639999999999997  0.000482
 -0.01418099999999999916   0.00143722131836000007  -0.00738199999999999967  -0.00439900000000000013 0.007426
 -0.01387399999999999918   0.00147273131835999995  -0.00838099999999999956  -0.00755700000000000035 0.003155
 -0.01326600000000000001   0.00142110131835999996  -0.00574700000000000037  -0.00623999999999999989 0.002370
 -0.01433000000000000072   0.00152735131835999996  -0.00563199999999999985  -0.00621100000000000037 0.002610
 -0.01528099999999999944   0.00143074738016000006  -0.00685999999999999978  -0.0068320000000000004  0.001491
 -0.01479300000000000059   0.00152735131835999996  -0.00685800000000000038  -0.0080990000000000003  0.003630
 -0.01518500000000000058   0.00150882172895        -0.0046820000000000004   -0.00469199999999999999 0.000586
 -0.01404574999999999921   0.00140646892100999995  -0.00768100000000000033  -0.00769699999999999985 0.000463
 -0.01426689000000000082   0.00142739431836000005  -0.00538100000000000037  -0.0064019999999999997  0.002634
 -0.0143981300000000003    0.00137735131836        -0.00638199999999999965  -0.00684799999999999992 0.002047
 -0.01476599999999999961   0.00145149081835999993  -0.00638500000000000005  -0.00688599999999999976 0.001770
 -0.01457792999999999936   0.00141314391835999998  -0.00637900000000000012  -0.00539900000000000015 0.003105
 -0.01362631302468000037   0.00142150671943000006  -0.0071580000000000003   -0.00639099999999999998 0.002717
 -0.01479300000000000059   0.00149149062849999992  -0.00838099999999999956  -0.00689328416999999971 0.003979
 -0.01428137500000000067   0.00143399944201000004  -0.00733199999999999998  -0.0073404999999999998  0.000489
 -0.01430978125000000045   0.00143390092580999995  -0.00714425000000000043  -0.00715512500000000003 0.000463
 -0.01412580000000000086   0.00143395851836000004  -0.00647701000000000006  -0.00689899999999999975 0.001530
 -0.0143530800000000007    0.00140735131836000008  -0.00632135999999999983  -0.00672822999999999997 0.001571
 -0.01425269000000000015   0.0014304073183599999   -0.00588099999999999994  -0.00644645000000000027 0.001683
 -0.01406600000000000038   0.00141296341836000001  -0.00633810000000000016  -0.00617557999999999996 0.000822
 -0.01451119671449999961   0.0014461578894900001   -0.00687360135798999964  -0.00583155804249999975 0.002849
 -0.01479300000000000059   0.00135575781249999998  -0.00768100000000000033  -0.00697806436607999962 0.003280
 -0.01442626562500000029   0.0014505381677100001   -0.00706312499999999996  -0.00707106250000000009 0.000511
 -0.01430906640624999941   0.00142964309912999997  -0.00697678125000000034  -0.00699076562500000002 0.000450
 -0.01426195000000000067   0.00141735131835999989  -0.00638149000000000008  -0.00639957000000000026 0.000525
 -0.01427811000000000011   0.00142732661835999995  -0.00658100000000000004  -0.00639727999999999998 0.000825
 -0.0143660000000000003    0.00142693951836        -0.00635651000000000011  -0.0063703700000000002  0.000530
 -0.01425180000000000023   0.00142738031836000005  -0.00638271999999999971  -0.00619899999999999965 0.000839
 -0.01426137969023999995   0.00142749818401000008  -0.00636935318950000023  -0.00660426898415000015 0.000925
 -0.01403800000000000013   0.00141017924605999997  -0.00714425000000000043  -0.00715512500000000003 0.000484
 -0.01453942382812999957   0.00144660746373000007  -0.00658076562500000024  -0.00659932031250000037 0.000528
 -0.01416335595702999939   0.00141928630047999989  -0.00700337890624999973  -0.00701617382813000002 0.000458
 -0.01426212640000000011   0.00143235131835999993  -0.00640690000000000009  -0.00632558999999999986 0.000645
 -0.01426397150000000003   0.00142996961736000005  -0.0064610500000000003   -0.00649899999999999957 0.000517
 -0.01426853399999999938   0.00143042871536000005  -0.00628100000000000012  -0.00644702000000000035 0.000796
 -0.0143160000000000006    0.00142755152036000009  -0.0063871199999999996   -0.00639606000000000029 0.000461
 -0.01426553368099999983   0.00142724235937999994  -0.00638087930000000043  -0.00639828329999999994 0.000443
 -0.01426413472400000007   0.00142691548244000001  -0.00638051719999999968  -0.00639613320000000009 0.000437
 -0.0142599378530000008    0.00142593485162000001  -0.00637943090000000004  -0.0063896828999999997  0.000421
 -0.01424734723999999952   0.00142299295916        -0.00637617200000000026  -0.00637033200000000025 0.000428
 -0.01409766397999999941   0.00141007683078000004  -0.00668100000000000031  -0.00672822999999999997 0.000499
 -0.01417385372813999983   0.00142137708482999994  -0.00698076152813000006  -0.00698741717657000005 0.000455
 -0.01433174665667000074   0.00143068769689000007  -0.0063531939328200001   -0.00635292502266000033 0.000427
 -0.01440019534982000041   0.00143325221857000008  -0.00606202751328000031  -0.0060644355972600001  0.000477
 -0.01423043913356000084   0.00142434586826999999  -0.00675107802441999964  -0.00675667178173999967 0.000425
 -0.01422566903537000015   0.00142233758884000006  -0.00595315617862000011  -0.00594404022720000039 0.000417
 -0.01418397034991999983   0.00141868483370000001  -0.00544134364293000043  -0.00542067752829999971 0.000443
 -0.0142765490993          0.00142866004365000006  -0.00634225751792999969  -0.00635132796580000023 0.000428
 -0.01426924863447999979   0.00142724327253        -0.00635073613844999978  -0.00635607897435000024 0.000413
 -0.01416090067153999953   0.00141924309374000007  -0.00636400668791999979  -0.00637031191898999958 0.000438
 -0.01428903516039000017   0.00142782654609999995  -0.00635589712160000014  -0.00635727174673999997 0.000413
 -0.01429150620806000048   0.0014273252612699999   -0.00576853214492000031  -0.00576686514240999995 0.000420
 -0.01427779166614999949   0.00142643148275000005  -0.00583472989178999979  -0.00582244514535000014 0.000439
 -0.01426440130628999978   0.00142605900940000001  -0.00624325564794999972  -0.0062478734613400002  0.000411
 -0.01423267086020000086   0.00142440794716999991  -0.00668299039838999957  -0.00668576706241000036 0.000416
 -0.01430200894531000015   0.0014304307987600001   -0.00686328347457999983  -0.00687945539522000042 0.000442
 -0.01424475401285999962   0.00142436089131999996  -0.00618068800261000004  -0.00617789401920999966 0.000403
 -0.01430104869681000056   0.00142833691250999996  -0.00588229805692000018  -0.00588379203840999968 0.000419
 -0.01424976531935000061   0.00142539018850000002  -0.00648281731301999977  -0.0064852733064100004  0.000407
 -0.01422504947609999973   0.00142370013478000006  -0.00627285142941999985  -0.00627628813391999975 0.000415
 -0.01427303873931999936   0.00142679494326999998  -0.00633513569855000038  -0.00633702584352999979 0.000407
 -0.01424673105443000076   0.00142405924372        -0.00627021219261999965  -0.00626795434090000013 0.000408
 -0.01424274325668999953   0.00142424362400000006  -0.0063911709554500002   -0.00638620029369000013 0.000408
 -0.01424815776908999916   0.00142469747034999999  -0.00635419212857999977  -0.00635161858559999976 0.000404
 -0.01426112686588000035   0.00142656250300000008  -0.00640620437876000034  -0.00640795153647999959 0.000406
 -0.01422886324426999964   0.00142371058332000006  -0.00637681521293999992  -0.00637434288031999991 0.000410
 -0.01426199486556000047   0.00142602385328000005  -0.00634555557714999979  -0.00634635510273000043 0.000401
 -0.01425825143734000058   0.00142543217048000004  -0.0061605027305300002   -0.00615663631560000018 0.000409
 -0.01425188684885000077   0.0014254006839899999   -0.00640223866740000005  -0.00640311405871000008 0.000401
 -0.01431371742365999955   0.00143101273916000009  -0.00684015830076999988  -0.00685173835329000013 0.000434
 -0.01433174665667000074   0.00141735131835999989  -0.00648281731301999977  -0.00615663631560000018 0.001306
 -0.01424226988230000053   0.00142367894647000008  -0.00623513280911000035  -0.00623153934664000004 0.000409
 -0.01425641261998999987   0.00142584161386999993  -0.0063634364863500003   -0.00636384848901999992 0.000400
 -0.0142396658832799998    0.00142529489564000001  -0.00641707921395000009  -0.00641632864789000012 0.000412
 -0.01433174665667000074   0.00141735131835999989  -0.00648281731301999977  -0.00617789401920999966 0.001257
 -0.01425936640453999947   0.00142611605087999993  -0.00629176723818000022  -0.00629398724924000019 0.000404
 -0.01425656424568         0.00142576140575        -0.00630737346077999989  -0.00630839508332999965 0.000400
 -0.01415641261999000047   0.00141317581387000006  -0.00629975648635000031  -0.00646781848902000002 0.000784
 -0.01432016261998999944   0.00142828371387000003  -0.00624093648635000008  -0.00656384848901999957 0.001143
 -0.01428746261998999935   0.00141397541386999994  -0.00656343648634999995  -0.00646124848902000001 0.000781
 -0.01430874261998999961   0.00140584161387000009  -0.00626287648634999989  -0.00625994848902000026 0.000656
 -0.0142491678752499993    0.00142600303947000009  -0.00637731952525999977  -0.00633962376630999979 0.000494
 -0.01425704231825000029   0.00141735131835999989  -0.00627021219261999965  -0.00626795434090000013 0.000485
 -0.0142686752771799992    0.00142715288712999999  -0.0065286140932300004   -0.00653296234768999985 0.000412
 -0.01425073432893999952   0.00142505889026999996  -0.00626766952527000026  -0.00626666110132999971 0.000399
 -0.01423369945579000019   0.00142271071947000006  -0.00598036864203000014  -0.00597509893825999994 0.000413
 -0.01416090067153999953   0.00143235131835999993  -0.0061605027305300002   -0.00644702000000000035 0.001181
 -0.01426096618124000036   0.00142594219759000006  -0.00623977885737999997  -0.0062395158295000001  0.000399
 -0.01429565432893999989   0.00142971869026999997  -0.00624980952526999964  -0.00606666110133000005 0.000819
 -0.01425538432893999966   0.00142430429027000003  -0.00646766952526999991  -0.0062459511013300004  0.000917
 -0.01415073432894000012   0.00142016319026999995  -0.0062556695252700004   -0.00613226110132999991 0.000724
 -0.01431239432893999936   0.00141505889026999994  -0.00624314952527000016  -0.00623105110133000042 0.000589
 -0.01418560511548999994   0.00143265491522000005  -0.00629206745869000019  -0.00635268168108000034 0.000667
 -0.01422504947609999973   0.00142866004365000006  -0.0063634364863500003   -0.00617789401920999966 0.000882
 -0.01425034382237000061   0.00142527820046000004  -0.00624357358774000042  -0.00624285514886000013 0.000400
 -0.01425325658316000006   0.00142546461367        -0.00626906908508999966  -0.00626873013732999994 0.000399
 -0.01427214642893999928   0.00142055285027000008  -0.00616766952526999999  -0.00634642110132999961 0.000854
 -0.01427757842894000068   0.00142643154427000009  -0.00634568952527000008  -0.00636666110132999997 0.000457
 -0.01420073432893999982   0.0014227230882699999   -0.00629992952527000036  -0.0063080111013299996  0.000438
 -0.01422697502894000078   0.00143005889026999997  -0.00619861952527000007  -0.00631859110133000008 0.000731
 -0.01427929138093999954   0.00143183700573000007  -0.00633531982526999975  -0.00614403180133000007 0.000875
 -0.01428903516039000017   0.00142367894647000008  -0.0063634364863500003   -0.00617789401920999966 0.000875
 -0.01425412061099000025   0.00142539225195000008  -0.00626260351627000011  -0.00626098269525999975 0.000400
 -0.01425473151966000045   0.0014254845404         -0.00627379600239000041  -0.00627283579228000033 0.000399
 -0.01425392752894000074   0.00142526081426999998  -0.00621766952526999969  -0.0062805847013299998  0.000535
 -0.01424977732894000017   0.00142563080726999998  -0.0062826547252699998   -0.00631666110133000027 0.000477
 -0.01423073432894000033   0.00142474838626999991  -0.00625953382527000019  -0.00626892670133000034 0.000433
 -0.01425408102893999975   0.00142305889026999991  -0.00626802092527000039  -0.00628125400133000035 0.000449
 -0.01426757024608999933   0.00142706978007999994  -0.00627459190420999978  -0.00623111892085000032 0.000500
 -0.01422504947609999973   0.00142305889026999991  -0.00621766952526999969  -0.00629520647851000009 0.000570
 -0.01425343168651000032   0.0014251335071000001   -0.00616172024871000038  -0.00616002294120000012 0.000402
 -0.01425566738661999955   0.00142566458718000003  -0.00631300742693999967  -0.00631289210205999984 0.000398
 -0.01425558072032000016   0.00142558060395999993  -0.0062709664449499998   -0.0062710637928299999  0.000397
 -0.01425600532065000002   0.00142562863573000007  -0.00626955166622999993  -0.00627017779309999978 0.000398
 -0.0142582177254000006    0.00142565852582999999  -0.00627664204217999976  -0.00627633627553000027 0.000399
 -0.01425697743984000003   0.00142561004778999994  -0.0062747488029099999   -0.00627443474098000019 0.000398
 -0.01424851375662000014   0.00142501486701000009  -0.00632341724266000018  -0.00632301003909999972 0.000399
 -0.0142516268627800001    0.0014252466996600001   -0.00630250764634000035  -0.0063021364866999996  0.000398
 -0.0142591918758400004    0.00142599207903000005  -0.0063129456352999996   -0.00631360245994999972 0.000399
 -0.01425707748911999966   0.00142575878183999992  -0.00630162660779000003  -0.00630186712030000006 0.000398
 -0.01425532072142000027   0.00142532865430000004  -0.00614484349898000021  -0.00614557886514000007 0.000400
 -0.01426440130628999978   0.00142505889026999996  -0.00623977885737999997  -0.00631666110133000027 0.000579
 -0.01426048857094000012   0.00142599523767        -0.00626162952417000027  -0.00626214772779000017 0.000399
 -0.01425384228982000054   0.00142543383416000001  -0.00629228811579999985  -0.00629213929697000022 0.000398
 -0.01425019132032000028   0.00142658060396000006  -0.00626542644494999974  -0.00627809489282999972 0.000440
 -0.01426558072031999976   0.00142606709595999998  -0.00626190024495000032  -0.00628257019282999971 0.000447
 -0.01425460012031999971   0.00142542012795999996  -0.0062209664449500001   -0.00626993549282999982 0.000504
 -0.01425432252032000045   0.00142537469895999999  -0.00627210714494999978  -0.0063210637928299996  0.000504
 -0.01425777341431999981   0.00142593212004000006  -0.00631997180694999963  -0.00622200671782999985 0.000623
 -0.01426558072031999976   0.00142658060396000006  -0.00630737346077999989  -0.0062395158295000001  0.000553
 -0.01425290751532000064   0.00142508060396000008  -0.00627735674494999969  -0.00628688069282999987 0.000420
 -0.01425666310731999939   0.00142578305512000006  -0.00629096644494999985  -0.00627615009283000007 0.000432
 -0.01426058072031999996   0.00142513902278000007  -0.00627661014495000009  -0.00625996979283000021 0.000444
 -0.01425132460732000082   0.00142549400111999995  -0.00628114074495000028  -0.00625106379282999985 0.000469
 -0.01425009179955000031   0.00142592364205999995  -0.00625307093120000025  -0.00627867521530999992 0.000461
 -0.01426096618124000036   0.00142611605087999993  -0.00623977885737999997  -0.00625760335641999989 0.000436
 -0.01425610330531999932   0.00142538060396000003  -0.00627056444494999976  -0.00627445709283000041 0.000408
 -0.01425758072032000043   0.0014256484161300001   -0.00626942784494999988  -0.00627317329282999978 0.000406
 -0.01425580227531999915   0.00142558811604000008  -0.00628096644495000026  -0.00627250239283000041 0.000416
 -0.01425621612631999997   0.00142552838740000001  -0.00627215124494999964  -0.00626106379283000031 0.000423
 -0.01425316036939999927   0.00142552318695999994  -0.00626214812751000032  -0.0062705281595800003  0.000417
 -0.01425009179955000031   0.00142611605087999993  -0.00626471108277999993  -0.00625885302771999989 0.000421
 -0.01425301768268000084   0.0014252742117300001   -0.0062572606724300003   -0.00625703928650999958 0.000397
 -0.0142591637189699999    0.00142580004993999991  -0.00623375614691999962  -0.00623422132001000013 0.000399
 -0.01425351107683000065   0.00142538503723000005  -0.00628531977148999964  -0.00628515769503000012 0.000397
 -0.01425207996039999994   0.0014253241965299999   -0.00626680047464000037  -0.00626728454275000003 0.000399
 -0.01425575306998000044   0.00142553858498000005  -0.00627276172083999963  -0.00627264719141999976 0.000397
 -0.0142529259542600005    0.0014252605832200001   -0.0062736026386300001   -0.00627277618979000043 0.000399
 -0.01425523547905000084   0.00142553662260000002  -0.00627056440932999976  -0.00627082739226999999 0.000397
 -0.01425369579585999968   0.00142535259634999994  -0.00627258989553000027  -0.00627212659062000022 0.000398
 -0.01425485055824999951   0.00142549061604000001  -0.00627107078087999967  -0.00627115219186000043 0.000397
 -0.01425590920332000036   0.00142548060396000009  -0.00626818052495000007  -0.00627334043583000021 0.000409
 -0.01425630213932000019   0.00142564100454999998  -0.00627175878894999962  -0.0062760637928299997  0.000406
 -0.01425499117931999966   0.00142553124483000009  -0.0062759664449499996   -0.00627388863782999979 0.000402
 -0.01425658072031999943   0.00142554338990999994  -0.00627473616794999977  -0.00626798318983000022 0.000413
 -0.01425374316242999928   0.00142560035589999997  -0.00626762439524999968  -0.00626808126770000019 0.000400
 -0.01425390175739999973   0.00142565852582999999  -0.00625815107243000036  -0.00625703928650999958 0.000402
 -0.01425582400275000015   0.0014256133916799999   -0.00627210998395000014  -0.00626906379282999963 0.000404
 -0.01425508072031999966   0.00142562685133999995  -0.00627257941695000005  -0.00627222598783000029 0.000399
 -0.01425600621085999949   0.0014255603756099999   -0.00627296644495000007  -0.00627250485382999969 0.000398
 -0.01425520972403999942   0.00142553060396000001  -0.00627232549894999984  -0.00626980729483000033 0.000403
 -0.0142550799896999994    0.00142558955570000001  -0.00626741070505000032  -0.00627188407395999972 0.000407
 -0.01425697743984000003   0.00142548060396000009  -0.00626785482609000001  -0.00626798318983000022 0.000399
 -0.01425470459314999959   0.00142544457805999993  -0.00627313001176999993  -0.00627266749109000026 0.000398
 -0.01425502977502999917   0.00142549059247999992  -0.00627223542539000027  -0.0062720450665900004  0.000397
 -0.01425550762116999971   0.00142557385376000005  -0.00627001540794999961  -0.00627006379282999977 0.000397
 -0.01425578072032000071   0.00142557988120000007  -0.00627070754295000043  -0.0062709567198299997  0.000397
 -0.01425558790655000012   0.00142556060396000005  -0.00627120415294999973  -0.00627116210083       0.000397
 -0.01425555202139000034   0.00142557795381000009  -0.00627001713295000009  -0.00627206379283000003 0.000401
 -0.0142556733321699998    0.00142561001153999997  -0.0062726316749699999   -0.00627096655556000013 0.000401
 -0.01425470459314999959   0.00142544457805999993  -0.00627409127500000007  -0.0062760637928299997  0.000401
 -0.01425558708829000043   0.0014255572424100001   -0.00627129590609000042  -0.00627158544734999959 0.000397
 -0.01425558729284999958   0.00142555808280000009  -0.00627127296780000034  -0.00627147961071999969 0.000397
 -0.01425568072031999957   0.00142558432339000003  -0.00627103205046999988  -0.0062711525859599996  0.000397
 -0.01425553030047999915   0.0014255867787199999   -0.00627133587400000025  -0.0062715637928300004  0.000398
 -0.01425556609679999934   0.00142558667855        -0.00627046644495000017  -0.00627120881031999981 0.000399
 -0.01425555664707000084   0.00142559060396000008  -0.00627114283105000003  -0.00627056404194000026 0.000398
 -0.0142555806114899996    0.00142558034426999995  -0.00627096533074000036  -0.00627106145222999962 0.000397
 -0.01425508072031999966   0.00142555040396000004  -0.00627296644495000007  -0.00627264719141999976 0.000398
 -0.01425564139589000079   0.00142559022903000006  -0.0062701508683099998   -0.00627003775580999966 0.000397
 -0.0142556278189900007    0.00142558198238000003  -0.00627043712775999986  -0.00627042467869999998 0.000397
 -0.01425557966872999932   0.00142557605067999992  -0.00627076644495000012  -0.00627101530980000033 0.000397
 -0.01425563072031999987   0.00142558068054000008  -0.00627095983750000033  -0.0062710621910799999  0.000397
 -0.01425557845186000046   0.0014255856039599999   -0.00627080985784999982  -0.00627095920703000034 0.000397
 -0.01425558027949999987   0.00142558157558999991  -0.00627088260606000012  -0.00627126379282999958 0.000398
 -0.01425558332975000037   0.00142558062070999997  -0.00627135589596999974  -0.0062710118967099996  0.000398
 -0.01425578072032000071   0.00142557017141000004  -0.00627135589596999974  -0.00627003775580999966 0.000400
 -0.01425560421523999928   0.00142558294646000011  -0.00627074063946000005  -0.00627078906378000008 0.000397
 -0.01425561084151000073   0.00142558237998000005  -0.00627079543897000012  -0.00627085734560000035 0.000397
 -0.01425558436854999951   0.0014255786039599999   -0.00627094294146999989  -0.00627108696297999993 0.000397
 -0.01425556497494999929   0.00142558001062999999  -0.00627093298512000023  -0.00627096379282999963 0.000397
 -0.01425556197240999967   0.00142558118887999995  -0.0062708664449500004   -0.00627116237463000003 0.000398
 -0.01425556519824999931   0.0014255800190399999   -0.00627106644495000008  -0.00627110010946000003 0.000397
 -0.01425560852700999935   0.00142558377635999996  -0.00627092440826000023  -0.00627110332022999973 0.000397
 -0.01425568072031999957   0.00142559060396000008  -0.00627043712775999986  -0.0062715637928300004  0.000399
 -0.01425560740857000075   0.00142557323576999995  -0.00627101917122000006  -0.00627114216593999997 0.000397
 -0.01425560016939000051   0.00142557632781000008  -0.00627096684288000038  -0.00627109642620999989 0.000397
 -0.01425558989487000008   0.00142558160396000005  -0.00627099405415999962  -0.00627101909379999996 0.000397
 -0.01425557072032000022   0.00142558085611000003  -0.00627097340669000025  -0.00627103088280999994 0.000397
 -0.01425557950698999946   0.00142558047170999991  -0.00627101644495000037  -0.00627108105360999965 0.000397
 -0.01425557808410999987   0.00142558160396000005  -0.0062709585117500001   -0.00627110129521999977 0.000397
 -0.01425558539530999945   0.00142557848406000003  -0.00627088980720000039  -0.00627108663871000019 0.000397
 -0.01425559013940999945   0.00142557976236999998  -0.00627083740618999963  -0.0062709878909699996  0.000397
 -0.01425558390411999984   0.00142557982654000002  -0.00627089466588000039  -0.00627101594559999979 0.000397
 -0.0142555788593000006    0.00142558010395999997  -0.00627097401889999996  -0.00627105577179000017 0.000397
 -0.01425558572031999927   0.0014255806013700001   -0.00627097558166000036  -0.0062710541167799996  0.000397
 -0.0142555825619499997    0.0014255803817999999   -0.00627094644494999992  -0.00627106022889000001 0.000397
 -0.01425557872925999926   0.00142558084414999998  -0.00627096280660000005  -0.00627104379283000002 0.000397
 -0.01425557773077000025   0.00142558108851999991  -0.00627097337263999959  -0.0062711050538599997  0.000397
 -0.0142555755611299996    0.00142558123243999996  -0.00627091540211999979  -0.0062710476579400003  0.000397
 -0.01425557654760000077   0.00142558104225999995  -0.0062709406628200003   -0.00627105600685000028 0.000397
 -0.01425557975288000052   0.00142558072289999992  -0.00627095644494999986  -0.00627106069798000036 0.000397
 -0.0142555793418299992    0.00142558080395999999  -0.0062709749148400001   -0.00627106641413999969 0.000397
 -0.01425557872031999948   0.00142558045780000003  -0.00627096575880999995  -0.00627106759597999969 0.000397
 -0.01425558019566999964   0.00142558056561999992  -0.00627096966857000008  -0.00627105379282999996 0.000397
 -0.01425558559090000024   0.00142558046952        -0.00627096543757999988  -0.0062710704632199998  0.000397
 -0.01425558039376999958   0.00142558044497999997  -0.0062709942431799998   -0.00627105733792999998 0.000397
 -0.01425558093580999927   0.00142558042917999999  -0.00627098229362000031  -0.00627105806066999977 0.000397
 -0.01425558080064000081   0.00142558064485000008  -0.00627097002156999997  -0.00627105879282999993 0.000397
 -0.01425558037287000084   0.00142558070395999996  -0.00627096554349000027  -0.00627106505303999962 0.000397
 -0.01425558149194999964   0.00142558062684999994  -0.00627096144494999983  -0.0062710609940700001  0.000397
 -0.01425557972032000069   0.00142558057429999999  -0.00627096385042999992  -0.00627106092883000007 0.000397
 -0.01425558121582000057   0.0014255804698400001   -0.00627097136430999989  -0.00627107319537999978 0.000397
 -0.01425558149293999939   0.00142558077974000007  -0.00627096580893000011  -0.00627105858260999967 0.000397
 -0.01425558079979000019   0.00142558069926000002  -0.00627096579639999964  -0.00627106083595000037 0.000397
 -0.01425558022032000043   0.00142558060359000011  -0.00627096610445000008  -0.00627106360036999971 0.000397
 -0.01425558072399000023   0.00142558065395999994  -0.00627096631324000012  -0.00627106371838999973 0.000397
 -0.01425558062175000078   0.00142558060782999995  -0.00627096762365000025  -0.00627106579282999971 0.000397
 -0.01425558066460999931   0.00142558060615000006  -0.00627096844494999962  -0.00627106256341000007 0.000397
 -0.01425558137093000007   0.00142558054827000001  -0.0062709637384599998   -0.00627106328915000028 0.000397
 -0.01425558197257000004   0.00142558071551000007  -0.00627096787705000002  -0.00627106338756000005 0.000397
 -0.01425558140951000037   0.00142558068020999995  -0.00627096687038999987  -0.00627106277286999976 0.000397
 -0.01425558058259999983   0.00142558060282999997  -0.0062709669585199997   -0.00627106279283000043 0.000397
 -0.01425558072894999966   0.00142558062396000006  -0.00627096648009000009  -0.00627106372440000039 0.000397
 -0.01425558083425999996   0.00142558060294000009  -0.00627096544495000033  -0.00627106288988000041 0.000397
 -0.01425558052031999923   0.00142558060575999996  -0.00627096563094999958  -0.00627106405829000024 0.000397
 -0.01425558093547000041   0.00142558058430999998  -0.00627096771024000018  -0.00627106549874999978 0.000397
 -0.01425558047858000062   0.00142558062852000001  -0.00627096479818999974  -0.00627106588879999989 0.000397
 -0.01425558052508999959   0.00142558062292999998  -0.00627096570988000014  -0.00627106505744999976 0.000397
 -0.01425558062032000056   0.00142558060669999999  -0.00627096623034999971  -0.00627106371419000001 0.000397
 -0.01425558068932000072   0.00142558061042        -0.00627096694495000041  -0.00627106397605999965 0.000397
 -0.01425558067169000083   0.00142558059395999997  -0.00627096658733999977  -0.0062710640802300004  0.000397
 -0.01425558070371000033   0.00142558060053999997  -0.00627096671278000017  -0.00627106329283000016 0.000397
 -0.01425558091656000011   0.00142558060817999993  -0.00627096574932999983  -0.00627106390084000015 0.000397
 -0.01425558091274999918   0.00142558061109000008  -0.0062709670332999996   -0.00627106254168000032 0.000397
 -0.01425558081463999989   0.00142558060974999992  -0.00627096668271999967  -0.00627106292082999991 0.000397
 -0.0142555806703199995    0.00142558060304999999  -0.00627096636680000031  -0.00627106383661000036 0.000397
 -0.01425558073158000004   0.00142558060895999991  -0.0062709662861200003   -0.00627106388182000016 0.000397
 -0.01425558069500999954   0.00142558060812999999  -0.00627096651413000007  -0.00627106359282999983 0.000397
 -0.01425558073449999935   0.00142558060161999999  -0.00627096624494999973  -0.00627106361708000028 0.000397
 -0.01425558077019000065   0.00142558059803999998  -0.00627096681275000033  -0.00627106403580999974 0.000397
 -0.01425558064712000028   0.00142558060697999998  -0.00627096639100999977  -0.00627106448881999991 0.000397
 -0.01425558066126000022   0.00142558060537000008  -0.00627096647145999973  -0.00627106418982999961 0.000397
 -0.01425558070032000024   0.00142558060380000009  -0.00627096642759999989  -0.00627106385118999989 0.000397
 -0.01425558072177000001   0.00142558060595999992  -0.0062709664377100004   -0.00627106381719999984 0.000397
 -0.01425558071684999983   0.00142558060411999998  -0.0062709663449500002   -0.00627106373454000034 0.000397
 -0.01425558073513999956   0.00142558060325999997  -0.0062709663709299996   -0.00627106389283000037 0.000397
 -0.01425558072751999944   0.00142558060266000011  -0.00627096664355999978  -0.00627106366838999993 0.000397
 -0.01425558067411999974   0.00142558061043000003  -0.00627096656105000008  -0.00627106393497000019 0.000397
 -0.01425558068921000017   0.00142558060823000008  -0.00627096648201999965  -0.00627106385549000035 0.000397
 -0.01425558072351999946   0.00142558060295999993  -0.00627096644694999979  -0.00627106381218999961 0.000397
 -0.01425558073031999926   0.00142558060438999993  -0.0062709664463399999   -0.00627106380626999988 0.000397
 -0.01425558072068000039   0.00142558060394000008  -0.00627096639495        -0.00627106379330999962 0.000397
 -0.01425558072412999935   0.00142558060370000001  -0.00627096644548000032  -0.0062710637428300001  0.000397
 -0.01425558070295000063   0.0014255806048099999   -0.00627096649102999986  -0.00627106380955000028 0.000397
 -0.01425558069449000057   0.00142558060566000009  -0.00627096645667999959  -0.00627106370504999962 0.000397
 -0.01425558070465000014   0.00142558060506000001  -0.00627096643523999964  -0.00627106375199999993 0.000397
 -0.0142555807169499997    0.00142558060345999993  -0.00627096643303000009  -0.00627106381189999982 0.000397
 -0.01425558072532000058   0.00142558060427        -0.00627096643272999962  -0.00627106381239000022 0.000397
 -0.01425558071800000007   0.0014255806042         -0.00627096642494999988  -0.00627106378375000013 0.000397
 -0.01425558072519999935   0.00142558060345999993  -0.00627096643303000009  -0.00627106377817999994 0.000397
 -0.01425558071612999939   0.00142558060440999999  -0.00627096650101000019  -0.00627106377793000026 0.000397
 -0.01425558072328999941   0.00142558060393000005  -0.00627096642111000038  -0.00627106385946999984 0.000397
 -0.01425558072349999983   0.00142558060387000009  -0.00627096642721000023  -0.00627106383030999991 0.000397
 -0.01425558072145000077   0.00142558060375999997  -0.0062709664441900001   -0.00627106379631999986 0.000397
 -0.01425558072231999929   0.0014255806040900001   -0.00627096644452000002  -0.00627106379479999958 0.000397
 -0.01425558072018999999   0.00142558060396999996  -0.00627096643494999984  -0.00627106379269999972 0.000397
 -0.01425558072093000006   0.00142558060393000005  -0.00627096644481999962  -0.00627106378282999994 0.000397
 -0.01425558071671000071   0.00142558060404999998  -0.00627096645627000029  -0.0062710637975000004  0.000397
 -0.01425558071510000038   0.00142558060449000002  -0.00627096643480000004  -0.00627106382225000019 0.000397
 -0.01425558071762000022   0.00142558060423000009  -0.00627096643435999957  -0.00627106381123999999 0.000397
 -0.01425558071931999973   0.00142558060400000005  -0.00627096644242000015  -0.00627106379473999984 0.000397
 -0.01425558071984000044   0.00142558060404999998  -0.00627096644995000022  -0.00627106378905999996 0.000397
 -0.01425558071969000064   0.00142558060386000006  -0.00627096644385000037  -0.00627106378783000035 0.000397
 -0.01425558072079999988   0.00142558060402999992  -0.00627096643995000026  -0.00627106378887000004 0.000397
 -0.01425558072195000012   0.00142558060386000006  -0.00627096644857999975  -0.00627106380365000018 0.000397
 -0.01425558072121000004   0.00142558060395999993  -0.00627096643949000016  -0.00627106380550000037 0.000397
 -0.01425558072114000048   0.0014255806039499999   -0.00627096644081999964  -0.00627106379983000031 0.000397
 -0.01425558071982000082   0.00142558060396999996  -0.00627096644580000043  -0.00627106379313000038 0.000397
 -0.0142555807201799993    0.00142558060401000008  -0.00627096644294999981  -0.00627106379212000013 0.000397
 -0.01425558072060000014   0.00142558060401000008  -0.00627096644602999961  -0.00627106379423999962 0.000397
 -0.01425558072076999958   0.00142558060402999992  -0.00627096644689999986  -0.00627106379864999976 0.000397
 -0.01425558072050000027   0.00142558060397999999  -0.00627096644614000016  -0.00627106379594       0.000397
 -0.01425558072040000041   0.00142558060396999996  -0.00627096644465000019  -0.00627106379183000034 0.000397
 -0.01425558072027000023   0.00142558060395999993  -0.00627096644395000024  -0.00627106379299000039 0.000397
 -0.01425558072012000042   0.0014255806039499999   -0.00627096644512999991  -0.00627106379225000031 0.000397
 -0.01425558071995999994   0.00142558060400000005  -0.00627096644373000001  -0.00627106379022000001 0.000397
 -0.0142555807201000008    0.00142558060399000002  -0.00627096644433000009  -0.00627106379165000023 0.000397
 -0.01425558072022000029   0.00142558060395999993  -0.00627096644452000002  -0.00627106379232999969 0.000397
 -0.0142555807202500006    0.00142558060395999993  -0.00627096644472999957  -0.00627106379333000011 0.000397
 -0.01425558072023999992   0.00142558060395999993  -0.00627096644545000002  -0.00627106379276000034 0.000397
 -0.01425558072030000054   0.00142558060400000005  -0.00627096644676999968  -0.00627106379302999964 0.000397
 -0.01425558072028999985   0.00142558060399000002  -0.00627096644605999991  -0.00627106379301999983 0.000397
 -0.01425558072032000016   0.00142558060395999993  -0.00627096644475000006  -0.0062710637928299999  0.000397
 -0.01425558072032000016   0.00142558060395999993  -0.0062709664449499998   -0.00627106379263000016 0.000397
 -0.01425558072022000029   0.00142558060395999993  -0.00627096644422000041  -0.00627106379260999967 0.000397
 -0.01425558072022000029   0.00142558060395999993  -0.00627096644452000002  -0.00627106379264999979 0.000397
