  5                      -20                      154575360.000000
  5.25                   -20                      154576704.125000
  5.25                   -19                      114724391.125000
  5.375                  -18                      83830450.281250
  5.125                  -18                      83829350.031250
  5.0625                 -17                      60203802.757812
  5.4375                 -15                      29235143.632812
  5.65625                -12.5                    10280420.736328
  5.34375                -11.5                    6394573.673828
  5.328125                -8.25                   990597.446289
  5.921875                -3.75                   15330.094727
  6.3515625                2.875                  979.591560
  6.0234375                7.125                  100619.384773
  7.046875                18.25                   57477714.719727
  5.7578125               -1.625                  186.893379
  6.0859375               -5.875                  156412.241829
  6.0390625                3.875                  20.837776
  5.4453125               -0.625                  231.733833
  5.671875                 0.25                   772.282227
  5.7421875                1.625                  1529.493477
  5.8984375                1.125                  1327.476326
