  3                       -1                        0                        1                      22.885179
  3                       -1                        0                        1.0500000000000000444  22.372432
  3                       -1                        0.00025000000000000001   1                      22.885620
  3.1500000000000003553   -1                        0                        1                      24.703696
  2.8500000000000000888   -1.0249999999999999112    0.000125                 1.0249999999999999112  21.275189
  2.7000000000000001776   -1.0375000000000000888    0.0001875                1.0375000000000000888  19.811925
  2.8500000000000000888   -0.96875                  0.00021875               1.0437499999999999556  20.427286
  2.7749999999999999112   -1.0031250000000000444   -0.000046875              1.0656250000000000444  19.885294
  2.6625000000000000888   -1.0046874999999999556    0.0001796875             1.0984374999999999556  18.586126
  2.4937499999999999112   -1.0070312500000000444    0.00026953125000000002   1.1476562500000000444  16.887342
  2.4093749999999998224   -1.0082031250000000888    0.00031445312500000001   1.0972656249999999112  16.587531
  2.1140625000000001776   -1.0123046874999999112    0.00047167968749999999   1.1208984374999999556  14.660198
  2.19140625              -1.0612304687500000444    0.00022216796875000001   1.14208984375          15.583219
  1.974609375             -1.055908203125           0.00062231445313         1.158447265625         14.397478
  1.5744140625000000444   -1.0822998046875000888    0.00095690917969         1.2048583984375000888  13.547985
  1.48681640625           -1.0439331054687499556    0.00077264404297000002   1.2702514648437499556  13.032493
  0.8802246093750000222   -1.047149658203119893     0.00106521606445999996   1.386627197265619893   14.601417
  1.1895996093750000888   -1.0928527832031300626    0.00094216918945999996   1.2213928222656300626  13.669585
  0.99104003906250004441  -1.0544647216796900757    0.00134953308106000006   1.2666107177734400313  13.740553
  0.5068725585937500222   -1.1244705200195399541    0.00153894805909000009   1.3606582641601598915  17.353424
  1.7122650146484399425   -1.0403461456298799259    0.00073849678039999999   1.1808383941650399951  13.308448
  1.9905075073242199934   -1.0752511978149399408    0.00035557651519999998   1.1720598220825200197  14.657982
  1.2409069061279300872   -1.059661340713500044     0.00110104393959999992   1.2429729938507099174  13.260184
  1.8176015853881799522   -1.0202674150466899405    0.00084237778187000001   1.2280678033828700269  13.272668
  1.5543808937072700616   -0.99980419874190995522   0.00077037209272999996   1.2562069296836799737  12.534745
  1.5443643093109100661   -0.95855639576911000344   0.00067710354925000005   1.2818811953067799081  12.045360
  1.3325795888900699993   -1.0008629828691499863    0.00095808787644999997   1.3307483345270199049  12.655128
  0.98473201990128000904  -1.0112394973635701056    0.00091206192225999996   1.3348591908812599272  13.524418
  1.6093841940164499427   -1.0180104356259100928    0.00085979881696999995   1.2547656502574699999  12.812058
  1.7456653431057900239   -0.95102011915296003064   0.00053277320322000002   1.3258503286167999669  12.191838
  1.6291803114116099049   -0.92029186123981998602   0.00074123767997999999   1.3263712895102799383  11.677565
  1.7003622639924200755   -0.85847123912534994972   0.00072553449848000002   1.3544312018435500367  11.029219
  1.5521015586331499136   -0.86644493283237999925   0.00058695074673000003   1.3916898798896000233  11.057082
  1.9386671486310700363   -0.81638336057075000518   0.00030309312238999998   1.3461779683013499476  11.012203
  2.2417109285015599518   -0.7241435494215500146   -0.00002440425464         1.3538927851885100839  11.044062
  1.6220822971779900179   -0.79890784499583999967   0.00061356775520999998   1.361239794053840102   10.264822
  1.5602907742140799119   -0.72285170791727004769   0.0006539650312          1.3789345267723600585  9.378570
  1.8313465634244499025   -0.67351922445376000148   0.00045766815015000001   1.4537355930966500139  9.059245
  1.9748376904812199317   -0.53100063879609005202   0.00034795045059999999   1.5396627919915899518  7.658746
  2.03497738002625006     -0.59790854037234997254   0.00042832080460999998   1.417913364564820089   8.676315
  2.0540242326838900055   -0.47560088470287997797   0.00014113020591999999   1.4869131239715100978  7.270009
  2.2308552170296200856   -0.2841657074916499881   -0.00015107194036000001   1.5531540850354899064  5.617043
  1.9618133822445100733   -0.25157993671792999724   0.00033648905063999999   1.5986544158807800553  4.608620
  1.9733864990512399729    0.0308217752084799998    0.00035318701476         1.7248926396704999942  6.333967
  2.5409510606767198304   -0.10947570377173999889  -0.00017312084846000001   1.6757578019639800537  7.572751
  2.3192512951897898965    0.00979754698364000004  -0.00024819744839999999   1.7657011828711000057  7.335094
  2.5515977870890997892    0.21328873829725000788  -0.00046590104388999999   1.7569709508840900547  10.656887
  2.1190277146331899516   -0.34492829452276002611   0.00014448757697999999   1.5939898317147100926  5.885105
  1.7745227438718400581   -0.32596249210261002416   0.00021397446788999999   1.5799919557870600872  5.243791
  1.7238582336997900768   -0.61311576240111997915   0.00052013702596999997   1.3971939613379200651  8.244990
  2.1704030298172898306   -0.14593078036254999996  -0.00005611382981         1.6735743774878100165  5.255282
  1.9497694718484399612   -0.1588911638146099925    0.0000271512972          1.6086975853808600512  4.351086
  1.865140350456069962    -0.06587259846052999357  -0.00003151684269         1.6160514622139399155  5.020621
  1.697399096861420098    -0.15701647900720000495   0.00041182243332         1.6773050822327699727  3.903072
  1.4306710367773201042   -0.09344186476497999549   0.00069326962016000001   1.7393805808314000139  4.694438
  1.5213493175958199277   -0.30079425545862997771   0.00055083245433999999   1.5587501421529299517  5.066397
  1.7906428904032600791   -0.10817842539657999967   0.00044917314985999998   1.6417116570366099282  4.460872
  2.1784631030830001741   -0.03703874700952999865   0.00006148551117         1.704434228112579941   6.331124
  1.6856277639676100488   -0.23485537834635999976   0.00042849571854999997   1.595171163642840062   4.310314
  1.5999062292958599052   -0.07789078656443999826   0.00032183224882000001   1.6627883282657600628  4.557058
  1.6903830175330198937   -0.12131307410281999548   0.00032549644928000002   1.6467548501695199459  4.179675
  1.7209467847019899178   -0.22785962223892000655   0.00014730979932000001   1.6222526836763899727  4.267644
  1.447408859683579907    -0.211631113033039997     0.00062941090304000004   1.6620443044799000365  4.574942
  1.8241793188072299436   -0.1720761511192200055    0.00017771619866000001   1.622034265155620103   3.888951
  1.7808263449842200998   -0.10427728488772000648   0.00010267672174         1.6890022769743100461  4.552128
  1.7094274092217600636   -0.2022108549816999945    0.00034704096935000002   1.6186289419757100561  3.998511
  1.7397476365097299666   -0.09844865736654999366   0.00048372822598999999   1.6601088860904200661  4.496236
  1.725646997653919934    -0.19550688102082999786   0.00023141440598999999   1.6317167342798999385  3.943838
  1.7879433937391500109   -0.24209210896166000193   0.00025850055438000002   1.6280876616524799783  4.412582
  1.714773111584549925    -0.15150783281752999709   0.00030874747556000002   1.642088053040259954   3.910674
  1.7715718532318001088   -0.1358428170006900082    0.00021780928741         1.6679431253785599321  4.194822
  1.7249635202242699084   -0.18561884548644999593   0.00031473304886999999   1.630957487826419916   3.840087
  1.7550105260848201105   -0.13760277319437000387   0.00037509517222000002   1.6544757098476299273  4.128768
  1.7329878797616400377   -0.18103085406422000925   0.00026733459755000003   1.6374064781718300488  3.799931
  1.7749917962427299578   -0.19636333202101000084   0.00027705566364000001   1.6417636036530600663  3.954023
  1.7298277827490999847   -0.16272170761839999109   0.00030082452257999999   1.6420069406934600931  3.824641
  1.8085801539096999502   -0.19370730013695000582   0.00011848175051000001   1.5888975036909001037  3.871338
  1.6740003495151301038   -0.18946320253379000942   0.00032297076109999998   1.6275999400356799818  3.902283
  1.7866345764841999877   -0.17642291397286000154   0.00021402983927000001   1.6234256838756400132  3.767527
  1.678626725699909894    -0.15918986043401001096   0.00042997925363000002   1.6780007915927799278  3.863508
  1.7111150827523500251   -0.16781922035974999874   0.00035210487785         1.6557249696173099718  3.772551
  1.7553191406493700022   -0.15837850252117000038   0.00025241386976000002   1.6483245483527000363  3.918181
  1.7325524253305499833   -0.17880875974512999704   0.00029915325408999999   1.6352992529579899461  3.773603
  1.7518171994152700321   -0.18931916645258001219   0.00026548676179999998   1.6339212516179300039  3.874337
  1.7353251369156399431   -0.16937107232693998649   0.00029199008238000001   1.6399855184245799578  3.765709
  1.7498257309797300429   -0.16518012913811999653   0.00031130442925000001   1.6398112342659298957  3.829822
  1.7371973425661599855   -0.1770681728326999882    0.00027832705546999999   1.638007667195360062   3.758221
  1.7525836440286299833   -0.16653193000099000831   0.00026907267338999999   1.6432726665984600523  3.826830
  1.7375602300050700944   -0.17573955230909998892   0.00029163310891999999   1.6372926063681099151  3.743163
  1.7872435602331899762   -0.18148163536104999771   0.00018588516516999999   1.6136307683145401093  3.763731
  1.7120285583758299008   -0.17540730244203001087   0.00030988786670000003   1.6410325962756600049  3.757737
  1.7516897086744900314   -0.18547725914550000637   0.00024087651575         1.6249963006522600839  3.821486
  1.7394162798553500782   -0.17339761903157999146   0.00027921169071999999   1.6362382139814999338  3.727481
  1.6758576451680200492   -0.16932468794666000189   0.00039364469574000002   1.6626547735957799556  3.763807
  1.7593970814668999925   -0.17844239850745000076   0.00023782504781000001   1.6258867696348500154  3.748468
  1.7370037322854199324   -0.17442526331238000781   0.00028095180160999999   1.6322174259346999836  3.721713
  1.7369069271450399139   -0.17310380855221998986   0.00028226417466999999   1.6293223053043699444  3.715275
  1.7746117008603499166   -0.1749343867581399925    0.00023557914436         1.6233373513687499035  3.757766
  1.7276743439969599603   -0.1752890735210599904    0.00029131068611999998   1.636608785048929926   3.741289
  1.7113818090343100309   -0.17032262819953000732   0.00033438478240999998   1.6438441857166099513  3.726817
  1.7201294500107600083   -0.17031701234310001047   0.00030195255803999998   1.6357141386575999586  3.725600
  1.7262428890257699443   -0.16828146054216000516   0.00030759591679999998   1.6359506367811100791  3.755144
  1.7273164802541600693   -0.17353717027633000503   0.00029538199379         1.6364442479819800713  3.723029
  1.70845105336679004     -0.17024269065400998713   0.00032778006373000002   1.6364242248487799181  3.710059
  1.692968440122500029    -0.16866522646522999485   0.00035206425024000002   1.6365172302824200212  3.703656
  1.7272788397319200904   -0.17248898061890999278   0.00028144670596000001   1.6251547753965800425  3.698644
  1.7352273550807300051   -0.17357215682859999939   0.00025497766773999999   1.615810070236560092   3.688385
  1.7260801512904599964   -0.17412216871808999796   0.00029039148518         1.6233327882450701019  3.708280
  1.7182749565652100099   -0.17119451000574001376   0.00029446679512000002   1.6160469490522300084  3.681819
  1.7137541947207299842   -0.17002317987043999437   0.00029400919579000001   1.605848299587359973   3.669580
  1.6971081434621699824   -0.17008755738896000342   0.00031345712481000001   1.6114318888713299316  3.658694
  1.6772087516207399016   -0.16857943180733001021   0.00032905359987000002   1.6024866806548199172  3.637416
  1.6834992194818900746   -0.16629782876770998756   0.00032466087163999998   1.6069983521355100109  3.659531
  1.7118763203295499498   -0.17057107217181000092   0.00024928641727999998   1.5790544710247100824  3.621534
  1.7213302604330700252   -0.17152399502509999007   0.00019789750079999999   1.5503230913958498949  3.594308
  1.6626688580474899837   -0.16464006090669000559   0.00031783291630999998   1.567018141650210028   3.575765
  1.626389609530860092    -0.16017401294573999082   0.00034926054059999999   1.542622177357040103   3.521346
  1.6404597258125499515   -0.16326445440250000884   0.00030642706067000001   1.54536685118424999    3.518126
  1.6038124913584599351   -0.15988509166852998833   0.00031263599309999999   1.5151261269827001055  3.442823
  1.6308713369896798984   -0.16378343695563998828   0.00026976294555         1.4982806860596900034  3.439213
  1.6045573957435699253   -0.16252624104960999851   0.0002423139825          1.4439218530217901026  3.357042
  1.6008361269122399761   -0.15847523853716000142   0.00022200040863000001   1.4235099437238700748  3.323344
  1.5626498145579899024   -0.15342314190206998714   0.00016847381300999999   1.3340215752583899356  3.199942
  1.4773743951623699022   -0.14648024875787998833   0.00033844466381         1.3675227749141098954  3.129505
  1.3553964625270200628   -0.13395837562425999545   0.00040871824530999999   1.2761226166732400067  2.906433
  1.4368184725626600429   -0.14472241217650000378   0.00021681047636000001   1.2419739086110199722  2.928183
  1.3758985813371600315   -0.13742999370768999023   0.00020552226548999999   1.1328938497995200141  2.740103
  1.2619416263265099687   -0.12620244472726999119   0.00015196540169         0.9417777112079299684  2.445775
  1.2038457922435199521   -0.11662694616544000414   0.00023066998569         0.95302605285349994979 2.380742
  1.0034899904934999615   -0.09367729872336000296   0.00022484798727999999   0.70757815276934998838 1.934168
  0.9661734613968500085   -0.09585712372363000555   0.00033269724230999999   0.74970461937237997674 1.840746
  0.66793528481629005356  -0.06707411463439999499   0.00041480895695999997   0.45754614142937000132 1.169567
  0.7075632095189999804   -0.06573370467814000639   0.00038335981926000001   0.44953840242893000623 1.269524
  0.46506859305062997478  -0.04238540575731999938   0.00017877283729         0.00209758724455000019 0.725141
  0.01990465831243000069   0.00340107917614000015   0.00006380013326999999  -0.63491492746980005002 2.829731
  0.16008691261319998866  -0.00823281716934000027   0.00044892939871        -0.13339756927182999657 0.649509
 -0.39084044424345998348   0.05075199660962000092   0.00059741139720999998  -0.67098520951171003457 1.869019
 -0.00316299049394000008   0.00196427760375999984   0.00048808751883000002  -0.31968587185384000904 1.049230
 -0.06259930952591000186   0.00786967469949000076   0.00038193953663999999  -0.44625825865481000276 1.480335
  0.51502257975776999377  -0.04733285983372999967   0.00038300474860000002   0.22558923715799999998 0.812493
 -0.09942773735245999389   0.01908071205608000143   0.00033458829474999999  -0.57024444979093003028 2.068549
  0.476094529274100009    -0.04553540796178000283   0.00039475379141         0.20059849362429998942 0.710566
  0.81129929784179000141  -0.07370752296485000299   0.00021464286918         0.46712974623135000707 1.498355
  0.20045258158998999209  -0.01695367253838999874   0.00041972635642        -0.12298196733253999313 0.637973
  0.1358287285061899885   -0.00922079187969000041   0.00033808644331000001  -0.25243096502576001239 1.085627
  0.42022411694487998846  -0.03780484284522000332   0.00037177517228000002   0.10608418661205999689 0.592108
  0.16336047716044999056  -0.01187796450004999921   0.00063881952212000001   0.02305398457145000149 0.157128
  0.01250641921536999913   0.00337575612858999992   0.00086884286454000001   0.03353218323489000341 0.120702
 -0.0794595140923800014    0.01572761974959999837   0.00065988310457000001  -0.25898007700301001188 0.760510
  0.33720601843247999252  -0.03021965103394000027   0.00046103611969999997   0.08570385096747000497 0.426613
  0.32510765547816000698  -0.03256838797514000072   0.00061176085776         0.18456669601277000958 0.475514
  0.34706952344545000111  -0.03165489032446999751   0.00073698115072000001   0.32792542574613997575 0.764393
  0.23710681705385999729  -0.02062897698491000104   0.00049904005499000004  -0.01025511906286999918 0.248825
  0.03573933814505000223  -0.00221578708748000012   0.00084856477621999995   0.04068961896407000123 0.102762
 -0.15650305125485999835   0.01557874079138999932   0.00108695957817999994   0.0079923351400799994  0.101903
 -0.10994955375473999815   0.01662132242570999938   0.00084617845095000005  -0.12608007087299000215 0.341125
 -0.34562570280267002065   0.03769307221432999927   0.00118947435463000011  -0.13310918674791999416 0.475672
  0.16649808812368999122  -0.01324147022186999978   0.00064314567843000003   0.03100059153862000025 0.160234
  0.23975369032377000234  -0.02407929756911000169   0.00070281563711999996   0.15721506629834999802 0.373204
 -0.02252374273511000002   0.00644616742699999964   0.00081033774748999997  -0.05525628658015999811 0.170718
 -0.23711796037932000858   0.02670857404746999897   0.00120560287932999994   0.01888953072957999871 0.277356
  0.11855062269556999877  -0.00879458922682000051   0.00067568076108000003  -0.00296895661475999988 0.085555
  0.09304978212499999402  -0.00798694869135999942   0.00082697669363         0.09003436322958000004 0.212776
  0.00636963847991999996   0.00283788839741000009   0.00081449748402000004  -0.01893362412772999978 0.080933
 -0.17603627355568998714   0.01974036826716000018   0.00107984466548000004  -0.02118962272238000127 0.147296
 -0.09040268313584999549   0.01149490864489999958   0.00097066991871999999  -0.00814206915713000003 0.066413
 -0.07349915582298000016   0.00718271817485000019   0.00090506100646000004  -0.04455834061465999835 0.106009
 -0.05199776206338999757   0.0062309776632899997    0.00089600647097999998  -0.02503570965227000164 0.070616
  0.14776295924298998852  -0.00969414805199999945   0.00059146773922000003  -0.035532514916030003   0.237959
 -0.08043654863040000658   0.00926051858054000032   0.00096308661843999999  -0.00288887737395000007 0.039852
 -0.22678430037042998646   0.02370673586988999992   0.00114644948499999992  -0.02453118354077999871 0.197516
  0.03221689192906999899  -0.00066925795264000001   0.00079337294205999997  -0.00835951334626999949 0.051202
 -0.10167968943020999628   0.01032068507062999969   0.00099707049108000009  -0.00327946063707999997 0.041778
 -0.06815325257031000505   0.00897244950841999921   0.00096609351416999999   0.01370074939506000025 0.071284
 -0.0560366346901199977    0.00691634562456999984   0.00091352823177999996  -0.01535159489043999917 0.054757
 -0.01256530727498000009   0.00141923701665000001   0.00086285922295999996  -0.00679765396674000041 0.018862
  0.02635338065546000141  -0.00361859879747999979   0.00080895387507999995  -0.00612544637153999982 0.028702
 -0.02519569201314000167   0.00324924573302000017   0.00089466640548999999   0.00468884222842000029 0.018607
 -0.00977522067465000019   0.00141569578723999999   0.00088523549235000002   0.01470906078785000001 0.037189
 -0.14215551060344000511   0.01279410115305999913   0.00106546842693         0.00422093847159000016 0.089139
 -0.01137620870406000004   0.00269658182377999992   0.00086139681328000004  -0.00521440039179999967 0.029297
  0.03689281111892000337  -0.0020078934936299999    0.000793934039          -0.00182658411496000009 0.027427
  0.07431435019377000128  -0.00658193304063000011   0.00074334162193000002  -0.00168602074858999998 0.032258
  0.03562662548772999732  -0.00262132013533999996   0.00079827787105000005  -0.00198673490492999984 0.020133
  0.02875542736333000157  -0.00267694726342999987   0.00081347195596999996   0.00225333501269999988 0.007445
  0.04882124539701999943  -0.00536371180704000011   0.00078950952731000001   0.00598720271494000006 0.022288
 -0.02358228433745000047   0.00169300116907999997   0.00089070368874         0.00090547829968999996 0.008582
 -0.05192055361885000025   0.00446358846300000042   0.00093257276552999996   0.0025117356919599999  0.020192
  0.01373983071108999914  -0.00085009298575999999   0.00083185159466999997  -0.00086211725570999997 0.009707
  0.00942394813689000077  -0.00071163369020000005   0.00085248759946999998   0.01029042310929000059 0.023420
 -0.00706799342200999971   0.00088651933993999998   0.00086026631709000003  -0.0025256346977300002  0.009434
  0.03111818217061999847  -0.00372300560310000021   0.00080348037273999997  -0.00480331154895000025 0.022758
 -0.0111172234671999999    0.00150618289899000007   0.00087186989729999998   0.0023158037840800001  0.007744
 -0.02024586764275999873   0.0015544710580499999    0.00088630433488000001   0.00233660845508000016 0.009557
 -0.01174944305428999962   0.00095333004709999996   0.00087269114982999995   0.00153692702737999996 0.004260
 -0.00177876832579000003  -0.00014873591406999999   0.00086410202882999997   0.00603140675966000028 0.015017
 -0.00574568714796000034   0.00062770552643999999   0.00086122524502999995  -0.00038637433338000002 0.003413
  0.02365382118438999828  -0.00148786556452999989   0.00081892543531999996   0.00195436744570000017 0.012813
 -0.01177325795698999991   0.00089778448568000001   0.00087275912539         0.00116770058619       0.003985
  0.01086074306925000066  -0.0016052465011000001    0.00083820384081        -0.00003000963764       0.007519
  0.00536625143512999957  -0.00082738915107000003   0.00084662035492999996   0.00055644371778999996 0.003636
 -0.04070649572538000138   0.0035026627175099999    0.00091317598162000003  -0.00081598651370999998 0.014581
  0.01138994659115000023  -0.00113204476819999994   0.00083839796237999997   0.00148600463109999992 0.001836
  0.01136806951495000079  -0.00117030200067999991   0.00083681019402999997  -0.00012503972653       0.002912
  0.02296254815363000037  -0.00214879968244000019   0.00081876775280000005  -0.0004021834417        0.005945
 -0.00308930642934000018   0.00013613844364999999   0.00085926128223999998   0.00077522957921999998 0.001966
  0.00159525982927000002   0.00005813775168         0.00085122698690999997   0.00031846635742000001 0.003376
  0.01637767190097999884  -0.00168174081320999992   0.00083162296775         0.00161370475399000009 0.002889
  0.01642793095960000047  -0.0019821123209          0.00083181921629000004   0.00155648326146999995 0.005726
  0.0053034276118499998   -0.00045192476647000002   0.00084637504425999998   0.00062797058343       0.001346
  0.00362280032236999986  -0.00039448395142999999   0.00085101843428999995   0.00237649450039999991 0.003742
  0.00943175221679999967  -0.00097634748836999995   0.00084036225409000001   0.00050034383019999999 0.001351
 -0.00485976190574999994   0.00046965152351000002   0.00086057530372999995   0.00008106955799       0.001985
  0.00044959654593000001  -0.00006819656067000001   0.00085333721973999998   0.00046422835699000002 0.001106
  0.01637666791220000057  -0.00145039523550000008   0.000829974958           0.00076404412164000001 0.002801
  0.00177718715604999991  -0.00026049497614         0.00085193970118000004   0.00077243321483000003 0.001013
 -0.00290896482584000011   0.00025356287237         0.00085760914726000005  -0.00030351663837000002 0.002993
  0.00781521873689999987  -0.00078564285806000003   0.00084320075859999999   0.00103862431373000002 0.000630
 -0.00175903719143000008   0.00019321790769999999   0.00085706410779999998   0.00095128440428999996 0.000409
 -0.00735443189555000029   0.00077800060573999998   0.00086541503466000004   0.00117675469133999991 0.001353
 -0.00116194498811999993  -0.00000863347711         0.00085639584940000002   0.00098531456149000005 0.001554
  0.00368708446186000009  -0.00034110194413         0.00084888024555000003   0.00071730657795000005 0.000602
  0.00531063003576000021  -0.00052881437465         0.00084720518681999997   0.00127559589841000007 0.001037
  0.00409537166330000042  -0.00041365992115         0.00084873819504999995   0.00107275401305999989 0.000575
  0.00514213167926999993  -0.00041309843167999999   0.00084700195231999999   0.00111755143967999992 0.001672
  0.00261842328684999985  -0.00029864584002999998   0.00085070526397000004   0.00085871277104000005 0.000400
 -0.00349429762660999994   0.00035554795925999999   0.00085949314759000003   0.00076140456943999996 0.000340
 -0.00914905580836000015   0.00092614336791000003   0.00086763934207999998   0.00062279469729000002 0.000962
 -0.00295685439580999987   0.00025933199701999999   0.00085912011166000004   0.00110477130097000006 0.000967
  0.00202609974744000004  -0.00019099345883999999   0.00085144021208000001   0.00081417275870000001 0.000208
 -0.00439977755517999974   0.00044322320520000003   0.00086061317067000003   0.00062003323868       0.000652
  0.00197158435867999995  -0.00019943913955999999   0.00085170693895999996   0.00095957381945999999 0.000271
  0.00331994207460999981  -0.00035998314728999999   0.00084960867349999998   0.00074564755503000004 0.000538
 -0.00048929237492         0.00005491764395         0.00085520024923         0.00089987519198       0.000169
 -0.00261137623455999978   0.00030866234243999999   0.00085821500996000001   0.00085880039874999998 0.000517
  0.00131097340649999989  -0.00014681879441         0.00085258270046999999   0.00085873467797000001 0.000175
  0.00590398019546000026  -0.00059671483368999999   0.00084597190278         0.00100477365461999995 0.000499
 -0.00114472817109000004   0.00011748226102         0.00085611283639000003   0.00082224684073000005 0.000121
 -0.00112005805471999996   0.00011673296542         0.00085596106012999996   0.00073794091523000005 0.000325
  0.00119867375533000008  -0.00012039611331999999   0.00085277046924999995   0.0009041655934        0.000124
 -0.00158828643953000002   0.00014358595746000001   0.00085689291559000002   0.00092833839334000002 0.000335
  0.00112250320069999998  -0.00010734860476         0.00085280338796000002   0.00084271416736000004 0.000075
 -0.00096739520149000005   0.00011914638786         0.00085586077094999997   0.00087576621876999999 0.000282
  0.00074138125450000001  -0.00008032749884000001   0.00085340221809000001   0.00086299256317000003 0.000087
  0.0014482073946399999   -0.00015021262189999999   0.00085234420661999997   0.00081618439035000001 0.000139
  0.00096383245225000001  -0.00009893005544000001   0.00085305821727000002   0.00083710709076000001 0.000064
 -0.00035717938715         0.00003583416431         0.00085491786061         0.00077836473761000002 0.000179
  0.00080971046971000001  -0.00008133854391000001   0.00085330731708999996   0.00087271537944999999 0.000050
  0.00296344185966999994  -0.00030145461249000001   0.00085017273382000005   0.00088551775964000004 0.000148
 -0.0001176856634          0.00001274804264         0.00085462781074999996   0.00083806457046       0.000053
  0.00064779897512999996  -0.00005710708189         0.00085349614844000001   0.00083230804084999995 0.000127
  0.00071798568466        -0.0000745223946          0.00085342570068000002   0.00085532143258999999 0.000035
  0.00006441827091000001  -0.0000136728709          0.00085440613493999997   0.00085889006926999996 0.000087
  0.00085798196824999999  -0.00008392967129         0.00085320407469999997   0.00084675814284       0.000036
  0.00017016377736        -0.00001459122814         0.00085422423433999999   0.00086932267191000003 0.000063
  0.00036858094608000001  -0.00003567593497         0.00085393273006999996   0.00086126877661999997 0.000032
  0.00149481519775        -0.00015048131503         0.00085230710052000005   0.00087996729528999997 0.000076
  0.00028543955189000002  -0.00002805929678         0.00085404763319000003   0.00084854025167       0.000021
  0.00030528360573000001  -0.00002975510491         0.00085399775222999997   0.00083322892241000004 0.000058
  0.00068360375372000001  -0.00006844268415999999   0.00085347992588000003   0.00086284376518999998 0.000025
  0.00016982299992999999  -0.00001942048397         0.00085423892021         0.00086722897019000001 0.000058
  0.00068594222616999998  -0.00006780237445999999   0.00085346278607999996   0.00085187584967999995 0.000015
  0.00029379755427000001  -0.00002546775059         0.00085403583692999997   0.00085694288898999996 0.000050
  0.00061193865205999998  -0.0000622587336          0.00085357823474000003   0.00085572679669000001 0.000019
  0.00076488114584000004  -0.00007760560953         0.00085335155988000002   0.00084822455500000002 0.000026
  0.00066580609589999998  -0.00006712319089         0.00085349685241999996   0.00085148561039999999 0.000013
  0.00044095950928999997  -0.00004417911371         0.00085381282734000002   0.00084097048903       0.000033
  0.00062294269260999998  -0.00006237679155         0.00085356315124000002   0.00085737544615000004 0.000013
  0.00100787528147999999  -0.00010172124847         0.00085300287904999995   0.00085969159978999999 0.000028
  0.00046604848429000002  -0.0000464747847          0.00085378644466000005   0.00085132808869999997 0.000010
  0.00060843109742000001  -0.0000596298372          0.00085357638245999996   0.00085030570076999996 0.000023
  0.00061106176339999999  -0.00006160150950000001   0.00085357777167000004   0.00085437152270999999 0.000010
  0.00049698729192999998  -0.00005098576386         0.00085374932391999998   0.00085540448429999999 0.000020
  0.00063870349261000001  -0.00006359822181         0.00085353442054000004   0.00085275800834000003 0.000008
  0.00056786722549000005  -0.0000570220619          0.00085363459340999999   0.00084759616893000003 0.000019
  0.00060917382583000005  -0.00006103810914         0.00085358101178         0.00085493062683999999 0.000008
  0.00049668768717000004  -0.00004923312169         0.00085374297190999996   0.00085520851290000002 0.000011
  0.00053896728935000002  -0.00005370563899         0.00085368144202999997   0.00085427778727000003 0.000007
  0.00051538478264000003  -0.00005080686782         0.00085371388783999995   0.00085227573286       0.000014
  0.00058714251821        -0.00005890284908         0.00085361180071000004   0.00085384757525       0.000006
  0.00072094507870999996  -0.00007214762481         0.00085341789287000003   0.00085657891014999995 0.000011
  0.00052977263289999996  -0.00005289299473         0.00085369430670999996   0.00085264079406000004 0.000007
  0.00053811914070000003  -0.00005351174316         0.00085367997322000001   0.00085183145562       0.000011
  0.00059141015454999997  -0.00005915651765         0.00085360575214000003   0.00085415583404000004 0.000005
  0.00048494280489999998  -0.00004873077842         0.00085376223025999997   0.00085470298697000002 0.000008
  0.00052338297681999997  -0.00005244763926         0.00085370527782999996   0.00085421674231000002 0.000006
  0.00059067883656999999  -0.00005921332776         0.00085360782965         0.00085560817538000002 0.000009
  0.00054499918382000002  -0.00005447307799         0.00085367268743999998   0.00085338263939000001 0.000004
  0.00058450012734999996  -0.000058784403           0.00085361631702999998   0.00085352360821999999 0.000007
  0.00057311691785000003  -0.000057514712           0.00085363259827999998   0.00085371215298999997 0.000006
  0.00055035049884999995  -0.00005497532999         0.00085366516077999997   0.00085408924250999997 0.000005
  0.00061356820089999997  -0.00006130624809         0.00085357242270999996   0.00085352090328999995 0.000004
  0.00056302150084999996  -0.00005605273778         0.00085364621082000003   0.00085372673437       0.000006
  0.00056905175519000005  -0.00005676526561         0.00085363760829999997   0.00085375694458999997 0.000005
  0.00058111226387000002  -0.00005819032125         0.00085362040322999998   0.00085381736503000003 0.000005
  0.00057809713670000003  -0.00005783405734         0.00085362470449999999   0.00085380225991999999 0.000004
  0.00061368683914000001  -0.00006140962055         0.00085357262261000005   0.00085334157581000002 0.000004
  0.00058376552572999999  -0.00005835498434         0.00085361546649000001   0.00085286785515999999 0.000005
  0.00058567668294000005  -0.00005855536766         0.00085361303790000001   0.00085318984988       0.000004
  0.00058949899734000001  -0.00005895613433         0.00085360818073000003   0.00085383383932999995 0.000004
  0.00058854341874        -0.00005885594266         0.00085360939501999997   0.00085367284195999996 0.000003
  0.00054891713093999995  -0.00005482504249         0.00085366698221999999   0.00085384774646999999 0.000004
  0.00056510955798999996  -0.00005647118701         0.00085364339232000001   0.00085372120381000001 0.000004
  0.00056677130128000006  -0.000056664510325        0.00085364104122999992   0.00085352774067500004 0.000004
  0.00058332027772000001  -0.000058345              0.00085361704976000003   0.00085373755094000003 0.000004
  0.00060105580981999998  -0.00006008109537499999   0.00085359090886499996   0.00085359687262499991 0.000004
  0.00060111512894        -0.000060132781605        0.00085359100881500006   0.00085350720888499999 0.000004
  0.00059749441208999999  -0.00005976347604         0.00085359621251000003   0.00085346811848000003 0.000004
