102.48199999999999932     96.333500000000000796    90.436300000000002797    84.785200000000003229    79.374700000000004252   2537761691.551906
102.48199999999999932     99.333500000000000796    94.436300000000002797    80.785200000000003229    84.374700000000004252   3157827999.932053
102.48199999999999932    101.3335000000000008      89.436300000000002797    85.785200000000003229    78.374700000000004252   2868910372.614101
112.48199999999999932     95.333500000000000796    95.436300000000002797    85.785200000000003229    77.374700000000004252   3692153962.303029
 92.481999999999999318    97.333500000000000796    91.436300000000002797    89.785200000000003229    81.374700000000004252   2615441928.801182
112.48199999999999932     94.333500000000000796    88.436300000000002797    86.785200000000003229    83.374700000000004252   3570467038.875607
 82.481999999999999318    91.333500000000000796    84.436300000000002797    84.785200000000003229    73.374700000000004252   1059218136.866714
 22.481999999999999318    76.333500000000000796    66.436300000000002797    84.785200000000003229    55.374699999999997146   8208517225.678273
 82.481999999999999318   100.3335000000000008      91.436300000000002797    83.785200000000003229    75.374700000000032674   2020158949.688015
 82.481999999999999318    95.333500000000015007    84.436300000000031218    90.785200000000045861    70.374700000000004252   1619018961.422543
 72.481999999999999318    91.333500000000000796    87.436300000000031218    87.785200000000060072    73.374700000000004252   1646595936.486408
 72.481999999999999318    92.333500000000000796    83.436300000000002797    82.785200000000003229    67.374700000000004252   1102758904.691339
 52.481999999999999318    92.333500000000000796    82.436300000000002797    86.785200000000003229    64.374700000000004252   2983961214.851046
 92.481999999999999318    95.333500000000000796    88.436300000000002797    85.785200000000003229    75.374700000000004252   1718250595.463565
 82.481999999999999318    86.333500000000000796    79.436300000000002797    88.785200000000003229    68.374700000000004252   880074164.620530
 72.481999999999999318    78.333500000000000796    74.436300000000002797    91.785200000000003229    65.374700000000004252   1215117626.578559
 62.481999999999999318    87.333500000000029218    79.436300000000002797    87.785200000000003229    65.374700000000004252   1729597299.204799
 82.481999999999999318    93.333500000000015007    86.436300000000002797    86.785200000000003229    73.374700000000004252   1368849654.429840
 92.481999999999999318    92.333500000000000796    79.436300000000002797    85.785199999999974807    67.374700000000004252   1023693535.984210
 82.481999999999999318    87.333500000000000796    80.436300000000002797    80.785199999999989018    69.374700000000004252   477871553.481500
 82.481999999999999318    82.333500000000000796    79.436300000000002797    75.785199999999960596    69.374700000000004252   181279621.737622
 82.481999999999999318    84.333500000000000796    76.436300000000002797    80.785199999999960596    65.374700000000004252   304514751.912686
 92.481999999999999318    82.333500000000029218    76.436300000000002797    83.785199999999960596    70.374700000000004252   593715406.090039
 92.481999999999999318    79.333500000000000796    72.436300000000002797    80.785199999999960596    63.374699999999997146   382569050.612599
 82.481999999999999318    73.333500000000000796    74.436300000000002797    77.785199999999960596    67.374700000000004252   209251718.258188
 92.481999999999999318    74.333500000000029218    72.436300000000002797    70.785199999999946385    66.374700000000004252   188062827.512930
 82.481999999999999318    75.333500000000000796    73.436300000000002797    70.785199999999960596    62.374699999999997146   54740751.436140
 72.481999999999999318    71.333500000000000796    72.436300000000002797    63.785199999999960596    58.374699999999997146   553372421.278150
 72.481999999999999318    76.333500000000000796    78.436300000000002797    69.785199999999960596    69.374699999999990041   350819013.621980
 82.481999999999999318    77.333500000000000796    76.436300000000002797    72.785199999999960596    67.374699999999990041   49397958.298605
 82.481999999999999318    68.333500000000000796    74.436300000000002797    66.785199999999960596    67.374699999999990041   260087451.603567
 82.481999999999999318    72.333500000000000796    74.436300000000002797    69.785199999999960596    67.374699999999990041   106652142.654663
 82.481999999999999318    83.333500000000000796    85.436300000000002797    78.785199999999960596    82.374699999999961619   1008017946.792345
 82.481999999999999318    79.333500000000000796    74.436300000000002797    69.785199999999960596    65.374699999999990041   6400028.680190
 82.481999999999999318    85.333500000000000796    68.436300000000002797    60.785199999999960596    59.374699999999990041   365055886.399377
 72.481999999999999318    80.333500000000000796    78.436300000000002797    72.785199999999974807    66.374700000000004252   325288390.987246
 92.481999999999999318    76.333500000000000796    74.436300000000002797    71.785199999999960596    66.374700000000004252   157083720.580147
102.48199999999999932     80.333500000000000796    77.436300000000002797    67.785199999999960596    65.374699999999990041   668582353.662963
 82.481999999999999318    79.333500000000000796    74.436300000000002797    69.785199999999960596    45.374699999999990041   773120648.474831
 82.481999999999999318    87.333500000000000796    80.436300000000002797    49.785199999999960596    65.374699999999990041   974099767.423426
 82.481999999999999318    59.333500000000000796    82.436300000000002797    63.785199999999960596    65.374699999999990041   964713169.819769
 82.481999999999999318    73.333500000000000796    54.436300000000002797    60.785199999999960596    65.374699999999990041   993930727.939065
 82.481999999999999318    70.333500000000000796    69.436300000000002797    65.785199999999960596    62.374699999999990041   249548391.199530
 82.481999999999999318    79.333500000000000796    77.436300000000002797    73.785199999999960596    67.374699999999990041   66681947.421214
 72.481999999999999318    77.333500000000000796    76.436300000000002797    70.785199999999960596    65.374699999999990041   286857281.455257
 92.481999999999999318    81.333500000000000796    76.436300000000002797    74.785199999999960596    65.374699999999990041   198038366.656397
 82.481999999999999318    80.333500000000000796    75.436300000000002797    70.785199999999960596    55.374699999999990041   201201085.499638
 82.481999999999999318    69.333500000000000796    77.436300000000002797    75.785199999999960596    66.374699999999990041   288254189.366750
 82.481999999999999318    75.333500000000000796    84.436300000000002797    59.785199999999960596    64.374699999999990041   423498826.870408
 92.481999999999999318    72.333500000000000796    64.436300000000002797    64.785199999999960596    63.374699999999990041   463174073.344370
 84.281999999999996476    79.333500000000000796    74.436300000000002797    69.785199999999960596    65.374699999999990041   130073.312203
 94.281999999999996476    79.333500000000000796    74.436300000000002797    69.785199999999960596    65.374699999999990041   193571555.558079
 84.281999999999996476    84.333500000000000796    76.436300000000002797    72.785199999999960596    63.374699999999990041   84535397.811706
 84.281999999999996476    81.333500000000000796    75.436300000000002797    71.785199999999960596    64.374699999999990041   21059693.534314
 84.281999999999996476    77.333500000000000796    72.436300000000002797    67.785199999999960596    62.374699999999990041   36153969.226179
 84.281999999999996476    82.333500000000000796    75.436300000000002797    69.785199999999960596    67.374699999999990041   30389485.548811
 84.281999999999996476    82.333500000000000796    72.436300000000002797    66.785199999999960596    62.374699999999990041   57579297.281875
 84.281999999999996476    78.333500000000000796    75.436300000000002797    71.785199999999960596    66.374699999999990041   15077407.253026
 84.281999999999996476    78.333500000000000796    74.436300000000002797    64.785199999999960596    66.374699999999990041   50378881.682597
 84.281999999999996476    81.333500000000000796    79.436300000000002797    68.785199999999960596    61.374699999999990041   88935385.301796
 84.281999999999996476    74.333500000000000796    72.436300000000002797    68.785199999999960596    60.374699999999990041   99600809.230065
 84.281999999999996476    84.333500000000000796    69.436300000000002797    67.785199999999960596    62.374699999999990041   119610561.034407
 74.281999999999996476    79.333500000000000796    74.436300000000002797    69.785199999999960596    65.374699999999990041   193221265.827581
 89.681999999999987949    79.333500000000000796    74.436300000000002797    69.785199999999960596    65.374699999999990041   56428033.475703
 85.381999999999990791    83.333500000000000796    73.436300000000002797    68.785199999999960596    64.374699999999990041   39659638.284863
 84.68200000000000216     81.333500000000000796    74.436300000000002797    69.785199999999960596    65.374699999999990041   9149190.134411
 83.68200000000000216     77.333500000000000796    74.436300000000002797    71.785199999999960596    63.374699999999990041   22643789.759868
 83.881999999999990791    78.333500000000000796    74.436300000000002797    70.785199999999960596    64.374699999999990041   5549761.918619
 83.581999999999993634    77.333500000000029218    73.436300000000002797    68.785199999999960596    66.374699999999990041   13451859.294734
 83.281999999999996476    80.333500000000000796    73.436300000000002797    67.785199999999960596    64.374699999999990041   14180031.251115
 83.581999999999993634    79.333500000000000796    73.436300000000002797    68.785199999999960596    65.374699999999990041   4120873.668385
 83.981999999999999318    81.333500000000000796    75.436300000000002797    70.785199999999960596    64.374699999999990041   14989105.357481
 83.681999999999987949    78.333500000000000796    73.436300000000002797    69.785199999999960596    65.374699999999990041   3814180.637288
 82.481999999999985107    76.333500000000000796    73.436300000000002797    69.785199999999960596    65.374699999999990041   23853500.801529
 84.18200000000000216     80.333500000000000796    74.436300000000002797    69.785199999999960596    65.374699999999990041   2572738.454525
 85.381999999999990791    79.333500000000000796    73.436300000000002797    69.785199999999960596    65.374699999999990041   4008935.084018
 84.581999999999993634    80.333500000000029218    73.436300000000002797    68.785199999999960596    66.374699999999990041   8361027.399408
 84.081999999999993634    79.333500000000000796    74.436300000000002797    69.785199999999960596    65.374699999999990041   208357.706071
 83.881999999999990791    79.333500000000000796    74.436300000000002797    70.785199999999960596    63.374699999999990041   9279665.817213
 83.781999999999996476    79.333500000000000796    72.436300000000002797    70.785199999999960596    65.374699999999990041   9948845.014058
 85.781999999999996476    81.333500000000000796    73.436300000000002797    67.785199999999960596    65.374699999999990041   21586356.424761
 86.881999999999990791    77.333500000000000796    73.436300000000002797    68.785199999999960596    64.374699999999990041   24271806.996618
 79.281999999999996476    78.333500000000000796    74.436300000000002797    68.785199999999960596    65.374699999999990041   51356852.034425
 84.081999999999993634    80.333500000000029218    73.436300000000002797    68.785199999999960596    66.374699999999990041   8264689.361244
 83.881999999999990791    79.333500000000000796    74.436300000000002797    69.785199999999960596    65.374699999999990041   440764.146666
 84.381999999999990791    79.333500000000000796    74.436300000000002797    69.785199999999960596    64.374699999999990041   1438639.853503
 84.68200000000000216     79.333500000000000796    73.436300000000002797    69.785199999999960596    65.374699999999990041   1984859.540354
 83.081999999999993634    78.333500000000000796    74.436300000000002797    70.785199999999960596    65.374699999999990041   6729237.523762
 86.281999999999996476    78.333500000000000796    74.436300000000002797    69.785199999999960596    65.374699999999990041   9297942.719402
 82.481999999999999318    78.333500000000000796    74.436300000000002797    68.785199999999960596    65.374699999999990041   9333269.866534
 84.281999999999996476    79.203500000000005343    74.336300000000008481    69.675199999999961165    65.204699999999988336   57.736077
 84.281999999999996476    79.203500000000005343    74.336300000000008481    69.675199999999961165    64.204699999999988336   1945661.998925
 84.481999999999999318    78.203500000000005343    74.336300000000008481    69.675199999999961165    65.204699999999988336   2018987.305138
 84.381999999999990791    79.203500000000005343    74.336300000000008481    69.675199999999961165    65.204699999999988336   19019.472720
 85.281999999999996476    79.203500000000005343    74.336300000000008481    69.675199999999961165    65.204699999999988336   1927956.629435
 84.381999999999990791    79.203500000000005343    73.336300000000008481    69.675199999999961165    65.204699999999988336   1950395.837931
 84.081999999999993634    78.203500000000005343    74.336300000000008481    69.675199999999961165    66.204699999999988336   3949096.299998
 84.68200000000000216     79.203500000000005343    74.336300000000008481    68.675199999999961165    64.204699999999988336   4175245.698565
 83.68200000000000216     80.203500000000005343    74.336300000000008481    68.675199999999961165    65.204699999999988336   4535053.679946
 84.281999999999996476    78.813500000000018986    74.036300000000025534    69.34519999999996287     64.69469999999998322    1187364.928224
 84.283000000000001251    79.203500000000005343    74.336300000000008481    69.675199999999961165    65.204699999999988336   56.155817
 84.286000000000015575    79.203500000000005343    74.336300000000008481    69.675199999999961165    65.204699999999988336   74.585441
 84.162000000000006139    80.303499999999999659    74.016300000000015302    69.765199999999964575    64.94469999999998322    2702848.431870
 84.402000000000001023    78.73350000000000648     74.256300000000010186    69.695199999999957186    65.134699999999995157   482823.920199
 84.783000000000001251    79.193500000000000227    74.336300000000008481    69.675199999999961165    65.204699999999988336   483486.718742
 84.284999999999996589    79.383500000000012164    74.236300000000014165    69.725199999999958322    65.704699999999988336   565053.710885
 84.286000000000001364    79.443500000000000227    74.206300000000013029    69.175199999999961165    65.144699999999986062   624474.814970
 84.289000000000001478    79.703500000000005343    74.74630000000000507     69.825199999999966849    65.084699999999983788   877619.870280
 84.271000000000000796    78.933500000000009322    74.836300000000008481    69.395199999999960028    65.434699999999992315   874211.389184
 84.278000000000005798    79.193500000000000227    74.326300000000003365    69.68519999999996628     65.19469999999998322    1233.095602
 83.828000000000002956    79.073500000000024102    74.336300000000008481    69.735199999999963438    65.244699999999994589   444515.531969
 84.274000000000000909    79.133500000000012164    74.346300000000013597    69.645199999999960028    65.404699999999991178   87426.908966
 84.308000000000006935    79.403500000000008185    74.31630000000001246     69.475199999999958322    65.244699999999994589   154330.371737
 84.225999999999999091    79.033500000000003638    74.376300000000014734    69.475199999999958322    65.114699999999984925   157731.165119
 84.082999999999998408    79.243500000000011596    74.336300000000008481    69.695199999999957186    65.214699999999993452   81219.119336
 84.286000000000001364    79.23350000000000648     74.536300000000011323    69.68519999999996628     65.214699999999993452   79152.935446
 84.492000000000004434    79.23350000000000648     74.326300000000003365    69.68519999999996628     64.994699999999994589   174083.272860
 84.472999999999998977    78.73350000000000648     74.036300000000025534    69.175199999999961165    65.704699999999988336   1630667.154314
 84.210999999999998522    79.293500000000008754    74.40630000000000166     69.725199999999958322    65.004699999999985494   119304.964230
 84.257999999999995566    79.173500000000004206    74.356300000000004502    69.665199999999956049    65.304699999999982651   22519.467085
 84.287000000000006139    79.213500000000010459    74.236300000000014165    69.675199999999961165    65.204699999999988336   19569.502892
 84.183000000000006935    79.253500000000002501    74.336300000000008481    69.655199999999965144    65.214699999999993452   24267.101949
 84.269999999999996021    79.163499999999999091    74.336300000000008481    69.695199999999957186    65.304699999999982651   23382.129347
 84.257999999999995566    79.123500000000007049    74.326300000000003365    69.575199999999966849    65.184699999999992315   33350.271084
 84.359999999999999432    79.283500000000003638    74.356300000000004502    69.575199999999966849    65.264699999999990609   48031.525290
 84.284000000000006025    79.203500000000005343    74.336300000000008481    69.675199999999961165    65.204699999999988336   58.437973
 84.492000000000004434    79.403500000000008185    74.236300000000014165    69.785199999999960596    65.017600000000001614   274064.853447
 84.28520000000001744     79.231500000000011141    74.300300000000007117    69.655199999999965144    65.140699999999995384   12841.007023
 84.308080000000032328    79.244700000000008799    74.257900000000034879    69.681199999999975603    65.075100000000006162   50054.149161
 84.270520000000004757    79.19130000000001246     74.331700000000012096    69.669199999999960937    65.247299999999995634   3887.790981
 84.272490000000004784    79.195800000000005525    74.416100000000000136    69.66879999999997608     65.192099999999996385   13136.928441
 84.276120000000005916    79.200200000000009481    74.371099999999998431    69.670399999999972351    65.195300000000003138   2754.191868
 84.270660000000006562    79.165300000000002001    74.380400000000008731    69.69490000000000407     65.278000000000005798   18038.881846
 84.281560000000013133    79.215000000000003411    74.320300000000003138    69.665100000000009572    65.174999999999997158   2738.942891
 84.289750000000012164    79.215000000000003411    74.344400000000007367    69.679200000000008686    65.142499999999998295   8594.287177
 84.275330000000010955    79.197200000000009368    74.334900000000004638    69.671700000000001296    65.221100000000006958   642.190742
 84.283840000000012083    79.204900000000009186    74.29050000000000864     69.678600000000002979    65.204800000000005866   4200.873142
 84.278050000000007458    79.201400000000006685    74.350999999999999091    69.672400000000010323    65.197699999999997544   675.032056
 84.27699000000001206     79.184600000000003206    74.353600000000000136    69.686800000000005184    65.234200000000001296   3418.152167
 84.280420000000006553    79.207400000000006912    74.328600000000008663    69.670500000000004093    65.189800000000005298   720.401886
 84.281520000000014647    79.211700000000035971    74.348500000000001364    69.660800000000008936    65.212500000000005684   609.578930
 84.279540000000011446    79.199500000000000455    74.354200000000005844    69.671599999999997976    65.226500000000001478   1440.839628
 84.280200000000007776    79.205399999999997362    74.335000000000007958    69.670799999999999841    65.198999999999998067   148.718131
 84.282770000000027721    79.207099999999996953    74.325400000000030332    69.66910000000000025     65.219099999999968986   519.583161
 84.288470000000003779    79.215299999999999159    74.337700000000040745    69.668700000000001182    65.194899999999989859   532.244805
 84.285060000000001423    79.20220000000000482     74.31980000000000075     69.682799999999971874    65.196500000000000341   1054.983684
 84.282400000000009754    79.209299999999998931    74.341300000000003934    69.666300000000006776    65.208500000000000796   115.888662
 84.275680000000008363    79.196200000000004593    74.332000000000007844    69.673900000000003274    65.219499999999982265   634.211715
 84.285270000000011237    79.210500000000010346    74.336300000000008481    69.670000000000001705    65.201099999999996726   123.353702
 84.282380000000003406    79.205800000000010641    74.348700000000008004    69.673899999999960642    65.188100000000019918   1011.495542
 84.282670000000010191    79.206800000000001205    74.331200000000009709    69.670299999999997453    65.21139999999999759    89.571720
 84.285940000000010741    79.207999999999998408    74.337600000000009004    69.671999999999982833    65.2132000000000005     99.441218
 84.281130000000004543    79.201900000000009072    74.336799999999996658    69.673599999999979104    65.215900000000004866   198.252385
 84.28424000000001115     79.208399999999997476    74.33639999999999759     69.67089999999998895     65.204800000000005866   25.264053
 84.28796000000004085     79.223099999999973875    74.336699999999964916    69.658000000000072305    65.205100000000058458   953.577657
 84.281810000000007221    79.206299999999998818    74.336700000000007549    69.67100000000000648     65.206900000000004525   2.824125
 84.274519999999995434    79.200000000000002842    74.337600000000037426    69.671300000000059072    65.2132000000000005     279.469125
 84.283199527003020535    79.206100000000006389    74.336300000000008481    69.671300000000002228    65.207499999999996021   0.434756
 84.287370000000009895    79.205500000000029104    74.335100000000011278    69.672199999999989473    65.20929999999997051    53.118602
 84.282930609457849869    79.20589999999999975     74.336300000000008481    69.6711000000000098      65.207099999999996953   0.080639
 84.282120000000006144    79.205299999999979832    74.336300000000008481    69.670500000000032514    65.20589999999999975    6.276401
 84.282870000000002619    79.206100000000006389    74.33639999999999759     69.671199999999998909    65.207200000000000273   0.016692
 84.282690000000002328    79.206700000000026307    74.336699999999964916    69.671499999999966235    65.207500000000010232   1.530928
 84.282880000000005793    79.206100000000006389    74.33639999999999759     69.671199999999998909    65.207200000000000273   0.015302
 84.282910000000015316    79.206100000000006389    74.33639999999999759     69.671199999999998909    65.207200000000000273   0.013447
 84.283000000000043883    79.206100000000006389    74.33639999999999759     69.671199999999998909    65.207200000000000273   0.028736
 84.28125                 79.203800000000015302    74.33639999999999759     69.671400000000005548    65.20960000000000889    26.457352
 84.283490000000000464    79.207300000000003593    74.33639999999999759     69.67100000000000648     65.20600000000000307    6.457302
 84.282750000000021373    79.206700000000012096    74.286400000000000432    69.674400000000005662    65.208299999999994156   4861.667292
 84.232910000000018158    79.205200000000004934    74.336199999999990951    69.666799999999994952    65.205600000000004002   4869.470434
 84.281990000000021723    79.156100000000009231    74.337099999999992406    69.689199999999999591    65.213499999999996248   5533.704154
 84.284880000000015343    79.19860000000001321     74.334999999999993747    69.632899999999992247    65.257199999999997431   7788.555093
 84.289070000000009486    79.182600000000007867    74.331999999999993634    69.621200000000001751    65.165000000000006253   9440.455037
 84.283339500000010958    79.206900000000004525    74.337000000000003297    69.671900000000007935    65.207099999999996953   3.553625
 84.282900000000012142    79.20600000000000307     74.33639999999999759     69.671199999999998909    65.207200000000000273   0.009692
 84.282870000000002619    79.205699999999993111    74.33639999999999759     69.671199999999998909    65.207200000000000273   0.232398
 84.284120000000001482    79.205800000000010641    74.335999999999998522    69.671399999999991337    65.207599999999999341   3.727879
 84.28239000000000658     79.206200000000009709    74.336500000000000909    69.671099999999995589    65.207099999999996953   0.605090
 84.278440000000017562    79.21139999999999759     74.334699999999997999    69.651200000000002888    65.209699999999997999   882.205657
 84.277240000000006148    79.212800000000001432    74.356399999999993611    69.673000000000001819    65.210300000000003706   948.765562
 84.291240000000016153    79.225999999999999091    74.329999999999998295    69.676400000000001       65.216300000000003934   1198.193370
 84.302900000000008163    79.206699999999997885    74.344099999999997408    69.664900000000002933    65.196200000000004593   1196.330415
 84.273760000000009995    79.216999999999998749    74.332899999999995089    69.674099999999995703    65.187200000000004252   1208.463366
 84.282809200000016858    79.205600000000004002    74.336200000000005161    69.671400000000005548    65.207400000000006912   0.697774
 84.282910018060803736    79.20600000000000307     74.33639999999999759     69.6711000000000098      65.207200000000000273   0.008459
 84.28294007224317852     79.20600000000000307     74.33639999999999759     69.670800000000042473    65.207200000000000273   0.239038
 84.282909999394803435    79.20600000000000307     74.33639999999999759     69.6711000000000098      65.207200000000000273   0.008459
 84.282620000000008531    79.20589999999999975     74.336500000000000909    69.67100000000000648     65.206900000000004525   0.410439
 84.282770000000013511    79.20600000000000307     74.33639999999999759     69.6711000000000098      65.207000000000007844   0.109683
 84.28444001806080621     79.216000000000008185    74.335399999999992815    69.670500000000004093    65.204400000000006798   213.757953
 84.284630018060809675    79.205399999999997362    74.335300000000003706    69.681100000000014916    65.20409999999999684    218.691869
 84.285980018060797647    79.204900000000009186    74.346400000000002706    69.669900000000012597    65.201700000000002433   274.409340
 84.291050018060801108    79.207999999999998408    74.339900000000000091    69.673300000000011778    65.217200000000005389   362.413622
 84.27291001806079862     79.20960000000000889     74.342699999999993565    69.675100000000014688    65.211500000000000909   360.592750
 84.282870000000002619    79.20589999999999975     74.336200000000005161    69.67100000000000648     65.207200000000000273   0.172129
 84.282911019409908704    79.206039802549341289    74.336415118362992871    69.671147298430028627    65.207181578691688628   0.000002
 84.282914023457223607    79.206159210197355947    74.336460473451978714    69.671289193720085109    65.207126314766753694   0.076427
 84.282910983617199463    79.206039678477381472    74.336415155787264553    69.671147600512668419    65.207181483042845116   0.000002
 84.282906808193075676    79.205931792410709136    74.336412109660130909    69.671077959577104366    65.207185224693830605   0.031865
 84.282909202048273301    79.206057948102682076    74.33640302741503092     69.671169489894282378    65.207196306173457856   0.002276
 84.282663019409909566    79.205970802549344967    74.331415118362997418    69.671178298430035625    65.207108578691688194   48.390407
 84.2839958194099097      79.206340802549334512    74.336383118362988398    69.67614729843002408     65.207499578691681563   50.956290
 84.280209019409909388    79.211039802549336741    74.336494118362992367    69.67148329843003296     65.206390578691681981   63.788918
 84.280003719409904761    79.205233802549344091    74.336500118362991429    69.67150929843002416     65.212181578691684081   66.236237
 84.277911019409913251    79.202665802549347518    74.336771118362989341    69.672663298430023815    65.203614578691684756   99.590389
 84.283008744409912083    79.206029282549337722    74.336460238362988662    69.671074848430023962    65.20717270869168658    0.033077
 84.282910927626318198    79.206039667075543775    74.336414070682735655    69.67114742336050881     65.207181297524215324   0.000000
 84.282910652275546681    79.206039260654151235    74.336410927641964008    69.67114779815194936     65.207180454021795413   0.000021
 84.282910925451602679    79.206039670334959624    74.336414091365384138    69.671147419075182938    65.207181303105869574   0.000000
 84.282911205200505833    79.206086706615977278    74.336424585445371349    69.671203692509052985    65.207168787415213274   0.010900
 84.282910314845736366    79.206021676653989516    74.33640614636134103     69.671125923127277701    65.207192196853810628   0.001878
 84.282920827626313098    79.206033667075544713    74.334414070682740316    69.671096423360509675    65.207197297524217561   7.730414
 84.282827327626321789    79.204039667075548437    74.336408070682736593    69.671582423360504777    65.207049297524221743   8.134779
 84.284910927626313537    79.206126667075537284    74.336403070682735006    69.671865423360515024    65.206964297524208973   8.826642
 84.283152527626313599    79.20588666707554637     74.336433070682730317    69.669888423360504248    65.205181297524219985   10.964711
 84.282014927626320855    79.206605667075550059    74.336345070682739333    69.673147423360504149    65.205770297524210832   13.761959
 84.282898208626320979    79.20605472707553929     74.336434740682733491    69.671128993360511572    65.207218737524215157   0.004968
 84.282911008028605693    79.206039674121385019    74.33641411878387828     69.671147409615855395    65.207181134363651154   0.000000
 84.282911630807717529    79.206057720369472008    74.336422875631555485    69.671168937270408605    65.20717052183749729    0.001892
 84.282910643836231657    79.206030687582853034    74.336410328678894643    69.671136676663053322    65.207186778099725188   0.000468
 84.283092627626317039    79.205874667075548246    74.336323070682738035    69.671367423360507587    65.206181297524210549   2.161215
 84.283231027626314358    79.205749667075536991    74.33741407068274043     69.671535423360509753    65.207281297524218644   2.601442
 84.282232827626316407    79.20529166707554225     74.336000070682729302    69.672147423360513585    65.207439297524217636   4.360953
 84.281910927626313423    79.206946667075541768    74.336917070682730468    69.671437423360515595    65.206868297524209765   4.359404
 84.282086327626316802    79.205131667075548307    74.336828070682742009    69.670147423360504035    65.206923297524213012   5.296801
 84.282930936626314633    79.20605170707554521     74.336399950682732651    69.671138443360504766    65.2071934275242171     0.001881
 84.28291100393829538     79.206039676782353354    74.336414116248420214    69.67114740886742652     65.207181139199022368   0.000000
 84.282910970164692799    79.206039717868080174    74.336413450390111279    69.671147183226921129    65.207181098110922335   0.000001
 84.282916997626315947    79.206539667075546163    74.33641116068272936     69.6711099533605136      65.207185797524218174   0.485438
 84.28292308562632229     79.206036727075542103    74.336914070682738043    69.671072363360508461    65.207190307524214745   0.494032
 84.282929993626311216    79.20603505707553893     74.336404910682730929    69.671029713360510982    65.206681297524212937   0.511359
 84.283410927626320586    79.206046037075537924    74.336426720682737823    69.67131008336050968     65.20716177752422027    0.534869
 84.282740756626324696    79.206080817075545042    74.33649578068273911     69.671647423360511198    65.207055217524214186   0.586055
 84.282907256396313755    79.206034267375542868    74.336408247782742365    69.671143099160502743    65.207187618424214293   0.000267
 84.282911242517826622    79.206039669347944709    74.336414147433345079    69.671147421276941714    65.207181184996500178   0.000000
 84.282911072860343893    79.206039625196794418    74.336414767415405436    69.671147649651445022    65.20718132556477542    0.000001
 84.282911047186431119    79.206039648364622963    74.336414438159081897    69.671147533045314049    65.207181268701305044   0.000000
 84.282885704626323786    79.206014227075542067    74.336434010682737039    69.671130353360510412    65.206981297524208685   0.081128
 84.283032789626318504    79.206162567075537595    74.336317710682735083    69.670947423360502171    65.207157757524214503   0.154107
 84.283110927626324838    79.205930247075542638    74.33625593068273929     69.671282783360510393    65.207142667524209401   0.186901
 84.283023737626322713    79.205839667075537136    74.336570880682728557    69.671013203360502075    65.20721959752421526    0.186900
 84.283078521626322299    79.206208687075545072    74.336614070682742295    69.671260853360507781    65.207148927524215765   0.213423
 84.282905157196324808    79.20604009647554733     74.336412848182732205    69.671148448360511907    65.207183859924214175   0.000086
 84.282911086444357807    79.206039738081273072    74.336414129461090283    69.671147419574211312    65.207181221451662623   0.000000
 84.282910995838605572    79.20603969470025163     74.336413779646434818    69.671147299833052102    65.207181154974392712   0.000000
 84.282911008675569065    79.206039683116344463    74.336413944274596588    69.671147358136124694    65.207181183406120795   0.000000
 84.283010927626321518    79.206033777075546709    74.336407160682739459    69.671171853360505111    65.207178507524218958   0.020606
 84.282913688626322823    79.206044477075536747    74.336419710682733353    69.671127463360505772    65.207081297524212005   0.020186
 84.282904600626324054    79.206139667075547095    74.336401140682738742    69.671193173360506989    65.207176067524216023   0.023804
 84.282903191626317607    79.20602617707554316     74.336514070682738975    69.671203363360504568    65.20717490752421952    0.025890
 84.282944256626322499    79.206097777075541444    74.336482180682736498    69.671047423360505491    65.207208827524212325   0.038408
 84.282909707356324702    79.206038231675549355    74.336412531582737984    69.671147361760503713    65.207182166324216155   0.000014
 84.282930936626314633    79.206050555645816758    74.336404526481459243    69.6711000000000098      65.207218737524215157   0.008255
 84.282911034349467627    79.206039659948530129    74.336414273530920127    69.671147474742241457    65.207181240269576961   0.000000
 84.282960927626319858    79.206039234675543526    74.336414283082731913    69.671150000060507068    65.207180546824218936   0.004825
 84.282911142346321753    79.20604091687553705     74.336464070682737315    69.671139976360507262    65.207183467224211881   0.004940
 84.282910472966321436    79.206089667075545435    74.336415370682729531    69.671163191860514985    65.207176703324208233   0.005348
 84.282911811056322904    79.206044809275539365    74.33641154468273271     69.671116783960513885    65.207131297524213664   0.006687
 84.282907648576312454    79.20602058057554018     74.336423446682729832    69.67119742336051047     65.207148163624211179   0.007833
 84.282910453981912724    79.206039298344549593    74.336413487058734972    69.671147120772502603    65.207182160615218436   0.000004
 84.282930936626314633    79.20605019582318107     74.336399950682732651    69.671169489894282378    65.20717052183749729    0.002528
 84.28289092762631185     79.206036423975547223    74.336412069782738854    69.671150500960507657    65.207184268224210655   0.000845
 84.282915887466316462    79.206019667075537427    74.336401731382736102    69.671132873560509324    65.207199617224219423   0.002184
 84.282913456196311586    79.206029470875549237    74.336434070682742004    69.671157098860504675    65.20719063702421181    0.001338
 84.282915887466316462    79.206019667075537427    74.336401731382736102    69.671166402160508824    65.20716488242420894    0.002323
 84.282905700906312063    79.206027214675543746    74.33642707388273152     69.671127423360502462    65.207161992024211372   0.002160
 84.282914457113989215    79.206071973973976696    74.336407505362302572    69.671117419535093518    65.207186746835205327   0.003921
 84.28289092762631185     79.20604009647554733     74.336434070682742004    69.671127423360502462    65.207177390724297084   0.002348
 84.282901847506323634    79.206039755575545769    74.336404070682732481    69.671143196160514321    65.207186252424222062   0.000442
 84.282910868636321311    79.206049667075546949    74.336414170382738575    69.671147465560508749    65.20718124812421479    0.000193
 84.282907397736323674    79.206039614275539407    74.336420037582740861    69.671137423360505636    65.207178341024217616   0.000301
 84.282915496126321386    79.206039735375540545    74.33640634808273262     69.67114415886051404     65.20717129752421215    0.000363
 84.282920927626321372    79.206039816575540158    74.336412162482730537    69.671140277760514437    65.207189673324208457   0.000437
 84.282913550941302105    79.206029481192544495    74.336419989508740969    69.671168786605505829    65.207171072724207761   0.001359
 84.282901847506323634    79.206049667075546949    74.336420037582740861    69.671137423360505636    65.207189673324208457   0.000757
 84.282914343850222849    79.20604160451054554     74.336413789762730175    69.671147112812505497    65.207186297524216911   0.000081
 84.282910373649812641    79.206039352900546646    74.336409070682734068    69.671147473719514664    65.207181519973218542   0.000050
 84.282915927626319785    79.206035899700538039    74.336413659527735831    69.671146968841512148    65.207179289779219289   0.000082
 84.282913140968616972    79.206044667075545362    74.336413345704741573    69.671146621920513553    65.207177757325212042   0.000081
 84.282911541271417377    79.20604001509055081     74.336414020221738497    69.671152423360510397    65.207181051115213677   0.000049
 84.282900845900172726    79.206036807710390235    74.336420488240349869    69.671148889508501156    65.207181625483300991   0.000299
 84.282915927626319785    79.206044667075545362    74.336408247782742365    69.671143099160502743    65.207187618424214293   0.000279
 84.282910690453718416    79.206037667075548825    74.336414128265730028    69.671147774108504791    65.207181532731212315   0.000009
 84.282910959866711664    79.206039938948549661    74.336414062854728968    69.671147655522503328    65.207183297524210275   0.000009
 84.282911205366815466    79.206039950553545737    74.336414003249728921    69.671149423360503761    65.207181022086217581   0.000008
 84.282910919850124287    79.206039601501544212    74.336412070682740705    69.671147367364511638    65.207181305236218805   0.000008
 84.282912927626313149    79.206039392856538939    74.336414078577732312    69.671147189194513771    65.207181329773220568   0.000007
 84.282909169475303202    79.206042001315026369    74.336416005957346442    69.671147340452890262    65.207181005110584238   0.000024
 84.282912927626313149    79.206037667075548825    74.336412070682740705    69.671149423360503761    65.207181022086217581   0.000031
 84.282911183393011356    79.206039672137549701    74.336414272564738326    69.671148423360506285    65.207181151581210088   0.000002
 84.282911769062025087    79.206039683727539114    74.336414734844737495    69.671147219925515515    65.2071822975242128     0.000005
 84.282909927626320723    79.206039647285550132    74.336414553005738526    69.671147665131513804    65.207181868133218927   0.000004
 84.282910907901822384    79.206040667075541251    74.336414055113735344    69.671147428129515333    65.207181308779212259   0.000002
 84.282910932355818545    79.206039642002536993    74.33641307068273818     69.671147729663502446    65.207182020437215897   0.000004
 84.282911683122463842    79.206038681887747543    74.336413405405110666    69.671146175791818678    65.207180844374093454   0.000007
 84.282912927626313149    79.206040667075541251    74.336412070682740705    69.671146175791818678    65.207183297524210275   0.000029
 84.282911427626316936    79.206039211611738438    74.336413621013690545    69.671147460429054377    65.207181498182251289   0.000001
 84.282910748214277419    79.206039530017250172    74.336414232034812244    69.671147410059418803    65.207181797524214062   0.000001
 84.282910956723000595    79.206039689303381124    74.33641404451498147     69.671146923360510073    65.207181309201189379   0.000001
 84.282910427626319461    79.206039285110392711    74.336413809009343368    69.671147386291963244    65.207181096866179359   0.000001
 84.282911083004307784    79.206039242357462626    74.336414570682734393    69.671147382142905258    65.207181074406761923   0.000001
 84.282911076387890148    79.206039794527470121    74.336413937611837355    69.671147937073769185    65.207180788078417777   0.000001
 84.282909707356324702    79.206038873869104577    74.336414077135430034    69.671146175791818678    65.20718091145482731    0.000008
 84.282911127626320535    79.20603971890133721     74.336414060805907411    69.671147466116693181    65.207181328362537442   0.000000
 84.28291098904917078     79.206039467075541438    74.336414067649414505    69.671147370936807874    65.207181306995110504   0.000000
 84.282910916754303798    79.206039664258298671    74.336413870682733318    69.671147432639642716    65.207181295847846059   0.000000
 84.282910906747801505    79.206039606353229487    74.336414082255032554    69.671147623360511147    65.207181261392136662   0.000000
 84.282910962388328358    79.206039676083378254    74.336414068966050195    69.671147393691541083    65.207181097524212987   0.000000
 84.282910663191984213    79.206039869781477591    74.336414273737275948    69.671147253417856859    65.207181495023448292   0.000001
 84.282911027626312261    79.206039659243018036    74.336414100141439576    69.671147418551342412    65.207181275222751538   0.000000
 84.282910935598934543    79.206039567075549712    74.336414037145360112    69.671147428835524806    65.207181322913413624   0.000000
 84.282910903853974105    79.206039640487404085    74.336414170682729718    69.67114740703536313     65.207181335880321171   0.000000
 84.282910959027944386    79.206039702196633812    74.336414052649985251    69.671147444924883985    65.207181397524209387   0.000000
 84.282910932263888526    79.206039672262420481    74.336414051174500628    69.671147323360514747    65.207181312292760822   0.000000
 84.282910865011047008    79.206039712483729431    74.336414049169349028    69.671147459362245513    65.207181223896299116   0.000000
 84.28291097762631523     79.206039673042411664    74.336414070192219583    69.671147410672276123    65.207181300228626242   0.000000
 84.282910935513299933    79.206039712297283018    74.336414072615710324    69.671147473360505842    65.207181286867054837   0.000000
 84.282910927153579905    79.206039668484905292    74.336414120682732687    69.671147420363567448    65.207181298162993244   0.000000
 84.282910910855093789    79.206039717075540807    74.336414066572359616    69.671147385773366523    65.207181320186080598   0.000000
 84.282910930423184936    79.206039658737253717    74.336414071368210443    69.67114744109142066     65.207181347524212356   0.000000
 84.282910884186435396    79.206039572815868155    74.336414022665181278    69.671147408901916265    65.20718123217632467    0.000000
 84.282910953228167728    79.20603971491316031     74.336414040671485282    69.671147393054056352    65.207181182652021789   0.000000
 84.282910971827703861    79.206039700995631847    74.33641405553896675     69.671147399428377867    65.207181205794711332   0.000000
 84.28291094489902946     79.20603968707554543     74.336414058967520191    69.671147407071089219    65.207181313488035812   0.000000
 84.282910947626319853    79.206039683434269705    74.336414082668696324    69.671147440026388153    65.207181281191466837   0.000000
 84.282910919763764923    79.20603967511981125     74.33641409068273731     69.67114741680869372     65.207181303945077389   0.000000
 84.282910913612141712    79.20603968141358564     74.336414062284063675    69.671147443360510465    65.207181308968714006   0.000000
 84.282910941050161568    79.206039653341477447    74.336414078727614196    69.671147434546512045    65.207181317524216979   0.000000
 84.282910898806491673    79.206039622068573181    74.336414050765782235    69.671147398349859259    65.207181260027780922   0.000000
 84.28291092533788742     79.20603970560868845     74.33641402092742112     69.67114745396874298     65.207181266485832793   0.000000
 84.282910925791810541    79.206039696327735555    74.336414045866249012    69.671147445567441991    65.207181274405115801   0.000000
 84.282910933924299002    79.206039667610241395    74.336414071005904702    69.671147413360515088    65.207181300821460468   0.000000
 84.282910928063259348    79.206039677075537497    74.336414070659145636    69.671147424090293043    65.207181297283582921   0.000000
 84.282910927889744812    79.2060396670520106      74.336414080682729377    69.671147423800491083    65.207181297379136709   0.000000
 84.282910917626324476    79.206039667968610729    74.336414071222492339    69.671147418943562002    65.207181303031333641   0.000000
 84.28291093077572782     79.206039666794282539    74.336414070512745411    69.671147428620713526    65.207181307524209046   0.000000
 84.282910927478553731    79.206039655952579892    74.336414060013396465    69.671147431347478118    65.20718127910556916    0.000000
 84.282910952534678017    79.206039671802471958    74.336414095462771456    69.671147399176263093    65.207181290733174706   0.000000
 84.282910942804051047    79.206039674205243273    74.336414087168094511    69.671147410222317831    65.207181295292059531   0.000000
 84.282910932626322165    79.206039667534369642    74.336414070658747733    69.671147423607749261    65.207181297670885556   0.000000
 84.282910928218598201    79.206039664288994118    74.336414071167936868    69.671147418360504844    65.207181294558210993   0.000000
 84.282910927602372908    79.206039667450681918    74.336414075682739622    69.671147423562658219    65.207181297644126516   0.000000
 84.282910927945479784    79.206039662075539809    74.33641407094418696     69.671147427158331311    65.207181295925934705   0.000000
 84.282910927797061618    79.206039664400606171    74.336414070822613098    69.671147421919073395    65.207181302524219291   0.000000
 84.282910921568074514    79.206039676703070995    74.336414064820189651    69.671147425554735833    65.207181296821914884   0.000000
 84.282910923276261883    79.206039671918517797    74.336414075188486095    69.671147412801445853    65.207181290891682579   0.000000
 84.282910925151128367    79.206039670637466088    74.336414074019558029    69.671147416756269877    65.207181295049821301   0.000000
 84.282910929626311258    79.206039665462952826    74.336414070884643479    69.671147423360807238    65.207181299413178976   0.000000
 84.282910926360855797    79.206039667875600685    74.336414070896509543    69.671147423360821449    65.207181299524208384   0.000000
 84.282910927754059571    79.206039667247893021    74.336414072682728715    69.671147423360480389    65.207181297322321711   0.000000
 84.282910927626502939    79.206039667075799571    74.336414070682707234    69.67114742536050187     65.207181297523916896   0.000000
 84.282910929108680875    79.206039669075536835    74.336414070432326184    69.671147423360139328    65.207181297688862287   0.000000
 84.282910925281498749    79.206039665715479714    74.336414068517498777    69.671147421360302587    65.20718129367280369    0.000000
 84.282910929810569201    79.206039666969473956    74.336414072831914268    69.671147424500844636    65.207181290805124263   0.000000
 84.282910929307192305    79.206039666327257009    74.336414072329588976    69.671147423855401826    65.207181293734890914   0.000000
 84.282910928626321834    79.206039667145461181    74.33641407051339911     69.671147423446029734    65.207181297780479667   0.000000
 84.282910927699305148    79.206039668075547411    74.336414070920767472    69.67114742324029919     65.207181297163970157   0.000000
 84.282910927423699832    79.206039667348349553    74.3364140712807         69.67114742369419389     65.20718129852421896    0.000000
 84.282910927720180894    79.206039666949166644    74.336414070988809044    69.671147424360512446    65.207181297060998304   0.000000
 84.282910927932960021    79.206039666662675813    74.336414071682739291    69.671147422855497666    65.207181297269528386   0.000000
 84.282910926355441461    79.20603966627206205     74.336414068709999015    69.671147422566519936    65.207181297346096471   0.000000
 84.28291092648893823     79.2060396648195848      74.336414071899397982    69.671147424161119943    65.207181298834285599   0.000000
 84.282910927143873892    79.206039665883565704    74.336414071532630032    69.671147423960874789    65.207181298547936876   0.000000
 84.282910928089151525    79.206039667575538488    74.336414070345114169    69.671147423311708735    65.207181297670814502   0.000000
 84.282910928090004177    79.20603966705466803     74.336414071182730368    69.671147423432785217    65.207181297307116097   0.000000
 84.282910927313210436    79.206039667575538488    74.336414071064695008    69.671147423311708735    65.207181297670814502   0.000000
 84.282910927594556938    79.206039667126262316    74.336414070648487495    69.671147423860503523    65.207181297539079878   0.000000
 84.282910927729957962    79.206039666910044161    74.336414070794489817    69.671147423376666552    65.207181298024210037   0.000000
 84.282910926941028151    79.20603966621121117     74.336414070060897075    69.671147422869680099    65.207181296933256931   0.000000
 84.282910927705387394    79.206039667974962981    74.336414070071825222    69.671147424385125646    65.207181297952047316   0.000000
 84.282910927762287656    79.206039667646891189    74.336414070474546634    69.671147424002725757    65.207181297781417584   0.000000
 84.282910927826321767    79.206039667105997637    74.336414070683247246    69.671147423386557307    65.207181297528208574   0.000000
 84.282910927657141542    79.206039667048273145    74.336414070678799249    69.671147423160505241    65.207181297493562511   0.000000
 84.282910927626815578    79.206039667071735266    74.336414070882739225    69.671147423357254524    65.207181297523717944   0.000000
 84.282910927652679334    79.206039666875540206    74.336414070679367683    69.671147423395936471    65.207181297497996297   0.000000
 84.282910927630311448    79.206039667045274655    74.336414070682224065    69.671147423334616633    65.207181297724218894   0.000000
 84.28291092736463952     79.206039667306441743    74.336414070490036465    69.671147423528182685    65.207181297377587725   0.000000
 84.282910927755338548    79.206039667652987646    74.336414070775020946    69.671147423534208087    65.2071812970606004     0.000000
 84.282910927748986296    79.206039667467251775    74.336414070779881058    69.671147423494829809    65.207181297301502809   0.000000
 84.282910927726319983    79.206039667098863788    74.336414070614566185    69.671147423339519378    65.207181297600527614   0.000000
 84.282910927643612808    79.20603966717554556     74.336414070708102031    69.67114742336832478     65.207181297495807826   0.000000
 84.282910927565410475    79.206039667106097113    74.336414070724273984    69.671147423332996595    65.207181297624217109   0.000000
 84.282910927610998897    79.206039667083231848    74.336414070660254083    69.671147423460510595    65.207181297549382748   0.000000
 84.282910927694501879    79.206039667041338248    74.33641407078273744     69.671147423391303732    65.207181297543115761   0.000000
 84.282910927517065147    79.206039666948186095    74.336414070606480209    69.67114742327039778     65.207181297332240888   0.000000
 84.282910927725382066    79.206039667025606832    74.336414070760525874    69.671147423329699677    65.207181297302867051   0.000000
 84.282910927701607307    79.206039667030523788    74.336414070740943316    69.671147423330921811    65.207181297408197906   0.000000
 84.282910927628734044    79.20603966704570098     74.336414070636877227    69.671147423310515023    65.207181297511780826   0.000000
 84.282910927602628703    79.206039667125537562    74.336414070667800047    69.671147423344223171    65.207181297520165231   0.000000
 84.282910927576779159    79.206039667055236464    74.336414070732729442    69.671147423326473813    65.207181297515745655   0.000000
 84.282910927576324411    79.206039667055037512    74.33641407065123019     69.671147423401350807    65.207181297515674601   0.000000
 84.282910927617805896    79.206039667072047905    74.336414070677378163    69.671147423354668149    65.207181297574209111   0.000000
 84.282910927755636976    79.206039667099702228    74.336414070730398862    69.671147423425821898    65.207181297507716522   0.000000
 84.282910927574562265    79.20603966717438027     74.33641407057324102     69.671147423353446015    65.207181297574550172   0.000000
 84.282910927604547169    79.206039667141112659    74.336414070625608019    69.671147423362910445    65.207181297566691569   0.000000
 84.282910927620804387    79.206039667081569178    74.33641407066652107     69.671147423380503483    65.207181297543073129   0.000000
 84.282910927630084075    79.206039667095538448    74.336414070684327271    69.671147423358547712    65.207181297522367913   0.000000
 84.282910927613897911    79.206039667077490662    74.336414070702730328    69.671147423366974749    65.20718129753029757    0.000000
 84.282910927644067556    79.206039667072758448    74.336414070690224776    69.671147423380503483    65.20718129751550407    0.000000
 84.282910927642234356    79.206039667073056876    74.336414070689443179    69.671147423352223882    65.207181297544209997   0.000000
 84.282910927606820906    79.20603966705284904     74.336414070663167308    69.671147423324299552    65.207181297489839267   0.000000
 84.282910927586513594    79.20603966707079735     74.33641407067118223     69.671147423342560501    65.207181297460806491   0.000000
 84.282910927594343775    79.206039667071109989    74.336414070672731214    69.671147423345587413    65.207181297489157146   0.000000
 84.28291092763632264     79.206039667074833233    74.336414070681783528    69.671147423363152029    65.207181297522879504   0.000000
 84.282910927625579234    79.206039667085548217    74.33641407068131457     69.671147423364459428    65.207181297522225805   0.000000
 84.282910927625223962    79.206039667073994792    74.336414070692740097    69.671147423366363682    65.207181297521273677   0.000000
 84.282910927630055653    79.206039667080830213    74.336414070689883715    69.671147423355435535    65.207181297534219766   0.000000
 84.282910927624442365    79.206039667072886346    74.336414070679140309    69.671147423370513252    65.207181297533963971   0.000000
 84.282910927616285335    79.206039667065169851    74.336414070671551713    69.671147423343128935    65.207181297510729223   0.000000
 84.282910927611851548    79.206039667088120382    74.336414070681200883    69.671147423386585729    65.207181297509961837   0.000000
 84.282910927619440145    79.206039667084354505    74.336414070683261457    69.671147423377988162    65.207181297518530982   0.000000
 84.282910927630382503    79.206039667076652222    74.336414070682863553    69.671147423360892503    65.207181297519213103   0.000000
 84.282910927627227693    79.206039667080545996    74.336414070682693023    69.671147423360366702    65.207181297526048525   0.000000
 84.282910927626417674    79.206039667075501143    74.336414070687737876    69.671147423360494599    65.207181297524414276   0.000000
 84.282910927626616626    79.206039667075415878    74.336414070682721444    69.671147423365511031    65.20718129752481218    0.000000
 84.282910927621315977    79.206039667077760669    74.336414070682991451    69.671147423361276196    65.207181297520705243   0.000000
 84.282910927625948716    79.206039667067386745    74.336414070677406585    69.67114742335451183     65.207181297530098618   0.000000
 84.282910927632968878    79.2060396670834308      74.336414070692242717    69.671147423353460226    65.207181297515973029   0.000000
 84.28291092763083725     79.206039667080801792    74.33641407068896001     69.671147423357723483    65.207181297520463659   0.000000
 84.282910927628321929    79.206039667075600619    74.336414070682465649    69.671147423360707762    65.207181297523561625   0.000000
 84.282910927626375042    79.206039667077547506    74.336414070682849342    69.671147423360423545    65.20718129752447112    0.000000
 84.282910927625977138    79.206039667075685884    74.336414070684739386    69.67114742336100619     65.207181297522538443   0.000000
 84.282910927626531361    79.20603966707545851     74.336414070683161981    69.671147423362512541    65.207181297525281138   0.000000
 84.282910927625323438    79.20603966707595589     74.336414070680731925    69.671147423361986739    65.207181297522495811   0.000000
 84.282910927625380282    79.206039667073014243    74.336414070682465649    69.671147423356416084    65.207181297526943808   0.000000
 84.282910927633480469    79.206039667075714306    74.336414070684497801    69.671147423361816209    65.207181297526787489   0.000000
 84.282910927630439346    79.206039667076225896    74.336414070684128319    69.6711474233616741      65.207181297525266928   0.000000
 84.282910927627312958    79.206039667075586408    74.336414070682778288    69.671147423360494599    65.2071812975243148     0.000000
 84.282910927626360831    79.206039667076538535    74.336414070682451438    69.671147423360608286    65.207181297523561625   0.000000
 84.282910927626375042    79.206039667075231137    74.336414070683730415    69.671147423360636708    65.207181297523348462   0.000000
 84.282910927626303987    79.20603966707562904     74.336414070682835131    69.67114742336150357     65.207181297524456909   0.000000
 84.282910927626474518    79.206039667074705335    74.336414070681740895    69.671147423360864082    65.207181297523433727   0.000000
 84.282910927625081854    79.206039667075572197    74.336414070682877764    69.671147423358945616    65.207181297526176422   0.000000
 84.282910927628080344    79.206039667075984312    74.33641407068564888     69.671147423360082485    65.207181297525536934   0.000000
 84.282910927627398223    79.206039667075970101    74.336414070684412536    69.671147423360565654    65.207181297524783758   0.000000
 84.282910927626403463    79.206039667075685884    74.33641407068247986     69.67114742336100619     65.207181297524059005   0.000000
 84.282910927626446096    79.206039667076041155    74.33641407068280671     69.671147423360380913    65.207181297524257957   0.000000
 84.282910927626048192    79.20603966707561483     74.336414070683233035    69.671147423360764606    65.207181297524130059   0.000000
 84.282910927626815578    79.206039667075401667    74.33641407068297724     69.671147423360636708    65.207181297524371644   0.000000
 84.28291092762617609     79.206039667075586408    74.336414070682664601    69.671147423360636708    65.207181297524712704   0.000000
 84.28291092762601977     79.206039667074932709    74.336414070682252486    69.671147423359627737    65.207181297523760577   0.000000
 84.282910927626616626    79.206039667076723276    74.336414070684099897    69.671147423360636708    65.207181297524542174   0.000000
 84.282910927626573994    79.206039667076225896    74.336414070683503041    69.671147423360693551    65.207181297524272168   0.000000
 84.28291092762651715     79.206039667075557986    74.336414070682721444    69.67114742336050881     65.207181297524229535   0.000000
 84.282910927626332409    79.206039667075742727    74.336414070682863553    69.671147423360537232    65.207181297524073216   0.000000
 84.282910927626303987    79.206039667075657462    74.336414070682792499    69.671147423360466178    65.207181297524414276   0.000000
 84.282910927626318198    79.206039667075572197    74.336414070682693023    69.671147423360707762    65.207181297524257957   0.000000
 84.282910927626332409    79.206039667075415878    74.336414070682934607    69.671147423360565654    65.207181297524243746   0.000000
 84.282910927626105035    79.206039667075316402    74.336414070682408806    69.671147423360267226    65.207181297524073216   0.000000
 84.282910927626630837    79.206039667075756938    74.336414070683034083    69.671147423360693551    65.207181297523689523   0.000000
 84.28291092762651715     79.206039667075714306    74.336414070682934607    69.67114742336067934     65.207181297523945318   0.000000
