  5                        5                        5                        5                        5                        5                      2323916.148946
  5                        5                        5                        5                        5                        5.25                   2386561.978408
  5                        5                        5                        5                        5.25                     5                      2392366.004765
  5                        5                        5                        5.25                     5                        5                      2399440.638051
  5                        5                        5.25                     5                        5                        5                      2408358.817021
  5                        5.25                     5                        5                        5                        5                      2420219.347721
  5.25                     5                        5                        5                        5                        5                      2438420.934138
  4.75                     5.0833333333333303727    5.0833333333333303727    5.0833333333333303727    5.0833333333333303727    5.0833333333333303727  2336395.935360
  4.9166666666666696273    4.7777777777777803436    5.1111111111111098282    5.1111111111111098282    5.1111111111111098282    5.1111111111111098282  2327035.651156
  4.8888888888888901718    4.9537037037036997233    4.8148148148148104397    5.1481481481481496942    5.1481481481481496942    5.1481481481481496942  2312905.275228
  4.8333333333333303727    4.9305555555555500291    4.5972222222222196564    5.2222222222222196564    5.2222222222222196564    5.2222222222222196564  2272147.499147
  4.8333333333333303727    4.9305555555555500291    4.9305555555555500291    4.8888888888888901718    5.2222222222222196564    5.2222222222222196564  2283439.761948
  4.7777777777777803436    4.9074074074074003349    4.9074074074074003349    5.1018518518518503058    4.962962962962960134     5.2962962962962896185  2250988.959158
  4.6666666666666598573    4.8611111111111000582    4.8611111111111000582    5.1527777777777696855    4.8194444444444402009    5.4444444444444402009  2187985.722863
  4.6666666666666598573    4.8611111111111000582    4.8611111111111000582    5.1527777777777696855    5.1527777777777696855    5.1111111111111098282  2192257.870077
  4.8888888888888804019    4.7037037037036997233    4.7037037037036997233    5.0925925925925898952    5.0925925925925898952    5.287037037037039866   2192360.438514
  4.712962962962950364     4.9845679012345502912    4.5401234567901100903    5.0586419753086397932    5.0586419753086397932    5.3179012345679002038  2156100.895891
  4.6111111111110902883    5.0879629629629397058    4.2546296296296102213    5.0324074074074003349    5.0324074074074003349    5.4212962962962896185  2069216.550407
  4.4999999999999795719    4.7916666666666500873    4.4027777777777599155    5.1805555555555500291    5.1805555555555500291    5.5694444444444402009  2078187.674538
  4.5555555555555402591    4.8148148148147997816    4.2962962962962798485    5.3888888888888804019    4.9444444444444402009    5.462962962962960134   2052646.045848
  4.4166666666666403174    4.7569444444444197728    3.9791666666666398733    5.6388888888888697437    4.8055555555555500291    5.5833333333333303727  1942112.863754
  4.4166666666666403174    4.7569444444444197728    4.4236111111110796301    5.194444444444430431     4.8055555555555500291    5.5833333333333303727  1954000.282482
  4.2037037037036801834    5.001543209876509799     4.2237654320987303436    5.3580246913580102941    4.839506172839500131     5.6172839506172698165  1955441.836444
  4.2716049382715697291    4.8909465020575799699    3.8539094650205401038    5.3662551440329098185    4.6748971193415602698    5.9619341563785903659  1877383.286325
  4.0740740740740202241    4.9058641975308203698    3.3503086419752601266    5.472993827160480329     4.4359567901234600029    6.3873456790123297466  1729039.955341
  4.0740740740740202241    4.9058641975308203698    3.3503086419752601266    5.472993827160480329     4.8804012345679002038    5.9429012345678904339  1736924.898103
  4.0987654320987196854    5.0133744855966604348    3.4578189300411001916    5.5426954732510100854    4.4192386831275696224    5.9423868312757104349  1725913.596282
  3.8981481481480901863    5.1242283950616602795    2.9853395061727701076    5.7237654320987303436    4.0385802469135798631    6.1288580246913397787  1565690.296183
  3.749999999999940048     4.7291666666666101193    3.1828703703703000727    5.9212962962962700786    4.2361111111111098282    6.3263888888888697437  1575748.133282
  4.0061728395060995922    4.7247942386830796835    2.8667695473250400795    5.7834362139917399048    4.2278806584362200738    6.3667695473250898175  1556778.307352
  3.9074074074073101848    4.5864197530863597407    2.1882716049381900625    5.9961419753086095952    3.9220679012345698311    6.7415123456790002621  1381150.126554
  3.6234567901233698528    4.912551440329139929     1.9218106995883899035    6.2142489711933803775    3.9673353909465101097    6.7867798353909201126  1379668.647402
  3.2268518518517299576    4.9903549382715102212    0.67091049382705003623   6.7241512345678602358    3.5482253086419799359    7.3885030864197203115  1145490.500898
  3.2268518518517299576    4.9903549382715102212    1.2635030864196399314    6.1315586419752703407    3.5482253086419799359    7.3885030864197203115  1156765.597493
  3.287037037036919962     4.8695987654320003202    1.1967592592591400624    6.516975308641930198     3.0293209876543301107    7.5108024691357702096  1136650.667230
  2.8935185185183698309    4.8514660493825898513    0.11998456790108000258   7.0389660493826502474    2.1037808641975401791    8.2947530864197105416  902216.354742
  2.8935185185183698309    4.8514660493825898513    0.11998456790108000258   7.0389660493826502474    2.6963734567901300743    7.7021604938271197582  908031.905141
  2.9320987654319301541    5.0689300411521296397   -0.73353909465036004622   6.9632201646089901814    2.382973251028820183     8.2217078189299996893  829875.037357
  2.5231481481479201001    5.238811728394890288    -2.6917438271607001532    7.4841820987653502328    1.4564043209876700313    9.1693672839505708794  576181.155953
  2.3256172839503901351    4.7120627572014903706   -2.4283693415639899804    7.7475565843620701756    1.7197788065843799821    9.432741769547270394   585577.250623
  1.789094650205530046     5.291752400548499935    -3.1701817558301401689    8.0589849108366706787    1.1021947873799899931    9.7171639231823707661  496906.176145
  0.72993827160463997661   5.644418724279569588    -5.8494084362142997335    9.0904063786007007764   -0.30774176954729998146  11.204989711934050689   267694.136314
  1.6373456790120799464    5.1058384773660403511   -4.6163837448562299315    8.9098508230451507472    0.1907150205761500017   10.342335390946429285   369045.665730
  1.1075102880655300908    5.1443329903975500983   -5.7862225651580700969    9.0458247599450007925   -0.92845507544578997905  11.326946159122000424   235633.231896
  0.04783950617241999881   5.2213220164605598228   -9.0147890946506308296   10.206661522633570627    -3.1667952674896699961   13.296167695473139148   77890.999612
  0.49228395061690000123   5.4065072016457902393   -8.2802211934160006024    9.7869084362138494271   -2.0309927983538700325   12.877957818929939293   135493.611769
 -0.30812757201691998166   5.5915209190668599959  -11.080289780521699328    10.702889231824240568    -2.8166580932784199831   13.813100137174089355   56251.898038
 -1.9089506172845600585    5.9615483539089897391  -16.680426954733089673    12.534850823045040613    -5.2768775720164002863   16.572273662551278761   5946.507097
 -1.1517489711939199459    6.1474194101504595622  -13.282621742112990404    11.590063443072489591    -4.7648748285321902429   15.05495541838119955    20231.627723
 -2.5742455418387297783    5.9235396662089199182  -16.549539894833710463    13.222065043438249177    -6.5752600594421002356   17.280192615454769367   5545.022084
 -5.1229423868320598245    6.2659036351159302924  -23.478437928670221169    16.091006515774701313   -10.591092249656979263    21.335605281206881045   30522.369631
 -3.0923068129865001197    6.3290799801853898643  -18.602618693797349891    13.233801059289479696    -7.5648957857033298779   18.419843583295030243   5975.838352
 -3.4589811004427701846    6.0187201519071296119  -21.620664088300291183    14.434377063963529153    -9.4854903342985501524   19.962140552761070467   12285.212818
 -4.5384151298082500148    6.4607026579613595629  -23.636665629393348809    15.287031215600270784   -10.247071817473539568    20.65056669037555892    23492.836723
 -5.6227222306906599059    7.0590147236468601122  -27.776056573072960276    16.560734693502780601   -11.471361531665699829    22.683823145466501359   56431.347386
 -4.2050817964748903321    6.5995915468502799328  -23.085739703467378803    14.972216400785480772    -9.3952199656216901502   20.33690928296816125    17777.082465
 -0.92535648359887001657   5.8659303784423597605  -12.970538063021589181    11.375426728931159914    -4.1071343643978801552   15.224871681428279402   28957.187973
 -3.635150468255909928     6.3120095880816098344  -20.97013373780040979     14.309130093932990846    -8.7120874542046298217   19.294142938138740817   10919.290546
 -5.139823141233869741     6.2340770188969800714  -25.887085948864420715    15.978750051745770122   -10.905068895230050074    22.233545460008489414   43579.479457
 -2.1487675137039099482    6.1690838123370896895  -16.433737793800851534    12.687235095240810168    -6.2999233452066496497   16.849602928788019796   5192.943376
 -1.4010522216959000463    5.6384023040261004311  -13.866634017621189301    11.834936658851219704    -5.242958218002200077    15.789156144028140716   12638.010094
 -2.1020596153906501158    5.8786996147321399775  -16.171410439082741561    12.61925659433478053     -6.2810236549070701528   16.926094428763139632   5318.586648
 -1.6948457560439800229    6.1726001865775801392  -13.515291749715759195    11.767735839130260445    -4.084532289528180371    15.151909499569260475   20841.184942
 -3.0179472643430700352    6.0571901605747395791  -19.594321003654158631    13.767716757755209755    -8.1352508231059594834   18.759582789463120633   7091.116744
 -1.3129419869265599452    5.7943709412341499743  -13.707217855500230641    11.712511697101540165    -4.6656562925892002269   15.641720397966379252   17785.048536
 -3.0545983479235698788    6.1825999263697397623  -19.154404767225369       13.659975494725129508    -7.7004796638007704246   18.381037303095649094   6428.103310
 -1.9423622186995699312    6.0909936240060202906  -14.936391844170220367    12.218011278935959396    -5.0975692039194804295   16.050098717852851138   10234.944084
 -2.7490510029321901797    6.0656410264325604231  -18.429838713783169624    13.380290388050399386    -7.3758304183093397199   18.082211771560551483   5302.152605
 -1.8038620201219399686    5.9265975582319603276  -15.134786062784939986    12.232524173074459384    -5.4241239480608598456   16.329035693708611632   8993.047039
 -2.7419142659731599032    6.1185993343352897966  -18.149500091115260858    13.303112664312459756    -7.1313907348657901153   17.868036900748890616   5096.649287
 -1.6493560393879000969    5.7099572891329399837  -15.535532601985590162    12.681802476851100181    -5.4152061425457898025   16.106293852660520827   8073.189362
 -2.731569119586850114     6.1742993074222800587  -17.835847170844409959    13.095801413679890146    -7.0274733749139404182   17.841456150636410882   4978.023635
 -3.1069184025239398039    6.1484058999137696233  -17.842864413086950037    13.567736243307150446    -8.2867562905318905564   18.376924602765978278   5630.691921
 -2.8074264562140900381    6.1016915134125699893  -17.552255048498491163    13.309514888241629649    -7.5342866109030204314   17.925761867712299846   4985.505135
 -2.5193504494282201733    6.2457985366817201367  -18.307989857541258516    12.909671971181740702    -7.3080493202598404423   17.884195400614999016   4659.342010
 -2.4919029032229698117    6.4069279719181198018  -19.187214838895041424    12.753475435053490017    -7.6744439506687003316   18.186196793195108512   5117.829178
 -3.1306333205554901511    6.4130048954750300538  -19.398312452778409209    13.60928554590086037     -7.94462761324578981     18.557660577923918765   6589.495647
 -2.3592030416818601246    6.0122759349178602761  -16.978135942506661138    12.866763832226299158    -6.6969246444917498451   17.333985966053329975   4666.472498
 -2.3536926125971699975    6.2082751199363803707  -16.655983254319139064    12.677076233577210473    -6.6235189252376596158   17.152134633290771148   4728.700020
 -3.022284468123209944     6.1178961032316099278  -18.726165994474218479    13.366745239165599202    -7.8072911916840199709   18.485587377564211664   6210.413974
 -2.3671467523087299512    6.1562868850607204152  -17.006844843969201264    12.857112631222010535    -6.6767653068259900095   17.258599040982069539   4627.149683
 -2.3042152112991498569    6.1809430981418902462  -16.629518614777790475    12.602200992397129653    -6.8242819926782702922   17.264007452347740923   4544.575020
 -2.0853656839621401708    6.2121149800451895828  -15.869527876609060613    12.25174515643946016     -6.6707276215845201506   16.961992728147158971   5028.885443
 -2.070965939419899815     6.2242681139743796237  -16.91918484615433016     12.360027469853129389    -6.1847179105661300724   16.985697680262799025   4510.617459
 -1.7027356810228100326    6.285556414255290214   -16.602649744982251434    11.88528376065887926     -5.5099335603976795639   16.515665586538048615   5022.281287
 -1.9266222159914900836    6.1683165888153697054  -16.330038615578381211    12.328482963139279605    -6.4106126584392804091   16.784750573880831581   4654.617838
 -2.1621419241126100808    6.1210212659275997638  -17.401254319190069708    12.631010386429320391    -6.7435983525161002916   17.35161073808982124    4169.173636
 -2.0663665798703299004    6.0773943389232103485  -17.773889851625540359    12.607977462855370021    -6.8036380661553197413   17.451348790489340956   4039.713645
 -2.0590193410907500216    6.3387265856145695864  -17.344352934042170489    12.355060664656580371    -6.7057637738165301045   17.208880346805930373   3912.765577
 -1.908927490795190085     6.5019519109629202447  -17.527461429809928717    12.09920908087172009     -6.7101833384789202341   17.146327537182230571   3584.955877
 -1.6953976138000399487    6.1905884419444401345  -15.754322876430469691    12.041998228931140247    -5.89535043745480003     16.412714957766670665   6070.713704
 -2.3133622405211800022    6.2319960129974001362  -17.669573112263559977    12.692753535619090144    -6.9548745995585798951   17.516325289902919593   4207.377183
 -2.4170391887466697867    6.2892968645381399639  -18.178785617288408361    12.744610761133539967    -6.9742077463151197492   17.75601802317487099    4451.468821
 -1.9931454645754100863    6.3456632281185898492  -17.892626313337320454    12.178480469687990251    -6.8072025777581197659   17.447975883471229963   3759.128942
 -1.9523870900104101089    6.3759137250296600286  -18.690988442048581675    12.292151934276480674    -6.6539927535991196805   17.503890282480060847   3911.643601
 -2.1461100787531601775    6.3831372462155897551  -18.991923409303449688    12.511700278294940247    -7.4499817833889299123   17.95493092197074958    4371.036402
 -1.70972712609522004      6.3493886228776501568  -18.003368568841050745    12.049480159401660728    -6.8190832933312099939   17.250914878657301443   3402.267918
 -1.3560710947695000517    6.3794345020473999242  -17.915660044617368385    11.701914858535719333    -6.7415210668392502313   16.998363306398520223   2986.904031
 -1.7173099080941800487    6.2543139931441400492  -16.831476321930651352    12.012462168987179112    -6.1071556840741703098   16.733146108004021357   4144.493932
 -1.3513736355171599435    6.4128945530779102313  -17.874461022192900117    11.604645122785729683    -6.3196898960763903119   16.910692012772209125   3116.457120
 -1.8254472104184900072    6.4434367595757597869  -19.060219379279889296    12.148997474017159348    -7.2382535488948702707   17.75305316292716995    3914.748471
 -1.3960840821583899718    6.7423705540142000459  -18.546582358803121338    11.40048885053622918     -6.6866429943935701274   17.135418604587801639   2967.567175
 -1.0609428333024200075    7.0748586615597002236  -18.932928612391908274    10.796744544376659647    -6.6281454585126899914   16.977453511637030203   2598.172789
 -1.3821686592382100844    6.5868021006896295688  -17.217822575519448947    11.408717862827609579    -6.0486581481932901738   16.57518101505326058    3351.303631
 -1.0651559693888899005    6.7246212604557200621  -17.095998223907709956    10.97108537875200085     -6.4311407416871002596   16.514774139691439814   2783.127796
 -0.7150677630950500463    6.8811911014791702357  -17.62881765614244145     10.682291813028490068    -6.1525769721710901194   16.259621290773669244   2365.494179
 -0.07602891235486000654   7.1489550381594604289  -17.49691332754499129      9.9341974846987302072   -5.8252641693775801812   15.665443994424880003   2007.715249
 -0.18831954406181999895   6.9405701277003499783  -17.983799838914851676    10.039892669787100488    -5.9546231550831798529   16.067641789476880376   1863.129791
  0.67198442930486002034   7.1598792360690701742  -18.211969043467298945     9.0102344642447906864   -5.5768430633853096623   15.528298915624210608   1335.914293
 -0.03036067943778000128   7.0467456497667901871  -18.624820849187941008     9.9308894216369303365   -6.458876650432819666    16.289827611796170004   1653.196933
  0.37918194886763001428   7.4319368962747995866  -18.21830234484616895      9.1770435946292092666   -6.2342404873351897621   15.747361813751869164   1236.194434
  1.2444597410600199971    7.9414580678732500374  -18.390223006172799813     7.9632428305509499467   -6.1915157829645899312   15.165696714241709842   1026.109560
  1.2507230200631400674    7.9860714692472596354  -18.33529097627350879      7.8335498495509696681   -5.6290742219474498853   15.048801656073289124   1179.394059
  1.7317675578332099029    8.061368113769459498   -19.568050381105098978     7.5185341529343396871   -5.6720990405197095896   15.043733328240989522   1359.362267
  2.6584578854586200514    8.0399671967354002788  -17.942827248858630895     6.600138190162249785    -5.1564121843631296471   13.936480561830050462   3983.537330
 -0.13109265361215999279   7.3161357953536203524  -18.685403271508590706     9.7475929558230607341   -6.2602121399752999054   16.217210274185291041   1637.215805
  1.6551893840919600365    8.0215977392003594559  -19.775005848360091676     7.4004837402149501457   -6.1042761303641501769   15.432412172295670416   1429.611688
  2.1713711723514599328    8.4487578240708796073  -19.030493326441188628     6.5603232428027595802   -5.3524634759526801275   14.522223408424219215   2084.683327
  0.52007228350953005336   7.3972486933428100997  -18.72623896850124936      9.0882478769283903119   -6.1822733568127903325   15.847926560953180086   1233.397195
  2.4891581255664001482    8.2064053111471206847  -18.983522803118088262     6.52383801565173016     -5.52514839202270025     14.471746174957720754   2671.815970
  0.52397004118248002857   7.5387031743019896624  -18.759933154410969536     8.9416542207802294229   -6.0764462029871504356   15.78084424937840069    1202.810460
  0.32580297355912002377   7.339978512334259797   -17.555562661616878728     9.3846707247816105735   -5.6718077591748503608   15.372688302541590133   1753.303685
  1.3228427814587500055    7.8511929324838298783  -19.220145051674290215     7.8965304863566103677   -5.9961590375668301078   15.417481204857150345   1125.679810
  0.11291654102638000456   7.2301497440032802544  -17.646549685728270873     9.3926190898696404474   -6.2120048480349998599   15.88594977213499071    1508.380940
  1.3270548036314999685    7.8535635213279100242  -19.087675207260890176     7.9870553871681702063   -5.8070754923985301588   15.254287439214490263   1098.820750
  1.3910564609969500172    8.3628667167899504165  -19.29453307796394057      7.5598590862003200996   -6.38400496817379981     15.310047025948529509   1127.591633
  1.8332966659547500488    8.4473699339985799384  -18.96969452275088841      6.9723827432740197452   -5.8458185451999895577   14.811126202284679465   1507.471976
  0.84837837912084002046   7.6597790035067498948  -18.787102857063658234     8.5592815935148003348   -6.0981596539095903609   15.58872647128606026    1070.079930
  1.9375350209279200708    8.3462740627743308153  -18.945056904392060915     6.9915188570003801161   -5.9588835159997799451   14.814169254495350714   1620.941624
  0.87736128611884001138   7.7405958964200696215  -18.806214091906241492     8.4541203798352704268   -6.0470555312403098114   15.539175500657639972   1053.569978
  1.086328130732489905     7.817080576886660026   -19.52667345440708857      8.3064800716577398276   -6.5455826001370995826   15.709669795995239383   1223.820569
  1.2096242977304800803    7.9438237461571103992  -18.633136595806899294     7.9517824050776599876   -5.8582013164948598671   15.214018691053780685   1057.725565
  0.88551730204319001327   7.3006043391330202041  -18.346965858664319171     8.7108119413008306964   -5.615383970017769677    15.416414981155080355   1203.021665
  1.2646716712585099884    8.0973011223757200838  -19.057641273139029892     7.8475972999754501913   -6.1918497186347902783   15.336639014750170773   1049.849090
  0.93434061151464997685   7.8943141867364401421  -18.367185958775550603     8.3578294790174894047   -6.0684601276473904008   15.282033405544130034   1024.082793
  0.7400895265425899705    7.9158748138627501589  -17.94070641232617902      8.5884789753479306995   -6.1046106726876701032   15.214309505887630536   1139.049308
  0.79922385863627998237   7.9055271530285402548  -18.25949272036050175      8.3908959421556996716   -6.3446718845653098384   15.454475826630009294   984.011951
  0.53530838613867004483   7.9315089688788500411  -17.845401476910311089     8.5928162196494692893   -6.6134700806487103364   15.554570020337770586   1016.542190
  1.2615154429854200657    8.1812277206902894733  -18.384195024990010126     7.7625411853560404296   -6.1357584666061599776   15.075286579673090159   1051.464747
  0.91756657279409004069   7.9763176362176597678  -18.455180762641141712     8.3069599672193099593   -6.46823585405798962     15.403750322778469339   944.792276
  0.77153771032590001688   7.9925645812479295671  -18.366202846058261144     8.4845487482901305043   -6.7732531228395496115   15.498616138640809226   918.726575
  1.2145550591414200348    8.2635350475639892665  -18.135432851259139397     7.8147647819466499186   -6.5214475031789600479   15.065073725835670615   1007.863127
  0.81474744099351004145   7.8503389989183300912  -18.474531193598419776     8.5237518419560807104   -6.5613075800040396857   15.525558362207739549   964.507488
  0.66161646929874995404   7.8519448894137697792  -17.606714918935860936     8.6640805746635507489   -6.628368948431820229    15.327179042949849119   1041.809645
  0.81238026978869004591   7.9132839476542597978  -17.969446507486651399     8.4599597559915196143   -6.5192391409825596327   15.329544035899930421   973.468226
  0.53780190907346003826   7.9983965705099100418  -18.133874353006710578     8.7140073525682399946   -6.7379440034413500271   15.552737117344390683   965.013270
  0.71574147113843999968   8.0802345795712096077  -18.079140865147671491     8.4381466619519507333   -7.084160950689869729    15.52663499664205915    869.223014
  0.60644190095033001509   8.1731947759886001137  -17.935118318333728382     8.4783052534191796212   -7.5920113622110996232   15.648935792191020155   825.263596
  0.23282263744796999339   7.6809002948852000969  -18.244122461688949244     9.2023915161803007123   -6.9880281948356799404   15.938215365135629753   1141.660181
  0.96912195371805998079   8.1178763593942893095  -18.162605253866590971     8.1616714655050603966   -6.638092676093140021    15.283359135660660399   918.362437
  0.70478653631370002941   8.1096912582092297583  -18.087766770422948781     8.5498521970877003895   -7.262610743958600068    15.491774367351499819   845.208508
  0.65576554733629999205   8.1674035671018394567  -18.417253070942230408     8.5107525302839501791   -7.3358340218666997501   15.670782935232109523   894.037408
  0.96966512080581002131   8.1386266097768302785  -18.347284798067349243     8.1889533262791296409   -7.3164258322163595594   15.486938459750220431   877.317275
  0.74435881548986004841   8.382780051654570741   -17.964212492298621271     8.2676093316656391607   -7.7447683397244402315   15.501243914067700302   779.800738
  0.70916450273803000037   8.6490005780226901777  -17.709053141648720242     8.1395380765204095042   -8.3364987195846396162   15.489086689997680679   718.548072
  0.76677747696150999612   8.4593664682498896923  -17.853490938368921093     8.1918088680750198449   -8.0539046624706305266   15.525009654753590738   758.464009
  0.50174507465050000032   8.4478847263887395513  -17.954050425394708412     8.5247319517167401415   -8.6610024380095396168   15.820816830764709238   817.085725
  0.76376132347032998915   8.491851238443480554   -17.545001726469891423     8.180310694082109535    -8.4049838976169297666   15.483404329704130831   716.080343
  0.81775921153733999169   8.6540750741143099845  -17.108876054233718378     8.0150897759811901011   -8.9395588354920398899   15.389715026940139708   682.569814
  0.39922644691133002404   8.6924443505476602922  -17.202167084733559932     8.4441553813209502266   -8.9654364216924893327   15.634840994249319834   651.054832
  0.11400710996408999764   8.9693532209330708582  -16.629608228066668829     8.5717564088418605195   -9.7899417164305493344   15.708792261498880194   583.697703
  0.4671785559535699961    9.0079336896898691833  -16.975632264925881287     8.0905579144304304862   -9.8616951674408994677   15.702344384697180857   623.300422
  0.51910207631801996708   9.2226764764775897021  -16.808452032545808663     8.0328557451026991743  -10.288855817598330233    15.562985824026380755   610.344154
  0.62958456984035005011   9.2062504427737295032  -16.40765379453520012      7.8224703112671303273   -9.7624825349961508181   15.305161116539899524   646.115773
  0.31882119848896001146   9.4437300257538598913  -16.026267566949741195     8.0322805426395493811  -10.939106268043570225    15.527685446479800646   537.717047
  0.09484305925267999537   9.9359118045058494317  -15.112655881240149469     7.9525163799218097083  -12.381707070830039186    15.529023342342899383   533.523828
  0.17166035821732000821   9.6830663248087791573  -15.305239610200420231     8.0222107686612993405  -12.004914994678030027    15.576920628684110426   516.176589
 -0.09709171404303999775  10.200099198201829864   -14.103332844476270225     7.9635471147317398177  -13.839123132224729673    15.620837598027330628   563.158252
 -0.15230063502200000269  10.020988912281989514   -15.304204549604319752     8.1490327334272194548  -12.423640265165959207    15.738694158989650518   484.427207
 -0.63733055830166995825  10.704445831365820396   -14.40186879728961955      8.2160042121502403489  -14.165680980002919753    15.913183725014400594   486.904384
 -0.22475439494578999811   9.7403930334586501516  -15.637610394325880847     8.4505063388613095299  -12.487769142385120702    15.967759083539800002   508.987014
 -0.29299269802546001884  10.182862901132109457   -14.623624633735200717     8.3024015438416398638  -13.263914501588439876    15.659047381663389942   477.916700
 -0.67307832501497999456  10.770327506853220711   -13.447620818139860432     8.4083233585472392235  -14.965024168662209192    15.637398880146500701   552.464780
 -0.61561447650441003532  10.288182255895890194   -14.062529066511739728     8.4499523127490103747  -13.828440079427720022    15.830426461546529993   454.064468
 -1.182972752915619985    10.820935145605039551   -12.689567583494699932     8.6585005965721695276  -15.598232210342409587    15.964146780306609941   502.999284
 -0.45372670563998002136  10.981115189761350592   -13.385679817139230607     7.8704502836455700887  -15.673520301594550119    15.725164757423240047   672.688264
 -0.02792634393693000164   9.4722937131401394595  -15.818626125334809274     8.3964298775427899102  -11.260836362721549975    15.712885385479969713   489.789811
 -0.47548578932509999451   9.8600172423999996596  -15.137955578663969902     8.6376614784392806712  -12.708131377825559127    15.966221024291590069   458.729696
 -0.76801847080387997124  10.17184636129415054    -14.889610505858220435     8.7731173262924500023  -13.319328915026749982    16.048090536486199653   463.300878
 -0.55269174292680001148  10.258337428589440421   -14.307906425576870646     8.4523587519028193782  -13.113661358200209506    15.684029232612639149   492.112820
 -0.47070740593155002696  10.128851329806749959   -14.640332417764129858     8.4518956486424396957  -12.957188304246439969    15.754961695344430694   459.052195
 -0.89711348126720003027  10.745289287796820688   -13.734126125377720484     8.5249238035878907027  -14.90604478503873942     15.952928367293960576   465.442807
 -1.0210101389305299424   10.438027547159920871   -13.725188226366009658     8.8976179710903497977  -14.570709055885259886    15.998530996552389638   434.193862
 -1.4553648908848000332   10.646546864598880333   -12.935680064746849283     9.2719105899219105282  -15.644243451244909338    16.128449415333751205   437.773351
 -1.1229905562287600951   10.361208440319069624   -14.106289339778729897     8.9426546364254999588  -14.166033004228379966    16.191338978841638863   449.295470
 -0.59416213130754003124   9.6707551044951092223  -15.119842252936550153     8.859375987625119464   -12.277232127174629639    15.976928197060299652   477.471016
 -0.82137564377728999876  10.476655741971390157   -14.080555157267429678     8.6085368495972005576  -14.248841620572710198    15.958928324735550675   444.122080
 -0.74104286609532998842  10.345801157890189614   -13.694672756259109292     8.5563223060221496041  -14.173785565701939149    15.852045290617850171   463.448506
 -0.76127456962674000529  10.215335060443159421   -14.590876068458440429     8.7189185712248704618  -13.532943077695550826    15.999079225019109174   444.498481
 -1.1352096521993899625   10.417624099589719577   -13.927465394584640279     8.966551624532959508   -14.727844434298619447    16.226546641651168557   440.664908
 -1.3503392230972699473   10.872327139393050288   -13.02634550565836058      8.8904158434340203598  -15.650139046210519211    16.102062518490541265   452.445618
 -1.4551187847822499855   10.638877087062880378   -13.756377497526129261     9.2249461860192898399  -15.137063333535959231    16.32840243355026999    454.425591
 -0.82549055357387002285  10.375855963687639516   -13.98599117426534022      8.6437007810665793528  -14.155595892954780268    15.954920454547469433   439.488786
 -0.54544448168158998769   9.8892418116639202452  -15.112442947915170066     8.7022443012118007033  -12.81718331566792024     16.007719021958571659   462.928772
 -1.1491155377433499574   10.626555807460769998   -13.547869866222560731     8.8433729578784703307  -14.941900113574870801    16.07847664435755064    439.392228
 -0.781501475721629979    10.488809633118460596   -13.846359289276080062     8.6169116153713094519  -14.559911727432210071    15.880821783446100071   448.278007
 -0.86687374584841003777  10.456909334918609744   -13.911341801901739856     8.6983473706348597432  -14.461442046631260538    15.958451082294979884   438.181658
 -1.1784171877308700083   10.715207771152860161   -13.13526113841079912      8.8337906137086008584  -15.502501310276949553    16.059538823027260435   446.003502
 -0.86556022415277000803  10.340303238120579721   -14.226972335946529213     8.7476365818457999524  -14.025332635840900508    16.014194124521150542   437.374407
 -1.1330443070388200866   10.408436255007689653   -13.694387775828179343     8.9905389127524699688  -14.71209977248918932     16.118111656572679635   430.876420
 -1.288878638669580079    10.374326511525840289   -13.501304085108550623     9.1815399443301100035  -14.943728848447420887    16.197703322491250333   431.006924
 -0.81848851689653001618  10.46440528252868063    -13.769784998925480579     8.6405199005565496151  -14.22784873816014084     15.814348344630909438   462.895852
 -1.0560293683736698966   10.429319395324460729   -13.888045295669849466     8.8850436935388596993  -14.602845510264000239    16.123497067396101556   434.024068
 -1.2050538871219800274   10.523994562309699319   -13.678610593046279575     9.0438183815136898858  -14.949180485273709351    16.142166736017479423   432.370910
 -0.90007501941204004492  10.239107636819550606   -14.160312143363640303     8.9109613459135399438  -14.16530305521989952     16.039840576760710178   431.193422
 -1.1933839024948600382   10.336153543328689963   -13.87983032150508933      9.1268582582500403788  -14.547048125026389442    16.186995970311858883   439.374288
 -0.94850128501001995662  10.426720387021129355   -13.903463931802580333     8.8054750925386606752  -14.482843566230039656    16.015587304299199189   433.610826
 -1.2223444444762499028   10.481565356426900237   -13.456363652745649162     9.0968485506033900378  -15.135661179279800592    16.131717321345028893   426.429095
 -1.4007365546379899612   10.552196415580059607   -13.071059311145219795     9.2714545349821904097  -15.690825450999250634    16.190478919756969844   423.410921
 -1.1934700016009800461   10.421897336860940442   -13.740104790585910166     9.0714793493227805499  -14.963656890940109534    16.211363090382000962   433.064476
 -1.2042643165669399963   10.428131469208560489   -13.527934219587420372     9.1461988454689198136  -15.051790896786739538    16.115685693866918626   425.138106
 -1.3970467437828999469   10.431200838241039719   -13.387339012716299891     9.339342030779199888   -15.361441951006259643    16.256961586819720367   429.701761
 -1.2199369412525800094   10.439125055527920694   -13.433109561309759528     9.1626253344805501655  -15.013223646318239801    16.076385299549489361   428.151881
 -1.2133140737751100247   10.308737994485239753   -13.412770081603889949     9.2298886199452692125  -15.049047772332819761    16.123654508424678511   420.092949
 -1.2174441671016700273   10.201109710573010858   -13.279849825882699577     9.3229237391610499941  -15.098981415862370525    16.114398394628281608   415.716442
 -1.624082657381590078    10.580958944559879953   -12.637581092126220383     9.5000664532945897633  -16.144151322600791332    16.250833273637308451   424.799216
 -1.5547928198690699197   10.469137889555799603   -12.751236565094359321     9.5903313999697008541  -16.074705122035361171    16.216802732846890223   417.269305
 -1.3433724084870499738   10.459018990094039125   -12.846251178998929987     9.3251914050064605988  -15.663117333861320546    16.064566517942228785   426.536240
 -1.5616273667621900501   10.457726084329189931   -12.604861169635190876     9.5560967914804191281  -16.227966867730369671    16.241203211343371748   413.529974
 -1.7324725795169899634   10.467026598729830766   -12.190736973797909215     9.7528325199803500567  -16.835338478436440823    16.32361216724030939    406.814322
 -1.5678919565377000822   10.440501352641669897   -12.973214816879009348     9.5360777592791308166  -15.968813561712330795    16.339370542716661561   423.407711
 -1.8282092617814000857   10.4755121680048493     -12.106625308721049805     9.845029956753419853   -16.885814220428780885    16.362812983075219364   412.325352
 -1.4764331224333500092   10.287535767135189246   -12.819993175047189382     9.6061501834140194944  -16.040674760557379841    16.264991973117471247   407.807306
 -1.7250114144420700679   10.228078079966719471   -12.302826243995520272     9.9463273178703595079  -16.610617068678301678    16.350184011451311505   406.973483
 -1.6102291651771500902   10.268965385346790598   -12.177207880633899251     9.8184539464371702877  -16.546563460287210034    16.2048968780698317     408.171652
 -1.6418070836151399394   10.173604680363000696   -12.207843237598400066     9.8402411545690906536  -16.597958012714798315    16.323496069680579978   400.802020
 -1.6853142154881699533   10.025838075766589697   -11.936146573850420438     9.9651960318687802243  -16.859584458054520439    16.376842738097430185   393.582556
 -2.1351124191780401773   10.383208981076979427   -11.231328892799290031    10.321739579613650406   -18.160549399618510336    16.513381855722240488   393.937452
 -1.6266483769638599988   10.078038794669179623   -12.112787937987029352     9.9585365696413603587  -16.79862832144867113     16.315156891490978808   390.421290
 -1.5258679345550900663    9.8793021080013492252  -12.115869252620019125    10.015289876085320842   -16.755035371958619805    16.291328845698870964   379.909996
 -1.8165080633607499916   10.15469781821209061    -12.021759156736219865    10.050724556506990481   -17.207369718814039317    16.501883652372711708   399.905754
 -2.0636624197470201381   10.091848120115999521   -11.112895856219269675    10.411219777227799455   -18.102156737962769029    16.520752450410149947   386.918141
 -1.9279677961732799574   10.105895820667560869   -11.233419324678859397    10.226006795890599577   -18.029394319603330388    16.492416558395920134   379.082061
 -2.0294459870388901201   10.044804691017979792   -10.698715865020529847    10.365846534900720499   -18.738782945065839414    16.563532831868229778   367.609504
 -2.0194977669390001829    9.7262066660004897756  -10.848168225284000599    10.623839598754070579   -18.439154398721658623    16.598961957482899265   372.725004
 -2.003125517621319851     9.8957050624476998735  -10.625949065194960852    10.516985909643119967   -18.477718051646601083    16.453049907387228501   376.260500
 -1.6405255279517900746    9.5046925933730506131  -11.214586053263769116    10.311052996546289151   -17.630261254851490094    16.421441054592690989   358.458706
 -1.3932320823386699082    9.0654343995210897589  -11.206214633496010435    10.305709705012599642   -17.365117182467979973    16.375470654027910911   338.182816
 -1.9929630205918300589    9.5419289399349498382  -10.26645772542783952     10.781101102005759884   -19.099737104553309308    16.557522810860998419   347.600626
 -1.5910483499479100011    9.2926125021918508651  -10.807562399461849267    10.45837113157272924    -18.189691613508561119    16.425869885365219858   335.517184
 -1.3547413150483600397    8.8929946932297792017  -10.65489567108314084     10.48194680874519058    -18.233459051281460717    16.378428602842760142   308.571761
 -2.0718006286375998393    9.1763893760493093765   -9.317597809215470761    11.009853343601829323   -20.029620872620331085    16.684326742457798787   330.064610
 -1.6174347492434599793    8.9202145261368297469  -10.371400911314040627    10.672446454696929763   -18.824239133256920553    16.599697959126299196   325.062169
 -1.467041494027270021     8.8210488759628198352   -9.9902593132350094862   10.581795050900270283   -18.991164364360280103    16.454031242911771216   299.534971
 -1.1908133575713999441    8.3684699809439901941   -9.5613048572105103773   10.560772776973369247   -19.267169347179599725    16.381565885626198309   266.968397
 -1.1775490641048800278    7.9436726142539999529   -9.7605746708951404145   10.904763528777840165   -18.867664618720688452    16.428804719779101617   262.671732
 -0.75160060263787997759   6.8931065758720100334   -9.2915040738324492509   11.174222025716399997   -18.9321054555481183      16.361440663734530432   209.460202
 -0.80024455790062998251   7.5636075773160502678   -9.8678482599560304322   10.620549269576349261   -18.450833242898159625    16.369454025077498471   233.414385
 -1.2023129880077700893    7.5394931769948998479   -8.4819692273745399547   11.200887188090749902   -20.547358518460221433    16.549500638927121088   226.207604
 -0.23391522816557000497   6.8829061341152097953  -10.092043191041430106    10.560421497664499668   -18.055434043587830217    16.195702515987008496   201.197760
  0.68502747207045000533   5.7361645131481600046  -10.479265881954420436    10.33570557469584017    -17.06834062907158156     15.951390402751609798   257.486324
 -0.22710793386708000297   6.4599781866871497371   -8.9451208488519906581   10.860486734225260008   -19.004547419728208268    16.145666151605400529   161.511033
  0.46805547382112000498   5.2298600169623101763   -8.2319808176209701145   10.954506873989419802   -19.094701562963848573    15.918650247844949419   152.685300
  0.11779756156097999364   5.2661531275050403877   -7.8539878045954996111   11.208506401925070861   -19.882408338931128355    16.213676056223011557   113.841863
  0.85406699986566003702   3.4527323446426798625   -6.4535338713516798848   11.571786198515010113   -20.706882982755960398    16.131299782913128382   125.308629
  0.39007324379482000154   4.7565722219778496793   -8.3784729342631294458   11.345591642014129619   -19.05377770695016082     16.15457549697184092    128.606213
  0.39627704468919999758   4.6257561738263897055   -7.5754710896199703996   11.527495940223740689   -20.071095299248941757    16.095061181485331048   104.720640
  0.99453784598410999163   3.1568304720815598685   -6.4292825044519501532   11.980969275547430186   -20.881226327424318612    15.957864759689240231   144.764472
  1.3312088190286599509    3.6786249064246998586   -8.6591840762832799072   11.056027605753669718   -17.815815617283121242    15.763534748488430282   307.991744
 -0.56893253624866002571   6.5742761093523496285   -8.5262729396017302719   11.164672292506480744   -19.864472793165951714    16.35300916631744883    167.961642
  0.94138578912184001091   4.2187346853743701303   -7.5945721850817999865   11.079509523724709652   -19.74185779273449981     15.948784224542000842   203.218760
  0.51813919118190998603   4.887327657998779884    -8.0188051572694600821   11.103187649222640232   -19.539419708437911538    16.051948334340128355   137.872624
  0.67438522109869003529   3.5637423017590301733   -6.1029537232821597925   11.874232102295989577   -21.113191092978148333    16.066604311740558586   91.337311
  1.1285354457308300891    1.9041603855809399182   -4.1084089894025197509   12.531137404611740749   -22.642069617673310944    16.00205520961733896    137.327732
  1.4238417816308999164    2.8688610573241200008   -6.860950902615329916    11.506501244050520327   -19.720391776670759043    15.813829376551160166   296.225227
 -0.07073895677876999855   5.6479223463452896681   -8.1099424303551295168   11.250129530392490196   -19.828452539042149994    16.218214218875878885   123.688785
  0.20725562802781999361   4.3526312595084801771   -7.114563562174150313    11.815207548035269625   -20.73474666556561985     16.348042952033971176   95.147826
  0.0535440562823399982    4.5169314856419102711   -7.0263253574938904222   11.903866739072919145   -20.688470839134129875    16.313443071436729781   87.597060
 -0.17875351116745000213   4.3317333994634799055   -6.5300854576061002632   12.30420628399805949    -21.262996404482251478    16.444190439985039376   95.440604
  0.06943360783193000541   4.5678066762175300042   -6.2159417215771401999   11.847554445301030412   -21.719010551349878568    16.26377176695998017    76.347872
 -0.09088621014950999666   4.4734239033373697225   -5.1346761152341402479   12.098535846944480809   -23.051626973549740995    16.318369901954049794   79.349153
  0.57696999660908998564   3.3164179951408399027   -5.8531386558924696217   12.142158195225519535   -21.574521723360458481    16.215318894417318774   67.624592
  0.90082447330301995692   2.1506658195386099131   -4.7247367686611401183   12.588172527642029763   -22.447556315519609171    16.213871232188029836   78.499942
  0.54149095661871005092   3.0482755031930199863   -5.4421435654177603425   12.494998588126419392   -22.084603718281261564    16.220404669801620656   53.511088
  0.75333765414757003498   1.9393366910370100076   -4.23622144582888982     13.138244681227089217   -23.185701407956329945    16.223768976590928759   46.940609
  0.38203167664328002706   2.7931992959418798783   -4.6075770657962600296   12.712925296828869293   -22.934118794199250146    16.381922142907828999   34.106088
  0.37490899262032001404   1.8769208569996200797   -3.1236300538844101737   13.305639975131429154   -24.365630541674399012    16.525352623619081527   16.952366
  0.62693754816882996117   2.2410874094234998211   -3.7381734238121699931   12.922024498049390573   -23.480762053252160371    16.188043596220889953   40.464949
  0.14399206412133999655   2.5890914030611100749   -3.9615231628808298403   13.212264075706469768   -23.891507945930971601    16.509961998007749884   29.681317
  0.794982564884019971     0.9932888583179599884   -2.0165507971314098334   13.618761884474050561   -25.38390723537393967     16.328629547168578284   34.372230
  1.0209426656851299242   -0.24909227155752000638  -1.427137458232919931    14.265476657970289409   -25.57499975116621016     16.399920111714870075   60.197494
  0.66139716659998004644  -0.1862070127136100095   -0.31460679136440999892  14.678645728960720618   -27.052981255090880808    16.509906723356710501   17.925166
  0.09757599782888999596   3.4002650069327198246   -4.3697644334011203071   12.693050289879430181   -23.545163728593351493    16.36196770993977978    37.925038
  0.1465937905935600083    1.6988121496367600827   -1.605194774995889917    13.671884136173410695   -26.054282845348900821    16.584185089513329814   14.234925
 -0.15677814118344998717   1.5785498789366299022   -0.28968143957940001298  13.938703863646569658   -27.488573564045179154    16.764393145974530341   40.711512
  0.11287931071387000137   1.2163030113213499916   -1.3922499140738500145   14.138057532059109533   -26.617062464085318396    16.751957634314191381   12.824257
 -0.14414980801360999241   0.70391081227027996192  -0.21928815920468999745  14.746074049063979672   -28.185212669501900962    17.033914653360831437   37.045763
  0.64734196534880994456  -0.67086191805831996149   0.23184593529085001373  14.848700820955640367   -27.576627033908120978    16.708030162053429279   26.200109
 -0.09927813488473000159   1.1813973050976800394   -1.3719021235047699214   14.332968871854880888   -26.468790126638928939    16.867835196452919178   41.853421
  0.57141738994183000067   1.0403159700128898901   -1.8553886287247500775   13.797313631319260807   -25.655127958190188764    16.463430959489659955   11.724435
  0.69418747448478002049  -0.93066371732820996066   1.2751150869633400831   14.934483199160050404   -28.549062753501630141    16.670992399441050935   29.100203
  0.55663862189391999369  -0.05072493723088000034  -0.03404447549769999692  14.503928418296659686   -27.384674051608961065    16.630734799082731001   11.964828
  0.16060312543902000026   2.5360019307337000605   -3.006884148137849877    13.18312231969122017    -24.799959338091429828    16.44715911440513878    21.665170
  0.28228783541646002009   1.734285968535689948    -2.1972016272806800252   13.599516945007330548   -25.494126262045600839    16.51237687631720874    9.516625
  0.02017814712667000132   2.6915113524720899463   -3.0879630334546801507   12.993467817035009304   -24.803986785893581413    16.64610593742202127    23.404648
  0.50109241173164997818   0.53322257858280996956  -1.0079458518869799377   14.257351250979299451   -26.490732637791548854    16.543956526873039081   8.163439
  0.34872746081011002373   0.18048405661992000804   0.42628829639778997862  14.683710662813599157   -28.199704864682441752    16.636861338244308683   12.870628
  0.64442055290904998177  -0.14751660035617000788  -0.4149859586928300037   14.654742010651679252   -27.226193234119119069    16.595587621927048616   16.297451
  0.27105048117243002448   1.2372299621385300927   -1.3076425709201300318   13.917598604792980055   -26.3472604425414616      16.587035722616761291   7.444653
  0.41639455614660997318   1.7230601278335400117   -3.0244459858591499213   13.387544798004610058   -24.463289740738581202    16.52630283465355987    17.222550
  0.36564423464424000709   0.56612807442333001884  -0.43639527416645002011  14.359669196611349662   -27.265601083696481055    16.609221712346620592   6.776957
  0.73649768088630995777   0.47051619416611001334  -0.88728956208505005421  14.007068483609849352   -26.262111681206089742    16.363627897927820243   32.094820
  0.26878390325697998353   1.0298563070325399416   -1.2660098260766499134   14.105310269946800261   -26.528324768365511233    16.654875200217599485   6.059459
  0.19678679682728000833   2.0977378908061399265   -2.6561501175208501735   13.508324881255679983   -25.209050332601300681    16.492897533537558274   12.456101
  0.46667566562725998347   0.48639076977838002769  -0.6895708860034900356   14.255027534036409875   -26.840768121857049522    16.596275482696441372   7.102225
  0.14709412067450999828   0.82205525015086999829  -0.44620005005337998183  14.367510969138789889   -27.333809813909031305    16.704482880866230232   10.946051
  0.25317493799133999888   0.87662043011637003076  -0.79849719472122004937  14.224961634683909395   -26.914139349979318894    16.644219900522088551   6.966641
  0.42651937605816997445  -0.15780326117837001343   0.36184775935571000804  14.773789218676249391   -27.968149206031529985    16.699484638773640199   11.184438
  0.31834572057688997893   1.26126366110716992     -1.5574392806215799911   13.893085013424560259   -26.112631998042090231    16.559153816931321046   6.370320
  0.14679923602472999544   1.2859404896159600806   -1.0105724922828600576   13.994532833519370385   -26.845509283702419623    16.672970751570570513   9.181684
  0.41251911780492001025   0.72140205634109999533  -1.0086025119859500787   14.191646646614319849   -26.579426799269270987    16.576210083047421051   6.052506
  0.42399737879477999991   0.40999047079443001751  -0.61119575360498001881  14.425634826979470304   -27.066370264528451628    16.626283009303730154   6.432658
  0.21414609872911999355   1.1353628968266000765   -1.2031423943887900041   14.145074995383719596   -26.648063299436660856    16.627045758093149885   6.560410
  0.41463721327764002655   0.83138072539202001465  -1.2290978188935799409   14.148512014969499617   -26.486000054466838805    16.573376626124520783   5.273536
  0.49536835092079001264   0.8087608730298400106   -1.4443981309797599977   14.110287205112289399   -26.27193040671059876     16.537954988925740452   7.242573
  0.31849890950254000632   1.2302906314079600225   -1.8554339210240600178   13.943418725828109928   -25.874671311006469665    16.596426452225959025   7.833089
  0.3538579033588100109    0.73216871366948999     -0.79115493588084995213  14.255606578915539728   -26.917868640523980872    16.606022897316460529   5.423485
  0.51656764696088997013   0.52665774795232001004  -0.95135764796573996094  14.194856788233019884   -26.582144208962048992    16.571594786220529727   7.833458
  0.28975148578706000357   0.98318660960802994886  -1.1401962077830301023   14.157520443596039783   -26.631583526818008778    16.613183015124999287   5.390325
  0.26196773589264998883   1.4430955535890199748   -1.7196377734755698974   13.824925495509450712   -26.018908331300110603    16.567990870283711757   7.033757
  0.38348996806925000902   0.6682667414930799632   -0.88830625857263001421  14.275457494111970291   -26.804504781221371701    16.611709974548730884   5.390465
  0.38933414327465998284   0.39415672340491997305  -0.55034990577597997508  14.484932802626829584   -27.203270858846238411    16.652638781861920592   6.422043
  0.33609282625133002353   1.0444869266816099174   -1.3056669369101800982   14.041046960725129367   -26.385291713243130829    16.582525058163970044   5.406097
  0.46133226825936002324   0.63044095069590000424  -0.85499839726542004037  14.251286443030700468   -26.739900403482021574    16.53280068455777041    7.297559
  0.31692099450756999746   0.9300024679483800405   -1.1632569688738398916   14.14180431321777931    -26.581218677144640594    16.624356571302641328   5.243207
  0.28573101261229999492   1.0084286719230999285   -1.1639571969854201061   14.148335955230999517   -26.689395665203381469    16.627514631146350865   4.888746
  0.22233696001598998726   1.1519419797141099426   -1.2416345394851500128   14.126680609539340239   -26.744380098170431381    16.653166905195810443   5.535644
  0.32168326347623998895   1.089748667345920019    -1.505672193458710062    14.048619148368269194   -26.274796165508480073    16.604865728153939131   5.690867
  0.34581424338817001729   0.82156370208859996751  -0.96978425027531001135  14.203859721278719874   -26.757100521770109225    16.605733605025829291   5.047135
  0.34268881296267000858   0.70312271280279003971  -0.87919929688442000071  14.317449686743209725   -26.931309362298328836    16.6360997495937184     5.009080
  0.28169128610922000711   1.0909615550945599427   -1.2935243213259000061   14.097036550900110541   -26.554364488012399903    16.61504475822395932    5.046667
  0.37274303516545997939   0.81196666880845003167  -1.0927437432964599573   14.194812303850730117   -26.701546062813889648    16.61419229868067049    4.712201
  0.41423880985465999505   0.72635669840866001756  -1.0690175110531701108   14.213458233978080614   -26.736527330811828307    16.614696940458500762   5.080576
  0.23389258163748999353   0.95730120082993996888  -0.95839077365353997351  14.219254162104350669   -26.918978204614081307    16.667603911866539335   5.772952
  0.36945105536759997866   0.86286084425150000321  -1.161421057583569949    14.166197551753210604   -26.594244592003651206    16.596933447560029862   4.844061
  0.34911882069423999519   0.83629891704129000196  -1.0236196532431900419   14.234092943367880224   -26.828101553555928405    16.60748292544088045    4.345018
  0.36521773378756999806   0.78944714158773998669  -0.95380099542786000999  14.280237258442930681   -26.951542991761581192    16.599046102509998235   4.148840
  0.32669340194676999012   0.93403216273411004966  -1.2117646202259000354   14.197496714361680148   -26.7170338655942885      16.623876724212408362   4.609749
  0.40581706450490001581   0.61232451227466999644  -0.8607713154753100504   14.337806605894140688   -26.973993025212628538    16.617509559677099418   4.913280
  0.36586228816553001408   0.96989728772372996168  -1.2689536794470899217   14.124179109768020268   -26.611276038564810165    16.590257838335141116   4.379033
  0.28941577784351002478   1.1798864134015401017   -1.4234424488467900538   14.032613025241719384   -26.447686713434571004    16.599764121137759787   4.973940
  0.37671674283954997842   0.75421498755639004852  -1.0014390988181800513   14.261508210731040691   -26.84241644726812126     16.613073200042268951   4.528393
  0.43983040647853000049   0.69904435896421002195  -1.0660838679475999058   14.259807761071540355   -26.783291000798740811    16.584945239300491693   5.163924
  0.3242558610788600082    0.93108259368337997763  -1.1394888647259699965   14.176203906691139167   -26.71286949910221864     16.616872283184878967   4.499072
  0.34104529896030999492   0.86735276977977004975  -1.061309276396920076    14.245281616195299534   -26.917983709697988814    16.622172701428418407   4.058017
  0.3268424207566700268    0.869598732543899966    -1.0112533858035899215   14.284823648416340447   -27.079853268545161171    16.634792328362610903   3.952789
  0.32245311435952001      0.93745763313463004174  -1.1028231381863999871   14.246670645619650131   -26.936784640798180135    16.61178052686842932    3.943166
  0.29730815395656001732   1.0002031152977199913   -1.1078628356313700021   14.272599816504120795   -27.054403929790328931    16.610574640962308735   3.950986
  0.3670893183824600059    0.8165339626758100211   -0.94748843391046000395  14.260377545528029941   -26.994547096419079679    16.598064035555360363   4.077877
  0.31385683600399000293   1.0171241295600099708   -1.1398304003489398983   14.195989160757660486   -26.919874731128889067    16.603864504896531429   4.013178
  0.36285137607305001373   0.8689370353918900447   -1.0018944796488100657   14.28788854948640008    -27.118423423303688935    16.595729495657820962   3.972110
  0.32024131162222002622   0.79646892390760004599  -0.78340993166160000083  14.394483159648990167   -27.389066012087390334    16.624167826281780691   3.805922
  0.29743082335056997278   0.70975474199953003662  -0.54063805776884998888  14.529635184589469787   -27.77796099884866976     16.641122820255098702   4.166931
  0.30589372527839997495   0.97925966415021004075  -1.0417655944254100575   14.276506978042759144   -27.194640065665868889    16.623753470030841584   4.026590
  0.28362360964881999648   1.0064147435535999442   -1.0795038761144599704   14.30174316846257021    -27.218333617423979831    16.633298681810639863   4.213420
  0.34622289119904997579   0.86400415789525997212  -0.98049229446146002331  14.270718951261660123   -27.050493726670310934    16.60687269711917935    3.864821
  0.35826225805977002237   0.80527053999422004704  -0.9648022822781899821   14.283684393687479997   -26.970191868512010558    16.601982323031268862   4.050099
  0.31898585847374000268   0.93576238311120996105  -1.0225247663886098959   14.278301331953940689   -27.138528016377410523    16.618310683280949291   3.870997
  0.35200882149076001548   0.74028549243482000275  -0.8276355983678800321   14.391639601371329249   -27.317841631465160646    16.626686680960389708   3.852229
  0.29940009656094002111   0.84558873895057995451  -0.90748522530770003858  14.334323896604230342   -27.18576567534417876     16.645140751966618353   4.002097
  0.34698855619502000369   0.86309996128155996864  -0.97829216606352997765  14.299497386265860754   -27.135258986313811391    16.608082309735021198   3.838659
  0.34212443035676998182   0.84276078471113002877  -0.88713924590624004818  14.34228004362413067    -27.242804402692261334    16.597174579719311538   3.902283
  0.35307084208632999456   0.74333626797923002538  -0.72367486276337000817  14.412302845755650793   -27.487879617737270621    16.615317732163781272   4.034426
  0.33010754629122002202   0.88892729184578000989  -1.0080360693306400499   14.28807869565365074    -27.07455838503295098     16.612664828192269084   3.810385
  0.32939389806723001763   0.85342195211427995805  -0.97965769618499998206  14.298626331761010277   -27.125777849956758558    16.635087095470549201   3.911036
  0.33894179728439000066   0.84542607656192003684  -0.91026885847592997614  14.331366615658350128   -27.213547764508390969    16.606652708657119177   3.815589
  0.3591844495538100146    0.73030825153110001668  -0.80685353973174001041  14.380293471332670663   -27.255060818981931448    16.610065000367640664   3.867708
  0.3491348017838000195    0.78167178442612994527  -0.86077134639594998777  14.354795436487989946   -27.225927618330800328    16.612126421095968709   3.801755
  0.33291805369008997673   0.77462235225733999666  -0.80897902897037998748  14.415901347100389174   -27.401573072575860834    16.623254227855010612   3.788719
  0.32626563493561000495   0.72993144943838994543  -0.72322239622483996957  14.488492545019759916   -27.577112745528630455    16.631444993222920914   3.887248
  0.32076853413148997962   0.90978663765862000101  -0.95561686859812999817  14.303067945567079278   -27.162135648151249256    16.602296092978658493   3.888402
  0.34419874965093999464   0.78266077874077000232  -0.85963091592544005337  14.369496687420269865   -27.278915135636680134    16.620589033964961345   3.788343
  0.32485886391252999372   0.76015910796495000934  -0.76540655085645004085  14.418543261057349625   -27.392603676410221425    16.625069372280680824   3.781104
  0.3137940177712900125    0.70868868130664997018  -0.65896374325290996143  14.478066198453099389   -27.521276021458429994    16.633562903553510637   3.881052
  0.32821131169920997328   0.74941066981894000065  -0.78514242257088995292  14.415732913464529119   -27.374000202182909192    16.632637861233099841   3.797151
  0.33641348449503999385   0.65940391385945995584  -0.61307732946293003184  14.501572239406179676   -27.612803520708339988    16.633283419378230406   3.897956
  0.33168403084218001098   0.83154644734920002414  -0.90929638436370996413  14.341452081591780754   -27.209119668951800008    16.617819475988760303   3.764253
  0.3500939589040300004    0.76355478961151002082  -0.87966561803266996034  14.377490749391780511   -27.238313779275351578    16.619664304524381038   3.831620
  0.32770447344267000789   0.78824039033357995443  -0.80747385325437004422  14.390235057084689529   -27.351377953884380645    16.623041945842430778   3.770527
  0.31405702596207002442   0.78054146439546001623  -0.78453837225112998954  14.428991679418350813   -27.443268951549811163    16.635344217959008972   3.809230
  0.34036535782837001873   0.78138920441846004827  -0.84171310285974998422  14.373344497220580607   -27.280262951635560142    16.617930870311731439   3.775465
  0.33903186475637997477   0.82346209053582997139  -0.87902418950580996082  14.353924730360489548   -27.263950617515259722    16.609930447514759777   3.791087
  0.33632672649209000015   0.80494923535660001246  -0.85555374777208004211  14.369376776136499885   -27.291463013682168537    16.615607300944340352   3.772881
  0.3354613470328399738    0.80835936913050998598  -0.87071248937354994712  14.338248106403330695   -27.199674394157749902    16.616765105255961288   3.806423
  0.33355387702577998787   0.78305660647563002374  -0.82441239407116995164  14.396488036926129439   -27.351098402971331325    16.621631947205248281   3.764469
  0.32063236019692997747   0.8004528852253699478   -0.80832109513373995302  14.393649882585409117   -27.346393420208478631    16.619777936892781156   3.782968
  0.32652395756043001152   0.79600485860421998918  -0.82114855033166000986  14.387611583794120307   -27.329523849065530783    16.619980711160820874   3.761904
  0.34052727715130998165   0.83490313954760997373  -0.92112612669446003455  14.334292749860589211   -27.211678270320028616    16.613601378203771475   3.787181
  0.32877596722223001446   0.77884511586061999644  -0.80433644481595001352  14.39748063325816041    -27.347372324887668782    16.622202373761449934   3.765980
  0.32115765303341997638   0.81282501357481995452  -0.83236068867655998993  14.387536892376550313   -27.346388786178728481    16.622163714655950884   3.768595
  0.32013992655015000022   0.79189024204276003971  -0.81078902406572994632  14.397557985540640146   -27.353497314964318576    16.626672755260550218   3.765570
  0.32624066396873002693   0.8098157043021699808   -0.8599739755205599856   14.379140680744429304   -27.294288828455410822    16.62044838016850079    3.752473
  0.32550875923174998894   0.82060336128646005349  -0.88622403665365001579  14.373593492574309849   -27.265744265740920582    16.619151597331530468   3.757387
  0.3344818213564100251    0.7842279779700499498   -0.84429156904637003844  14.379040108241870399   -27.281911343586621399    16.620754833192499689   3.767320
  0.33115077927566000104   0.79137723687123995298  -0.84130884895391000455  14.381164304275539934   -27.298030704234651722    16.621107053558361599   3.760993
  0.32765511118541001956   0.82238524935445000974  -0.88463994761963005153  14.363657591032719552   -27.264480597993351552    16.62035106735262957    3.755651
  0.33879621340257998208   0.8195051256095400305   -0.9028043428878199661   14.352280107247599616   -27.228683368926368757    16.613773456550891439   3.767849
  0.32480399826326000756   0.79879396293446003341  -0.83379285377125000878  14.38623851596737957    -27.322293828454828457    16.623447930583129306   3.761711
  0.32246563667277999832   0.83358454666295001001  -0.89230779278240002217  14.349933548875860367   -27.221480756080531194    16.619419592398820384   3.775319
  0.33078181693753000436   0.7956885915224599648   -0.84138624374897996727  14.384849414913560395   -27.318693991248629516    16.621078858503640419   3.760012
  0.32403474488815997567   0.77314208718046995017  -0.78478708895161997106  14.419435281984139152   -27.399984264198991468    16.624318524453588708   3.764219
  0.3259470663766699805    0.78774317722264997066  -0.81591441280464005459  14.399939481886050885   -27.352268115387200709    16.622693762337391377   3.756108
  0.32900252110866001765   0.8059297821315899446   -0.87119021047466005392  14.377385079145769353   -27.287161506192500582    16.623061639673718304   3.763358
  0.32714359844749002493   0.79848608948606003555  -0.83365896536741002087  14.385054957632030792   -27.318933263347268792    16.620750943289049673   3.758627
  0.33150234713389997721   0.80303805331855004912  -0.8585012775671300167   14.37836362752739916    -27.293271338434021089    16.618695424486730872   3.757501
  0.32527275540757999428   0.81434171819753997656  -0.85671609192220998796  14.382504280303189503   -27.315948007387319763    16.620232425154288336   3.756988
  0.32380536390240000078   0.81624807243801000833  -0.86174864651821003747  14.378037458128380521   -27.294369392419561393    16.619978475759218384   3.750916
  0.32031713738482997522   0.8265278128957900261   -0.87192984790283001306  14.374631479735789696   -27.282207093005030885    16.619428284387009143   3.759967
  0.32633083754406999599   0.81937123545839996019  -0.87883915195005002374  14.375492748908689222   -27.285942163345019651    16.620048901797201069   3.754999
  0.3202482523277199733    0.82026366567251995932  -0.86077613121130003293  14.381227119473759757   -27.309161029895271611    16.622555579703011119   3.757731
  0.32868882343235000798   0.80734445640704000091  -0.85906999097817005051  14.379079500513990197   -27.297243761299341713    16.619660463290799157   3.751076
  0.3276165333956300163    0.80662758019670000031  -0.86334594987488000317  14.375944873434900018   -27.280249612245981439    16.620827925080959631   3.753092
  0.32749871143286002351   0.83952092216294005311  -0.91995814134918996174  14.350511469034989531   -27.219923336532350078    16.617744642145709122   3.761095
  0.32633497764072000313   0.80068761345771999327  -0.84192534494077997387  14.387582478673289543   -27.319181920673489827    16.621456482289470813   3.758072
  0.32487621513953501839   0.80199562483032993399  -0.83883152966142504603  14.388988470007216591   -27.323318753903379275    16.62133611904830488    3.758832
  0.3250230139355649861    0.81303188837008999457  -0.86086131101938501153  14.378589069436404912   -27.294329110437487884    16.620213427963861363   3.751195
  0.32506810072323499838   0.81780965394820492875  -0.87029389923413003061  14.376765103518534872   -27.290155777882290522    16.62001368877820795    3.750212
  0.32571094864901500854   0.81143782631735494881  -0.86254729819654496481  14.376991165781639381   -27.287309502332771416    16.620403200420089007   3.756018
  0.32573023754390501017   0.81931666089623000904  -0.8731942970689200445   14.370847524580550925   -27.279424995206454696    16.620164771555923977   3.756901
  0.32624709366737503213   0.81179626442252494911  -0.86040931874819004399  14.378558479321185359   -27.295806576859451553    16.61981946952500877    3.750148
