 -1.1999999999999999556    1                      24.195261
 -2.2000000000000001776    1.1000000000000000888  1409.787177
 -0.2000000000000000111    1.1000000000000000888  113.809789
 -0.2000000000000000111    0.9000000000000000222  75.382440
 -1.1999999999999999556    0.80000000000000004441 45.840985
 -2.2000000000000001776    0.9000000000000000222  1561.421434
 -0.69999999999999995559   0.9000000000000000222  19.702754
 -0.69999999999999995559   1.1000000000000000888  40.076953
 -0.82999999999999996003   1.0249999999999999112  14.641920
 -0.33000000000000001554   0.92500000000000004441 68.354282
 -0.97999999999999998224   0.98099999999999998312 3.966268
 -1.1100000000000000977    1.1060000000000000941  6.048171
 -1.2600000000000000089    1.0620000000000000551  32.754949
 -0.93999999999999994671   1.0340000000000000302  6.031388
 -0.81000000000000005329   0.9090000000000000302  9.680204
 -1.0400000000000000355    1.0569999999999999396  4.218857
 -1.0800000000000000711    1.0040000000000000036  6.958213
 -0.97999999999999998224   1.026999999999999913   4.361538
 -1.0400000000000000355    1.0109999999999998987  4.656363
 -1                        1.0229999999999999094  4.054708
 -0.93999999999999994671   0.94699999999999995293 4.163320
 -0.96999999999999997335   0.9749999999999999778  3.994296
 -0.94999999999999995559   0.93300000000000005151 3.896723
 -0.93000000000000004885   0.88800000000000001155 3.779230
 -0.86999999999999999556   0.78800000000000003375 3.590357
 -0.86999999999999999556   0.48799999999999998934 10.735703
 -0.86999999999999999556   0.88800000000000001155 5.216333
  0.13000000000000000444   0.58799999999999996714 33.388544
  0.13000000000000000444   0.98799999999999998934 95.008230
 -1.8700000000000001066    0.58799999999999996714 854.385221
 -0.68999999999999994671   0.48799999999999998934 2.870879
  0.30999999999999999778  -0.41199999999999997735 26.289567
 -0.68999999999999994671   0.38800000000000001155 3.631258
 -0.68999999999999994671   0.88800000000000001155 19.802831
  0.30999999999999999778   0.38800000000000001155 8.988817
 -0.68999999999999994671   0.68799999999999994493 7.352306
 -0.14999999999999999445  -0.41199999999999997735 20.182971
 -0.23999999999999999112   0.38800000000000001155 12.451169
 -0.73999999999999999112   0.48799999999999998934 3.382605
 -0.56000000000000005329   0.18800000000000000044 4.014656
 -0.79000000000000003553   0.68799999999999994493 3.610682
 -0.66000000000000003109   0.38800000000000001155 2.982523
 -1.1899999999999999467    0.48799999999999998934 90.974747
 -0.22000000000000000111   0.58799999999999996714 30.574670
 -0.56000000000000005329   0.48899999999999999023 5.514814
 -0.60999999999999998668   0.38800000000000001155 2.615702
 -0.55000000000000004441   0.33800000000000002265 2.527816
 -0.57999999999999996003   0.43800000000000000044 3.526859
 -0.64000000000000001332   0.40100000000000002309 2.697586
 -0.5                      0.25100000000000000089 2.251206
 -0.40999999999999997558   0.13300000000000000711 2.110396
 -0.32000000000000000666   0.07000000000000000666 1.846890
 -0.16000000000000000333  -0.096000000000000002   2.826437
 -0.17999999999999999334  -0.13500000000000000888 4.192875
 -0.46000000000000001998   0.22000000000000000111 2.136567
 -0.27000000000000001776  -0.01700000000000000122 2.419696
 -0.40999999999999997558   0.16100000000000000422 1.994963
 -0.32000000000000000666   0.09800000000000000377 1.746076
 -0.28000000000000002665   0.08100000000000000255 1.640180
 -0.19000000000000000222  -0.01000000000000000021 1.629090
 -0.08000000000000000167  -0.096000000000000002   2.216090
 -0.14999999999999999445   0.00100000000000000002 1.369787
 -0.07000000000000000666  -0.03400000000000000244 1.297506
  0.02000000000000000042  -0.125                  2.534164
 -0.20999999999999999223   0.02999999999999999889 1.482515
 -0.08999999999999999667   0.00600000000000000012 1.187744
 -0.04000000000000000083   0.01400000000000000029 1.095899
  0.10000000000000000555  -0.05000000000000000278 1.171094
  0.13000000000000000444  -0.00200000000000000004 0.791863
  0.23000000000000000999   0.01400000000000000029 0.743505
  0.08999999999999999667   0.07799999999999999989 1.316414
  0.10000000000000000555  -0.01799999999999999864 0.887599
  0.36999999999999999556  -0.01799999999999999864 2.794326
  0.05999999999999999778   0.00600000000000000012 0.883375
  0.19000000000000000222   0.03799999999999999906 0.657109
  0.23999999999999999112   0.06600000000000000311 0.584960
  0.40999999999999997558   0.07399999999999999634 1.234217
  0.14999999999999999445   0.02299999999999999961 0.722213
  0.16000000000000000333   0.07499999999999999722 0.950252
  0.20999999999999999223   0.02900000000000000147 0.646270
  0.2999999999999999889    0.07199999999999999456 0.522355
  0.38000000000000000444   0.09700000000000000289 0.609633
  0.33000000000000001554   0.10899999999999999967 0.448775
  0.39000000000000001332   0.14899999999999999356 0.373086
  0.4500000000000000111    0.15499999999999999889 0.528492
  0.4000000000000000222    0.13300000000000000711 0.432865
  0.48999999999999999112   0.20999999999999999223 0.350426
  0.58999999999999996891   0.27900000000000002576 0.645087
  0.47999999999999998224   0.22600000000000000644 0.272608
  0.52000000000000001776   0.27300000000000002043 0.230954
  0.61999999999999999556   0.3340000000000000191  0.398062
  0.4500000000000000111    0.19500000000000000666 0.307824
  0.47999999999999998224   0.25800000000000000711 0.346289
  0.47999999999999998224   0.24599999999999999645 0.294514
  0.55000000000000004441   0.32400000000000001021 0.248673
  0.58999999999999996891   0.35099999999999997868 0.168854
  0.6500000000000000222    0.40400000000000002576 0.156573
  0.61999999999999999556   0.35299999999999998046 0.242904
  0.5999999999999999778    0.34599999999999997424 0.179710
  0.72999999999999998224   0.47699999999999997957 0.385752
  0.56999999999999995115   0.32400000000000001021 0.184999
  0.68000000000000004885   0.42599999999999998979 0.235010
  0.5999999999999999778    0.3499999999999999778  0.170170
  0.6500000000000000222    0.4079999999999999738  0.143381
  0.68000000000000004885   0.43900000000000000133 0.157280
  0.69999999999999995559   0.46200000000000002176 0.168355
  0.68000000000000004885   0.43399999999999999689 0.183209
  0.6500000000000000222    0.41999999999999998446 0.123133
  0.68000000000000004885   0.52000000000000001776 0.433836
  0.61999999999999999556   0.41999999999999998446 0.271233
  0.67000000000000003997   0.41999999999999998446 0.192577
  0.5999999999999999778    0.52000000000000001776 2.719491
  0.4500000000000000111    0.41999999999999998446 5.037177
  0.6500000000000000222    0.45600000000000001643 0.234511
  0.68000000000000004885   0.46200000000000002176 0.102317
  0.77000000000000001776   0.56200000000000005507 0.148367
  0.72999999999999998224   0.56200000000000005507 0.157452
  0.66000000000000003109   0.46200000000000002176 0.185208
  0.77000000000000001776   0.36199999999999998845 5.383368
  0.88000000000000000444   0.46200000000000002176 9.768374
  0.67000000000000003997   0.46200000000000002176 0.126053
  0.77000000000000001776   0.58799999999999996714 0.055289
  1.0400000000000000355    0.98799999999999998934 0.877889
  0.5999999999999999778    0.38800000000000001155 0.238488
  0.78000000000000002665   0.58799999999999996714 0.089993
  0.86999999999999999556   0.68799999999999994493 0.492105
  0.72999999999999998224   0.48799999999999998934 0.274752
  0.64000000000000001332   0.48799999999999998934 0.744332
  0.96999999999999997335   0.48799999999999998934 20.524074
  0.9000000000000000222    0.68799999999999994493 1.499731
  1.0400000000000000355    0.9659999999999999698  1.336681
  0.81999999999999995115   0.68799999999999994493 0.056727
  0.81000000000000005329   0.68799999999999994493 0.137998
  0.79000000000000003553   0.61299999999999998934 0.056469
  0.73999999999999999112   0.51300000000000001155 0.187312
  0.80000000000000004441   0.64400000000000001688 0.041592
  0.78000000000000002665   0.61899999999999999467 0.059677
  0.79000000000000003553   0.61499999999999999112 0.052432
  0.81999999999999995115   0.67100000000000004086 0.032608
  0.8499999999999999778    0.71299999999999996714 0.031499
  0.85999999999999998668   0.74199999999999999289 0.020174
  0.9000000000000000222    0.80600000000000004974 0.011609
  0.94999999999999995559   0.875                  0.078078
  0.83999999999999996891   0.70199999999999995737 0.026880
  0.89000000000000001332   0.79500000000000003997 0.012953
  0.94999999999999995559   0.89900000000000002132 0.003722
  1.0100000000000000089    0.99799999999999999822 0.048968
  0.95999999999999996447   0.91000000000000003109 0.015048
  0.91000000000000003109   0.8239999999999999547  0.009771
  1.1000000000000000888    1.1990000000000000657  0.022121
  1                        0.99899999999999999911 0.000100
  1.1499999999999999112    1.2989999999999999325  0.077715
  0.98999999999999999112   0.99899999999999999911 0.035855
  1.0400000000000000355    1.0989999999999999769  0.031897
  0.93999999999999994671   0.89900000000000002132 0.027321
  0.55000000000000004441   0.79900000000000004352 24.852140
  0.5                      1.1990000000000000657  90.253656
  1.0700000000000000622    0.99899999999999999911 2.135517
  0.95999999999999996447   0.89900000000000002132 0.052659
  0.80000000000000004441   0.89900000000000002132 6.749003
  0.88000000000000000444   1.0989999999999999769  10.550981
  0.98999999999999999112   0.96799999999999997158 0.014739
  1.0400000000000000355    1.0740000000000000657  0.007383
  1.0100000000000000089    1.0120000000000000107  0.006655
  0.93999999999999994671   0.88600000000000000977 0.004172
  0.95999999999999996447   0.91800000000000003819 0.002895
  0.93999999999999994671   0.9489999999999999547  0.430970
  0.9000000000000000222    1.0280000000000000249  4.757716
  1.0700000000000000622    1.0469999999999999307  0.963580
  0.9990999999999999881    1.0040000000000000036  0.003367
  0.96089999999999997637   0.91300000000000003375 0.012189
  0.98960000000000003517   0.98099999999999998312 0.000394
  1.0296000000000000707    1.0620000000000000551  0.001245
  1.0121999999999999886    1.0260000000000000231  0.000360
  1.0225999999999999535    1.0440000000000000391  0.000803
  0.99790000000000000924   0.99699999999999999734 0.000147
  0.98570000000000002061   0.96999999999999997335 0.000462
  1.0056000000000000494    1.0120000000000000107  0.000090
  1.0077000000000000401    1.0140000000000000124  0.000272
  1.0003999999999999559    1.0009999999999998899  0.000004
  1.0060000000000000053    1.0140000000000000124  0.000421
  1.0015000000000000568    1.0029999999999998916  0.000002
  1.0015000000000000568    1.008999999999999897   0.003599
  0.99150000000000004796   0.98799999999999998934 0.002500
  0.99150000000000004796   0.99199999999999999289 0.008044
  1.0015000000000000568    1.0069999999999998952  0.001601
  0.92149999999999998579   1.0229999999999999094  3.027429
  0.90149999999999996803   0.98599999999999998757 3.013422
  1.1014999999999999236    1.0200000000000000178  3.747349
  1.0047999999999999154    1.008999999999999897   0.000062
  0.99850000000000005418   0.99699999999999999734 0.000002
  0.99960000000000004405   0.99899999999999999911 0.000004
  0.99980000000000002203   1                      0.000016
  0.98819999999999996732   1.0129999999999999005  0.133211
  0.95150000000000001243   1                      0.897460
  1.0020999999999999908    1.0029999999999998916  0.000150
  0.99890000000000001013   0.99799999999999999822 0.000005
  1.000199999999999978     1.0004999999999999449  0.000001
  0.99629999999999996341   0.99350000000000004974 0.000092
  1.0007999999999999119    1.0015000000000000568  0.000002
  1.0032000000000000917    1.0064999999999999503  0.000011
  0.99970000000000003304   0.99950000000000005507 0.000001
  0.98750000000000004441   0.99050000000000004707 0.023697
  0.98019999999999996021   1.0064999999999999503  0.209512
  1.0012000000000000899    1.0015000000000000568  0.000083
  0.99629999999999996341   0.99299999999999999378 0.000029
  1.0015000000000000568    1.0029500000000000082  0.000003
  0.99839999999999995417   0.99699999999999999734 0.000006
  1.0006999999999999229    1.0015000000000000568  0.000001
  0.99050000000000004707   0.99550000000000005151 0.020871
  0.99019999999999996909   1.0053300000000000569  0.061762
  1.0003999999999999559    1.0004999999999999449  0.000009
  1.0000169999999999337    1.0000299999999999745  0.000000
  0.99946800000000002306   0.99861999999999995214 0.000010
  0.99987899999999996226   0.99975999999999998202 0.000000
  0.99969600000000002904   0.99929000000000001158 0.000001
  0.99982199999999998852   0.99958999999999997854 0.000000
  0.99501700000000004032   0.99673999999999995936 0.004493
  0.99672700000000002962   1.00503000000000009    0.013397
  1.0000998999999999306    1.0000100000000000655  0.000004
  0.9999019569224000259    0.99980000000000002203 0.000000
  1.0000739999999999075    1.000199999999999978   0.000000
  1.0000109999999999832    1.0000500000000001055  0.000000
  0.99801700000000004298   0.9990999999999999881  0.000942
  0.99909099999999995134   1.0020299999999999763  0.001482
  1.0000459999999999905    1.000019999999999909   0.000001
  1.0003999999999999559    1.0007999999999999119  0.000000
  0.99988500000000002377   0.99973999999999996202 0.000000
  1.0002450000000000507    1.0010300000000000864  0.000029
  0.99901700000000004387   1.000259999999999927   0.000496
  1.0000249999999999417    1.000019999999999909   0.000000
  0.99980000000000002203   0.99960932999999996262 0.000000
  0.99988500000000002377   0.9997424999999999784  0.000000
  0.99994059999999995725   1.0005299999999999194  0.000042
  0.9995169999999999888    0.999953599999999998   0.000085
  1.0000227639999998974    1.0000257640000000947  0.000000
  1.0000109999999999832    1.000199999999999978   0.000003
  0.99981699999999995576   0.99987150000000002414 0.000006
  0.99985851000000003364   1.0002299999999999525  0.000026
  1.0000209234799999347    1.0000298533246501087  0.000000
  1.0000998999999999306    1.0000500000000001055  0.000002
  1.0000731599999999055    1.0001299999999999635  0.000000
  0.99991699999999994475   1.0000861999999999252  0.000006
  0.9999618399999999907    0.99992943800000000376 0.000000
  1.0000184999999999214    1.0000350000000000072  0.000000
  0.99999404307759998112   0.99999000000000004551 0.000000
  0.99997102153880002007   0.99994249999999995637 0.000000
  1.0000090719000001016    1.00008000000000008    0.000000
  0.99996700000000005026   1.0000220719999999286  0.000001
  1.0000749281000000934    0.9999879280000000259  0.000003
  1.0000029999999999752    1.000059999999999949   0.000000
  1.0000085000000000779    1.0000500000000001055  0.000000
  1.0000197348999999569    1.0000100000000000655  0.000000
  1.0000370000000000648    1.000032735000000006   0.000000
  0.99999426510000000157   1.0000472650000000741  0.000000
  1.0000195000000000611    1.0000299999999999745  0.000000
  1.0000070000000000903    1.0000273260000001052  0.000000
  1.0000143255000000231    1.00004000000000004    0.000000
  1.0000296744999999099    1.0000226740000000003  0.000000
  1.0000120625840001054    1.0000350000000000072  0.000000
  1.0000219999999999665    1.0000349374199999364  0.000000
  1.0000169374159999514    1.0000200625799999798  0.000000
  1.000019235999999978     1.0000242360000000108  0.000000
  1.0000201179999999024    1.0000246180000000873  0.000000
  1.0000180502389999226    1.000027999999999917   0.000000
  1.0000150000000000983    1.0000289497599998967  0.000000
  1.0000179497610000023    1.0000330502400001098  0.000000
  1.0000188405199998964    1.0000259106753499605  0.000000
  1.000019361259999906     1.000026896337669946   0.000000
  1.0000178826799999143    1.0000290000000000568  0.000000
  1.000016000000000016     1.0000291173199999939  0.000000
  1.0000171173200000929    1.0000318826800000949  0.000000
  1.0000184234800000294    1.0000298533246501087  0.000000
  1.0000186926100000928    1.0000298899934900732  0.000000
  1.0000175000000000036    1.0000303291723999788  0.000000
  1.000017329172369962     1.0000294999999999046  0.000000
  1.0000161708276300576    1.0000301708276000401  0.000000
  1.0000188826800000541    1.0000298826800000374  0.000000
  1.0000181620099999336    1.000029691339999971   0.000000
  1.0000169049756699735    1.0000298000000000798  0.000000
  1.000016800000000039     1.0000300950242999587  0.000000
  1.0000172950243300107    1.0000301049757001071  0.000000
  1.0000171708276299753    1.0000308291724000487  0.000000
  1.000017210413820079     1.0000304968792999016  0.000000
  1.0000170999999999921    1.0000300465083999946  0.000000
  1.0000170465084499138    1.0000298999999999161  0.000000
  1.0000168534915498952    1.0000300534916000128  0.000000
  1.0000171049756700903    1.0000297049757000956  0.000000
  1.000017028731750024     1.0000298024878500058  0.000000
  1.0000169500000000156    1.0000299729444099839  0.000000
  1.0000169729444099431    1.0000300499999998927  0.000000
  1.0000170770555900646    1.0000299770555900469  0.000000
  1.000017053491550012     1.000030146508400053   0.000000
  1.000017051745780039     1.0000300848812999632  0.000000
  1.0000170200000000342    1.0000299815732600628  0.000000
  1.000016981573260022     1.000029980000000096   0.000000
  1.000016998426739967     1.0000300384267399867  0.000000
  1.0000169770555900062    1.0000299229444100657  0.000000
  1.0000169760277899389    1.0000299547083100205  0.000000
  1.0000169963351899227    1.0000299900000000353  0.000000
  1.0000169899999999945    1.0000300036648099855  0.000000
  1.000017013664810106     1.0000300063351899027  0.000000
  1.0000170384267399459    1.0000300015732599412  0.000000
  1.0000170242133699094    1.0000299961799499204  0.000000
  1.0000169996471199862    1.0000299950000000049  0.000000
  1.0000169949999999641    1.000030000352879922   0.000000
  1.0000170053528800729    1.0000300046471199966  0.000000
  1.000017006335190084     1.0000299863351900242  0.000000
  1.0000170022513898971    1.0000299906676000106  0.000000
  1.0000170016130600636    1.0000300019999999179  0.000000
  1.0000170020000000992    1.0000299983869400666  0.000000
  1.0000169963869400824    1.0000299996130599389  0.000000
  1.0000170046471199559    1.0000299946471200574  0.000000
  1.0000170022353400689    1.0000299960735599125  0.000000
  1.0000170010000000165    1.0000300008314799705  0.000000
  1.0000170008314799297    1.0000299989999998918  0.000000
  1.0000169981685200771    1.0000300001685200613  0.000000
  1.0000169996130598982    1.0000300036130600478  0.000000
  1.000017000209800111     1.0000300023065300525  0.000000
  1.0000169994999998924    1.00003000011267007    0.000000
  1.0000170001126700292    1.0000300005000000159  0.000000
  1.0000170003873301017    1.0000299993873300597  0.000000
  1.0000170001685200205    1.0000300018314800532  0.000000
  1.0000170003342601088    1.0000300011236100683  0.000000
  1.0000170000015899952    1.0000299997999999579  0.000000
  1.0000169997999999172    1.0000299999984099131  0.000000
  1.0000170001984101109    1.0000300002015900525  0.000000
  1.0000169993873300189    1.0000299996126700286  0.000000
  1.000016999568660081     1.0000299998344999164  0.000000
  1.000017000099999942     1.0000299999353801095  0.000000
  1.0000169999353800687    1.0000299998999999662  0.000000
  1.0000169999646200125    1.0000300001646200698  0.000000
  1.0000170002015900117    1.0000299998015900194  0.000000
  1.0000170001011901011    1.0000299998507999888  0.000000
  1.0000169999499999296    1.0000300000191899574  0.000000
  1.0000170000191899167    1.0000300000499999786  0.000000
  1.0000170000308099549    1.0000299999308099874  0.000000
  1.0000170001646200291    1.0000300000353798957  0.000000
  1.0000170001073100945    1.0000300000015400759  0.000000
  1.0000170000199999354    1.0000300000077799734  0.000000
  1.0000170000077799326    1.0000299999799999728  0.000000
  1.0000169999722199332    1.0000300000122199773  0.000000
  1.0000169999308099467    1.0000299999691899533  0.000000
  1.0000169999529100462    1.0000299999893900171  0.000000
  1.0000169999899999329    1.0000300000060400318  0.000000
  1.0000170000060399911    1.0000300000099999753  0.000000
  1.0000170000039600993    1.0000299999839599163  0.000000
  1.0000170000122199365    1.000030000027779975   0.000000
  1.0000170000111099355    1.0000300000158399705  0.000000
  1.0000170000007699844    1.0000299999949999741  0.000000
  1.0000169999949999333    1.0000299999992299238  0.000000
  1.0000170000042301055    1.0000300000057700256  0.000000
  1.0000169999839600976    1.000029999996040031   0.000000
  1.0000169999894799044    1.0000299999995299061  0.000000
  1.000016999997999978     1.0000299999993700339  0.000000
  1.0000169999993699932    1.0000300000019999302  0.000000
  1.0000170000026300521    1.0000299999986299593  0.000000
  1.0000170000057699848    1.0000299999957700248  0.000000
  1.0000170000030799144    1.0000299999966300035  0.000000
  1.0000170000004899862    1.0000300000010000634  0.000000
  1.0000170000010000226    1.000029999999509922   0.000000
  1.0000169999985100144    1.000029999999489938   0.000000
  1.0000169999986299185    1.0000299999973700782  0.000000
  1.0000169999988199887    1.0000299999985300392  0.000000
  1.0000169999998500536    1.00002999999949993    0.000000
  1.0000169999994998893    1.0000300000001500766  0.000000
  1.0000170000006500803    1.0000300000003499168  0.000000
  1.0000169999994898973    1.0000300000014898938  0.000000
  1.0000169999998700376    1.0000300000010000634  0.000000
  1.0000170000001999959    1.0000300000000699185  0.000000
  1.0000170000000700998    1.0000299999997999123  0.000000
  1.0000169999997299275    1.0000300000001300926  0.000000
  1.0000170000003500981    1.0000299999993500499  0.000000
  1.0000170000001400439    1.0000299999995498901  0.000000
  1.0000170000001000759    1.0000299999999500145  0.000000
  1.0000170000001300519    1.0000300000002699807  0.000000
  1.0000170000001200599    1.0000300000001500766  0.000000
