-12                       10                      1795769.000000
-13                       11                      2496596.000000
-11                       11                      1210144.000000
 -8                       14                      250081.000000
  1                       23                      48400.000000
 28                       50                      53876329.000000
-13                       50                      1416296.000000
  6                      -13                      240125.000000
 15                       -4                      5244296.000000
 -2                       10                      3609.000000
 -7                       46                      964.000000
-14                       76                      1440225.000000
-10                       33                      449021.000000
 -2                       26                      48409.000000
-22                      154                      10890529.000000
 -4                       10                      3625.000000
 -5                       46                      44136.000000
 -4                       19                      925.000000
 -9                       55                      67700.000000
 -4                       21                      2525.000000
 -7                       44                      2564.000000
 -5                       27                      436.000000
 -8                       51                      16981.000000
  0                      -13                      16901.000000
 -2                        0                      1609.000000
 -6                       35                      149.000000
 -9                       59                      48500.000000
 -2                       18                      19609.000000
 -4                       16                      25.000000
 -3                        1                      6416.000000
  2                      -41                      202501.000000
 -2                       12                      6409.000000
 -5                       24                      136.000000
 16                      -47                      9181125.000000
-10                      -184                      8065721.000000
-15                      102                      1513156.000000
 -2                       19                      22509.000000
 -3                        5                      1616.000000
 -5                       28                      936.000000
  6                       -3                      152125.000000
 -2                      116                      1254409.000000
 -4                       15                      125.000000
  0                        3                      901.000000
 -3                        7                      416.000000
 -5                       20                      2536.000000
 -7                       66                      28964.000000
  1                       44                      184900.000000
 -4                       13                      925.000000
 -6                       31                      2549.000000
 -2                        8                      1609.000000
 -3                       36                      72916.000000
 -4                       20                      1625.000000
 -5                       13                      14436.000000
 -4                        6                      10025.000000
 -3                       22                      16916.000000
 -4.5                     20                      36.500000
 -4.5                     21                      86.500000
 -4.3799999999999998934   20                      95.464736
 -4.5                     18                      536.500000
 -4.1799999999999997158   11                      4216.028576
 -3.9900000000000002132   16                      25.538501
 -4.3799999999999998934   13                      3853.624736
 -3.4900000000000002132   12                      23.403701
 -2.9900000000000002132    8                      104.298901
 -3.5                     12                      26.500000
 -3.8700000000000001066   15                      23.770261
 -1.9599999999999999645    0                      1484.550656
 -3.9300000000000001599   16                      55.118501
 -3.3599999999999998757   11                      27.396416
 -3.8399999999999998579   15                      29.897536
 -3.7999999999999998224   17                      678.400000
 -2.9900000000000002132   15                      3688.158901
 -3.5400000000000000355   11                      255.191456
 -3.5800000000000000711   13                      24.347296
 -3.7799999999999998046   14                      31.165856
 -3.6299999999999998934   13                      24.566261
 -3.2900000000000000355   12                      156.678181
 -3.5400000000000000355   14                      236.231456
 -3.3199999999999998401   11                      18.712576
 -2.8100000000000000533    8                      15.595621
 -1.2800000000000000266   -1                      701.313856
 -3.7999999999999998224   13                      230.400000
 -2.2599999999999997868    4                      133.305376
 -3.4700000000000001954   12                      20.148181
 -2.6600000000000001421    7                      13.967136
 -2.2599999999999997868    5                      11.785376
 -1.75                     2                      120.453125
 -2.9300000000000001599    9                      32.675701
 -1.2600000000000000089   -1                      674.674976
 -2.2599999999999997868    6                      90.265376
 -2.2599999999999997868    7                      368.745376
 -1.2600000000000000089    4                      587.074976
 -2.2599999999999997868   15                      9796.585376
 -1.0600000000000000533   -1                      455.211296
 -2.4599999999999999645    6                      12.237856
 -1.9099999999999999201    3                      50.471461
 -2.5899999999999998579    7                      21.408661
 -2.5600000000000000533   10                      1200.440896
 -1.7600000000000000089    8                      2410.970176
 -2.5600000000000000533   -1                      5718.360896
 -2.0600000000000000533    4                      15.297696
 -2.2099999999999999645    7                      458.007381
 -2.1600000000000001421    5                      21.167936
 -2.2700000000000000178    6                      82.450741
 -2.3599999999999998757    5                      43.734016
 -2.1600000000000001421    4.6500000000000003553  10.009936
 -1.8600000000000000977    3.6499999999999999112  11.804816
 -2.5600000000000000533    5.6500000000000003553  94.322896
 -2.0400000000000000355    4.6500000000000003553  33.095056
 -2.2599999999999997868    5.6500000000000003553  40.047376
 -2.1099999999999998757    5.6500000000000003553  153.168541
 -2.1299999999999998934    3.6499999999999999112  88.456061
 -1.8600000000000000977    3.6000000000000000888  10.150816
 -2.0870000000000001883    4.3499999999999996447  9.532670
 -1.8669999999999999929    3.3500000000000000888  10.060839
 -2.0369999999999999218    4.3499999999999996447  13.248649
 -2.3769999999999997797    5.3499999999999996447  20.411871
 -1.9970000000000001084    4.3499999999999996447  22.085757
 -2.1669999999999998153    5.3499999999999996447  52.816009
 -1.9870000000000000995    5.3499999999999996447  205.435184
 -2.1070000000000002061    2.3500000000000000888  446.233161
 -1.8680000000000001048    3.4500000000000001776  8.380849
 -1.2079999999999999627    0.4500000000000000111  106.736646
 -1.9379999999999999449    3.4500000000000001776  17.985899
 -2.0880000000000000782    4.4500000000000001776  10.350359
 -1.9179999999999999272    3.4500000000000001776  13.746191
 -1.768000000000000016     2.4500000000000001776  53.335632
 -1.8080000000000000515    4.4500000000000001776  147.393089
 -1.2110000000000000764    0.75                   56.228755
 -1.8600000000000000977    3.4599999999999999645  8.179616
 -1.8400000000000000799    3.4900000000000002132  9.155536
 -1.8400000000000000799    3.3900000000000001243  8.067536
 -1.7800000000000000266    3.3900000000000001243  12.639056
 -1.7700000000000000178    3.3900000000000001243  14.282941
 -1.8300000000000000711    3.3900000000000001243  8.177821
 -1.8100000000000000533    3.3900000000000001243  9.193421
 -1.8500000000000000888    3.3900000000000001243  8.228125
 -1.6399999999999999023    3.3900000000000001243  56.025616
 -1.8300000000000000711    4.3899999999999996803  116.397821
 -1.7800000000000000266    3.1800000000000001599  7.741856
 -1.6000000000000000888    2.1800000000000001599  21.200000
 -1.7399999999999999911    3.1800000000000001599  9.830176
 -1.7900000000000000355    3.1800000000000001599  7.842181
 -1.7299999999999999822    3.1800000000000001599  10.953541
 -1.8100000000000000533    3.1800000000000001599  8.819621
 -1.5800000000000000711    3.1800000000000001599  53.387296
 -1.7800000000000000266    4.1799999999999997158  110.061856
 -1.6000000000000000888    2.5499999999999998224  6.770000
 -1.0600000000000000533    0.55000000000000004441 37.145296
 -1.5800000000000000711    2.5499999999999998224  6.943696
 -1.3999999999999999112    1.5500000000000000444  22.570000
 -1.6899999999999999467    2.5499999999999998224  16.605821
 -1.3999999999999999112    2.5499999999999998224  40.570000
 -1.5700000000000000622    3.5499999999999998224  124.349101
 -1.0600000000000000533    0.66000000000000003109 25.736096
 -1.3999999999999999112    1.9599999999999999645  5.760000
 -0.80000000000000004441  -0.04000000000000000083 49.480000
 -1.4199999999999999289    1.9599999999999999645  6.174496
 -1.2199999999999999734    0.95999999999999996447 32.849056
 -1.5100000000000000089    1.9599999999999999645  16.546501
 -1.1999999999999999556    1.9599999999999999645  31.880000
 -1.3999999999999999112    2.9599999999999999645  105.760000
 -0.80000000000000004441   0.19000000000000000222 23.490000
 -1.1999999999999999556    1.4299999999999999378  4.850000
 -0.5999999999999999778   -0.56999999999999995115 89.050000
 -1.2700000000000000178    1.4299999999999999378  8.498141
 -1.1799999999999999378    1.4299999999999999378  4.893776
 -0.97999999999999998224   0.42999999999999999334 32.052816
 -1.3000000000000000444    1.4299999999999999378  12.050000
 -1.3999999999999999112    2.4300000000000001599  27.850000
 -1.0600000000000000533    2.4300000000000001599  174.911696
 -0.5999999999999999778   -0.16000000000000000333 29.600000
 -1.25                     1.5700000000000000622  5.068125
 -1.1299999999999998934    1.2900000000000000355  4.554061
 -1.0700000000000000622    1.1499999999999999112  4.287501
 -1.0900000000000000799    1.1499999999999999112  4.513261
 -0.95999999999999996447   0.86999999999999999556 4.107856
 -0.83999999999999996891   0.58999999999999996891 4.721936
 -0.93999999999999994671   0.86999999999999999556 3.782096
 -0.86999999999999999556   0.72999999999999998224 3.569261
 -0.76000000000000000888   0.4500000000000000111  4.725776
 -0.98999999999999999112   0.97999999999999998224 3.960101
 -0.9000000000000000222    0.83999999999999996891 3.700000
 -0.78000000000000002665   0.58999999999999996891 3.202256
 -0.68000000000000004885   0.4000000000000000222  3.211776
 -0.75                     0.47999999999999998224 3.743125
 -0.85999999999999998668   0.75                   3.470416
 -0.77000000000000001776   0.60999999999999998668 3.162141
 -0.71999999999999997335   0.55000000000000004441 3.058256
 -0.64000000000000001332   0.39000000000000001332 2.728016
 -0.53000000000000002665   0.20999999999999999223 2.843581
 -0.57999999999999996003   0.3499999999999999778  2.514896
 -0.47999999999999998224   0.23000000000000000999 2.190416
 -0.4000000000000000222    0.07000000000000000666 2.770000
 -0.47999999999999998224   0.19000000000000000222 2.353616
 -0.32000000000000000666   0.02999999999999999889 2.266576
 -0.32000000000000000666   0.07000000000000000666 1.847376
 -0.23999999999999999112   0.01000000000000000021 1.764176
 -0.4000000000000000222    0.20999999999999999223 2.210000
 -0.38000000000000000444   0.17000000000000001221 1.969936
 -0.14000000000000001332  -0.05000000000000000278 1.784016
  0                       -0.20999999999999999223 5.410000
 -0.28999999999999998002   0.08000000000000000167 1.665781
 -0.39000000000000001332   0.14000000000000001332 1.946741
 -0.2000000000000000111    0                      1.600000
 -0.25                     0.07000000000000000666 1.568125
 -0.26000000000000000888   0.10000000000000000555 1.692576
 -0.16000000000000000333  -0.01000000000000000021 1.472336
 -0.10000000000000000555  -0.05999999999999999778 1.700000
 -0.20999999999999999223   0.05999999999999999778 1.489381
 -0.11999999999999999556  -0.02000000000000000042 1.372736
 -0.05999999999999999778  -0.07000000000000000666 1.665296
 -0.07000000000000000666  -0.08999999999999999667 2.045501
 -0.17999999999999999334   0.02000000000000000042 1.407776
 -0.14000000000000001332   0.01000000000000000021 1.308816
 -0.13000000000000000444   0.02000000000000000042 1.277861
 -0.07000000000000000666  -0.02000000000000000042 1.206901
 -0.02000000000000000042  -0.04000000000000000083 1.203616
 -0.02999999999999999889   0                      1.060981
  0.02000000000000000042   0.01000000000000000021 0.969616
  0.13000000000000000444  -0.05000000000000000278 1.204461
  0.07000000000000000666  -0.02999999999999999889 0.986701
  0.11000000000000000056   0.02000000000000000042 0.798341
  0.17999999999999999334   0.05000000000000000278 0.703376
  0.13000000000000000444   0.08999999999999999667 1.291261
  0.08999999999999999667   0                      0.834661
  0.25                     0.04000000000000000083 0.613125
  0.36999999999999999556   0.05999999999999999778 0.988261
  0.34000000000000002442   0.08999999999999999667 0.501136
  0.46999999999999997335   0.14000000000000001332 0.935381
  0.40999999999999997558   0.08000000000000000167 1.124261
  0.23999999999999999112   0.05999999999999999778 0.578176
  0.33000000000000001554   0.11000000000000000056 0.449021
  0.36999999999999999556   0.14999999999999999445 0.414061
  0.46999999999999997335   0.17999999999999999334 0.448181
  0.5                      0.23999999999999999112 0.260000
  0.57999999999999996003   0.32000000000000000666 0.203296
  0.47999999999999998224   0.28999999999999998002 0.625616
  0.46999999999999997335   0.20999999999999999223 0.292781
  0.68000000000000004885   0.38000000000000000444 0.781376
  0.4500000000000000111    0.20999999999999999223 0.308125
  0.5999999999999999778    0.32000000000000000666 0.320000
  0.48999999999999999112   0.23999999999999999112 0.260101
  0.5999999999999999778    0.3499999999999999778  0.170000
  0.67000000000000003997   0.41999999999999998446 0.192421
  0.68999999999999994671   0.42999999999999999334 0.308621
  0.54000000000000003553   0.28999999999999998002 0.211856
  0.64000000000000001332   0.38000000000000000444 0.217216
  0.56999999999999995115   0.30999999999999999778 0.207101
  0.66000000000000003109   0.44000000000000000222 0.117536
  0.83999999999999996891   0.44000000000000000222 7.079936
  0.60999999999999998668   0.44000000000000000222 0.613141
  0.58999999999999996891   0.44000000000000000222 1.012661
  0.6500000000000000222    0.44000000000000000222 0.153125
  0.70999999999999996447   0.44000000000000000222 0.494981
  0.63000000000000000444   0.44000000000000000222 0.322661
  0.16000000000000000333  -0.56000000000000005329 34.998336
  0.28000000000000002665   1.4399999999999999467  185.913856
  0.67000000000000003997   0.44000000000000000222 0.116821
 -0.33000000000000001554  -0.56000000000000005329 46.511621
 -0.33000000000000001554   1.4399999999999999467  178.951621
  2.6699999999999999289    0.44000000000000000222 4476.927221
  0.69999999999999995559   0.44000000000000000222 0.340000
  0.28000000000000002665   0.04000000000000000083 0.665856
  0.72999999999999998224   0.53000000000000002665 0.073741
  0.80000000000000004441   0.61999999999999999556 0.080000
  0.73999999999999999112   0.53000000000000002665 0.098576
  0.69999999999999995559   0.48999999999999999112 0.090000
  0.68999999999999994671   0.48999999999999999112 0.115421
  0.72999999999999998224   0.52000000000000001776 0.089541
  0.76000000000000000888   0.56000000000000005329 0.088576
  0.76000000000000000888   0.56999999999999995115 0.063376
  0.78000000000000002665   0.5999999999999999778  0.055456
  0.75                     0.56999999999999995115 0.068125
  0.80000000000000004441   0.64000000000000001332 0.040000
  0.83999999999999996891   0.69999999999999995559 0.028736
  0.86999999999999999556   0.72999999999999998224 0.089261
  0.78000000000000002665   0.60999999999999998668 0.048656
  0.95999999999999996447   0.69999999999999995559 4.912256
  0.66000000000000003109   0.69999999999999995559 7.106336
  0.85999999999999998668   0.69999999999999995559 0.176416
  0.80000000000000004441   0.69999999999999995559 0.400000
  1.3400000000000000799    0.69999999999999995559 120.149536
  0.80000000000000004441  -0.2999999999999999889  88.400000
  0.95999999999999996447   0.88000000000000000444 0.174656
  0.9000000000000000222    0.81999999999999995115 0.020000
  1.0800000000000000711    0.81999999999999995115 12.005696
  0.92000000000000003997   0.81999999999999995115 0.076096
  0.93999999999999994671   0.81999999999999995115 0.408096
  0.83999999999999996891   0.81999999999999995115 1.334336
  0.93000000000000004885   1.8200000000000000622  91.226501
  0.4000000000000000222    0.81999999999999995115 43.920000
  1.0800000000000000711    1.1799999999999999378  0.024896
  0.92000000000000003997   0.8499999999999999778  0.007696
  0.97999999999999998224   0.93999999999999994671 0.042016
  0.91000000000000003109   0.83999999999999996891 0.022261
  0.91000000000000003109   0.82999999999999996003 0.008461
  0.71999999999999997335   0.78000000000000002665 6.921856
  0.89000000000000001332   1.3500000000000000888  31.137341
  0.89000000000000001332   0.80000000000000004441 0.018341
  0.93999999999999994671   0.88000000000000000444 0.004896
  0.96999999999999997335   0.92000000000000003997 0.044581
  0.94999999999999995559   0.9000000000000000222  0.003125
  0.96999999999999997335   0.93999999999999994671 0.000981
  0.98999999999999999112   0.96999999999999997335 0.010301
  1.0300000000000000266    1.0600000000000000533  0.000981
  0.92000000000000003997   0.85999999999999998668 0.024896
  1.0800000000000000711    1.1499999999999999112  0.033296
  0.95999999999999996447   0.93000000000000004885 0.008656
  1.0300000000000000266    1.4399999999999999467  14.372581
  0.77000000000000001776   1.0800000000000000711  23.779541
  0.94999999999999995559   0.40999999999999997558 24.258125
  1.0300000000000000266    1.0500000000000000444  0.012781
  0.86999999999999999556   0.9000000000000000222  2.064661
  0.94999999999999995559   1.1399999999999999023  5.643125
  0.97079999999999999627   0.93999999999999994671 0.001454
  1.0291999999999998927    1.0600000000000000533  0.000908
  1.0584000000000000075    1.1200000000000001066  0.003415
  0.96919999999999995044   0.93999999999999994671 0.000991
  1.0147999999999999243    1.0300000000000000266  0.000222
  0.97479999999999999982   0.93999999999999994671 0.011111
  1.0747999999999999776    1.1499999999999999112  0.008294
  0.99480000000000001759   0.98999999999999999112 0.000041
  0.9347999999999999643    0.86999999999999999556 0.005734
  0.82479999999999997762   0.66000000000000003109 0.071884
  0.9848000000000000087    0.95999999999999996447 0.009896
  1.0147999999999999243    1.0400000000000000355  0.010584
  0.79479999999999995097   0.80000000000000004441 2.874359
  0.91479999999999994653   1.4899999999999999911  42.666570
  0.9848000000000000087    0.96999999999999997335 0.000234
  1.0047999999999999154    1.1899999999999999467  3.253608
  0.89480000000000003979   1.0100000000000000089  4.393096
  0.99519999999999997353   0.98999999999999999112 0.000041
  0.97519999999999995577   0.94999999999999995559 0.000718
  1.0048999999999999044    1.0100000000000000089  0.000027
  1.0348999999999999311    1.0700000000000000622  0.001322
  0.97489999999999998881   0.94999999999999995559 0.000649
  0.99490000000000000657   1                      0.010377
  1.0248999999999999222    1.2099999999999999645  2.547197
  0.90490000000000003766   1.0500000000000000444  5.352353
  1.035199999999999898     1.0700000000000000622  0.001508
  1.0044999999999999485    1.0100000000000000089  0.000116
  0.99750000000000005329   1                      0.002500
  0.95489999999999997105   0.92000000000000003997 0.008702
  0.95899999999999996358   1.1100000000000000977  3.623813
  1.0059000000000000163    1.0100000000000000089  0.000371
  1.0014000000000000679    1.0029999999999998916  0.000006
  0.99090000000000000302   0.9829999999999999849  0.000208
  0.99199999999999999289   0.9829999999999999849  0.000177
  1.0115000000000000657    1.0229999999999999094  0.000134
  0.99899999999999999911   1.0029999999999998916  0.002500
  0.95140000000000002345   0.9829999999999999849  0.608238
  0.99239999999999994884   1.1029999999999999805  1.395817
  1.0020000000000000018    1.0029999999999998916  0.000105
  0.99090000000000000302   0.98199999999999998401 0.000084
  1.0015000000000000568    1.0031000000000001027  0.000003
  1.0018000000000000238    1.0034000000000000696  0.000007
  0.99799999999999999822   0.99609999999999998543 0.000005
  1.0194000000000000838    1.053099999999999925   0.019763
  0.98150000000000003908   1.0477000000000000757  0.711965
  1.0014000000000000679    1.0019000000000000128  0.000083
  0.99980000000000002203   0.99960000000000004405 0.000000
  0.9947000000000000286    0.98909999999999997922 0.000039
  1.0027999999999999137    1.0058000000000000274  0.000012
  1.0033000000000000806    1.0065999999999999392  0.000011
  0.99929999999999996607   0.99870000000000003215 0.000001
  0.97980000000000000426   0.99619999999999997442 0.131394
  0.99839999999999995417   1.0496000000000000885  0.278760
  1                        0.9990999999999999881  0.000081
  0.99990000000000001101   0.99970000000000003304 0.000001
  0.99919999999999997708   0.99860000000000004317 0.000005
  0.99970000000000003304   0.99939999999999995506 0.000000
  1.0098000000000000309    1.0120999999999999996  0.005866
  1.0060999999999999943    0.97960000000000002629 0.106556
  0.99960000000000004405   0.99970000000000003304 0.000025
  0.999987999999999988     1                      0.000000
  0.99951199999999995605   0.99899999999999999911 0.000000
  0.9996310000000000473    0.99929999999999996607 0.000000
  0.99480000000000001759   0.99280000000000001581 0.001034
  0.9964199999999999724    1.0096000000000000529  0.028060
  0.99988399999999999501   0.99960000000000004405 0.000003
  1.0000209622200000315    1.0000430000000000152  0.000000
  0.99986900000000000777   0.99975000000000002753 0.000000
  0.99893799999999999262   0.99460000000000003961 0.001075
  1.0018000000000000238    0.99744500000000002604 0.003796
  0.99975999999999998202   1.0002189999999999692  0.000049
  0.99969600000000002904   0.99938899999999997181 0.000000
  1.0003770000000000717    1.0016000000000000458  0.000072
  0.99880000000000002114   1.0007539999999999214  0.000995
  0.99979799999999996452   0.99947500000000000231 0.000002
  0.99981284956600002811   0.99962600000000001454 0.000000
  0.99929999999999996607   0.9995789999999999953  0.000096
  0.99981063999999997272   0.99860000000000004317 0.000104
  0.99980539924250000361   0.99960999999999999854 0.000000
  0.99960000000000004405   0.99919627609999994711 0.000000
  0.99960000000000004405   0.99928276000000004764 0.000001
  0.99992689000000001265   0.9990999999999999881  0.000057
  0.99992963827546998967   1.000194494805459966   0.000011
  0.99970000000000003304   0.99943747999999998921 0.000000
  0.99970000000000003304   0.99960154999999994985 0.000004
  0.99980077999999994454   0.99980000000000002203 0.000004
  0.99980099219999996052   0.99959798450000003633 0.000000
  0.99990000000000001101   0.99980000000000002203 0.000000
  0.99981949039999995499   0.99970000000000003304 0.000000
  0.99975000000000002753   0.99963897999999995481 0.000002
  0.99983050959999997254   0.99946102000000003329 0.000004
  0.9998447842050000034    0.99967618749900000186 0.000000
  0.9996310000000000473    0.99924999999999997158 0.000000
  0.99969050000000003742   0.99937500000000001332 0.000000
  0.99981040070000004594   0.99965000000000003855 0.000000
  0.99982000000000004203   0.99957399810000002738 0.000000
  0.99976959929999997811   0.99957600189999995521 0.000000
  0.99985615043400000168   0.99972399999999994602 0.000000
  0.99984532521699998053   0.99969949999999996315 0.000000
  0.99979840559999999527   0.99958000000000002405 0.000000
  0.99978999999999995651   0.99960318869999997826 0.000000
  0.99981159440000000327   0.99961681130000001883 0.000000
  0.99980745032350004653   0.99961599999999994903 0.000000
  0.99980693755325000804   0.99961449999999996141 0.000000
  0.99979499999999998927   0.99959805580000005154 0.000000
  0.99979902787499996819   0.99960999999999999854 0.000000
  0.9998059721249999976    0.99959194419999997105 0.000000
  0.99980591201275004209   0.99961149999999998617 0.000000
  0.99979813376000004066   0.9995950000000000113  0.000000
  0.99979799999999996452   0.99960466560100003086 0.000000
  0.99980386623999994988   0.99960033439899997898 0.000000
  0.99980440704249995409   0.99961201550000000626 0.000000
  0.99980355333187997946   0.99960850774999998603 0.000000
  0.99980092678200005452   0.99960199999999999054 0.000000
  0.99980100000000005078   0.9995981464350000012  0.000000
  0.99979807321799996078   0.9995998535650000294  0.000000
  0.99980285844000005291   0.99960298449999995807 0.000000
  0.99980167727000002209   0.99960098837499999913 0.000000
  0.99980002269177004059   0.9995990000000000153  0.000000
  0.99979949999999995214   0.99959995461600004152 0.000000
  0.99980047730822996233   0.99960104538399996432 0.000000
  0.99980006541800003905   0.99959598449999997882 0.000000
  0.99980028075899995965   0.999597488374999954   0.000000
  0.99980016462581000614   0.99959949999999997416 0.000000
  0.99979980000000001628   0.99959958843549001628 0.000000
  0.99980003537419004367   0.99960091156451003069 0.000000
  0.99980052269176999946   0.99959904538400001783 0.000000
  0.99980026701882995788   0.999599272691999996   0.000000
  0.99979989999999996364   0.99960000162420004077 0.000000
  0.99980000081209996488   0.9996002000000000498  0.000000
  0.99980009918790002654   0.99959979837580004158 0.000000
  0.99980036462581001189   0.99959991156451000194 0.000000
  0.99980022346936003874   0.99959983078226000153 0.000000
  0.99979999850876999368   0.99959989999999998567 0.000000
  0.99979994999999999283   0.99960000298245998973 0.000000
  0.99980005149122996855   0.99960009701754004574 0.000000
  0.99979989918790002079   0.99959980162420003502 0.000000
  0.9997999245939499513    0.99959990121815001096 0.000000
  0.9998000200000000115    0.99960000689800998508 0.000000
  0.99980000275920000163   0.99959995000000001486 0.000000
  0.99979997724080005295   0.9996000431019900212  0.000000
  0.99980004850877002287   0.99959989701754003999 0.000000
  0.99980002388157995785   0.99959992350877002742 0.000000
  0.99979999655600004793   0.99959998000000005458 0.000000
  0.99979998999999997178   0.99960000688799999224 0.000000
  0.99980001344400004637   0.99960001311199997431 0.000000
  0.99980001724080003189   0.99960005689801001427 0.000000
  0.99980001362040005208   0.99960003017350995691 0.000000
  0.99979999500000005241   0.99960000579941998833 0.000000
  0.99980000289971004968   0.99960000999999998328 0.000000
  0.99980000210028996399   0.99959998420058004953 0.000000
  0.99980000655599998716   0.99959997311199999537 0.000000
  0.99980000241699995556   0.9995999815560000501  0.000000
  0.99980000001883995164   0.99959999499999996342 0.000000
  0.99979999799999996757   0.99959999995290005348 0.000000
  0.99980000198116003585   0.99960000504710000424 0.000000
  0.99979999210029002477   0.9995999957994200491  0.000000
  0.999799994800150027     0.99959999934957000089 0.000000
  0.99979999976755995483   0.99960000199999998749 0.000000
  0.99980000099999999374   0.9996000004648799564  0.000000
  0.99979999923244000648   0.99959999753511996623 0.000000
  0.9998000020188400061    0.99959999504709995399 0.000000
  0.99980000101413002422   0.99959999627355000662 0.000000
  0.99980000038204996926   0.99959999899999996131 0.000000
  0.99979999949999998066   0.99959999923590003856 0.000000
  0.99980000011795000514   0.99960000176410002126 0.000000
  0.99979999876755998311   0.99960000153511996412 0.000000
  0.99979999932566998577   0.99960000126755998995 0.000000
  0.99980000020000003857   0.99959999981858005391 0.000000
  0.99979999992742996096   0.99959999950000000268 0.000000
  0.99979999987256995553   0.99960000068141996454 0.000000
  0.99980000088205001063   0.9995999997640999668  0.000000
  0.99980000053653994563   0.99959999963205004025 0.000000
  0.99979999998775004322   0.99959999980000002751 0.000000
  0.99979999990000001375   0.99960000002450999368 0.000000
  0.99980000011225000911   0.99960000017548999995 0.000000
  0.99980000027256998862   0.99960000031857998426 0.000000
  0.99980000018629000547   0.99960000011394001262 0.000000
  0.99979999997145996282   0.99960000010000005233 0.000000
  0.99980000005000002616   0.99960000005708005144 0.000000
  0.99979999997853996607   0.99959999984292002839 0.000000
  0.99980000008775005149   0.99959999977548996686 0.000000
  0.99980000004081004406   0.99959999983775005283 0.000000
  0.99979999998486002166   0.99960000005000004819 0.000000
  0.99980000002000002368   0.99960000003784998945 0.000000
  0.99979999999514002074   0.99959999991214998349 0.000000
  0.99979999992145995868   0.99960000004292004494 0.000000
  0.99979999995359003506   0.99960000004645999105 0.000000
  0.99979999999417001888   0.9995999999800000424  0.000000
  0.9997999999900000212    0.99960000001166005035 0.000000
  0.999800000015830026     0.99960000000834003941 0.000000
  0.99979999996486002001   0.99960000001214999177 0.000000
  0.99979999997864998917   0.99960000001857995944 0.000000
  0.99979999999797997123   0.99960000001000004488 0.000000
  0.99980000000500002244   0.99960000000404003462 0.000000
  0.99979999999701996138   0.99959999998596005266 0.000000
  0.99980000000417001971   0.99959999996834003611 0.000000
  0.99980000000062996257   0.99959999997917003967 0.000000
  0.9997999999983899766    0.99959999999500004364 0.000000
  0.99979999999799995525   0.99960000000404003462 0.000000
  0.99980000000361002321   0.9996000000009600539  0.000000
  0.99979999999297997082   0.99960000000596005432 0.000000
  0.99979999999598001548   0.99960000000547999388 0.000000
  0.99979999999984003889   0.99960000000199999981 0.000000
  0.99980000000099999991   0.99960000000031001832 0.000000
  0.99979999999916002729   0.99959999999769000301 0.000000
  0.99980000000039004338   0.99959999999096005308 0.000000
  0.99979999999978996783   0.99959999999422999295 0.000000
  0.99979999999999003002   0.99960000000100002193 0.000000
  0.99980000000049995545   0.99960000000002002807 0.000000
  0.99979999999950996958   0.99959999999897997114 0.000000
  0.99979999999883994999   0.99960000000169002554 0.000000
  0.99979999999937996247   0.99960000000134996423 0.000000
  0.99979999999984003889   0.9995999999994999996  0.000000
  0.99979999999979995984   0.99960000000041004942 0.000000
  0.99980000000035995633   0.99960000000008997212 0.000000
  0.99979999999948998557   0.99960000000098003792 0.000000
  0.99979999999974000779   0.9996000000007400077  0.000000
  0.99979999999994995097   0.99960000000019999522 0.000000
  0.99980000000010005312   0.99960000000008997212 0.000000
  0.99979999999994995097   0.9995999999997100538  0.000000
  0.99980000000066004961   0.9996000000005199615  0.000000
  0.99980000000045998743   0.99960000000027005029 0.000000
  0.99980000000002000604   0.99959999999990001296 0.000000
