  5                      -20                      154575360.000000
  4                      -18                      83824402.000000
  1                      -12                      8136736.000000
 -8                        6                      21922.000000
-35                       60                      87098496640.000000
 -3                      -14                      19641152.000000
  2                       17                      36715138.000000
 -2                        5                      3026.000000
 16                        2                      962.000000
 70                       -7                      458306.000000
 10                        9                      561250.000000
  4                       -2                      530.000000
  1                       -8                      831392.000000
 22                       -5                      73730.000000
  4                        3                      970.000000
 16                       -3                      6682.000000
  7                        2                      1448.000000
-32                      -14                      19564418.000000
  1                        1                      1700.000000
 42                       48                      22425685490.000000
 54                      -40                      9022532866.000000
-18                        0                      3170.000000
 22                       14                      10670258.000000
-16                        5                      2746.000000
 11                       18                      52707496.000000
 -2                       -3                      4018.000000
 -6                       -5                      62306.000000
  1                        8                      238496.000000
 -2                        1                      2018.000000
  5                        3                      916.000000
 -1                       -1                      292.000000
-16                        2                      4162.000000
 -8                       -0                      1810.000000
 -2                       -6                      170578.000000
  3                        1                      1508.000000
-11                       -3                      3172.000000
 -3                        9                      553268.000000
 -6                       -1                      562.000000
  9                       -2                      800.000000
 -2                       -1                      338.000000
 -7                        0                      1696.000000
  1                       -2                      416.000000
 -4                        0                      1378.000000
  0                       -2                      386.000000
 -3                        0                      1280.000000
 -1                       -2                      360.000000
 -2                        0                      1186.000000
  4                        1                      1418.000000
 -3                        4                      128.000000
 -9                       19                      73984052.000000
-11                       -0                      2176.000000
 -2                        4                      98.000000
 -2                        7                      85298.000000
 -4                        9                      552682.000000
 -2                        2                      2258.000000
  1                        4                      32.000000
 10                        4                      50.000000
 12                        9                      562538.000000
  2                        2                      1858.000000
 21                        4                      512.000000
  2                       -6                      172738.000000
-19                        4                      1152.000000
 -8                        2                      2978.000000
  5                       -1                      100.000000
 -9                        2                      3112.000000
  0                        3                      1226.000000
  6                        9                      558722.000000
  5                        2                      1600.000000
 -4                        3                      1546.000000
  4                        2                      1682.000000
 -1                        4                      72.000000
  2                        5                      3250.000000
 -3                        3.5099999999999997868  675.893673
  3                        4.4900000000000002132  551.727811
  2                        4.25                   104.797363
 -2                        3.75                   303.219238
  1                        4.1299999999999998934  32.210565
  3                        4.1299999999999998934  25.256165
  5                        4.2000000000000001776  84.944128
  3                        4                      8.000000
  4                        3.9399999999999999467  12.245230
  5                        4.1299999999999998934  34.301765
  2                        4.0300000000000002487  13.918726
  2                        3.8999999999999999112  54.279802
  3                        4.0700000000000002842  8.486375
  4                        4.0400000000000000355  2.482876
  5                        4.0499999999999998224  4.816025
  4                        3.9700000000000001954  5.553796
  5                        4.0099999999999997868  0.187635
  6                        4.0199999999999995737  4.040308
  5                        4.0800000000000000711  12.573705
  4                        4                      2.000000
  5                        3.9700000000000001954  1.644596
  6                        3.9799999999999999822  1.460595
  5                        3.9799999999999999822  0.735795
  4                        4.0099999999999997868  1.546435
  6                        3.9900000000000002132  1.546371
  8                        4.0099999999999997868  20.111235
  6                        4.0099999999999997868  2.828835
  3                        4.0099999999999997868  6.905235
  5                        3.0099999999999997868  904.653306
  7                        4.0099999999999997868  9.470035
  8                        3.9199999999999999289  14.182275
  5                        4                      0.000000
  6                        4                      2.000000
  5                        5                      3460.000000
  4                        4.0300000000000002487  1.780326
  5.5                      3.9900000000000002132  0.365771
  4.5                      4.0199999999999995737  0.613108
  5.25                     4                      0.125000
  5.25                     3.9900000000000002132  0.150471
  5.1900000000000003908    4                      0.072200
  5.5                      3.7400000000000002132  98.362923
  4.7400000000000002132    3.5                    338.581450
  5.1900000000000003908    4.2000000000000001776  87.539528
  4.9400000000000003908    4.0099999999999997868  0.156363
  5.1699999999999999289    4                      0.057800
  5.2000000000000001776    4.0199999999999995737  1.092468
  4.9800000000000004263    4.2000000000000001776  84.679328
  4.9400000000000003908    3.9700000000000001954  1.766348
  4.9199999999999999289    4.0099999999999997868  0.149139
  5.0999999999999996447    4.0199999999999995737  0.903988
  4.9800000000000004263    4.0999999999999996447  19.775002
  4.9817000000000000171    4                      0.000670
  5.0617000000000000881    3.9900000000000002132  0.153371
  4.955400000000000027     4.0049999999999998934  0.036447
  5.0262999999999999901    3.9950000000000001066  0.039421
  4.9730999999999996319    4.0025000000000003908  0.008810
  5.0086000000000003851    3.9975000000000000533  0.010403
  4.9820000000000002061    4.0012999999999996348  0.002303
  4.999699999999999811     3.9986999999999999211  0.003173
  4.9863999999999997215    4.000700000000000145   0.000674
  4.9953000000000002956    3.999299999999999855   0.001168
  4.9885999999999999233    4.0003999999999999559  0.000266
  4.9500000000000001776    4.008799999999999919   0.121983
  4.991200000000000081     3.9500000000000001776  4.536051
  5.0518999999999998352    4.0021000000000004349  0.020597
  4.9930000000000003268    4.0000999999999997669  0.000072
  5.0044000000000004036    3.999699999999999811   0.000122
  5.0004999999999997229    3.999899999999999789   0.000016
  4.9800000000000004263    3.9862999999999999545  0.364989
  5.0137000000000000455    3.9799999999999999822  0.718701
  5.0000999999999997669    4.000300000000000189   0.000170
  4.999699999999999811     4                      0.000000
  4.9992000000000000881    4.0000999999999997669  0.000015
  4.9995000000000002771    4.0000999999999997669  0.000016
  4.9900000000000002132    4.0003999999999999559  0.000242
  4.9996000000000000441    3.9900000000000002132  0.185427
  5.0019000000000000128    4                      0.000007
  5.0000409000000001214    3.9999990292100000566  0.000000
  4.9996590999999996896    4.0000009707900003875  0.000000
  4.9997545499999995755    4                      0.000000
  5.0049999999999998934    3.9987490000000001089  0.002565
  4.9987490000000001089    3.9950000000000001066  0.046849
  4.9999625099999995825    4.0000629999999999242  0.000007
  4.9999358560161999421    4.0000006636903000512  0.000000
  4.9999454500000002355    4                      0.000000
  4.9980000000000002203    3.9999899999999999345  0.000009
  5.0000099999999996214    3.9980000000000002203  0.007445
  5.0000198999999998506    4.0000201000000004115  0.000001
  4.9999100541999998981    4.0000010851000000756  0.000000
  5.001000000000000334     3.9997009999999999508  0.000149
  4.9997009999999999508    3.9990000000000001101  0.001882
  4.9999929899999999705    4.0000129900000001015  0.000000
  5.0004999999999997229    3.9999939499999999093  0.000000
  4.9999454500000002355    3.9999995146049998063  0.000000
  4.9995000000000002771    3.9998301500000001951  0.000060
  5.0001698499999998049    3.999499999999999833   0.000460
  5.0000033014999996084    4.000006698500000013   0.000000
  4.9999100541999998981    4.0000203106049996293  0.000001
  5.0002000000000004221    3.9999800500000000092  0.000001
  5.0000199500000004349    4.0002000000000004221  0.000075
  4.9999978005000000891    3.9999981994999997958  0.000000
  4.9999789950000002037    3.9999981994999997958  0.000000
  4.9999000000000002331    3.9999387300000002199  0.000007
  5.0000612699999997801    3.999899999999999789   0.000018
  5.0000003873000000709    4.0000016127000002086  0.000000
  4.999999947500000097     4.0000091497500003257  0.000000
  4.9999500000000001165    4.0000409309000000135  0.000003
  4.9999590690999999865    3.9999500000000001165  0.000005
  5.0000016156739999218    3.9999995124478999742  0.000000
  5.0001050439838001793    3.9999983655197000054  0.000000
  5.00006274699190012      3.9999989400623499058  0.000000
  4.9999983027999999052    3.999979999999999869   0.000001
  4.999979999999999869     4.0000016972000000948  0.000000
  5.0000088090631997773    4.0000074309368001124  0.000000
  4.9999781530081000014    4.0000000891476501508  0.000000
  4.9999900000000003786    4.0000063730999997347  0.000000
  5.0000063730999997347    4.0000099999999996214  0.000000
  5.0000036268999998867    3.9999836269000001998  0.000000
  4.9999896885000003621    4.0000062915000000885  0.000000
  4.9999930917500003957    4.0000063932499996255  0.000000
  5.0000025168770001471    3.9999950000000001893  0.000000
  4.9999950000000001893    3.9999974831229998529  0.000000
  5.0000024831229996636    4.0000075168769999578  0.000000
  4.9999998982499995748    4.0000065967499995878  0.000000
  5.000000740884000372     3.9999980000000001645  0.000000
  4.9999979999999997204    3.9999992591160000721  0.000000
  5.0000012591159999076    4.0000027408839997634  0.000000
  5.0000055010000004074    4.0000084989999997731  0.000000
  5.0000035758749996617    4.0000059241250003339  0.000000
  4.9999993433440002022    3.9999989999999998602  0.000000
  4.9999989999999998602    4.0000006566559997978  0.000000
  5.0000016566559999376    4.000000343344000342   0.000000
  4.9999974132000000182    3.9999965868000000313  0.000000
  4.9999981567249998093    3.9999978432750000756  0.000000
  5.0000002633499400773    4.0000004999999996258  0.000000
  5.0000004999999996258    3.9999997366500599227  0.000000
  4.9999992366500602969    3.9999997633499400074  0.000000
  5.000000343344000342     3.9999983433440000624  0.000000
  5.0000000075080004436    3.9999989216720002183  0.000000
  4.9999998000000003273    4.0000001858391600607  0.000000
  5.0000001858391600607    4.0000001999999996727  0.000000
  5.000000014160839612     3.9999996141608398226  0.000000
  4.9999997633499395633    4.0000007633499397031  0.000000
  4.9999999475124603521    4.0000005066749704241  0.000000
  4.9999999006822202219    3.9999999000000001637  0.000000
  4.9999998999999997196    4.0000000993177797781  0.000000
  5.0000001993177800585    4.0000000006822196141  0.000000
  4.9999996141608402667    3.9999999858391599439  0.000000
  4.9999997570804204372    4.0000000393793699871  0.000000
  5.0000000121639800454    3.9999999499999998598  0.000000
  4.9999999500000003039    3.9999999878360199546  0.000000
  5.0000000378360196507    4.0000000621639797416  0.000000
  5.0000000006822196141    3.9999998006822199415  0.000000
  4.9999999755116704137    3.9999998753411101227  0.000000
  4.9999999914772104148    4.0000000199999998785  0.000000
  5.0000000199999998785    4.0000000085228002433  0.000000
  4.9999999885227897067    3.9999999714771998782  0.000000
  5.0000000621639797416    3.9999999621639799052  0.000000
  5.0000000341229897671    3.9999999685819900286  0.000000
  4.9999999970813400196    4.0000000099999999392  0.000000
  5.0000000099999999392    4.0000000029186599804  0.000000
  4.9999999929186600411    3.9999999870813400804  0.000000
  4.9999999714772096482    4.0000000114771996351  0.000000
  4.9999999836079096482    4.0000000107386002313  0.000000
  5.0000000050000004137    4.0000000005310702988  0.000000
  5.0000000005310702988    3.9999999950000000304  0.000000
  4.9999999944689301756    4.0000000044689301149  0.000000
  4.9999999870813400804    4.0000000070813399589  0.000000
  4.9999999928110003822    4.0000000060406701863  0.000000
  5.0000000020000001655    3.9999999989747099249  0.000000
  4.9999999989747099249    3.9999999979999998345  0.000000
  4.9999999990252899096    4.0000000030252902405  0.000000
  5.0000000044689301149    4.0000000055310698244  0.000000
  5.0000000034844696017    4.0000000028983002665  0.000000
  5.0000000010000000827    4.0000000006277600662  0.000000
  5.0000000006277600662    3.9999999989999999173  0.000000
  4.9999999983722398511    4.0000000003722400166  0.000000
  5.0000000030252902405    4.0000000009747100904  0.000000
  5.0000000020126496025    4.000000000231030306   0.000000
  4.9999999994999999586    4.0000000002654401143  0.000000
  5.0000000002654401143    4.0000000005000000414  0.000000
  5.000000000234559927     3.9999999992345598443  0.000000
  5.0000000003722400166    4.0000000016277601489  0.000000
  5.0000000004361195849    4.0000000009708198689  0.000000
  5.0000000002000000165    3.9999999998960298342  0.000000
  4.9999999998960298342    3.9999999997999999835  0.000000
  4.9999999999039701493    4.0000000003039701824  0.000000
  4.9999999992345598443    3.999999999765440073   0.000000
  4.9999999994922799118    3.999999999949079843   0.000000
  4.9999999998999999917    4.0000000000388302723  0.000000
  5.0000000000388302723    4.0000000001000000083  0.000000
  5.0000000000611697359    3.9999999998611701635  0.000000
  5.0000000003039701824    4.0000000000960298507  0.000000
  5.0000000002019904244    4.0000000000220197194  0.000000
  5.0000000000500000041    3.9999999999803699247  0.000000
  4.9999999999803703687    3.9999999999499999959  0.000000
  4.9999999999696296271    4.0000000000696296354  0.000000
  4.9999999998611697194    3.99999999993882982    0.000000
  4.9999999999055901867    3.9999999999791198135  0.000000
  4.9999999999933200101    3.9999999999799999983  0.000000
  4.9999999999799999983    4.0000000000066799899  0.000000
  5.0000000000266799915    4.0000000000133200118  0.000000
  5.0000000000696296354    4.0000000000303703729  0.000000
  5.0000000000473203698    4.000000000010279777   0.000000
  4.9999999999899999992    3.9999999999966999731  0.000000
  4.9999999999967004172    4.0000000000100000008  0.000000
  5.0000000000132995837    3.9999999999933000261  0.000000
  5.0000000000133200118    3.9999999999733200085  0.000000
  5.0000000000049897864    3.9999999999816600038  0.000000
  5.0000000000049995563    3.9999999999969899633  0.000000
  4.9999999999969899633    3.9999999999949999996  0.000000
  4.9999999999980095922    4.000000000008009593   0.000000
  4.999999999993299582     3.9999999999866999723  0.000000
  4.9999999999941495687    3.9999999999925202054  0.000000
  4.9999999999979998222    4.0000000000010098589  0.000000
  5.0000000000010098589    4.0000000000020001778  0.000000
  5.0000000000009903189    3.9999999999969899633  0.000000
  5.000000000008009593     4.0000000000019904078  0.000000
  5.0000000000052500226    4.0000000000002398082  0.000000
  5.0000000000004103384    4.0000000000010000889  0.000000
  5.0000000000010000889    3.9999999999995901057  0.000000
  4.9999999999985895727    3.9999999999994098054  0.000000
  4.9999999999969899633    3.9999999999990101252  0.000000
  4.9999999999979900522    3.9999999999997601918  0.000000
  4.9999999999994999555    4.0000000000004103384  0.000000
  5.0000000000004103384    4.0000000000005000445  0.000000
  5.000000000000089706     3.9999999999990900612  0.000000
  4.9999999999994102495    4.0000000000014104273  0.000000
  4.9999999999998099298    4.0000000000009601209  0.000000
  5.000000000000049738     4.0000000000001998401  0.000000
  5.0000000000001998401    3.9999999999999498179  0.000000
  4.9999999999997504219    3.9999999999998498978  0.000000
  4.9999999999990896171    3.9999999999999098499  0.000000
  4.9999999999994200195    4.0000000000000603961  0.000000
  4.9999999999998996358    3.9999999999999498179  0.000000
  4.999999999999950262     4.0000000000001003642  0.000000
  5.0000000000001501022    3.9999999999999498179  0.000000
  4.9999999999998498978    4.0000000000002495781  0.000000
