2.531217067023873e6
1.5947223402686346e8
1.603079345485945e8
5.221629802186561e12
1.612439081088491e8
1.6039713401710162e8
1.1344288479475351e7
2.6987380730325696e6
2.5289304529401553e6
5.076989339555317e12
2.383672140064413e6
2.533506297434023e6
1.1621390526633283e7
2.1430195824203244e6
1.8460469496577382e6
1.7819980120366607e6
2.7481150082608243e6
3.496275450856262e196
2.7481150082608243e6
8.862514116413642e190
2.000558127605276e7
2.6987380730325696e6
2.0005581739263732e7
2.7481150082608243e6
2.0005552860638496e7
5.63661696814876e95
1.4533759194922945e97
1.438952702784466e94
2.0005450556029636e7
2.000491744479103e7
2.7481150082608243e6
1.7812781885316921e6
1.9277715976099665e6
1.9950090101702712e7
1.7827437441516186e6
1.7422303335438254e6
1.481772066674283e48
2.1430195824203244e6
9.564577349569898e94
2.993604516221251e96
1.9233082890486019e6
2.0005290826659564e7
2.000403335739988e7
2.130158123031041e6
2.1430195824203244e6
2.770814410961234e47
1.7827437441516186e6
6.587575638557595e47
1.9950090101702712e7
1.8495864952430336e6
1.992065666490097e7
2.1430195824203244e6
1.742815049903028e6
1.7734145619496973e6
2.2042105196753545e24
1.741652927253428e6
1.7467568098547081e6
1.855902233802732e7
1.740520044879051e6
1.7383420009559644e6
1.7343367964124577e6
1.7277299205361186e6
1.720130301626134e6
1.7273875951769329e6
1.742815049903028e6
1.7141400356073761e6
Inf
1.7273875951769329e6
1.0976612213469665e7
2.000558174e7
1.4743948345099783e7
1.8304286859658065e6
Inf
1.0976612213469665e7
1.7220614529511181e6
2.000558174e7
1.4743948345099783e7
1.4743948345099783e7
1.092139057184269e7
1.7025744858164755e6
Inf
1.720130301626134e6
1.75675810232382e6
2.000558174e7
1.7726009370113043e6
Inf
1.1189439726648929e7
2.000558174e7
2.000558174e7
1.4880670340748144e7
Inf
1.7726009370113043e6
1.7141400356073761e6
2.000558174e7
1.1135139453046918e7
1.7220614529511181e6
Inf
1.7273875951769329e6
1.7726009370113043e6
6.983433108708633e6
7.24412133912849e6
Inf
3.924211991581801e8
4.200478981422482e8
2.000558174e7
1.7726009370113043e6
1.7025546998024308e6
2.000558174e7
4.1641783292432628e6
1.7045350541383666e6
Inf
1.1965101197485743e7
1.7083374746978811e6
Inf
4.13051662437746e8
2.000558174e7
2.000558174e7
7.047968161775888e6
Inf
1.7083374746978811e6
1.7044756960962326e6
4.104919084991452e6
Inf
1.7025744858164755e6
1.234398838915238e7
2.000558174e7
1.7083374746978811e6
1.7032726001608511e6
3.1201808033211147e6
2.0005581734825313e7
1.702321995020972e6
2.6054308412211933e6
6.403758436927634e188
1.7033121721889405e6
1.1778039109076325e7
1.2535813492409596e7
Inf
4.075597003789574e6
4.1941154922931963e6
2.000558174e7
1.7033121721889405e6
1.7025546998024308e6
3.0668301989901187e6
2.0005581734844085e7
1.7025744858164755e6
2.6265897148213508e6
6.357380700491483e188
1.7033121721889405e6
2.0005230799545996e7
1.9012948272027057e6
1.7023875909716035e6
4.991409595158309e94
2.027665073244503e6
1.7023776979645814e6
1.7033121721889405e6
1.991387393542373e7
1.986276347257856e7
1.9946057590852406e7
4.609857194315918e47
1.0558899584074203e48
1.9174354254427474e47
1.7033121721889405e6
1.7023245489855395e6
1.7467451152494007e6
1.792580945271102e24
1.702327022237295e6
1.6897770342150019e6
1.853034325364765e7
1.7826053283279242e6
1.6887231445337415e6
1.7826053283279242e6
2.9944671817495137e47
1.690863221873718e6
1.7467451152494007e6
1.989137978709209e7
1.6867122591035876e6
1.6830780639727442e6
1.677359976628919e6
1.6721250136127137e6
1.6864599342660867e6
2.000558174e7
1.8446738464384747e6
1.6864599342660867e6
Inf
1.1225073581894282e7
1.690863221873718e6
1.6864599342660867e6
1.677359976628919e6
2.000558174e7
7.169448033009316e6
1.6751583328251033e6
Inf
2.110280132079805e8
1.6864599342660867e6
1.673708959842242e6
2.0005577270406444e7
2.000558174e7
1.6726081379403346e6
Inf
Inf
1.6864599342660867e6
7.16190756959011e179
3.181450664396224e6
8.422570356482069e187
2.0005581739972573e7
2.6440875602172124e6
2.0005581728959996e7
1.6864599342660867e6
2.0005066990062747e7
1.8877264099907968e6
1.6720520068298865e6
1.8302720945240536e94
2.0053105989079326e6
1.6723272123053633e6
1.6722935689936965e6
8.39116112646788e187
3.096029706792725e6
2.000558172889772e7
2.0005581728980757e7
2.6329229940855396e6
8.266110953375502e187
1.6722935689936965e6
1.8877264099907968e6
2.0005066990062747e7
6.772144200145068e95
2.0189658084476916e6
1.8165830377997163e94
2.0002739366390456e7
1.6722935689936965e6
1.6832757028760517e6
1.672072361232573e6
2.817275684964959e47
1.7939556870847605e6
1.6720639504046564e6
1.989480098528357e7
1.6722935689936965e6
1.4144275405783517e24
1.817654243416027e7
1.7184176203332068e6
1.838875372830496e7
1.6865086186945117e24
1.6577180382463173e6
1.7478915952544648e6
1.6588526159920448e6
7.0115102064569e46
1.978667761444454e7
1.6566179042568721e6
1.9916745059043333e7
4.33276092751898e47
1.6545209675468267e6
1.6507404192021184e6
1.6448326228142367e6
1.6396302312446018e6
1.655678252929853e6
2.0720478540756018e6
1.6588526159920448e6
Inf
1.1363391859255195e7
1.655678252929853e6
2.000558174e7
1.655678252929853e6
Inf
1.3833253872062925e8
8.98716296747155e6
2.000558174e7
7.2850421153702475e6
Inf
1.655678252929853e6
4.291886602693812e6
1.3039828489593374e7
Inf
1.3922124584154708e7
4.1643009530814094e6
2.000558174e7
1.655678252929853e6
4.271869025377653e178
2.0005558609030064e7
2.609687195433425e6
2.000558173994646e7
2.3865244512850643e193
3.083292380503456e6
1.655678252929853e6
1.6397983176028596e6
2.0001285915988643e7
2.000543390048027e7
1.6395999199114721e6
2.690635797097161e95
9.043283282814703e91
1.6399526223205961e6
3.1731599140433203e6
2.0005581739946146e7
2.395800399729967e193
2.667767411897665e6
4.1899655242730055e178
2.0005558742719214e7
1.6399526223205961e6
2.000482430118908e7
2.0001294223281387e7
2.0005434472323433e7
6.412218796951482e93
2.6802384466573524e95
9.043283282814703e91
1.6399526223205961e6
1.6925330589342136e47
6.583774512659867e46
1.6499799809233984e6
1.987150993863374e7
1.9919491724218223e7
1.7715724503748282e6
1.6399526223205961e6
1.8436931443851665e7
1.622829148040022e6
1.1031875106012654e24
9.141001553237496e23
1.6894994768937512e6
1.8230712430997953e7
1.7126762061583826e6
1.064316255745007e47
4.001526340423909e46
1.973783355295707e7
1.9837437272018485e7
1.9898326449241705e7
2.635250030885172e47
1.7126762061583826e6
1.6396138694258663e6
1.7998564469903033e7
1.1031875106012654e24
1.6462009714297953e6
9.141001553237496e23
1.7729332472275324e7
1.7126762061583826e6
1.6231184400092706e6
4.47332470391774e12
1.6290867734968234e6
1.6225421548558527e6
1.3270604315854847e7
1.6265959858555067e6
1.6219750648427473e6
1.6208684702374754e6
1.6187656227106876e6
1.615001294392136e6
1.6092381046951215e6
1.604773593061455e6
1.6240920408355717e6
2.000558174e7
2.392486216711641e6
1.6240920408355717e6
Inf
1.151203534092748e7
1.6231184400092706e6
1.6240920408355717e6
Inf
1.4446016758026663e7
7.272822627228761e6
2.000558174e7
Inf
9.155324346683316e7
1.6240920408355717e6
Inf
Inf
1.4579512440826565e7
2.0005452469356786e7
2.000558174e7
4.364611666176225e6
1.6240920408355717e6
1.6050069874998264e6
4.3372921276111683e192
2.1772751710285504e177
1.605128687603114e6
2.000552713322277e7
2.0005581739893217e7
1.6240920408355717e6
1.9730724424245695e6
1.988173909547677e6
2.1985419826075337e93
1.8035087003488368e6
1.8277189742327738e6
2.0004462045596268e7
1.6240920408355717e6
1.7415885884438655e6
1.6048071958549917e6
9.978764661080952e46
1.6110626847164792e6
1.6047767708291702e6
1.9842434331343606e7
1.6240920408355717e6
1.8285452561871924e7
1.5863559557002818e6
8.570103865367168e23
7.061027908647462e23
1.6575730462934654e6
1.8055529132229526e7
1.6780691962091033e6
1.980051956875958e7
1.6822770291312616e6
6.160240698640819e46
6.184946547187633e46
1.6587031455232748e6
1.98001108160908e7
1.6780691962091033e6
1.749723717685123e7
7.05397127511674e23
5.747159545112706e23
8.561530527039726e23
1.7797602384234294e7
1.805645685400405e7
1.6780691962091033e6
1.5866625537485436e6
3.8692481432462295e12
1.2728236136223964e7
1.5860518157270576e6
1.3213163441141045e7
4.0873774379534985e12
1.5854509100057194e6
1.5842785954634843e6
1.582051953980781e6
1.5780706214224398e6
1.5719957579340201e6
1.5673972374702322e6
1.5884050225948633e6
1.5866625537485436e6
1.165155815134155e7
Inf
1.5884050225948633e6
2.775775393051381e6
2.000558174e7
1.5884050225948633e6
7.532280625956902e6
1.57286699235718e6
Inf
6.833220781124207e7
1.5719957579340201e6
2.000558174e7
1.5884050225948633e6
1.5422183932342011e7
4.2879948712712545e6
Inf
4.426500267629441e6
1.4393146303283952e7
2.000558174e7
1.5884050225948633e6
1.5676029667720478e6
2.000545045464726e7
2.0005581739785116e7
1.5678207753778377e6
7.367332741684447e191
9.704073342982931e175
1.5884050225948633e6
1.7937187809771074e6
1.954957906879261e6
7.229461948905552e92
1.9708579550317754e6
1.7681167392297806e6
2.000391455735626e7
1.5884050225948633e6
1.5673896759948037e6
2.1015029822961586e46
1.570722868508343e6
1.5674441281462507e6
1.987974148621524e7
1.7124913202341702e6
1.567492540645711e6
1.567492540645711e6
1.9588874318320495e6
7.244412399887479e92
1.5674441281462507e6
1.7872400321119383e6
2.000391283445785e7
1.567492540645711e6
1.5674214437199621e6
1.5735420693262103e6
1.9806600727882877e7
1.5673972374702322e6
1.7102676317424101e6
5.798578918212169e46
1.567492540645711e6
1.7861941429392196e7
1.5485939926826444e6
6.613099711379417e23
6.62676846505581e23
1.6232082425136948e6
1.7859845472186215e7
1.6500538044478388e6
1.9754584906676903e7
1.6500538044478388e6
3.520432282508847e46
3.5350002360242674e46
1.6232082425136948e6
1.975406927514402e7
1.6500538044478388e6
1.723935935843929e7
1.5749686042730007e6
4.373403032166678e23
6.619932324275609e23
1.567388540582444e6
1.7859845472186215e7
1.6500538044478388e6
1.548930553891759e6
1.2907967469557907e7
3.634762245886011e12
1.5482600635433241e6
3.433725819689714e12
1.2398865414948715e7
1.5476001014740604e6
1.546311762173049e6
1.543861422921082e6
1.5394661018173748e6
1.532696889210874e6
1.527244182401521e6
1.5486816423974044e6
2.9702081918445416e6
2.000558174e7
Inf
1.2024158552518861e7
Inf
2.000558174e7
1.5486816423974044e6
1.532696889210874e6
Inf
1.9746454340248864e7
1.5325724334636978e6
2.000558174e7
Inf
1.5486816423974044e6
2.000249878490809e7
1.646431078718395e7
Inf
Inf
4.480617780582536e6
2.0005581739999995e7
1.5486816423974044e6
3.21303941986871e6
1.527596644303403e6
1.2018575682491504e184
2.661175956175419e6
1.5275655303666086e6
2.0005581476826314e7
1.5486816423974044e6
1.9990392826717455e7
1.9122017264828962e90
1.8959428373482346e90
1.4094225771471233e94
2.0005130994241003e7
2.0005129065675307e7
1.5486816423974044e6
1.527269128201963e6
3.3002365180537854e46
1.5304454919157296e6
1.5272613497177642e6
1.9762514382084366e7
1.6787230051792138e6
1.5486816423974044e6
5.0612473969439196e23
1.7323830663308322e7
1.792651125753994e7
1.7647070709710937e7
6.193062050196466e23
4.0912515298503345e23
1.5486816423974044e6
1.2594490877414366e7
3.2139842683176436e12
1.5112694661556478e6
3.3985264128087856e12
1.3097983906915762e7
1.5524801328500162e6
1.5104598564591226e6
1.6608895209909545e6
1.6723758145450042e6
1.5126261906023878e6
1.5082039164053198e46
1.5538122993350406e6
1.5083403112608304e6
1.96590872354094e7
1.5042415876991653e6
1.4966056079155135e6
1.483579517706922e6
1.4665108147245909e6
1.468307318499334e6
2.000558174e7
Inf
4.097703515705794e6
Inf
2.000558174e7
1.1642316594873719e7
1.468307318499334e6
7.526194683786616e6
Inf
Inf
2.953669867044364e7
1.9994776552803475e7
2.000558174e7
1.468307318499334e6
Inf
1.882393845148901e7
1.4735479199766149e6
2.000558173999996e7
4.3596291368117165e6
1.4624682019508516e6
1.4633664538382227e6
1.4735479199766149e6
Inf
1.999505801222858e7
1.4633664538382227e6
2.000558174e7
Inf
1.4633664538382227e6
4.3596291368117165e6
4.510702157742171e6
Inf
1.7522346307842612e7
1.882393845148901e7
2.000558173999996e7
1.4633664538382227e6
2.6229158840103177e6
1.4615698302433377e6
3.146286748885941e182
3.4033608397046844e6
1.4641151967779351e6
2.0005580828647833e7
1.4620189561870235e6
1.4641151967779351e6
2.000558173999996e7
4.472510441196609e6
1.4620189561870235e6
Inf
1.7843282146495704e7
1.4620189561870235e6
2.0005581738689687e7
2.000440284941258e7
2.679577187693466e6
1.9452167340931156e172
7.217462657652541e189
3.4033608397046844e6
1.4620189561870235e6
1.461925438207148e6
3.777417006628145e91
1.7124931280259609e6
1.46140137805942e6
2.0000941637042534e7
1.893044180584604e6
1.461625941031263e6
3.3623466124274065e6
2.6369152932608337e6
3.1043424449140554e182
2.69401904139804e6
3.201776437974757e6
2.0005580834743e7
1.461625941031263e6
2.2910561157342292e89
1.7124931280259609e6
3.777417006628145e91
2.0004775326047666e7
1.9108817410359187e6
2.0000962416208733e7
1.461625941031263e6
1.624298415039753e6
1.4613873353849214e6
1.3666884468519693e46
1.4629648771615187e6
1.4614622096788925e6
1.9675609941652823e7
1.4614996168708429e6
1.4614622096788925e6
1.6898138283347038e6
2.0000957221415233e7
1.4614996168708429e6
1.906368970366617e6
3.7520829312380245e91
1.4614996168708429e6
1.4596843870577787e6
1.46140137805942e6
1.3636228271316978e46
1.626815901061964e6
1.461420081655395e6
1.9675977266043432e7
2.246126062432376e6
1.4662994915877474e6
2.246126062432376e6
1.999411606980545e7
1.4532857798177695e6
1.626815901061964e6
3.2692916011966295e90
1.441138057207628e6
1.4194405794668559e6
1.3864374939033524e6
1.3619988024485114e6
1.4793913382274916e6
Inf
1.3662554746579036e7
1.4662994915877474e6
2.000558174e7
1.5791782749184249e7
1.4793913382274916e6
1.4793913382274916e6
1.3864374939033524e6
5.029128425123067e6
2.000558174e7
1.3929834172232244e6
1.2300838421183499e7
Inf
1.4793913382274916e6
7.932008505105505e6
Inf
1.4288682524867803e7
1.3135800173456628e7
2.000558174e7
8.099732166640305e6
1.4793913382274916e6
2.0005581739999e7
2.061477837740513e7
1.364549021183169e6
Inf
4.644741898189156e6
1.3629125403532013e6
1.4793913382274916e6
1.362022676820938e6
3.3142963961467487e6
2.00055768944625e7
1.3628409172359216e6
2.6962430092180483e6
1.6579728638582496e180
1.4793913382274916e6
1.9994888730474554e7
1.9936722619429775e7
2.000381205424298e7
2.81606720303355e90
3.09326631760513e92
1.0678638005160829e88
1.4793913382274916e6
1.361923584557884e6
3.8601932108326534e45
1.3480672035482528e6
1.362128144661629e6
1.950826712362554e7
1.551895499098606e6
2.189859677599122e6
4.117392145543402e86
2.189859677599122e6
1.988132343832557e89
2.000126891132956e7
1.551895499098606e6
1.9978711049287096e7
2.189859677599122e6
2.991313982530376e44
1.919273824498376e7
3.869521596712405e45
1.950826712362554e7
1.1387112691597792e45
1.867874714299679e7
2.189859677599122e6
1.4330653385782903e6
1.1076865348146793e23
1.430162966629697e6
1.3280175836881453e6
1.5719783750031369e7
1.3288138473733657e6
1.4412941050146406e6
1.96156327723501e7
1.9371697717849284e7
6.803556403153007e45
5.9338499591514604e44
2.1306858866616806e45
1.8966338614629272e7
1.4412941050146406e6
1.327235907368666e6
1.3462956651827777e6
1.424990237807363e23
1.3288138473733657e6
1.362056708014759e6
1.624094241357496e7
1.3257163168269289e6
1.322852184132339e6
1.3178241122986975e6
1.3105687428535733e6
1.3072611008519577e6
1.3454582044032554e6
Inf
2.000558174e7
1.2208533256799713e7
2.000558174e7
Inf
5.988312947778299e6
1.3454582044032554e6
1.3188909213685181e6
9.470525424480543e6
Inf
1.3105687428535733e6
8.258955498393028e6
2.000558174e7
1.3454582044032554e6
1.3070477390379938e6
Inf
2.2492156003996085e7
1.311208828295466e6
2.0005581739994492e7
4.738864845289103e6
1.3178241122986975e6
1.0872009961390667e7
1.3178241122986975e6
Inf
8.34667217572439e6
1.311208828295466e6
2.000558174e7
1.3178241122986975e6
1.3105687428535733e6
2.000558174e7
Inf
1.3072611008519577e6
6.904466256151919e287
1.8872667771501232e7
1.3178241122986975e6
3.608309383757421e6
2.623864152814684e6
1.0404129087651992e179
2.6892036549141854e6
3.407337993198786e6
2.0005570289285447e7
1.3178241122986975e6
2.0775482187561476e87
1.9898193420744628e7
1.7946749436627694e6
2.0002913604433905e7
9.60775754529394e91
1.5694671160391234e6
1.3178241122986975e6
1.96261361916269e7
1.8997514868991364e7
1.4945374408664317e6
5.587732078332808e44
6.454245446123152e45
1.3150715145384867e6
1.3178241122986975e6
1.2808013076187503e6
1.307158396533414e6
1.3452151341172308e23
1.3800413285705252e6
1.3069516689083131e6
1.633744611820552e7
1.408714634318611e6
1.2828794739400921e6
2.8204425997698386e44
1.8714437755509403e7
1.2787861481967466e6
1.9522509827932842e7
3.6396892598900464e45
1.2749448500507534e6
1.2680183365508239e6
1.2571896407191905e6
1.247629573728829e6
1.2768987384397273e6
5.755606310553209e6
1.230257555531605e7
Inf
1.2835664925175916e7
6.502645231972177e6
2.000558174e7
1.2768987384397273e6
Inf
5.742186058871836e6
Inf
2.000558158510093e7
8.148622425179878e6
2.000558174e7
1.2768987384397273e6
2.594661207763181e7
1.2503933864451926e6
Inf
4.740470812271482e6
1.2488982025701005e6
2.00055817399689e7
1.2768987384397273e6
1.2485074248923063e6
3.535257825603726e6
2.0005554737807263e7
1.2477598329547609e6
2.67585677615945e6
5.649333737800776e177
1.2768987384397273e6
1.9980498911222756e7
1.5198202720512375e6
1.715567000941218e89
1.733411285423427e89
1.7827284296184147e6
1.9980368879690792e7
1.2768987384397273e6
1.954151589279943e7
1.2407696010154712e6
9.923077370071157e44
2.6139195997139007e44
1.4494872430673474e6
1.9245645194799293e7
2.217679270363688e6
1.2323712255328177e6
2.217679270363688e6
9.262498105461489e87
1.2494633447352466e6
1.4494872430673474e6
1.9941288807635173e7
1.216460579278878e6
1.1881837056164648e6
1.1458076336735073e6
1.1177661913150689e6
1.2885261127080969e6
2.000558174e7
1.4698515497478306e7
Inf
Inf
1.6237638674034614e7
2.000558174e7
1.2885261127080969e6
Inf
2.000558174e7
1.1458076336735073e6
2.000558174e7
Inf
1.1653390176599324e6
1.2885261127080969e6
2.3468537988897935e6
1.1223351289063755e6
Inf
8.668301637361625e6
1.1321008208995876e6
2.000558174e7
1.2885261127080969e6
1.1176877142137438e6
2.000558174e7
Inf
1.12257056021035e6
5.426542262634166e251
1.0325295326434543e7
1.1317084353929628e6
1.1317084353929628e6
Inf
2.0005581739776675e7
1.12257056021035e6
2.000558174e7
Inf
1.1317084353929628e6
2.000558173898744e7
3.5498173878056265e7
1.1177661913150689e6
Inf
4.84832145470483e6
1.1223351289063755e6
1.1317084353929628e6
1.1194206850858154e6
1.9824851357192922e7
2.0005581607643608e7
1.1171362162901615e6
2.2165413129088118e184
4.451643117505845e160
1.119577639288465e6
Inf
Inf
3.6166488099581495e7
1.0354760404107455e7
2.0005581738993067e7
4.997071978563196e6
1.119577639288465e6
2.1919516083555537e184
4.3531479529219544e160
3.848284135514676e6
1.9825852245351445e7
2.0005581607643608e7
2.732964553564114e6
1.119577639288465e6
1.1172642811333921e6
7.924874753219719e87
1.4011364504690983e6
1.1173035196840544e6
1.99461051564848e7
1.719113185246282e6
1.119577639288465e6
1.117182946957468e6
1.0988839992954212e6
2.2306618757154642e44
1.117163327682136e6
1.3481871368682208e6
1.8853194355981708e7
2.188239194333765e6
2.188239194333765e6
1.108517614664499e6
3.0852775773149956e86
1.3481871368682208e6
1.0895990573919893e6
1.9852989739293057e7
1.0720751939820668e6
1.0412115487499809e6
996220.5846368512
973183.9618147531
1.1948919377872078e6
2.000558174e7
1.5195335663736919e7
2.000558174e7
Inf
1.647256775312635e7
Inf
1.1948919377872078e6
1.325491995476116e7
1.0394077461982055e6
Inf
8.518011363734094e6
996220.5846368512
2.000558174e7
1.1948919377872078e6
2.0005581739999775e7
1.0500416179322756e6
Inf
Inf
9.213718870501405e6
2.000558174e7
1.1948919377872078e6
2.0005581706826515e7
5.7901257346051015e7
2.0005581707629357e7
Inf
5.147264441423595e6
Inf
1.1948919377872078e6
3.85252459235841e6
971182.1111484617
1.0496249509443511e172
2.7776478366073323e6
976580.5063436311
2.0004719634407096e7
971362.4914036394
971362.4914036394
5.092608344565574e6
Inf
976580.5063436311
5.894514665572996e7
2.0005581707027223e7
971362.4914036394
1.6880586745944497e182
2.0548174811006572e155
2.105464066346844e155
1.9238848076147776e7
2.000558106839109e7
2.000558107651798e7
971362.4914036394
970704.1960137862
1.9865323585560884e7
1.6606999093808064e6
972008.6997487843
2.605109912282732e86
1.2601487245103337e6
970794.3861413752
1.9231982850929968e7
1.0820127530602355e172
3.9248641158292806e6
1.6777988561857995e182
2.0004716994512144e7
2.6690039662896716e6
970794.3861413752
1.2851780103184532e6
970574.9543447574
2.6209917222398375e86
1.646395220517442e6
971182.1111484617
1.9864898156734116e7
971362.4914036394
2.6478366595658166e6
1.062521016899503e172
2.105464066346844e155
3.9979473388432357e6
2.0004703795042425e7
2.000558106839109e7
971362.4914036394
970794.3861413752
1.0696354887317822e83
1.912133630450269e7
970704.1960137862
1.998407509857496e7
1.2610283211644709e89
971362.4914036394
4.3114612754215e43
8.112380402309355e42
960077.0454661014
1.8259912533381026e7
1.8937886867502876e7
1.2293618610236302e6
2.3237240960517284e6
971431.0867846465
6.891734185494998e84
2.276900459176441e6
949137.8833486257
1.964650028517821e7
1.2213672993459974e6
928504.1967168857
892215.373866245
839551.9298163264
813881.8483219389
1.0811689117549618e6
Inf
1.564653032552962e7
971431.0867846465
2.000558174e7
1.669162882496929e7
1.0811689117549618e6
1.0811689117549618e6
9.199425036193568e6
2.000558174e7
Inf
1.3881276094437353e7
Inf
2.000558174e7
1.0811689117549618e6
9.320304702460574e6
840875.2108774699
Inf
1.0501864723630582e6
813440.7546348908
2.0005581739999946e7
892215.373866245
892215.373866245
2.000558174e7
1.3422631600104637e7
840875.2108774699
Inf
9.412870981793026e6
892215.373866245
Inf
989870.2515161788
839551.9298163264
2.0005581739999946e7
9.10007563555655e6
813881.8483219389
892215.373866245
823177.3086170483
6.2894936655628644e7
2.0005580666202363e7
810342.2678698546
5.083871401270467e6
Inf
824059.4959911437
2.0005581739999946e7
2.000558174e7
2.000558174e7
Inf
Inf
Inf
824059.4959911437
5.083871401270467e6
813881.8483219389
Inf
5.83693960455983e7
813440.7546348908
2.000558068014501e7
824059.4959911437
4.876741369299398e6
811061.7528502325
4.5471043787038605e168
2.6943090181137067e6
811282.2996937567
2.0000689189506125e7
824059.4959911437
1.9675548821031924e7
1.2411840870802265e6
810604.8441812702
5.813450648359468e84
1.540894715871994e6
810494.5707595081
824059.4959911437
810366.5594145475
1.0918079057793964e6
6.863831213125146e42
810421.6961254287
802534.889787946
1.7399241524333622e7
2.4215008809671532e6
1.6005285786880948e7
2.4215008809671532e6
8.990684543222498e82
2.2457813718141843e86
1.0918079057793964e6
1.9188150143898718e7
2.4215008809671532e6
6.863831213125146e42
1.104253952801794e41
1.1115412628847442e41
1.3782191089818818e7
1.7395254111746673e7
1.740322991690869e7
2.4215008809671532e6
946264.3651192372
956584.4654961769
4.37027336528375e21
764916.9728382528
762044.0162262762
1.1044909348292196e7
928488.5510351666
1.6716630237329978e7
1.4920416433220971e7
928488.5510351666
2.7229528169723154e42
1.6210198343505314e43
956584.4654961769
928488.5510351666
802534.889787946
9.517136910224724e21
4.363089819957326e21
810421.6961254287
1.1055262972379344e7
1.2931586678497883e7
928488.5510351666
762751.6135741645
5.327651534750088e11
768670.2257048119
761343.513415125
7.415362057099196e6
776757.5163680447
759963.7914030346
757289.4818196996
752281.4004164148
743627.388663388
731767.9693715029
729843.5476444034
813172.3716168925
Inf
1.0147558240161618e7
2.000558174e7
2.000558174e7
1.372200052514089e7
Inf
813172.3716168925
731767.9693715029
2.000558174e7
Inf
756978.3483928666
Inf
2.000558174e7
813172.3716168925
Inf
7.661087531952789e219
4.876391399871224e6
2.000557606516294e7
2.000558174e7
Inf
813172.3716168925
2.0005573539567012e7
1.5742831456886506e7
5.262108551737175e178
4.663786210186789e144
5.410362944890017e178
1.5691004887551734e7
813172.3716168925
728494.9241311583
1.1293693786057248e6
1.95116188640437e7
731646.221508829
1.5479861943374681e6
6.999273035334176e83
727159.8281582106
729938.240426483
729938.240426483
7.821560461834652e219
3.01413063893313e7
731646.221508829
2.000558174e7
5.295098261287928e6
729938.240426483
1.9994107795313217e7
4.761476183623307e144
5.231330553076937e6
6.252085231552655e166
2.000557345412696e7
2.6516112429059995e6
729938.240426483
1.9506535607152425e7
1.224759921203163e6
727600.3509690943
7.145883271327251e83
1.4955944359438533e6
727173.3556985075
729938.240426483
727109.8356344615
727701.4482121725
1.684867330300381e7
727323.3332697548
1.0228717803036135e6
2.505294367213417e42
727350.3883503492
727350.3883503492
1.950568852464339e7
1.0861660569454084e87
727323.3332697548
7.170466050641698e83
1.7311645819203336e7
727350.3883503492
727173.3556985075
3.232236138717017e41
1.5097188963182114e7
727159.8281582106
1.8032433396614198e7
1.4916528972276655e43
727350.3883503492
842792.0147426905
1.316528548964397e7
8.743218146213104e21
681905.2443089425
4.0217805973670215e21
1.131075716040185e7
891355.4812775704
1.0125705378402705e41
913770.2064457472
9.387523942333936e41
1.749824226519747e7
848188.7211673484
1.6055629452156506e7
891355.4812775704
1.1316114387017608e7
731080.6489491912
680380.1672489962
4.0080043825439147e21
727120.6428228617
683461.4545556791
677423.412689473
671883.5018119077
662298.0730226977
649104.7873079617
646628.5033332268
737317.0852027027
2.000558174e7
1.066972626132192e7
Inf
Inf
1.3882841817126885e7
2.000558174e7
737317.0852027027
649104.7873079617
1.9818585629677302e6
2.0005581739957068e7
676032.6026314737
9.625071639680417e6
Inf
737317.0852027027
Inf
1.5758409695846211e7
Inf
2.0005550663970683e7
5.47915605901852e6
2.000555155364759e7
737317.0852027027
650990.7422259464
5.922729218007571e6
6.373326835765491e164
644258.7883950684
2.7829754005809403e6
1.9979723278675005e7
645496.9303824359
650990.7422259464
1.6207575809075743e7
Inf
645496.9303824359
5.41316923662843e6
2.0005550886389907e7
645496.9303824359
1.997953563312196e7
6.152511360309106e6
646628.5033332268
6.466218950124085e164
2.727840118232893e6
643881.5974114715
649104.7873079617
5.347751806840718e6
646628.5033332268
Inf
1.6663662511231838e7
649104.7873079617
2.0005550663970683e7
649104.7873079617
645496.9303824359
1.9979347989271145e7
2.673712946274254e6
644258.7883950684
6.559783133259332e164
6.3870807722946275e6
649104.7873079617
1.9258161097082544e7
1.2868391595842377e6
7.588981825219552e82
7.698396245908398e82
1.4239448286367247e6
1.925289320628645e7
649104.7873079617
932405.5297750008
942677.0668122318
8.615582459162024e41
673267.4151660032
688578.6180417079
1.6192053043357745e7
649104.7873079617
1.1571974190706687e7
609279.3346365604
643819.780130656
3.691067269380388e21
759639.1304359046
643974.5478790768
891805.4904885124
612921.2495705602
1.527106695987382e7
759639.1304359046
605774.4081219028
2.9715390459851434e41
891805.4904885124
599175.520350615
587621.6058401472
571089.2209476446
564326.2276763704
656007.3471887474
Inf
Inf
1.071616815969514e7
2.000558174e7
2.000558174e7
1.4357538592839371e7
656007.3471887474
2.0005581738827307e7
Inf
2.8572316766322698e6
Inf
2.000558174e7
9.524556528939435e6
656007.3471887474
5.686545087900919e6
7.9825650735372e6
Inf
9.182762021707676e6
5.408872481938501e6
2.0005424864565197e7
656007.3471887474
1.9946982018607292e7
1.5907857187146394e134
1.1004155929707386e7
4.5393765515457425e162
2.000553623498473e7
1.3695570086065574e176
656007.3471887474
1.506437936541913e7
6.723151133565762e81
5.382747942399408e76
2.849080267324578e85
1.8915126718118828e7
1.9824694945824105e7
656007.3471887474
563721.5016107577
1.5499247464709094e7
898425.6173164814
565067.9421613257
2.6510263930631534e41
583080.1959739802
562923.0147375584
562969.9020232686
1.608918569881625e134
7.659722299533366e6
562969.9020232686
2.0005535976371426e7
2.7789960958765163e6
565067.9421613257
562969.9020232686
562672.4815417288
1.5056474541384421e7
1.982435507140866e7
563721.5016107577
2.9035159696899686e85
5.485592944086753e76
563815.276182178
1.090492559061334e7
1.6454925534519671e134
7.252106758489471e6
1.3747117931165419e176
2.0005536148780297e7
2.6349774678060887e6
563815.276182178
6.850632170861913e81
1.330428711130025e6
1.889698877992486e7
1.8905047906432275e7
1.3813574500383167e6
6.7485515577175266e81
563815.276182178
1.5469577537995031e7
621999.3781918822
2.6913553700263893e41
2.7116340245504e41
868662.381870993
1.5454767828074541e7
563815.276182178
2.176978164962751e21
9.76928176203889e6
1.1858626417155193e7
1.0861739234512178e7
3.3556225859080783e21
1.35316218649579e21
563815.276182178
612648.1345223828
6.621703921736835e6
3.4578749723453723e11
534956.5519909693
3.256268055249604e11
6.165256047129381e6
560383.3670918507
1.72177014222877e21
560383.3670918507
1.7282445062354973e21
1.0315794842107467e7
612648.1345223828
1.032815088076399e7
560383.3670918507
535406.8949557713
3.05286235208132e11
532886.7148305291
534515.1985976307
6.165256047129381e6
562672.4815417288
621999.3781918822
626121.3491470471
9.763009949064786e6
2.172898544992534e21
562683.744183433
1.35316218649579e21
8.609508801284235e6
621999.3781918822
6.161962318583707e6
5.711384834696225e6
534515.1985976307
2.6629492890999023e11
2.859593651793156e11
561852.9294927231
621999.3781918822
2.8323890985911265e6
543267.8954323039
3.070742948712751e7
3.0336004629425265e7
530144.0505068568
2.9829246277897614e6
545512.7815768025
2.9529442043754004e11
542076.0991978708
530827.1021325985
5.938729146943686e6
545723.3282304431
529470.2129917444
528150.1802934076
525620.6842242861
521003.96939625154
513539.64898101566
505687.44511387864
518288.78523294325
2.000558174e7
2.0005581727799844e7
Inf
Inf
Inf
2.000558174e7
518288.78523294325
513539.64898101566
2.0005059362907384e7
5.489762586557254e6
507270.4905311879
Inf
5.589372224999155e6
518288.78523294325
505299.5616619775
9.03474213110929e6
8.940404243138035e160
508434.14088689163
2.6578005477492935e6
1.989944384748463e7
511600.2317215098
1.6562190402992377e7
2.880976479130405e270
4.930613342410754e6
Inf
2.000558174e7
5.419136048416829e6
511600.2317215098
9.03474213110929e6
2.000549370795953e7
1.2435541646100894e175
2.7789068777479753e6
8.392963556343281e128
8.692311279985834e6
511600.2317215098
1.3366306606086816e6
1.3779587962112636e6
9.694780371502812e80
1.3415209890946257e6
1.4283264258909386e6
1.8548243154240448e7
511600.2317215098
1.0623924479798883e41
584134.4704777213
505175.3938698487
1.4861699408588028e7
822063.3895189086
505571.155224176
505369.3355957993
3.0612480481762232e75
1.85400427501361e7
6.7732435489752906e84
1.9757744920502547e7
9.657020623907554e80
1.398911394023315e7
505369.3355957993
9.42699597807848e41
1.0623924479798883e41
601639.3997992871
1.2439349547639946e7
1.4844714256876789e7
822063.3895189086
505369.3355957993
9.157629024881985e6
485473.0410616571
1.421931796823801e21
2.2654483471419926e21
625966.6810207511
1.0280892797580378e7
901245.6867631384
489560.7547123717
1.762795355059336e39
1.0983902851729851e7
481548.38477034
1.5829606362327887e7
3.3124969257916287e41
474188.2442658984
461424.651569785
443724.2194286371
439630.3681506555
556670.717611951
1.1603895799093138e7
1.40086293359742e7
Inf
1.4686651370708631e7
1.250408033479179e7
2.0005581739999995e7
556670.717611951
2.000558148102543e7
3.9906070050713783e6
Inf
Inf
1.0114063889284534e7
2.000558146329874e7
556670.717611951
1.8631429301032197e7
1.788515191044285e281
2.0797823563258206e6
Inf
2.0005581739999995e7
5.616935565994437e6
556670.717611951
5.194159507734061e6
1.1370391674480226e7
2.7912326969551876e158
4.3002862749225e173
2.8808293599680467e6
1.9782666289195236e7
556670.717611951
437859.2965288385
3.8316976310443955e73
1.2442516822201341e7
442053.66921006225
1.963471164790292e7
8.257062689964581e83
436273.8415979743
440929.6849873247
1.8324486304644305e281
1.8615256947035026e7
5.505236594207896e6
2.0005581739999995e7
Inf
2.2669386216900647e6
440929.6849873247
437297.30441746966
2.9088699113748326e158
1.1560478314089306e7
437859.2965288385
1.978175674864303e7
2.7158500149193844e6
440929.6849873247
6.004445914396747e79
1.2373434427442241e7
1.962863189321975e7
1.793444064960816e7
8.463267515161587e83
3.895359531393079e73
440929.6849873247
436425.6192915942
580589.9139774214
2.8139624688466157e40
436285.121263752
746229.3881252018
1.3961255343048938e7
440929.6849873247
1.0603736827003643e7
9.492220071399083e6
1.2894823157089936e21
4.472598492847651e20
7.821193596395165e20
8.268725766877136e6
440929.6849873247
5.113187686541087e6
2.0159542488659772e11
2.011836984544076e11
2.3292218654254138e11
6.078825499229535e6
6.071352825833984e6
440929.6849873247
2.51767514348615e7
2.9739473151053614e6
2.445280368623976e7
3.14466404494791e6
2.4779972620157253e7
2.810361290694232e6
440929.6849873247
1.5443878115014785e6
357981.49465799244
344973.1927770512
1.2420893955807704e6
961045.3301009121
943553.0248178579
5.71902947608941e6
2.2330474836529116e6
396887.00639838073
2.2356660925583607e6
1.487240553742954e8
301224.31098946946
1.488976370560198e8
236102.82149589472
182558.3943191052
303133.27960492484
3.867660664751182e42
396887.00639838073
183917.81631851848
1.5541273869471058e7
303133.27960492484
181369.68299329627
179504.39236249187
177822.3391841372
182652.34516044307
Inf
1.4784927232089622e7
2.000558174e7
2.0005418092594042e7
Inf
2.8054822627887403e262
182652.34516044307
6.743887979833483e6
1.6058447575740668e6
5.131930768003316e163
1.7277595610870982e6
6.223589293585012e6
1.994693305803728e7
182652.34516044307
669028.8346296578
708744.9766311202
8.754958287761606e82
1.0033203423559398e6
1.0826697451857582e6
1.8928643861842316e7
182652.34516044307
1.5589109947716394e7
3.0152312441420968e41
1.3465949301078275e7
3.7422572857967325e42
1.7153362953664463e7
3.1984445261164005e43
182652.34516044307
3.0575722855655587e22
205027.5209253619
1.100903041649365e7
1.102251303751095e7
228763.54781473137
3.0449229409827437e22
182652.34516044307
7.050539780249789e6
179851.75045743282
4.154647036847874e12
3.824398161692515e12
194396.61728308463
6.605139616045874e6
182652.34516044307
1.4461027123221734e8
1.443143515165781e8
176590.64179985694
3.219128674295625e6
3.531754317306151e6
184125.2738227002
190763.33128375927
190763.33128375927
3.9940865998839434e12
3.65851049504696e12
184125.2738227002
6.389490930075081e6
6.826826257490897e6
190763.33128375927
176713.28483613447
1.4454838396569103e8
1.4442099040415013e8
176470.72261299772
3.059402192097298e6
3.3731617352083405e6
176239.05578753387
175808.40832962535
175077.85818588475
174139.7369867092
174355.41094158127
2.0005521322757576e7
6.671556737121325e6
9.784590429459032e176
1.1734215622948674e133
1.595232527671296e6
1.047139156678756e7
174355.41094158127
1.150831158773134e6
4.654933170335782e82
2.089598607370773e77
694366.5222740019
1.882420801997545e7
1.9802657926323537e7
174355.41094158127
361320.3926084729
174521.63440491256
2.7638411513873133e42
332999.7657395832
173932.16593127427
1.5393714698131222e7
174040.00290871045
174521.63440491256
4.5970107601928276e82
1.088386633402801e6
174040.00290871045
1.8821804320763104e7
684225.9163199189
174040.00290871045
174139.7369867092
332999.7657395832
2.7523055767403317e42
173898.92123860805
344021.5122610967
1.540207768346195e7
174355.41094158127
174139.7369867092
4.577783874734804e82
1.0680745460254166e6
174355.41094158127
1.882420801997545e7
694366.5222740019
174355.41094158127
2.0748108442010604e41
1.540207768346195e7
2.43203196951762e43
1.7021580460237995e7
2.729306798415352e42
1.322016758773181e7
174355.41094158127
1.0845168441031916e7
202134.27412619657
2.6228630085553407e22
2.6338907230880244e22
225785.86663061034
1.083137233704719e7
174355.41094158127
6.9166889428986525e6
6.482730897378708e6
191567.1281227111
3.5662159066421885e12
3.897464026823328e12
177043.7203980276
174355.41094158127
1.404128582179847e8
172585.77805424877
1.4058127428895047e8
3.297556345281564e6
180189.621309728
3.301183178105144e6
186314.1697084651
172799.20252617425
3.413557390490837e12
5.802553080345022e6
172383.48186812762
6.700697325794586e6
4.060397742266118e12
172012.27435329856
171403.39875329353
170719.8052718957
171489.24918354873
172799.20252617425
7.311452321494253e6
1.9918706207668487e7
171489.24918354873
1.6768951028599697e6
3.635623829621095e162
171489.24918354873
1.1385290577134814e6
171403.39875329353
2.3814979641104586e82
680073.976048784
170748.42208198083
1.8705938484684307e7
171489.24918354873
1.6866995341948874e7
1.5209963347039597e7
332658.8054326336
1.4205749399882153e41
2.0114802290583392e42
363971.307054103
171489.24918354873
170660.1897595903
207933.17833169908
2.276652808928459e22
170823.93392741858
216938.41661715406
1.0630266889068024e7
170674.49816463294
170823.93392741858
329662.20676071604
1.998767749323026e42
170674.49816463294
350846.72107143584
1.5205586247709434e7
170674.49816463294
216938.41661715406
170645.0873905028
2.271841474318494e22
203978.1015244132
170719.8052718957
1.0637303537272202e7
170748.42208198083
326703.38306022674
1.8325674547755186e43
1.4205749399882153e41
338200.2329674521
1.2934250734186843e7
1.6879123732882127e7
170748.42208198083
218514.12573110973
1.1658367934717951e7
3.722496512179874e22
202073.37445930942
1.323277757021188e22
9.552833819314636e6
170748.42208198083
3.6520543581645063e12
175490.1014422482
3.6598019689120586e12
6.327147235115856e6
186402.2996190975
6.335238066458313e6
170748.42208198083
170312.7022523593
170425.5568407483
1.372557911081066e8
176121.6533400021
176233.2613536948
3.2091343500092155e6
186570.66996225677
6.105254047866379e6
186570.66996225677
170095.51936254316
3.4991590017409473e12
176121.6533400021
170541.25352479125
169695.25873075874
169031.15805858135
168248.63907979146
168866.33058447193
170541.25352479125
1.9900162596566595e7
1.6828615180939466e6
168866.33058447193
9.27316569335978e161
7.803096745358846e6
168866.33058447193
168193.69658842176
1.1933261538139782e6
1.2165398814280534e82
169031.15805858135
676204.057842135
1.8580547664804015e7
170266.54106794213
1.7148521199165473e6
170266.54106794213
9.194108433868866e161
7.655221214555309e6
169031.15805858135
1.9900611782006282e7
170266.54106794213
2.7799067092098116e76
1.8580547664804015e7
1.0182220683112632e86
1.975709375129734e7
1.1958413521665128e82
1.4250179016472943e7
170266.54106794213
168130.2207731792
1.6737785040140748e7
1.385677601156726e43
168439.06652551942
9.591975325054278e40
1.2688699004797475e7
168548.95150825885
707956.9426583847
1.1293109612434427e6
1.2113485991868216e82
1.215193541779229e6
665883.7563514862
1.8583480103334483e7
168548.95150825885
350617.8705598716
368110.096575614
1.4418284825823724e42
320778.0871666138
333010.3337570018
1.5003664104331842e7
168548.95150825885
9.33759341475618e6
1.953733111306723e22
1.1191417357550743e22
3.2347768107413637e22
1.0454633881814742e7
1.1465286961510893e7
168548.95150825885
181855.56696644422
182710.57643395412
3.4290671824941836e12
174817.81404852873
175779.41262552593
6.182296709254209e6
168548.95150825885
172830.60620365068
168741.54817838548
1.3405583924631792e8
168980.1797613797
172615.59167210612
3.1187060892835627e6
168548.95150825885
169797.00167206238
167783.60214365507
3.732588380458298e6
167821.70839279474
168781.6169278494
1.418745200581327e6
168026.2670383714
3.238124342173108e6
3.0814847658635527e6
171135.4074671903
1.3385467656058776e8
1.3408137804136506e8
169843.18501690024
168026.2670383714
167799.2106067642
614593.830488122
1.4194157420297635e6
167768.70802868373
500467.37430958566
3.813682047791358e6
167741.06284315427
167694.34464974853
167635.1969735497
167654.0564636023
167799.2106067642
364377.30973684904
1.494944858848028e7
167654.0564636023
324271.1464702705
1.3291187396262338e42
167654.0564636023
167621.76757816758
208648.10129143784
1.8780041652870167e22
167694.34464974853
213159.05978676927
1.039502059616732e7
167732.0636298536
167694.34464974853
1.495407401566866e7
327344.8852435564
167732.0636298536
1.3262692152991639e42
359977.3455898678
167732.0636298536
1.039502059616732e7
206639.5253320882
1.0409494588647967e7
1.8699559043337166e22
214820.35533184797
1.8780041652870167e22
167732.0636298536
167622.76749075655
181890.33162389844
3.369447028116374e12
167632.1972357828
174796.63791160946
6.14998885869645e6
167732.0636298536
3.100653474740148e6
168338.52685424004
167625.55371069972
1.330579663398349e8
172258.98246957114
167620.83883818658
167627.5535358776
5.6851233344446635e6
3.374876493878256e12
3.0743232531993604e12
3.67444840494113e12
6.152041204208935e6
6.595805848216767e6
167627.5535358776
167622.76749075655
3.098820987090771e6
172146.59654152967
167621.76757816758
1.3313968075106889e8
168454.0378368015
167627.5535358776
636031.6697450627
3.7596466281381412e6
167329.58135101537
500014.3016021433
1.433949923505272e6
169223.09725399344
170868.20314343006
3.1795269431403116e6
3.0211983802503347e6
1.3306820469436362e8
1.3302529474335131e8
1.3316997156013973e8
2.859089053828631e6
170868.20314343006
167358.62952581738
3.799151897431274e6
168424.88636155985
167301.25526230448
1.360424791477773e6
167620.80314263012
167246.76934315677
167146.46253795666
166980.50905993796
166787.2426334275
166955.27189851223
7.2561905641305305e81
1.2204348389164368e6
167358.62952581738
1.848242601568503e7
681750.5718109572
166955.27189851223
166955.27189851223
371988.88176378957
166980.50905993796
1.1311534926459513e42
321354.1375790982
166778.83024628554
1.4852522231127067e7
167316.56759010768
166980.50905993796
7.224936913881962e81
1.1985218773641929e6
167316.56759010768
1.8485580881131873e7
692429.1094681548
167316.56759010768
1.2467961124694237e7
1.1262918915038324e42
7.096231588168291e40
1.1160892278218252e43
1.4861983999799388e7
1.6615663143741155e7
167316.56759010768
1.0309176031230196e7
9.8867509247069e21
204904.2410810654
1.7316010231582685e22
1.1353287846949488e7
212420.02743865436
167316.56759010768
2.9713326141199775e12
6.078505580278987e6
180547.56338617226
6.54113673480414e6
3.2511755981295522e12
173841.9334155757
167316.56759010768
171360.70757104433
1.3109479870043507e8
1.3111374094153818e8
167625.23510424932
3.060433932644703e6
3.2235301704909205e6
167316.56759010768
166476.0014206369
166523.62746208897
3.676348854353622e6
168381.51448477787
168448.87760157068
1.3916476267692419e6
169958.2091774024
166523.62746208897
170123.04113649458
2.9830982486962583e6
166431.29516159804
168448.87760157068
1.3110443718953855e8
166350.6419907604
166224.37303804458
166111.98468845175
166447.8062126206
1.9721097561289318e7
1.8420748914395407e7
5.285355552319049e85
7.36868822372313e75
5.160798557303776e81
1.3731830973903658e7
166447.8062126206
9.502551082890281e41
374733.37942192995
166224.37303804458
1.4740962664938917e7
322245.0349540959
166186.46241331042
166447.8062126206
2.699800899185513e22
1.6015479213194748e22
9.103364259781307e21
9.068932254844403e6
1.01946772583425e7
1.1255472045329694e7
166447.8062126206
3.4493021903669424e12
2.8712280422014346e12
2.877465216366425e12
5.537009681511231e6
6.4522727412098e6
6.460654885762227e6
166447.8062126206
3.0086976694058515e6
167963.8986883772
166111.07516561254
1.2981158848791282e8
169802.21145959015
166115.8139937042
166118.01546717397
2.8727867013166064e12
176012.36276752644
3.156925342417254e12
6.458558064864123e6
179332.14294233322
6.006209941761131e6
166118.01546717397
166111.98468845175
2.8526155323326346e6
3.1737254470685003e6
166113.08542518667
1.2987245305544764e8
1.2974944189426924e8
166118.01546717397
3.676680379135558e6
166260.64901715465
1.3640540606225466e6
1.3654003549343091e6
167345.28630260835
3.6715138139938284e6
166118.01546717397
240967.42922050232
483865.7315241786
509772.3168050121
145275.65653371366
305295.27998970373
618482.6994888088
333976.432357384
876336.4472621307
968404.5441768393
5.716940233984871e6
444667.21530973446
486265.89006670803
1.1689916989301834e6
333976.432357384
185983.34798995385
558086.0129943506
457319.6834799374
165995.81773797036
342918.0727729541
904942.3393022616
333976.432357384
149351.6716571134
234988.47381090614
301572.2562569908
145153.63645800817
314417.16202440375
231336.3399547509
155743.21158867062
807729.9100734299
148339.44569550556
808767.3613031722
501558.4326064224
142332.49158611783
501909.154053296
137759.45508471047
132723.48888488126
137844.54599633737
148906.08999652232
6.191880567295115e12
5.143132154862381e12
138197.27514151088
5.77089510999777e6
6.667784513126846e6
137844.54599633737
3.0987509243308567e6
137759.45508471047
1.9286987958811113e8
1.9310189969188356e8
132865.34085156032
3.094974408233601e6
137844.54599633737
1.3583950403989272e6
134571.98638507293
1.3597843059240228e6
4.77488339225259e6
132169.04417030598
4.780953280818052e6
134770.6070049468
134770.6070049468
132182.84636159643
1.9312372697386527e8
134571.98638507293
132158.1609537021
3.174158602820023e6
132145.15144455453
132154.16012249904
132154.16012249904
168179.81464850818
3.581519625408008e22
132182.84636159643
176904.31887000077
1.0659358531907838e7
132154.16012249904
5.785678191940501e12
143003.7564981444
5.798240319571514e12
6.322789143943865e6
141385.74969693416
6.331172884497687e6
132154.16012249904
134309.75869317452
134534.46350934202
1.9358850506650567e8
134779.846251391
134999.6264982707
3.1703423999837264e6
132154.16012249904
132676.7106141984
132147.309206334
4.708613698686841e6
132867.8628670871
132143.72342644684
1.4032023653169032e6
132143.05662124633
132150.4799349052
132150.4799349052
6.337998568136388e12
5.280731203239228e12
132147.309206334
5.871537314070188e6
6.7687864885018105e6
132150.4799349052
132145.3087907324
135056.43411945336
3.167484029525379e6
132143.72342644684
134255.36978279482
1.9376295164495856e8
132150.4799349052
1.4500418047932563e6
584096.8661216409
4.671510702208596e6
4.805288188653972e6
602547.2450403874
1.376170935389939e6
132150.4799349052
132143.34600974093
124169.65367889561
606990.2116090906
132142.94966866952
203095.79482614255
632816.8249451013
382470.20238709566
446870.6596506286
1.1683178591656776e6
115839.720195055
1.1688491693512273e6
7.345932551804831e6
133876.02259079088
103134.12664058799
92397.82187158242
121580.63692220913
1.2316758024686325e7
131404.66137422883
1.111911880570749e23
6.608896210330173e22
119129.47813095259
1.136840401083364e7
121580.63692220913
102949.48348944822
92342.0032866895
1.344658828866398e13
99019.47381942753
92465.28224316433
6.863175723283861e6
92265.2914769708
92251.56929780237
92782.93070054083
4.1526011607938935e78
1.5721018337845951e7
444609.88785818766
1.9845557200845864e7
2.5023308996406103e87
906826.9835363281
92782.93070054083
186952.49783938355
1.735273100586507e7
1.3894931567996257e44
268858.01048971474
1.35575356052086e42
1.3879004746158022e7
92782.93070054083
115260.2149339677
92235.14681400853
1.122802216795314e23
139158.5370060975
92314.55892835272
1.1351053378152674e7
92342.0032866895
1.5892066990240682e7
272729.0084652181
1.5907788533989368e7
1.6416519985833293e43
195316.78165096516
1.6559170631165404e43
92342.0032866895
115260.2149339677
1.117955515297624e23
6.630390834651788e22
135586.52117631063
1.1351053378152674e7
1.2294051065688848e7
92342.0032866895
92237.53716256093
6.8420169541108785e6
96875.04555706382
92244.39825214517
1.3519599991490426e13
104932.03557879754
92342.0032866895
3.4320864503078125e6
96275.38917070274
92238.31730974077
3.4316613754803383e8
92524.34761947171
92234.88676494862
92243.09800684557
92243.09800684557
96676.01545666617
1.3526912034275686e13
92238.31730974077
105146.92774725985
6.839905380993189e6
92243.09800684557
92237.53716256093
3.4162107228381675e8
3.275334894847607e6
92235.14681400853
3.5855216527525326e6
3.4508337490573096e8
92243.09800684557
844871.4043304633
93735.28940356178
6.739206353226137e6
581466.6259241616
91791.90611102298
1.4755601408768685e6
93946.02721464628
93761.98964508863
91744.08126445313
3.44277141982411e8
94020.00816501281
91842.61379821022
3.5072346787265143e6
91657.08009316608
91517.6718380025
91377.23167731712
91649.85675451305
910582.2697125034
948117.2262106464
7.322475908734189e83
469688.3862262932
489645.65443597303
1.9102989846183207e7
91649.85675451305
1.4017008507498646e7
272913.7078122606
1.9104154385720747e43
1.5887120819467907e44
202199.240620629
1.5983123492699966e7
91649.85675451305
91424.38903271951
133942.55808230882
1.20323108367521e23
91376.19977179522
117315.38191005155
1.1451572006863618e7
91512.51231039326
1.5994639399438908e7
268998.69076516875
1.914540650901512e43
1.9310859906168335e43
193628.58718433484
1.597928694082194e7
91512.51231039326
1.2372857752570188e7
1.0441459254525457e7
1.20323108367521e23
7.175131654894131e22
1.951380813146812e23
1.1437854228629483e7
91512.51231039326
91392.98086273947
6.906880700747519e6
96047.32190131242
91370.95004332105
1.3978384635002414e13
103821.31864849926
91395.04467378327
115056.38774702832
1.9409116474126963e23
7.167416162165644e22
133074.67760293954
1.0430572640609087e7
1.2376058600497894e7
91395.04467378327
1.5258382981924879e13
1.273268526614309e13
103821.31864849926
6.482361371918356e6
7.331444799297654e6
96835.56125062589
91395.04467378327
3.4712838069249094e6
95106.89193450875
3.475257158260279e6
3.47474668759333e8
91901.3924914373
3.478754466339678e8
91395.04467378327
617921.4245609769
1.473330952057097e6
91132.50126017001
880525.2837060841
6.73295487012499e6
92701.4644614732
93796.60285337784
3.486901259524148e8
3.396435650306177e6
3.704556238545346e6
3.5532576481462545e6
3.501992963176586e8
3.465544499021324e8
93796.60285337784
91370.95004332105
645807.54278107
6.684393396211532e6
91952.03599245759
841901.5765441981
1.5455101037103592e6
93796.60285337784
819764.1723830346
94694.88322777454
91093.92912194018
628957.7982714975
165616.69849069507
91190.521230052
91075.43385558303
91275.19591177124
3.485171350108611e8
3.3660109184357715e6
3.6738814443370453e6
3.5226780774255926e6
3.5003176418817997e8
3.4637624377332306e8
91275.19591177124
91060.49248295563
6.678845304958809e6
877781.4032267386
91091.0916741682
1.5021039200436308e6
649052.6588141976
91032.75907557423
90985.8896123048
90926.54009173949
90945.39867450255
268133.10717876296
191718.19338584528
2.1076130863171513e43
203043.90038648652
252963.43045583428
1.6046982705613513e7
90945.39867450255
1.1503123862445846e7
131874.8990595244
90985.8896123048
1.2548704718933766e23
117769.6626913595
90913.04311247203
91023.60677783107
188985.77732522078
200153.06722260485
2.1121421087349014e43
256675.3222698276
272059.73863739276
1.6043200323233534e7
91023.60677783107
1.1503123862445846e7
133622.78476409533
90926.54009173949
1.2602723229489148e23
116250.51538046345
90945.39867450255
91023.60677783107
102648.84724914402
90923.48932582498
1.4250636039348867e13
96116.18126313081
90914.06003444352
6.952836759227239e6
91023.60677783107
90916.83332723286
91529.02052693548
3.506286952010977e8
90912.11868154221
94527.26477462609
3.497798995885056e6
90918.86717117592
6.523382431940488e6
1.302313579567017e13
1.2995216449037555e13
1.5538940453054328e13
7.382306100080971e6
7.373933074839692e6
90918.86717117592
90913.04311247203
3.3455020492690774e6
3.6526380429625753e6
90914.06003444352
3.521528190974741e8
3.4847626095790297e8
90918.86717117592
6.846311331023164e6
92135.02823528936
843492.4146905446
1.5337891523360698e6
90771.07392528717
597927.8572153782
93601.17755888888
3.5776564097432285e6
3.495049440642155e8
90824.04366748313
3.512426997167444e8
3.732765115855709e6
90720.94298578039
90629.1975148343
90479.77220521252
90317.18411504988
90537.05805104856
90537.05805104856
1.6131924738437274e7
1.986584131546023e7
90824.04366748313
4.6948277632952195e87
1.3403814445662767e79
90537.05805104856
90336.2793969952
1.6134035241160236e7
197501.40380852943
90479.77220521252
2.4488140512261023e43
254871.32206041255
90537.05805104856
116408.37637877309
119459.45332473627
1.3502130188791577e23
127828.6559798626
131238.95934018926
1.1599751218481122e7
90537.05805104856
7.034912587501074e6
100478.54867691021
1.4660912383038012e13
1.469228599091189e13
96782.151939065
7.026584286181901e6
90537.05805104856
91493.89339763303
3.7044089210464056e6
3.5427693289407235e8
93094.49201359872
3.52726341583184e8
3.5477821835934278e6
90537.05805104856
874031.8405126915
1.5352936763258374e6
90441.18586776812
637301.3950583108
6.821756774420148e6
91206.01152249587
90537.05805104856
195827.2220808123
153922.1013157139
629813.1206592838
277219.3959777151
90223.36557703625
863189.1169327048
391626.2859702185
1.0704810581274997e7
98824.46849987784
435259.0747075014
1.3141952600424578e6
82709.70437122603
1.4945515045930683e6
70817.13472251539
58734.01518777433
75424.93484108131
58726.48176868143
75424.93484108131
4.37942406798817e23
58787.05354653992
98824.46849987784
1.235141464562154e7
58847.929749514
58847.929749514
1.4575909923467308e43
1.5135028411827087e7
58787.05354653992
1.795848585752281e7
1.0110580657391147e45
58847.929749514
58764.453289261306
1.1424867424192112e7
1.3191845395041049e7
58734.01518777433
6.879054019975748e23
2.7117315766823216e23
58847.929749514
8.007513247882948e6
7.201870829475424e6
60424.98635993012
3.221555839887992e13
3.834143059925138e13
71981.21810448336
58847.929749514
6.580324016045063e8
6.528416055386448e8
63373.174354684175
3.7046800727969985e6
3.8504720463433973e6
57814.63911904168
66357.7105357826
65824.92748713831
58001.10574347838
3.6702662596438e13
63175.93049409373
57639.35403565414
7.810531275477402e6
57322.32849202672
56822.45589736264
56359.424678397
57580.21812191576
1.5799524932143537e7
4.21072568095574e6
1.7199518335550248e168
3.571008187002841e180
1.0876220681675314e6
1.999229290576407e7
57580.21812191576
56612.01208658143
1.9922630993381023e7
8.25214062782607e88
56822.45589736264
1.313701862319772e81
1.740304732861191e7
57580.21812191576
1.5343664741151718e7
208032.83686366363
1.8568665233121167e44
1.288933039996065e45
140975.23984138723
1.6941909014135875e7
57580.21812191576
1.1607221241573207e7
5.012627263541981e23
3.105403381778936e23
7.762842429100857e23
1.2523628131093444e7
1.333654592712388e7
57580.21812191576
56351.862710747766
59130.0140608242
3.72929675043139e13
56378.168187095405
67350.07927592144
7.748332295848677e6
56370.283398596905
94590.4316529095
56370.283398596905
5.00732374716357e23
73464.00630155699
56378.168187095405
1.251428786595445e7
56370.283398596905
56355.48228414781
7.339072449932587e6
8.140342104110981e6
56359.424678397
4.058053667507955e13
3.423970303874772e13
56370.283398596905
6.735795628387805e8
6.641910278806934e8
6.694644833926642e8
3.789019022331165e6
4.085406184781284e6
3.9402725744599095e6
56370.283398596905
642129.5774580261
1.6462719159787567e6
656471.3102989031
1.2387542880893587e6
1.0115032060179591e7
1.2607797313897458e6
56370.283398596905
256527.71215616295
56985.92983736603
629196.2070972469
242064.6630200442
55932.966433923546
1.219842880579671e6
55728.29278018
57767.30562075744
55661.121068765744
56985.92983736603
4.0501698497020914e6
55798.22419241144
57767.30562075744
6.724628042962046e8
55535.056748388764
55316.04451744073
55010.48569476821
54929.230606317826
56886.17065699542
2.000557272740242e7
1.6133624480777763e7
55798.22419241144
8.374061384317817e145
6.180713560735886e180
56886.17065699542
56886.17065699542
1.9928495597302295e7
1.7565747487200137e7
362616.55347636645
2.341267942086718e81
1.161636422274724e89
736017.5485167496
56886.17065699542
55153.534340540005
2.55614109471787e43
1.5484223123614376e7
54881.54772439397
1.8125846948621567e7
1.5518101413825694e45
55316.04451744073
5.794747156939681e85
687886.4139049974
5.8931541424281674e85
1.9531213690341182e7
353654.5173891155
1.953514492980059e7
55316.04451744073
54929.230606317826
194681.85491674283
1.7053763316820953e7
55010.48569476821
134838.09328264097
2.290094555144484e44
55316.04451744073
8.516962310219624e23
90580.2644194868
5.530725598453558e23
1.1741660298752068e7
73339.87384681284
1.2645829100503717e7
55316.04451744073
54876.91023997191
58098.776354551286
3.9002853944716125e13
54897.22401208459
65155.31442068685
7.846628724411266e6
54900.75168093397
8.561887583424842e23
5.5132950502378987e23
3.4671727292602115e23
1.1751510468153987e7
1.26305414484514e7
1.3455891708583955e7
54900.75168093397
57746.47894658975
54881.54772439397
3.9043915107142375e13
65523.89623917765
54883.31155881869
7.842539153761631e6
54900.75168093397
6.859316261008598e8
58321.07301736164
6.821739531177604e8
3.847958154055104e6
54631.456681370066
4.0006350016434276e6
63027.937484957336
7.644704170722456e6
58700.81323812257
4.0720788488496e13
4.419954608918076e13
64041.330549392864
8.038130898374324e6
63027.937484957336
54547.475033590934
6.866860453615683e8
54878.73104898671
54718.151508913004
4.1451600255390587e6
57574.33198588126
54387.651277324694
54100.56192195895
53656.61583989505
53289.654190438385
54639.45295020803
1.2650358575856235e169
1.6542381353446648e7
954168.421678676
1.9996513065895192e7
1.2425777548837484e181
3.551279972075171e6
54639.45295020803
1.9580663524886515e7
663561.0479796958
1.0058595481488288e86
1.0227884319504586e86
349667.37674418255
1.9577140178744413e7
54639.45295020803
193952.49379956833
1.9626533744821905e45
3.0006073706257803e44
138466.80661552135
1.5685014904601311e7
1.7189848311173297e7
54639.45295020803
53306.440968630624
87056.20060763476
1.2799440842811607e7
53316.278288468726
72323.21535382673
6.28299755243542e23
54639.45295020803
4.1430460543294375e13
3.806057911421095e13
63166.83341160871
7.9792572001892505e6
8.363963862857277e6
57285.51391699806
54639.45295020803
53474.242875084194
53650.4635790617
6.984338836221424e8
56216.61619940829
56394.11896891876
4.0814348146375967e6
54639.45295020803
687546.5838196771
54352.9662149949
1.0392734464527376e7
1.2647268353420384e6
53004.05952966648
1.740479503353561e6
54678.92190707966
4.302110137828656e6
4.008520671731334e6
7.050323484171429e8
6.963358070744056e8
7.058009504898242e8
4.004469851998416e6
54678.92190707966
1.8105562898849074e6
1.764025954197971e6
53561.01931264883
1.0351011551534068e7
1.0263546788754612e7
53289.78111534059
54678.92190707966
53044.838620845585
275540.6425303079
1.1780394375948347e6
53007.92389080795
238785.8969526893
679899.6238597594
54678.92190707966
53002.51720900994
47873.27864671383
230496.58648507827
53006.08422634809
63082.386153335916
268447.30242853356
54417.161686342355
99181.62788065488
48333.5200774707
1.3866414686222035e6
91963.41985866644
47469.21518544943
633606.2408220948
46828.066611025766
46202.95447004096
47497.98435160572
51208.70016170622
46280.5522022996
5.267415823438007e13
53500.85846743879
46136.14770826087
8.218200790325756e6
46034.90709613665
45961.91751763122
46333.90494359336
626048.2877195573
46333.90494359336
2.6957415556293825e86
322431.5069915257
46280.5522022996
1.964191142146333e7
46333.90494359336
46061.58346678354
3.2995715697205063e45
6.454895029492333e43
46034.90709613665
1.5978661930989133e7
1.835647709971323e7
46333.90494359336
79469.71118849328
45990.168551250244
8.973754241172391e23
62492.6991496327
45976.83036592673
1.3061944568687586e7
46333.90494359336
8.575306858675763e6
55388.913784923025
5.300446854257322e13
4.8898809772970766e13
48325.463143543326
8.186015893336086e6
46333.90494359336
45751.20996939555
8.329114412323574e8
8.219516190805241e8
49117.79081013601
4.056034766330927e6
4.350470913309422e6
53533.67697249078
8.375829960928001e6
5.095494328448099e13
7.99797020368438e6
5.521310678130894e13
8.75648003319738e6
5.9853944979322484e13
53533.67697249078
45964.933662106545
45672.34296757552
8.338123052390832e8
48486.0831053588
45832.73079704086
4.348394825696075e6
45522.57044141134
45254.87129898661
44846.85665375105
44540.361921736425
45965.51069153244
1.750112091880547e7
45965.51069153244
2.15792797968678e170
8.687035346621737e181
45832.73079704086
2.0000171267194077e7
45965.51069153244
44913.246600996856
4.5717554939940047e86
602860.2878367946
44846.85665375105
1.967770797239492e7
319868.01816618245
45965.51069153244
44641.8818349572
118440.67079351576
6.8358681977328745e44
44608.68686133427
168336.77965992052
1.75217864496465e7
45965.51069153244
1.3968083485597035e7
1.3222239728653079e7
63179.04521323318
6.518010054608088e23
1.0181486563307896e24
77442.55889307664
45965.51069153244
7.931805414172614e6
5.622253437782722e13
5.172582150277525e13
6.0758978855090875e13
8.322031375227795e6
8.691293030209603e6
45965.51069153244
44803.26065643939
47309.86831450153
8.47839253499505e8
47485.858388490116
44641.290527608995
4.284549848408282e6
45965.51069153244
1.162526841693175e7
1.373059368852273e6
1.1771693996334521e7
1.78017237022186e6
696206.2594837378
1.850768036634237e6
45965.51069153244
82117.20116060153
438683.3362470944
693347.9193675017
111534.0770882717
645350.087485525
1.369279548034687e6
45965.51069153244
60637.52274391352
84273.69101672473
251425.6746217734
86592.9218779542
113212.27469285183
263892.3784906424
45965.51069153244
76435.88030475796
111070.43737281
50281.31326369448
53681.01338389484
81525.08976827482
42825.51137005908
52475.64531944242
222009.28686815224
55204.439616075724
190486.22075902007
326828.0013163639
56081.4186599632
147025.7432127391
52475.64531944242
61814.008359587104
49981.3715276263
92028.1659970411
58967.09349813594
50425.40692428523
105738.0671949813
52475.64531944242
42740.3517011292
42873.06350476478
57609.100293049676
43052.6021061476
43041.1014482866
55595.168352324814
42990.73985384532
46622.22475452725
52093.99526110068
101069.12085318359
48889.47005958928
54144.19733976298
95369.06970755414
42990.73985384532
43396.99252478648
42923.985549635894
55431.84283921035
44270.42915228744
42570.42527729265
57339.153854289674
42272.15061784265
41845.146541853
41695.80931202457
44438.26048958487
610053.3839074554
45232.7471067606
1.4067803176111782e7
1.7008595704751073e6
38923.17870967105
1.7461771648911734e6
35590.26910471816
37241.128662958996
8.70381469760372e13
44894.33490058161
8.069296449574244e13
8.21967561043804e6
36937.79349201894
8.60400727643599e6
37241.128662958996
4.444749262621729e6
38923.17870967105
35588.08943135922
1.0956258281948597e9
35078.53580886498
35595.10462698345
41939.265093857495
34930.461016454785
9.049981250156128e13
7.746247273540838e13
35237.06896040554
8.412988332317611e6
9.147369054332474e6
34665.68650902552
34261.637803731544
33955.54163140197
35351.354239775355
5.8435434834465855e171
2.9138775701793944e6
6.038047991201905e171
2.000271664372669e7
848395.8414590474
2.0002763165186495e7
35351.354239775355
2.6752660171311566e87
538627.4368430156
34318.780443416515
1.976668728542481e7
280546.40148044797
34261.637803731544
35351.354239775355
1.7878471297009733e7
148271.5328257517
1.8512872018447377e45
1.8665034391822484e45
98548.49341499135
1.787022961085855e7
35351.354239775355
33983.60117962338
1.4404353239760365e7
2.79636821740441e24
33969.315519702046
1.2299826337888502e24
1.2916270102877723e7
35351.354239775355
36199.228407662216
33957.19939598684
8.513312386709052e13
42727.482614903805
33964.34222594746
8.72604500899336e6
35351.354239775355
4.669539072190057e6
4.387037499958979e6
1.1294122976864648e9
1.1137939633478708e9
1.130606249782765e9
4.382945154026758e6
35351.354239775355
33956.76130886983
1.9015003272629245e6
730587.2369987714
33954.975601379745
1.390432858960881e7
1.621410327339051e6
33955.804483672146
36849.36949555444
33956.76130886983
1.1216401146855e9
33811.13535560037
33955.804483672146
4.5284477744044475e6
41216.205623861606
33659.683888515865
8.845816330630648e13
36849.36949555444
33972.88402294622
8.909756988003602e6
41216.205623861606
33387.67255513099
32967.216291498116
32620.569376778905
33904.33799752783
841483.7150791126
33972.88402294622
1.616157712235228e172
2.8020944354371317e6
33904.33799752783
2.0003289132305168e7
33904.33799752783
32967.216291498116
517702.66517427313
4.391655128568709e87
32932.94327878884
279232.4532355247
1.979065768013256e7
33904.33799752783
32694.378725692804
1.7978448339679193e7
98433.56639263105
32711.5152320474
2.3703412738279774e45
141262.2055188596
33904.33799752783
1.4530235175487582e7
1.3842406859204441e7
48031.24305672493
1.3889936682619995e24
2.1117014208362023e24
60316.25960768967
33904.33799752783
9.675328553367556e13
40182.40620223674
8.99124847561425e13
8.479495525634518e6
35184.0851047454
8.85553719833012e6
33904.33799752783
4.6105784970649695e6
35145.893381513044
1.1470880519171772e9
1.1482914528586102e9
32779.59304897118
4.606469636257592e6
33904.33799752783
32383.370425346104
32985.712999254225
1.4121013883897724e7
33548.57165992109
32404.12596330625
1.9661331061519529e6
33910.66619937797
32343.898729548935
33529.27146496984
4.679722628942339e6
32425.396630009804
33851.8674401638
1.1516113904074225e9
32272.618864554475
32160.7132409642
32059.518419378765
32347.594478588755
5.65621301111648e87
507754.26918382826
1.8827884783967894e7
1.9802573013175417e7
278617.6140949274
4.804605670994277e90
32347.594478588755
2.6729526849679265e45
137989.39077063414
32121.81216525365
1.802877149348737e7
98432.2046577972
32160.7132409642
32347.594478588755
60099.76001524432
46781.40440446055
2.2372183802246687e24
49145.988017427524
57453.990606685125
1.3913983085062785e7
32347.594478588755
35530.71525100405
39202.813630875484
9.223650640514427e13
39837.838643321214
34916.177027134654
8.9139942627981e6
32347.594478588755
32302.36830138863
32460.837086272637
1.1606859986964335e9
34314.840706418225
34468.57409567311
4.648881778481045e6
32347.594478588755
32397.12725513835
2.0094585354933667e6
1.5507061716616044e6
31907.752300391232
1.4251003467303215e7
705418.374950319
32152.249976024217
33469.15909376171
33580.180988520115
1.1624278422322798e9
32810.257049568216
33008.875498207184
4.68515582484418e6
32152.249976024217
31896.503055165766
1.607631540686259e6
1.9877695426623567e6
31919.63772061881
772448.2493169397
1.4106162082231775e7
31875.91308972114
31842.367258856975
31805.811997229426
31854.847074376852
31854.847074376852
1.8053684761857003e7
98652.35498557042
31919.63772061881
2.836953883108793e45
136143.8410111931
31854.847074376852
31809.971935736015
1.4631658022413045e7
3.390185815497104e24
31842.367258856975
1.5248150349736686e24
1.3195768797446804e7
31854.847074376852
31802.802566465885
9.344452697372938e13
38994.4668788924
31819.000228026383
8.945744877510618e6
35163.68189562319
31827.320105039667
47442.72722972874
31819.000228026383
2.3042761084585238e24
58549.49276740493
31827.320105039667
1.3947442361172404e7
31827.320105039667
31809.971935736015
39312.53476172887
8.941921694694327e6
31805.811997229426
34859.43487791479
9.353892862004167e13
31827.320105039667
31805.1149010968
4.665687475800217e6
32077.960322210274
31803.0349318435
1.1682030640529194e9
34167.34768592747
31827.320105039667
720653.4672971881
1.4367973008171994e7
708465.8995164466
1.5746330997416377e6
2.0409046694227986e6
1.5575092652542894e6
31827.320105039667
31953.970954515786
31627.18479690783
1.5955146266622196e6
31697.889309219358
32138.544222667104
734387.4568567115
31748.071936618406
2.0398303448475655e6
1.9718696021429433e6
774974.2939349411
1.4267873179745127e7
1.4132924758635182e7
1.617010830541828e6
31748.071936618406
75126.00745990706
1.5566320569289988e6
1.5911620405616513e6
104232.18192701439
734023.6611145072
757606.9751864712
31748.071936618406
263833.22300733655
163095.80967269235
77270.71227513187
291331.49937505816
179503.8024558785
50938.42780983922
31748.071936618406
33194.766472601215
106846.2409972484
68912.28877734447
30542.897237912628
78124.26079468917
97664.06064084182
29865.58192911488
34779.37939187557
369249.082569943
441041.1282951816
1.7710267173506133e6
236046.10639568017
881948.4908065274
684656.3883586811
34779.37939187557
230602.79089495953
43219.23626887776
69833.43441717757
361129.6971795068
46280.51583729112
60689.17775682508
34779.37939187557
47409.754395212076
103753.49317800334
30671.142894256867
43636.769292374775
84540.4787687738
30792.68183180327
34779.37939187557
33705.553555126244
31004.870015593813
47782.80295809904
32743.383831198564
30336.051389753724
43776.15294776622
34779.37939187557
33184.11666974837
33172.30572553978
29937.79568416612
34554.041409287565
34379.22531247452
29903.030115001395
34779.37939187557
30062.123528172335
31150.649112809162
29872.417790167045
30357.151136373694
30570.683002236325
29893.639903782954
34779.37939187557
30230.120680543594
30031.479221603302
30183.90907702012
29987.755484056965
29857.9793410327
29933.150297803073
30310.155966348953
29953.06868621638
30147.615863421892
30541.296016114127
30164.495841505606
29900.91326995731
31114.83143345194
30310.155966348953
29960.76829028596
29907.158172836516
29985.10952559683
30244.81018943758
29826.653352493355
29848.032637340664
29817.88682364586
30018.205791336153
30420.596730539248
33121.42258525644
32101.43476995311
30011.128778764865
34496.7033601779
31361.764606499266
30018.205791336153
31122.096851278737
30444.367684817924
29815.6767782163
30513.098969272603
30929.76927508681
29824.864225456407
29825.61140898922
32130.460477697674
29982.089672830192
34651.44967084766
33545.488974073785
29731.577568222092
32930.33345756511
29807.88717550027
29742.550276169666
29673.109661907183
46319.851554555295
29720.644386697568
29884.135604479554
44733.20379717187
29843.3785137957
32749.680841382757
83886.3850088031
85432.64291605387
31249.485760123873
105573.60518260323
70387.00382506415
29843.3785137957
33192.25650631905
29800.293503779285
48092.11748044184
35305.165388752735
29983.144574667735
43077.08193588954
29843.3785137957
34525.281323353556
30678.727531497196
29682.290632437707
32734.9930180669
29930.402401515083
29665.204060181313
29653.228044546435
29644.680534357965
29689.71677339721
71652.11958146896
210362.65595652864
375411.8871185089
57365.99799142092
141762.81554902342
226659.54172812137
29689.71677339721
31398.193989119154
108716.20852123805
41549.187580290774
29888.5718449668
81367.55462157766
48913.85244146292
29689.71677339721
39906.81974838588
33802.72883763448
49384.94557965607
34922.926915478834
37929.2068785207
41703.86644337582
29689.71677339721
30453.67945950718
29724.63614698726
32041.9581546504
29546.259960623967
30838.199838931676
35328.62656227368
31409.206799898813
30917.65225937041
30217.227572033487
44378.43132337203
30259.956788532785
29597.546241914526
46006.35175672671
31409.206799898813
29662.98337760726
32485.127649172337
34181.2859618971
29497.380368356018
33834.94634660413
32614.139551623157
29605.39398121962
44761.175172348296
34967.6854673929
36934.13103669419
46263.06076881412
34863.621082681355
36789.32795142601
29605.39398121962
29941.1382891341
33090.50208603581
33515.74532117803
29790.813325262723
33205.19953481228
33462.33599329201
29605.39398121962
30536.327974243926
30463.940129034465
29544.52158916965
30407.752297573046
30524.970599435186
29481.076136072046
29541.753853842314
29664.19415266341
32791.25799633065
32953.56121513474
29853.253288950084
31924.640765855023
33830.694192831616
29541.753853842314
30220.916161932797
29711.150825747867
30642.932984590472
29879.895984076487
29903.99021289275
30280.080610265304
29541.753853842314
29638.802414784517
29538.122610228496
29627.696817421645
29815.210459489295
29462.215540759174
29510.334154060416
29538.18970377351
29583.49346099412
30520.447683866805
29564.832095894293
29547.317871123294
30383.45289152633
29684.39904625817
29538.18970377351
29654.927446060887
29472.546629496905
29667.28019390059
29576.955680717638
29458.241355612307
29750.52852060644
29469.310107749927
30522.684565925578
30271.059826342083
29661.448098309695
30120.47382660371
30625.204594704668
29826.215751158008
29469.310107749927
29800.65298830822
29512.537142688874
29445.812747806212
29609.461052396837
29436.582801808636
29479.5513411187
29491.965590378473
30356.383993969917
29509.093596728897
29566.239174120936
30499.237663315413
29487.54313285299
29624.557050051102
29491.965590378473
29660.063109626473
29485.72210224676
29545.669373708737
29703.127292047946
29443.317449163762
29505.482813802897
29491.965590378473
29507.7086207546
29479.406537356324
29444.831953595993
29487.894453734003
29449.536205310327
29432.804939559865
29438.628007669347
29628.354388488224
29488.979439316914
29655.192357111646
29638.874292050015
29448.77445436895
29700.990228300914
29438.628007669347
29429.808310409448
29437.324453070916
29485.42271053397
29448.739443734175
29432.09103148469
29503.781762598213
29462.82215956816
29690.301231986152
29445.876460161624
29734.154553603872
29558.486511482995
29456.13784106039
29618.400005735337
29462.82215956816
29528.99881696361
29463.814749692483
29442.52594507573
29456.372599647253
29518.75678864452
29433.07831042013
29462.82215956816
29439.722538836813
29462.0176688569
29429.441364793747
29427.114660132087
29428.802075100903
29434.72646879993
29443.312417567136
29491.650045926548
29457.176225053274
29438.256299544824
29486.771401207046
29444.928170799034
29446.01242617371
29443.312417567136
29427.70287416882
29444.400560041977
29430.069274056306
29428.378321305187
29440.362798653794
29436.10917321994
29443.312417567136
29431.537456040405
29429.051293412664
29427.79376410069
29430.36012930071
29426.014882531043
29426.92635449301
29426.323052584197
29434.547303326148
29428.729656081123
29431.82628210789
29448.038937763697
29425.381848575
29437.70499584617
29430.350003353535
29459.707350037606
29429.44776690712
29485.034776913664
29513.871196968157
29434.58761639197
29439.48560293947
29430.350003353535
29428.45433874119
29428.49005553758
29432.190425716395
29423.16480719376
29453.187941389173
29420.165728118816
29414.51938937512
29422.43021244564
29488.027156140055
29453.530081921803
29686.957579960574
29435.743062843376
29482.147214475426
29632.625046211717
29422.43021244564
29418.34487578231
29420.683222337
29492.35866300038
29413.55913809744
29408.362241093506
29460.295960030104
29396.06799509542
29371.559681034905
29322.863570146194
29226.75186257388
29039.638088182634
28685.750120424767
28058.54616156609
27120.22236434883
26459.637226707542
29637.140830207678
26331.26502316033
8.94876748475093e6
9.64763434526156e6
26598.055334418
1.3257231079989519e14
1.1434264819649444e14
26104.65832855571
25771.99578930514
25588.874110639124
27151.44435264749
2.0004412220176563e7
2.4930855105783734e6
26598.055334418
3.893612529873368e173
770235.0283329387
27151.44435264749
27151.44435264749
249125.38117281554
25771.99578930514
2.3218458839613778e88
469997.64333892276
26048.69029841993
1.9851721524883658e7
27151.44435264749
5.869097318650385e45
127184.48634649625
25738.41497122366
1.8279935360033657e7
83841.9988876748
25600.0677166663
27151.44435264749
3.5727387281253263e24
52168.252624655426
25643.55273260492
1.4292855687221244e7
38542.72730081159
25574.379105326214
25665.939944659225
9.244018093485607e44
129963.44184011417
5.880864049425988e45
1.8923119665667757e7
90272.76806940866
1.828489494395294e7
25665.939944659225
3.565583052728585e24
50880.266521790916
25588.874110639124
1.4297692884222105e7
39653.55833880885
25600.0677166663
25665.939944659225
1.2487959877225553e14
32794.55933457076
25576.603655901057
9.2537828655229e6
28173.976948643114
25582.200458914598
25665.939944659225
27969.987674695883
25574.23564259329
1.416469219408969e9
25783.92955672831
25577.034044100055
4.8582685032858765e6
25581.483145249746
32948.51138313266
25581.483145249746
1.2494223065755056e14
28028.977351356167
25577.034044100055
9.251902436625699e6
25581.483145249746
25576.603655901057
25634.08542568809
1.4171997992307098e9
25574.379105326214
27969.987674695883
4.856214017005434e6
25581.483145249746
25355.37185841626
2.0979741568570575e6
1.7351299234888707e6
25928.494855696616
1.6145287107549787e7
727936.2799887893
25317.002474667912
26791.160743577886
1.2853195267227197e14
29114.72259397238
25220.882217340826
9.37972473522487e6
30997.418096418805
25423.05766534299
25058.446502730483
24852.794273685635
24918.36661629871
256698.37103658332
25423.05766534299
3.281020616988474e88
443319.2722179972
24918.36661629871
1.986389716869574e7
24918.36661629871
88540.53595653389
25058.446502730483
6.939478751873251e45
116892.0553017919
24806.100978208364
1.8348333201530546e7
25189.59118795666
1.916480199564201e7
8.955589396397043e84
3.267925351896656e88
2.118088089640639e91
1.998290099159255e7
1.986305101529265e7
25189.59118795666
6.995038830905395e45
1.1282647429509104e45
127694.73610240339
1.8348333201530546e7
1.8965669453693297e7
88540.53595653389
25189.59118795666
1.4394734223536605e7
49766.834070758094
24809.577759251006
3.879539095874016e24
38655.405922059945
24842.363930557538
25189.59118795666
1.3980281275900147e14
1.2982348504319975e14
1.20776816471612e14
8.990722160863338e6
9.334932319992265e6
9.684910750083096e6
25189.59118795666
4.771642681930434e6
1.4429393638325367e9
27023.038542767154
1.4517568664939337e9
4.913612635290144e6
24861.533950881134
25189.59118795666
2.1252290115344087e6
739809.7281465293
1.6211412714264829e7
1.6316742062738504e7
1.7487142811699314e6
2.0787211188729578e6
25189.59118795666
24744.15232986815
499959.2063253542
1.7721937418624735e6
24875.33868504117
872774.3646780987
755726.8209899312
24642.029273074284
24524.233939532096
24629.3416701475
29976.997642949296
9.74807377374932e6
1.3215678956620303e14
29148.473568590107
1.2263974769311108e14
9.411129427248798e6
24629.3416701475
25875.966922950825
24501.78932844971
1.4480140512266686e9
25541.751101169582
24549.146316848484
4.968171608841952e6
24464.303404987062
24418.944752869826
24446.680227868306
1.838338817350712e7
1.744797363916601e7
90563.70284489331
7.681595321999562e45
3.8471132889217185e46
122666.65709661275
24446.680227868306
24413.070360496884
4.062450417035525e24
47466.50937834116
24464.303404987062
1.4457201666512014e7
39655.01042606524
24519.774354983918
1.7436091912941445e7
7.727506330871778e45
114700.27042606662
3.8242339908674175e46
1.8384935322148763e7
80119.90434777553
24519.774354983918
24446.680227868306
1.445251061989372e7
38545.342443892456
24418.944752869826
4.070535801814574e24
48708.07941230697
24519.774354983918
30962.210511821515
31581.114833384898
1.3288202171970981e14
26868.40697369585
27423.69653181371
9.390729347519608e6
24519.774354983918
1.4672675564303093e9
1.456184651712332e9
26660.910410375625
4.8101875429623425e6
4.945688803607813e6
24708.249391189547
24519.774354983918
1.6404554795104627e7
746937.4994140237
785800.934776571
2.1427525442780396e6
1.751597521406675e6
1.8093744178755302e6
24519.774354983918
772949.5500596652
24726.14062556908
776827.0615381313
1.7904169061021872e6
24249.585605585384
1.7968483022221932e6
24364.000702268582
1.6265464518006815e7
1.6350086788124949e7
24731.685654102606
2.1205750761628347e6
2.1645391981871244e6
24376.80405485889
24364.000702268582
78907.63436620965
1.761786708873074e6
333797.4681807964
99955.38301121729
779738.8536838581
277475.8045021545
24364.000702268582
24237.460875788944
137981.21180849033
322090.57725917845
24263.488546191904
123284.1590390839
267996.48431822704
24218.5347543419
24201.897068195016
24252.853493438015
24174.60376748923
25297.832464785984
5.00820853579993e6
24231.641201241524
25446.58009139224
1.461691262645844e9
24127.3696631001
24062.311442411356
24049.834953392034
24495.44178478627
1.998489186736675e7
1.9239908763842814e7
2.9595028274100185e91
1.5305228828431034e85
3.0067428344073762e91
1.9233939268308785e7
24495.44178478627
24194.211734183715
1.841946966967682e7
82961.31726523316
24062.311442411356
8.567182790874739e45
119143.62514408487
24495.44178478627
6.190426750930634e24
2.9009799962246466e24
2.912487747828339e24
1.381985618660592e7
1.5129207562755883e7
1.5137613587636886e7
24495.44178478627
24071.22415454518
1.4626621055996566e14
1.2660518874423434e14
24038.24908160213
9.09396076233305e6
9.781286972121438e6
24044.487326111765
48980.32894638343
1.450896707039043e7
6.184301290246837e24
39504.07933331551
4.27623014253061e24
1.3822393653783152e7
24044.487326111765
30947.464387663727
9.44217202745492e6
26924.53520044848
27205.119479397945
1.3595483580601516e14
30635.4945462252
24044.487326111765
24042.816601326685
4.844571020553173e6
5.118350945100744e6
24036.132394218297
1.4817817002923286e9
1.4609638144032595e9
24039.25151647316
27063.63706942037
24039.25151647316
1.3602219254256722e14
30483.296151082537
24042.816601326685
9.447696472079948e6
24039.25151647316
26091.956406645702
24353.890711892043
1.470662676774773e9
24495.428518025317
25942.424562697608
4.983733186516577e6
24039.25151647316
2.11773272277195e6
24732.23492305468
1.7920033123532827e6
1.6393440406498125e7
23950.06018289474
781863.8154409354
25548.867912898102
5.189044978329047e6
24677.76639694106
1.4749156443393698e9
1.4652647064552143e9
25390.17852015534
5.050598362386366e6
25548.867912898102
24036.15323740413
24036.431800532293
1.6339591473527797e7
24405.835219351724
24477.207946333176
2.185487656295992e6
25548.867912898102
815942.2216904255
274500.23880814033
309308.98605546274
1.763853069576074e6
305560.771599441
277779.2062098928
25548.867912898102
280244.17129384266
47796.37373451025
29667.381187639465
312257.33652228315
77202.34147111814
51726.98103660501
25548.867912898102
32428.431910031803
74376.99040931904
33648.92996555631
56640.77148113281
106701.89831016306
21945.94121751379
44079.18676163814
409781.37549797475
29804.75498195544
143185.80543911256
232017.1129547654
24068.151975831224
229071.9674929294
44079.18676163814
64120.233182270356
111935.31886668908
65977.26506978938
46361.84222118757
76378.55032318956
47274.0409364907
44079.18676163814
25490.603461178496
25193.073231207625
45656.19720596326
22454.66995745138
22214.969346765894
34240.82618700579
44079.18676163814
21646.338611848612
21898.08369950019
28845.75354092984
22573.83279415041
22008.182356410143
23980.93355419995
22010.810217230945
22919.811477724044
24555.349689825056
41652.81115996756
22448.295033946295
23605.65058931685
37074.16087139645
22010.810217230945
21722.09261020615
21598.94093916044
26768.536775693738
21595.344000639663
21812.74758087276
25306.27317118774
21567.26931207702
21804.25384209258
21832.97766849095
22077.7872738946
96926.47850434479
21974.628523516367
21514.095157262902
86549.32985809403
22825.973889464134
21476.32863129603
154161.02969976419
401278.3309969906
21552.188037703163
109432.68223944385
240738.94551825814
21401.77359494117
21256.56826210853
20981.718162488716
20493.79603823326
19761.397330678486
19241.777924632916
21765.542847136257
1.9990027934856504e7
1.9909873165089414e7
258726.38080239296
8.053035136472557e85
1.9180496692159103e89
399751.217560933
21765.542847136257
1.863499233130151e7
94599.78250069084
19672.983041418538
1.7786139877479852e46
83821.43011440967
18964.843183034143
18873.78482539688
20542.912612363863
2.145610670674588e6
20542.912612363863
2.3608676176086237e175
700422.1706423452
19672.983041418538
2.0005123035276357e7
20542.912612363863
411288.62495558494
1.9407377005295278e89
8.213374683846878e85
221874.06434353825
1.9909305628236216e7
1.9989997372950185e7
20542.912612363863
109304.0768128169
19059.661209358415
1.799735957502039e46
71555.86546832138
18842.178816622127
1.8627159225753855e7
19241.777924632916
1.9419422568944424e7
8.245632255787507e85
377265.8330304924
9.198126074248029e91
1.999008905880444e7
214877.35453456268
19241.777924632916
1.7926814478069277e46
104229.245966941
18873.78482539688
1.8629769893285237e7
75506.17709393121
18964.843183034143
19241.777924632916
18838.698024111178
4.5504603666854895e24
1.4224324957329089e7
18884.227202929822
1.5456032004618343e7
9.453567726852899e24
18947.43922047933
18947.43922047933
1.8628464513563145e7
73513.74504074061
18884.227202929822
1.79620697101568e46
106744.98646381628
18947.43922047933
40195.20746755312
42596.508189741224
6.639552253412722e24
30582.728336540436
32657.119438633905
1.4869204557229895e7
18947.43922047933
1.6832001668645156e14
9.772280868482606e6
20962.392541660996
1.0107033234152392e7
1.8040477050993088e14
24969.850476389565
18947.43922047933
5.326351537137937e6
20821.976937352127
1.772000507971651e9
1.7600679444570718e9
18917.86561643287
5.190384602498725e6
18947.43922047933
19153.576907673432
1.838111494536495e7
1.8516515442618195e7
18679.302899983424
2.1859340255351663e6
2.2518400445630625e6
18819.63571732234
1.7628387759620793e9
5.088566391895318e6
19308.108945928627
5.360766581681172e6
1.786552034169149e9
20086.73114502331
18819.63571732234
1.969290590447449e6
2.0070276782952936e6
2.229977787339759e6
821033.9766423459
846767.3236429808
1.8362940302977957e7
18819.63571732234
1.9864677230803054e6
92554.90715705176
1.963435841675723e6
833238.1402852192
80751.95409970259
817377.1570297227
18819.63571732234
270381.3171289585
220551.33534846807
187879.6267551948
225385.0603182811
264483.72641684546
172222.79271627334
18819.63571732234
95577.93038545556
19977.351929313423
85300.32101834363
84233.541576735
26788.28452623061
96505.62916946596
18819.63571732234
18669.247496413147
18681.52591363682
30453.632144044528
18691.500425050057
18677.112890543624
42565.86134872407
18655.550226564672
18653.720327706273
18751.60723219556
835084.0929461092
273503.55687916756
101540.08644004796
1.955069747524228e6
342860.1193604102
83531.98724401087
18751.60723219556
354028.5568812281
67032.72268814084
125430.01005235032
282819.5064156631
47630.7047164731
135949.82482516152
18751.60723219556
17765.435195689777
32174.825219973824
81791.38017283875
24293.452402551702
49070.23358348115
99939.76923173561
31649.807373546828
433727.8041524567
238696.63138317247
31612.987137738517
243764.2282989027
426358.21940022596
43701.03039166643
31649.807373546828
18657.4388349442
68242.57135626464
76937.04283232518
22225.26873580758
100243.93656338942
114241.51800093778
31649.807373546828
28576.575583850394
23856.05883942207
42224.66461452074
22115.720433195376
31267.724416355337
30933.112246848985
31649.807373546828
24951.029384980964
17709.24331311762
19874.00301470803
20083.111399203306
17837.143465307836
24571.917318912565
17643.08864737531
17693.47666516422
46660.609130750134
24033.959379264037
107465.85872644169
58577.11870733909
21152.09185667117
79901.22870589964
17693.47666516422
33111.000547748634
32878.76527738842
18009.040249411144
40075.819982030225
39628.82156595013
19185.88789951578
17693.47666516422
21804.453779106785
23637.14231255205
19668.7881935064
19812.207112914886
21044.8071602504
18331.552031369985
17693.47666516422
17618.62625614089
18223.835327593646
17622.84793002327
17672.69036222458
19390.931881467168
18210.54006745
17585.07595493602
17579.17022566242
17809.734300717555
24953.66691559443
100484.09896632624
35361.398262271694
24515.686400070426
85301.27090587596
35866.451733850125
17809.734300717555
35806.834889292
17981.474804432128
35193.806350201674
36583.18103921436
17694.47209946106
34636.0980465308
17809.734300717555
21957.222083050732
17616.606847465664
17812.392648344492
22433.53453776276
17635.048877234152
17667.743931573095
17809.734300717555
17828.852611921735
18591.61008898901
18615.405746258177
17679.330562612886
18906.72348045926
18284.1015685491
17809.734300717555
17593.90305230818
17578.188255913246
17776.473206944083
17567.07995815826
17581.833775198236
17959.4058976818
17550.847182227008
17550.313762721584
17678.11214174933
17763.8499418274
18402.603903862746
38918.02962171179
17621.540302381993
17943.05004402268
33737.20901092292
17678.11214174933
18595.147675867585
19032.00611934281
23141.546081136505
19392.316610313945
18279.525511788124
21375.324056479418
17678.11214174933
18372.790039954343
17637.494763364874
19102.434460763703
17870.271314587626
17508.539793191976
18338.96614519097
17560.183547366934
22391.19971991451
17728.436038740576
17740.582606721833
21947.849978077476
17706.070066734126
17716.09616074786
17560.183547366934
17522.565672191566
17511.560002318434
18723.854904250184
17494.54502764358
17505.526448126904
18614.819033800897
17466.64885972009
17411.23013793605
17301.88846602673
17089.199123222374
16687.890014058845
15982.398791511627
14968.316402815433
14620.617474770985
21808.536840576737
1.1233498428783337e25
1.4872721156672545e7
21200.142651680962
1.5970704873827985e7
2.2486346033772588e25
36518.850772340935
21808.536840576737
3.152347927347881e14
22235.905481453745
3.384539985944891e14
1.0654596088139027e7
15147.436665561996
1.0354801507545263e7
21808.536840576737
14628.289448507809
5.685531965238907e6
2.776031753544431e9
14615.35727052744
2.754329301001848e9
5.556787795525249e6
14612.072170520127
14634.443204424351
14628.289448507809
36790.88152946295
1.5457648020763697e7
14634.443204424351
22866.39295259666
1.6032340928104048e25
14634.443204424351
14615.35727052744
1.0040932519355036e7
1.0659777961842487e7
14618.434148485678
3.611302758317711e14
3.1477049873887206e14
14634.443204424351
14612.508835777186
2.7718711840802994e9
17084.77337139779
14614.047274756294
5.563014243471867e6
14036.265597283538
18241.986065663677
13911.741283774849
17084.77337139779
1.0511015413632153e7
14170.311756193303
18241.986065663677
3.492560795802228e14
13691.258192960371
13364.554156143182
13168.194661755957
14603.669989970203
1.9862384341142032e7
8.848558531429508e162
1.6400549740257368e6
1.2074496004839077e187
2.0005581609598413e7
543756.7973206134
14603.669989970203
2.4028887214480886e87
1.9680581708159957e7
1.0133362057235719e93
1.9996959843363896e7
9.976458389053584e92
1.9683087733445175e7
14603.669989970203
57506.96119831938
88676.35718859287
8.728572783006377e46
97951.78654218587
50260.63701243895
1.8986308971086036e7
14603.669989970203
13214.323242168972
1.2468920572544532e25
1.4998872994433468e7
13160.153462946848
1.6067284712866468e7
2.478217239127477e25
13258.333210140498
55643.744865596025
13258.333210140498
8.711555002299209e46
90931.60637474398
13214.323242168972
1.898727798318939e7
13258.333210140498
1.7702157805373362e25
34175.98349944499
13168.194661755957
1.556722787090584e7
21951.719417667337
13190.19964574172
13258.333210140498
3.540766340192624e14
1.0153894368410314e7
1.0765362210051777e7
1.046925956896341e7
3.7803117470649975e14
3.300904212130446e14
13258.333210140498
13158.593070623769
5.637855066271378e6
12771.05127826252
13164.094316620229
2.8298664553810744e9
15407.250552509031
17243.162223689946
12644.384737036788
1.0310954504614485e7
1.0916932704143818e7
12907.11697352648
3.9055391399356544e14
3.4195028779361925e14
12419.249116700243
12081.767724486126
11857.964333894543
13214.995128057693
9.229007946573563e177
1.6949573836093736e6
13214.995128057693
2.0005471860373303e7
581208.4620560374
12907.11697352648
13214.995128057693
356719.4262708599
164263.773082491
4.615926859929837e90
190362.9760600403
315839.12071443594
1.995837638826761e7
13214.995128057693
2.182304122488224e46
93543.08256305273
1.0676664669279287e47
1.9398264975419916e7
56708.311229078594
1.9038250164209142e7
13214.995128057693
33945.871531887205
1.9598305500657537e25
1.3815103508885814e25
21142.691749112946
1.5674330102361165e7
1.6162476832091302e7
13214.995128057693
11872.285103242799
1.0258586167290842e7
1.0866334259339258e7
11853.042718584611
3.9629413363873956e14
3.469761520989594e14
11871.396950079426
11872.285103242799
1.6164157553126996e7
2.718935805266343e25
11871.396950079426
1.3801717660159084e25
1.5121156489702087e7
11871.396950079426
11857.964333894543
1.086970027601895e7
3.959101494998961e14
11857.520257312894
3.4663995378241475e14
1.0262068970562827e7
11871.396950079426
11452.959596568062
5.710088500105838e6
2.913297030568014e9
13953.564804159523
2.8928218768420544e9
5.5803161418265365e6
15458.866114246104
11338.310712002742
3.8340148192566625e14
14081.36939377686
11576.887414833038
1.0719414445088204e7
15812.178999867328
11136.849743971086
10845.275012303515
10707.514366551555
12213.548345380019
571579.9556049065
11576.887414833038
2.0829316962515615e178
1.6548363396518938e6
12213.548345380019
2.000549325184073e7
12213.548345380019
1.9963006746486027e7
6.647646606531127e87
1.9744429302077413e7
6.867098397341871e90
1.9998583076139357e7
1.9984694810426065e93
12213.548345380019
10861.32845246715
1.3045850134811805e47
86572.44797698723
10702.16321983031
1.908693398986232e7
51040.959679480315
11136.849743971086
6.893661809756038e90
318810.63458973874
10861.32845246715
1.9963251398683347e7
179501.57674987777
11136.849743971086
11136.849743971086
1.942974567648807e7
1.909039049394152e7
58313.934207818864
2.713372123991946e46
1.3045850134811805e47
86572.44797698723
11136.849743971086
19718.689937101914
2.9727188857321405e25
1.525010200940117e25
28333.826778891787
1.5237679015293784e7
1.6259516362143777e7
11136.849743971086
10689.582605961175
1.0682119826876558e7
12423.2473509902
10724.022767399169
3.8750077424089175e14
16115.661676032221
10692.2581793218
2.9813328132291995e25
2.1473739368687342e25
1.5294248973362875e25
1.5239688153415218e7
1.5774450911305793e7
1.6261151323212735e7
10692.2581793218
10686.280925791636
16357.728410461368
1.0678735832332863e7
10702.16321983031
12169.436483960271
3.87874518083408e14
10707.514366551555
18797.903357226918
20674.76230141662
2.153593292035138e25
29326.54786542326
31429.289134106915
1.5776266082547998e7
10707.514366551555
1.0675352908671455e7
16609.316990291456
10689.582605961175
3.882484420767189e14
11924.671254984174
10692.2581793218
10707.514366551555
2.953688034363326e9
5.652891431991805e6
5.90386325063839e6
5.781793749241263e6
2.9743185134086046e9
2.928611679336509e9
10707.514366551555
10686.905339139848
2.515525474559861e6
2.5880226844678354e6
10686.236445799697
2.543062158034102e7
857695.2987187069
10687.887285884486
10419.480074160512
10542.848593273991
2.9515171369452543e9
12619.84869596523
12744.609525263098
5.780773882528275e6
14599.622566315107
12744.609525263098
10305.272671811485
4.012062458545664e14
14949.178824284982
10542.848593273991
1.0823507869851544e7
10104.341217407055
9812.411709772423
9668.286299199812
11138.969896841627
11138.969896841627
6.897936619024804e187
5.267810191515542e164
10542.848593273991
1.9925913323418222e7
2.0005581667811282e7
11138.969896841627
1.9769872955738537e7
1.1004427521471708e88
299596.18397461664
2.769194379778461e93
1.9999299480786413e7
158673.6862860381
11138.969896841627
1.9458853021990728e7
1.8617634596704e7
53743.183947469726
3.3985307273422214e46
6.4288914889310235e47
87613.09756280735
11138.969896841627
18079.432750336262
9649.35095125588
2.3746544128032576e25
29518.164838648056
9723.86611420181
1.5874617617765188e7
9721.413656542214
1.913289386225891e7
1.8616351220779877e7
55555.77023327423
1.5791761580516515e47
6.39212677617227e47
85324.33380888618
9721.413656542214
9668.286299199812
3.271150722643304e25
1.6890171544687375e25
9667.060070370004
1.53521372216277e7
1.63465778893632e7
9721.413656542214
9654.238066845563
1.0780014214595916e7
11101.677378386352
9653.624952430662
4.0624582557212525e14
15221.823323616334
9721.413656542214
9650.649369455166
9535.496738563279
3.0130796418814654e9
9650.342812247689
11518.522998127864
5.851959567912832e6
14275.952250813298
1.0630630268138818e7
3.9359643349118975e14
11398.87880677702
4.468973117150805e14
1.1218295315021647e7
13928.032398777817
14275.952250813298
9476.433590451516
5.977250923867233e6
11101.677378386352
9596.821296188406
3.0353287000604353e9
9649.35095125588
9365.091522768389
9169.544301563352
8886.997515798457
8756.09457084914
10231.051187272824
1.4667914455028921e6
1.6696361962938746e6
1.0271027787715142e179
517619.5870730166
601448.2060037373
2.0005524382947158e7
10231.051187272824
330472.6334397216
156566.01540220648
1.5290532915669385e91
181552.76590042422
291324.1161108487
1.9971376717715535e7
10231.051187272824
4.212696339910835e46
1.9176482777714055e7
7.68233800160571e47
1.9486400199792255e7
1.922204165469723e47
1.8687824275248885e7
10231.051187272824
27914.565357670683
2.61603951323956e25
1.8652114491403753e25
17339.639058935383
1.597725400863917e7
1.6428199518085478e7
10231.051187272824
9663.317113538402
4.253759855787245e14
3.990757994977179e14
14296.083947212623
1.0872743216387117e7
1.1164819480820466e7
10231.051187272824
6.040998005156828e6
10684.5749453757
3.0798378448720846e9
3.060222050277725e9
8438.615837132542
5.912556249309998e6
12364.415053369741
10684.5749453757
10978.343796255098
4.397409484634653e14
12364.415053369741
13013.153434604726
1.1019881231880456e7
12364.415053369741
3.0843066846874266e9
6.034949249112764e6
3.1291768658990636e9
6.16263955460176e6
3.1037967673352404e9
5.9145681270316e6
