9961.441459522637
Inf
Inf
9941.566653103131
8714.385186535443
8810.534543026166
5685.275206691437
5093.166214183869
Inf
Inf
Inf
14248.96983063522
2393.8343347924006
21870.191068088374
1787.4999926433532
Inf
Inf
7586.6143569451
Inf
Inf
Inf
Inf
Inf
Inf
21870.191068088374
Inf
Inf
Inf
Inf
Inf
7388.499721596854
3928.0945706801085
Inf
5155.693499318206
Inf
2722.6916599214223
Inf
5179.498134552636
1389.1559103379088
1727.268170705913
2549.4037387418903
8509.909169048302
4787.1052476131135
2641.5074399078608
11934.827445577066
7656.896162560726
6465.465973910024
5649.516058282854
21003.73858570407
6900.640030881463
2641.5074399078608
1719.2147051456238
2064.506950806645
551.6449081850499
3828.2004964763287
3222.5959766851993
2133.056338819542
1869.8573692796722
4843.454147855947
10878.62243609844
1869.8573692796722
5864.402926902435
3618.536507866796
2133.056338819542
1869.8573692796722
2239.533512253552
738.0618189785051
2381.9266835272933
3187.4386582128386
1389.1559103379088
2722.6916599214223
1869.8573692796722
991.13133614597
1848.9565238680414
417.98932361910767
1553.4316556592391
1040.4528681724253
968.8025852997073
1271.9932331521798
4275.067981816364
1898.9544166247488
1885.4953098775748
3521.665804564378
3234.9528328749952
1977.4306651142538
1271.9932331521798
1414.2181286588734
551.6449081850499
1364.1232277999545
1415.3639784264558
738.0618189785051
1060.9170729670027
1271.9932331521798
1383.5425973061824
502.6686730630769
518.45975701351
1232.1816767027728
344.7091963535359
440.16520446165697
489.2635435454739
1451.6295579880377
496.44090164341685
1383.5425973061824
1232.1816767027728
682.2241645887725
900.1004519640434
489.2635435454739
937.7356769340962
428.9367041834055
645.0856396661385
695.4037591280744
745.6916360583986
260.6362992466086
793.8566204161564
1114.6218700843854
939.7170561744113
615.5390680796994
1554.7754565274101
1141.7695577535387
758.7049293923875
793.8566204161564
472.39863750446636
707.0928165920222
496.93831376596484
888.5811950786602
477.7106729083763
363.1377305737327
793.8566204161564
599.4708515935039
244.40438874427377
296.2039502065193
366.32703856899684
365.3567508433388
443.4524259117372
255.69203440610016
594.6222670102385
705.5961328683102
300.6731758373372
737.5134314937351
604.6569386820548
244.09425314535898
502.9676694820456
611.7141890223114
904.7998510393454
1348.6588265291243
770.3778875339683
1048.4242591811098
1279.2394333645525
502.9676694820456
594.6222670102385
949.755430858574
493.0358158570663
641.1306732719855
979.4949980183133
488.4512178434661
502.9676694820456
402.973551470145
379.1593197756629
325.04734504781294
421.1665945345059
232.8782434125327
214.65838160929562
296.155045887008
634.8438428577202
586.0445710162272
534.8491172548546
410.64215913270954
461.5711325748982
728.9973675856833
296.155045887008
271.924680389576
361.0931008673923
449.4636262186109
276.8662446053506
314.7976512517067
294.80461955279816
296.155045887008
249.14476856614328
247.25154651780076
246.57504715422274
298.30691444715933
243.26497573078726
216.19982775907116
296.155045887008
228.24789985693778
228.5601641759765
228.11059250534527
224.48562853237507
240.87845595721484
205.11798392920454
233.17835575900463
361.92487625231223
207.6508370984965
253.40985425843203
249.31751167953482
225.62404961825018
326.75457717680064
233.17835575900463
203.28376030388725
227.07561120845295
246.6578206975061
209.6884909517916
221.07909218111996
217.10128176146137
214.37545221981296
233.57775721317222
297.19176577272503
209.83604246573694
361.546282181291
238.71050049798427
237.29251111784993
214.37545221981296
194.29200604886785
215.428668092593
224.47443343898334
213.9266430093502
250.87838940198176
277.3435515328929
184.86209569136548
170.34925975892614
194.35855460056493
180.74261165717044
833.663455285855
404.4211939513014
295.8163738233591
883.900149601788
349.27083213331696
194.35855460056493
298.63705210353805
214.65495506047665
363.4259437895001
359.6905261730167
305.2391429795781
422.7374268292958
194.35855460056493
250.55341744526015
164.8995490486713
152.33689133542083
254.62826426844808
199.45250995340757
229.4690046409397
298.8898560755366
426.1908948094922
176.91046168334915
196.14258830532387
241.70826497864167
384.51990597216917
283.05747007803774
298.8898560755366
194.11045910908837
241.26827668028378
145.95026373748945
330.9225623215803
173.8670080846573
192.895350353299
143.70362009293558
368.4049253582041
490.45243173084873
680.2891177343472
194.23444768411872
583.9231133315533
842.0387627453416
302.46644765434144
368.4049253582041
401.43524193548024
186.14580278068215
568.550150928456
301.23496876306683
235.19772356354864
437.12900215158163
368.4049253582041
258.6321870752629
169.94856839327923
155.6383293257515
153.20259040868615
259.4189585694089
162.2507150430608
368.4049253582041
177.39315800677022
188.15442349626352
214.1484818326391
141.02241026961065
133.33926300749695
154.63271668432924
128.71730154290105
273.574708421227
218.24799692650902
461.67897043992036
388.33642606135624
333.79052539542386
294.25812972048993
210.81227957301405
273.574708421227
196.5272036571162
175.03773907606734
129.96891302353967
368.69115161262334
132.22064424302036
135.21180156247615
273.574708421227
134.40900364674607
222.7671891461107
127.63423982171324
123.33346105454271
139.03935852904365
135.81530291978433
117.09459306564455
126.71405411293435
473.3897562637791
302.76781574249026
111.08882903234297
660.7722157011972
173.23713134625734
149.16948750204008
181.50705120613804
505.37675507569645
835.6928249206559
233.02145355002597
619.7605916072171
654.1603504733557
346.96281372557905
181.50705120613804
251.83793074163142
96.25557090077622
275.17865262924437
432.3317062775745
211.31623779445434
124.85798053701092
296.02716875880515
148.33738209967993
825.1869636196822
253.37909607993754
242.3935344889941
927.0250199687821
253.39226562922775
296.02716875880515
184.8929943121228
171.86022103168486
468.2304267955922
122.75027616615762
230.01917725848313
430.22767098187404
296.02716875880515
231.02435201602876
158.35749168906682
115.32801829381916
202.57059691665216
184.6727918903553
100.30838444944203
296.02716875880515
101.18038364290985
153.8928828522226
91.05602847990943
92.69084050354462
122.5782392099456
101.77272979308533
121.24973696883654
212.49966750578517
113.39064284923015
137.59423097868512
238.30970207271858
90.09469615610993
99.40447088338021
154.2032219508574
248.62999007983922
256.2837207064172
208.6166031403984
168.07667126899173
329.846001162885
132.70006297501766
154.2032219508574
98.3970150886652
178.95044938477741
102.14536996650516
168.5832124691359
255.21600069887327
100.28921419494492
154.2032219508574
102.36219803049615
77.73825552865631
89.47961739848779
171.40478549927568
102.68868398340211
90.94455170091959
72.96842408357597
169.95694152991123
122.15644982808783
461.50125189839974
241.5063298209959
113.37064286753532
551.6937578791955
173.15264978158993
169.95694152991123
131.3260006045566
101.71778342430136
142.77237482820095
230.44903524135944
72.67988807601049
94.55511457627898
125.72917396711658
308.699746810532
183.91378299403942
88.58419288976258
375.30485610781375
250.78752767011756
117.99713874803635
125.72917396711658
79.62529660680096
218.63065786432915
83.86968779797787
113.29995312916634
159.71922346170328
118.95231993342594
125.72917396711658
68.24661754508998
104.88571558101177
71.17626249947448
80.17064809337458
150.07347894171352
87.15699976693371
89.08189101414473
149.238686931207
164.68716079883825
84.4001720986668
145.01201843276337
153.0836557120055
68.04248901892575
134.42151083515455
128.21025872085494
522.3412775048919
202.28413890018248
86.29417953751043
446.4406950492952
141.6848256658329
134.42151083515455
243.45582500508382
77.23201315214972
58.34687551257043
181.4553647605959
83.65191437180033
110.447806659017
180.98079957545482
249.56495883105023
141.88678689963461
180.82234834687236
324.2279857278764
190.42042344855517
260.0981077584
180.98079957545482
151.5444435337687
149.55275533399214
68.40673483073569
225.4703904262634
91.40163232942018
66.69624191056417
180.98079957545482
137.4209168354721
105.65406316142227
81.56869496426987
74.54200324054622
58.769700965410166
60.019630702486516
180.98079957545482
96.59239748815756
70.83907076933312
57.309848726249434
55.824332774920755
58.22970600014908
59.85737286525048
123.14850373739276
92.84290697133085
90.91879871958164
56.39146073320111
119.16679356096782
62.6823552152287
90.87114899353229
123.14850373739276
70.05901030074406
61.22891159491574
77.18387875803383
57.06295329295399
55.92539109038589
56.05687073476908
123.14850373739276
55.071553826865525
62.6041404746268
62.427979592408775
56.581195048632495
55.98858077912806
55.8643889269299
53.57813773952902
56.21057103455548
108.29557540303247
52.47137912338221
62.44434001510694
66.29875197676704
72.46437956654935
98.47600069558364
67.51983118096489
300.73875259221506
47.850892396130924
84.76187590584826
301.4852967330253
58.047445349653714
90.16219734760526
57.039505741077335
80.8394763538073
252.378917874845
307.6076896939334
107.45268748810165
229.7219326318816
278.44144816073305
57.039505741077335
194.43736402129394
127.95701122752945
124.82289942232237
219.91658678941093
107.30649168761772
147.4144985789237
57.039505741077335
102.15391824862658
54.46412550866623
52.78622209141123
81.88815990437298
44.70405140733417
73.14860151608775
62.909766151546165
168.60313060865582
130.6157996803361
108.00852319773244
180.15433168159782
120.78928263472847
88.56595175512213
62.909766151546165
60.26708556675318
52.951086050145236
139.61613412376124
50.55321883018539
55.44567017869372
132.0590764950871
62.909766151546165
43.16784320944189
71.45723645565262
44.98846694294916
46.63710220608149
70.75163855488702
49.23319299083001
53.15590192960406
79.05753026715915
60.40335698889923
119.67469385047261
56.336766082372314
79.24760972857085
99.03795489950753
53.15590192960406
74.84543083728556
44.74081058979712
42.06304428656044
93.85790040233901
49.128106641392364
49.35374286734533
50.05655294847385
47.739613547867776
68.11024235992556
95.12229025335985
48.459093448529856
73.32243987183435
96.9528879917415
50.05655294847385
58.76470181499544
41.21673149565559
63.54518673242554
45.692306945439334
48.00722982363244
65.41011796053684
46.20703313303375
116.87854621539654
45.18452063080536
47.99272375824737
132.6912032236283
44.47839721651088
59.92627885730978
46.20703313303375
56.02425353632252
53.067755037875244
44.798749918303706
59.658671774995376
51.02086671968846
44.107293173404145
46.20703313303375
45.50867671581872
41.05525386979924
42.99321852074456
45.8404579813613
42.607590381865634
40.57646805102181
57.583694350073976
51.19048201065811
80.71654648935655
42.52919608818025
66.87950792196301
52.44114263945196
38.775936562031845
36.10925736155944
42.8068155455341
209.8790303075741
64.16408605361332
75.47238640931616
227.73570580769012
72.08731698398296
58.99469162083318
42.8068155455341
45.354977076647096
109.2594579853787
52.68934996391366
44.132792554449686
124.55097362931826
65.66692754956063
42.8068155455341
51.015896713687525
41.09849534348645
65.5431834724961
51.94001827507052
38.97397673481878
78.64215782341745
42.8068155455341
37.79066473180279
46.68109359855638
37.829018934850396
36.527804211998834
46.90653780611065
36.92238404139946
42.8068155455341
38.29746589460228
36.17613643139335
37.41569889881891
37.106096054524315
36.65464840295554
38.2472986386227
42.8068155455341
36.022021444058176
36.17330196913706
36.4886641542632
36.478825122881545
36.04519184162564
35.73668140189801
36.31621220064215
38.566662470064536
36.34171652526943
37.17007945111276
38.739802398679835
36.002229582004034
36.78523999073559
36.31621220064215
36.19581498875416
36.11447041427635
35.715283493636136
36.369390759946654
35.99953192839907
36.37594900859152
39.83868998754986
40.98997827427367
35.66325017493195
35.39317244926354
37.07756118405625
38.58463857737827
36.83661334550478
37.93549929432695
49.91141243770136
36.617807725333265
35.245850457337795
53.902714530287476
36.13837377024245
35.94444896858579
35.5283086276813
42.42382768957196
44.24329345534557
69.09688342275976
37.932327760123364
42.28171554383546
59.156662191513256
35.5283086276813
44.67040604134166
39.151054889084364
40.748192059117926
48.15281037702994
38.322558994892084
37.50010428041596
35.5283086276813
37.95786340745775
43.018156755382144
36.845035053759375
38.66023325299055
40.15974960667042
34.88199821718747
39.78590678698373
42.32392745498699
41.625534636620976
42.51533440459636
38.011005307668064
38.82776196584469
45.66870312986973
39.78590678698373
36.24687353722957
34.271902318549756
42.81980044084955
40.298616090315576
36.21827715394697
39.64405682650803
35.523503875251585
35.748088731088515
39.21631903767553
54.070858876995494
37.752400952582306
37.206535366906515
60.66443050454033
35.523503875251585
35.87719695488003
39.63488459407461
37.327235762760445
35.38351143020277
39.26781545378205
38.66935540976306
35.523503875251585
34.940031276099376
36.27650434960141
34.61090299641538
34.78550933055714
37.32289754343837
34.50900408034321
35.523503875251585
34.9942665988645
34.86608370269764
34.28683505370256
34.89219571208409
34.767625013071616
34.40692365211325
35.523503875251585
34.15812960995164
34.28271083941843
34.66720278723375
34.52788451624842
34.29420388718487
34.83501896880358
34.71063604425572
34.691471551961655
34.45318942324492
34.525638080505885
35.27156364710381
34.85389269265093
34.408135623168754
34.71063604425572
34.6853214119665
34.25294522804732
34.22344488213111
34.40048687984285
34.15090036333118
34.33131081212079
34.42088434945433
34.28875658067046
35.74324283563358
34.27126153369058
34.24186704313782
35.1901456838738
34.21337727299343
34.42088434945433
34.425272945849734
34.15254171641881
34.406745642911595
34.49338325772133
34.18133773627321
34.49284339234504
34.42088434945433
34.0587943250192
34.269017097071604
34.12238104690204
34.24300964311177
34.3959581942014
34.2709022175786
34.25054905643828
34.38932314307239
34.210421062546445
34.932127415121016
34.349556384212825
34.20276659698589
34.55000591586202
34.25054905643828
34.28756517188164
34.317805866032174
34.115358327655656
34.21038646239138
34.39738646481286
34.03000019023854
34.19943422086063
34.142878672741325
34.56037545323832
34.72764988728929
34.35696316819555
34.26493764797484
34.404299178110215
34.19943422086063
34.40860102899632
34.04689271372649
34.13341468929831
34.20585160431617
34.13731251784814
34.251942510091546
34.19943422086063
34.02832378976552
34.25109336627455
34.10852710959409
34.04200916842861
34.11746214190785
34.06025422730742
34.05315756952594
34.12147058429351
34.219053941921906
34.36706326735418
34.05315996978122
34.50817582169793
34.18912789512723
34.05315756952594
34.029082549241565
34.21237334726772
34.108444485354354
34.111832737434746
34.083481144128
34.043010070251086
34.05315756952594
34.10613740822724
34.02333682229138
34.02326350098521
34.028523143428444
34.093163269935154
34.0795622206895
34.087701836041084
34.092024058701845
34.114935222089045
34.07433476730969
34.086882765316766
34.16009663809418
34.100735578750545
34.087701836041084
34.07168022853646
34.07365337584251
34.03227829161959
34.0592917851028
34.079028727472725
34.02440830268968
34.087701836041084
34.043892054986664
34.03996085376459
34.01809821893124
34.02409383825228
34.01892346719389
34.03298606114552
34.02534727684582
34.07473844748446
34.04488393793682
34.03504930685785
34.09907468137676
34.05543656479488
34.05269965200716
34.02534727684582
34.01836953805023
34.019783000610545
34.05029874566347
34.01864712049779
34.02198497181766
34.04384174129662
34.02534727684582
34.01797631350689
34.01870453114517
34.01887012769987
34.01946697867318
34.025968387342736
34.01875050726802
34.02684714402748
34.0365609285306
34.02127746901788
34.019749745196975
34.0441580195951
34.01467506682031
34.03342259222142
34.01056624488643
34.00936453004268
34.00793283387093
34.0229560769421
34.51729424483648
34.1216118472153
34.42041279223969
34.22828688516977
34.08546829037906
34.86824716980068
34.0229560769421
34.049730067851854
34.07362692111059
34.15124704848192
34.116291728881556
34.2128683783813
34.35877428723384
34.0229560769421
34.175152048969416
34.03701704355369
34.08763695585003
34.06744433345013
34.117535700108355
34.02524067476337
34.0229560769421
34.13841657290276
34.01578993115423
34.00008184332589
34.04863087778536
34.02858211009908
34.01578408032962
33.99140465543228
33.992660237627284
34.232265442677715
34.16790084401177
34.26396115059482
34.11999418823059
34.39358641240671
34.13160722136592
33.992660237627284
34.172130417166684
33.99959847999645
34.03528310741841
34.07532419271248
34.006360447367264
34.0954825138352
33.992660237627284
34.03473484952406
34.00025985438153
34.03382961980503
34.07962052562085
34.00672849190091
34.01315534020415
33.992660237627284
33.99426681049341
34.035407686097265
33.99651110269267
33.990265314546996
34.01514250632872
33.99759632211231
34.00895885794218
34.04136666650489
34.000113719734365
34.04724847703156
34.01317602162377
34.02068370378933
34.1296054482839
34.00895885794218
34.00428327555958
34.01161725407626
34.01223308455133
33.99328901525573
34.04314653435326
33.99773258848714
34.00895885794218
33.999701351611016
34.006049256061175
33.993426264986624
34.01733650376885
33.99589502245728
34.000638146980926
34.00895885794218
33.998948302471184
33.99216649926335
33.99258618245804
33.99260606720952
33.99910739540676
33.99937185510355
34.00895885794218
33.98944240583793
33.99662985464218
33.99062289040861
33.992326747353374
33.991408088026645
33.99050696749303
33.99105417503529
34.00088440650747
33.99263529505668
33.98972493930765
33.99509509598897
33.99113737042623
33.990172299609775
33.99105417503529
33.99242739005525
33.99228885443394
33.99247602205088
33.99119184529396
33.99441145384304
33.991506489923786
33.99105417503529
33.99063629872817
33.989974000974726
33.99060566500966
33.99044479526391
33.989647044697605
33.99050514401362
33.99105417503529
33.98985082605779
33.98976958709072
33.99009070785942
33.98965077569345
33.98975782527021
33.99024206604863
33.99105417503529
33.989664369790475
33.98970017111146
33.98956942120635
33.989772496752636
33.9895924263217
33.98954106510269
33.99105417503529
33.9897091151496
33.98942267070033
33.98945169476205
33.98962588582469
33.98952369000209
33.98943311691799
33.989508591071306
33.9896883453605
33.989448053911644
33.98973712619742
33.989696356903934
33.98944061132262
33.989664761452396
33.989508591071306
33.98948682559948
33.98954738838365
33.98948314403912
33.98955834699855
33.989517350582744
33.98952217541939
33.989508591071306
33.98942061738339
33.98942934545691
33.989480312687434
33.989468480687016
33.989494851042075
33.989431922683714
33.9895396088118
33.9895498254635
33.989483771226936
33.989548641159445
33.98951498467921
33.98955124606637
33.98947714193298
33.9895396088118
33.98948372084561
33.98952155763556
33.989486926582714
33.98943264970801
33.98945467339333
33.98944838845874
33.9895396088118
33.98944643248934
33.98941235056074
33.98943106681707
33.98940146152696
33.98946318398762
33.98941016795025
33.98945066315162
33.98948838403516
33.9894193721027
33.98943764861928
33.98948123802587
33.98940198897426
33.98944674730246
33.98945066315162
33.9894000306153
33.989432900906664
33.98943408108966
33.98941271440453
33.9894320156059
33.98943705886735
33.98941048728832
33.98948163306594
33.98943367146802
33.98944723183504
33.989454829608384
33.98944749856631
33.989451453978255
33.98941048728832
33.98944108147587
33.989430987471245
33.98942004217957
33.98941966326215
33.98944129960602
33.98943081816127
33.98941048728832
33.98942324848379
33.98940707581866
33.989402505790785
33.98940988836134
33.989418162433175
33.989397555439034
33.9894068592184
33.98941756401827
33.989442755459805
33.98940617350286
33.98941897726008
33.989437034000645
33.989416503936845
33.9894068592184
33.9894036774907
33.98940600865309
33.98941739526616
33.98939785584033
33.9894088761013
33.989421010766556
33.9894068592184
33.98940756934964
33.98940572676653
33.98939654386825
33.989404316557426
33.98940371669761
33.9893985670074
33.98939452072975
33.98939149614417
33.98938662449128
33.989376881183645
33.9893573945578
33.98931842127155
33.989240474555075
33.98908458054477
33.989901023571946
33.99705350295848
33.989197029647876
33.99240687354555
34.007574481026644
33.98950672035531
33.99578075983512
33.989901023571946
33.99194371556548
33.99212581709751
33.99366849445064
33.99030938801403
33.99562156017977
33.99131427931094
33.989901023571946
33.99075758987704
33.98913167098568
33.989704011795304
33.99250205932675
33.98926339055509
33.98952063016107
33.989901023571946
33.98935082845064
33.98980403582969
33.98953212002063
33.989395710674366
33.99035396896015
33.98956528399407
33.989901023571946
33.98906646716104
33.9898287485168
33.98923585886872
33.989221447073675
33.98960098624969
33.98910631665832
33.98943811289953
33.99064880459123
33.989063893793094
33.98910610789307
33.98971897836106
33.98931073263539
33.989326790983895
33.98929625317237
33.99111539764015
33.98977839259144
33.99064508839908
33.99011013797052
33.990406418608394
33.989998599827906
33.98929625317237
33.989849237805394
33.98943902690978
33.98976487770304
33.98961544213
33.989404478923625
33.98951750796251
33.98929625317237
33.989567022973
33.989233280061974
33.98908569109063
33.98947043094396
33.9890676970504
33.98904209651179
33.98923161115723
33.98899149269985
33.98995486878644
33.98921360496237
33.98909270022872
33.990887354300675
33.98908468386861
33.989218055703475
33.9916225707619
33.98959808884416
33.989494995018426
33.99019821633908
33.99043104745405
33.990191706948174
33.989218055703475
33.99070428633604
33.989172690239876
33.98913492394113
33.98976885148456
33.98930006482707
33.9893423532892
33.989218055703475
33.989031747598496
33.98897359272228
33.989448901703675
33.98907335517327
33.98902040878485
33.98997435401454
33.98901733223049
33.98907473498035
33.98934379664594
33.9896037979783
33.98914407372028
33.989895771629016
33.990398492304074
33.98901733223049
33.98950392322574
33.989144612880956
33.98919223671209
33.98921998185982
33.98939711642783
33.989482060332755
33.98901733223049
33.98923806881804
33.989017334494164
33.98928012455457
33.98909773622456
33.98900122555375
33.98910066725856
33.98901733223049
33.989107544312326
33.988981554090046
33.98902785767271
33.9890381726715
33.98898368835019
33.98910351364977
33.98901733223049
33.98904965258608
33.98899409707852
33.988989813510756
33.98901050437244
33.98900651733277
33.98897548481129
33.98901733223049
33.988977434089364
33.988967959297234
33.98900422870076
33.988973273654096
33.988979226146995
33.98899102259279
33.988962640302965
33.988997213537225
33.98895809017232
33.98901398696572
33.98901078103883
33.98898299801661
33.989129904589284
33.9891059742907
33.988970301358876
33.98911685862291
33.98906390119713
33.988991702410615
33.98931746164634
33.989217050247305
33.98903272957502
33.988970301358876
33.98912341440568
33.9890007390991
33.98899172893682
33.989032492026354
33.9890651129716
33.98897019066976
33.988970301358876
33.988982143224604
33.98897564401713
33.98902452261479
33.98900556767975
33.988999371899965
33.98898770450442
33.988970301358876
33.988976782587976
33.988957520478245
33.988955120008626
33.98899757956058
33.98896291235568
33.98896106033673
33.988953672555674
33.98897571800469
33.98903379624963
33.98898789202339
33.988982583507855
33.989140531538844
33.98904633063716
33.988961493073525
33.98897571800469
33.98895528910455
33.98896144917249
33.98899909668397
33.9889664670003
33.98897969144609
33.98906296679978
33.98897571800469
33.988970586436615
33.98897232835362
33.98897267097303
33.98895801886347
33.98900008354321
33.98895984988185
33.98897571800469
33.98897304151147
33.988957621026486
33.988958269248826
33.98896062297517
33.988967932269865
33.98895362857557
33.98895855445209
33.98897602073639
33.98896475620228
33.98895987150343
33.98899683723719
33.98897318680617
33.98895726429387
33.98895855445209
33.988972796452614
33.98896087319756
33.988956730937936
33.9889653361531
33.98896092354487
33.98895676620793
33.98895855445209
33.988952786218555
33.98895739849798
33.988958208742325
33.988954470933116
33.988954553394656
33.98895543717962
33.98895138669265
33.988958867194356
33.98899733072172
33.9889618912831
33.98896859303552
33.98897195128042
33.98897557273143
33.98895792757611
33.988958867194356
33.9889831041885
33.98895539585092
33.98895252031238
33.9889652455111
33.988959336620894
33.98895196904925
33.988958867194356
33.98895185852162
33.98895219629872
33.98895786844338
33.98895162628006
33.988952287328495
33.9889656182529
33.988958867194356
33.98895288549715
33.9889538726224
33.98895112784411
33.988953636236594
33.988956400242785
33.988951645542045
33.98895177264963
33.98895667848383
33.98895159116357
33.988958957756374
33.98895392053907
33.988952372156774
33.98896966344205
33.98895177264963
33.98895137950888
33.988957504619684
33.98895328729055
33.98895197461747
33.98895396001107
33.98895591074116
33.98895177264963
33.988953065588326
33.98895148232579
33.988951993923
33.98895209090974
33.98895188533651
33.988951555956824
33.98895177264963
33.98895102893957
33.988951134363965
33.98895230922808
33.988951355511375
33.98895112132531
33.988951727629534
