5466.618008969911
1896.7925906138214
2551.1251622564323
3082.1844751233234
8474.233904654004
5570.462155623315
5319.075606966194
4429.240690626199
4239.894352532837
2831.1805336983894
2373.7157543631383
3659.296094402411
1427.9242293071936
2765.968084867385
8556.70541385259
4154.607255482863
9784.336288544473
Inf
Inf
8724.375750197052
2765.968084867385
1270.6771656125773
3659.296094402411
5319.075606966194
3229.1485317102442
5332.319938490021
5985.368201335109
2511.4734145678394
3854.4070667500696
3824.8253893682772
2941.781816549517
6395.761397975224
5985.368201335112
1672.46057316709
2511.4734145678394
2702.1693166199057
1717.53706677282
645.0469815473568
4487.185915812391
797.8140908030007
2088.710333195412
735.8708731987033
7606.104835782965
6219.649804252082
8030.935236590585
4819.1990768611295
10885.72808798302
6068.917330167665
735.8708731987033
1539.3677749580554
1327.8692838851723
719.5331219372233
2782.9611785618886
1979.451897737701
1761.8910220996233
735.8708731987033
642.2826558227579
454.1259414453688
66.57892532698352
1714.0040800546233
1368.1260074049083
1230.328928923732
1519.1718735588643
2281.531987980807
1519.1718735588643
1356.3898721774747
2277.915656505274
1230.328928923732
1961.9822154915998
1519.1718735588643
883.1995837170689
1138.0537453837528
719.5331219372233
733.224840523101
1141.670076859287
645.0469815473568
1519.1718735588643
753.5755175092179
381.55279700596776
219.32086270882735
726.884325671869
427.1599987187473
172.320011466716
1519.1718735588643
337.08566910652866
215.77717672921418
254.5366007987023
324.395553839457
225.1106057324061
221.8029553930141
1519.1718735588643
234.83364601536135
74.92744654715563
109.23629815080571
214.1498677158438
69.98957853943506
96.7789592322097
1519.1718735588643
109.13751891687826
71.85769396372841
89.46592171546064
75.48666354157547
66.72037975082176
70.46371353532582
1519.1718735588643
83.98927056827404
65.94816552352434
72.31495117641884
71.28646531840609
70.88877024221878
66.24877306894494
82.18879387066846
89.93127275216865
68.63899810486754
64.91257346112644
101.81176894185333
70.9917155769796
79.31916293484596
127.987997661865
178.10510454752801
72.78137934869683
79.31916293484596
123.82481485550849
132.30540847318628
127.987997661865
127.987997661865
71.1753252653464
86.70605616790834
98.32903372611057
129.99755017702984
68.004118172945
67.66271892857176
127.987997661865
86.03430160654784
63.5480320410316
65.25590960813688
65.47624864613394
80.54641201808889
68.81873124981001
77.94353674194753
65.65769946290959
99.66829252618311
74.31886874716537
64.734445267944
100.38719830093129
79.37440137583269
77.94353674194753
63.3761577352948
67.02969265635667
66.7332537262893
63.78673401118137
68.32433007544881
62.018371551613406
105.04007535605241
128.46616126856466
80.6836245799818
76.4516640908387
70.404016155846
58.415011211788524
62.946217106548836
77.35840026083159
103.98028197654031
125.38922393109289
155.35977319571745
114.25102091726814
127.21356645685648
163.49253000250025
77.35840026083159
63.679941659767316
70.83830384471577
84.77049434010368
62.216685041821414
76.06456838175316
88.93687736018262
77.35840026083159
64.7936145201345
60.83303546310154
59.981092301217814
59.4586821654817
59.938215441260525
57.33829978078443
62.25988599830466
75.99723944411474
110.91276270184964
60.586952160912766
99.0102652033326
80.4573506226753
56.008812292696014
94.40901722047144
201.9020374857109
75.56749180368311
135.53555564793797
143.2692144919252
65.91060360958099
205.7730792915844
94.40901722047144
66.35284947958134
96.93854090530789
124.60233208123881
60.19422710926451
60.329308393710974
61.447341766548305
94.40901722047144
57.48916655698183
73.90495566569821
54.47452645201344
93.72351515313596
57.715468095558606
65.46819198580275
54.7605043629861
51.63130327453778
71.05401696424515
84.96325269275465
61.51315148360849
101.11282102142582
132.74010785353616
57.93815117453313
45.197568829996776
180.83894679669717
114.61602863043396
58.73013711922094
186.00658100302365
122.51246101030412
61.140523868280795
295.9870286479227
198.9832771376148
307.24249445635934
333.5080588231905
157.2929501553894
327.42704479868746
61.140523868280795
179.14484254719292
93.81866717848159
110.60946970006492
215.80241332385023
76.05706646287305
81.0238406686607
61.140523868280795
95.99996981845845
61.54668198731519
51.97964581634677
67.41871852127703
85.75176767356805
75.55517273353638
61.140523868280795
52.15694179580631
58.43690933850894
43.62688537944991
80.4334757742385
46.22792329575595
51.336926082425435
60.77799554667298
73.60661450938618
110.91996739079002
49.454973062425765
69.88564887755865
103.54405730175819
48.80585154884192
60.77799554667298
59.424552305427206
45.13434496909537
68.74176631787364
61.01198805009686
47.802990891495426
66.64293625903875
60.77799554667298
47.77552007793435
42.83024824412248
43.714460716658905
43.91199718694389
47.12351114128023
44.01009457470171
74.56011857859566
43.474801136973014
46.75009074068182
55.13897598516366
64.44975468737258
58.9141883096948
88.47883447112021
74.56011857859566
42.32556385185401
59.997883423037266
55.79836217299768
51.26963137561499
43.60303604676518
42.30347688012548
54.31521317959216
72.65092858852304
42.9761369661974
40.23361096530913
82.59597948553763
51.03099519985708
44.68036248336836
43.70399202280097
44.960245253562704
134.00825649338105
45.974782939916075
38.900678009538865
116.72184077823587
53.0250932291621
40.492720444633676
265.89348297166526
113.2545966973457
54.13360454615684
280.79563844932824
109.12705310798376
52.254141466088846
40.492720444633676
68.83648111181752
101.53405438186252
48.676865554729126
72.30911630807827
87.56931211251796
57.64030981207504
40.492720444633676
58.69643547748392
41.318216130388485
46.38972635153941
62.53415119565182
37.8416276324612
45.97336128558767
50.05254181445457
62.912330906779026
115.3428685753332
72.00266862551149
44.05615084445929
87.9778554033033
63.510419641141155
50.05254181445457
40.210657132746356
48.19440131748567
63.12835210963584
50.7632960515115
40.782049824643856
77.60568786237421
50.05254181445457
45.07116288144892
49.524714781889074
39.555476707715314
55.30188808152211
46.80559457656863
42.91446215769404
50.05254181445457
37.51822107634585
40.70292987447352
38.86425221051484
39.54963248795988
46.620758801585275
37.945458114666884
43.53096840440401
51.225199176670124
38.67391217817236
39.36856431755577
51.82094817336967
42.129751144140315
39.61686501525896
43.53096840440401
39.61908902648758
38.9846488318605
38.32979625374882
37.52429680477208
42.2719306411994
37.51016571732776
43.332039484019184
46.58692350280042
55.320663987714944
39.56241130330645
41.15113042923573
48.4257322397886
41.307306078213905
43.332039484019184
47.361777885974206
38.61418794899783
39.09647734537368
42.87621757936882
37.68619983884357
39.326473495900316
43.332039484019184
37.62610426702695
38.9157566020742
38.603867639397365
37.61645419224821
40.878985246084376
37.85813511449635
43.332039484019184
37.3421628802301
37.56551381549802
37.87056714325971
38.48672317787591
37.45470781447134
37.46346257975061
39.933883794284775
39.90546023073126
38.00103774649642
37.36367396683103
38.305841394919625
37.36228110076735
37.320582955852544
38.53053701947617
38.833774175154524
41.771410442165205
37.734081186436995
38.174226593590994
42.74699333389919
39.27769511346635
38.53053701947617
37.87971292350047
40.60472788740849
37.47725015130929
37.70893543225187
39.733857632878745
38.07318826929319
38.53053701947617
37.98693444806874
37.78016099877705
37.3316665827262
37.69898925187756
37.80416205938011
37.309500889360116
37.28734128765363
37.24303916056845
37.15449482545506
38.62667779471465
43.51590866959356
71.99355904050064
44.50953561529755
38.963456205512024
76.23595945656827
43.274925870224905
38.62667779471465
50.94091634448954
37.65394668296264
36.55964244693932
47.56608234633645
40.56397063024353
39.605508072408774
46.13385434201064
55.72227488183217
44.0352959785776
43.618648557661984
64.70985189590107
47.41100805894614
54.751283804634376
46.13385434201064
45.49850294730474
42.96199688090446
36.86192625873563
51.70389274765428
40.03209943662025
36.80414672121896
46.13385434201064
42.373758900272094
38.86094011749294
38.04776319660202
38.8811444150889
37.48463153420157
37.2214027097541
46.13385434201064
38.48086126165055
37.321426033289214
36.80708442124064
36.65419268481527
36.3507572630587
36.31224937743677
36.626108536683
42.083527985417064
38.43910228133916
38.16256614864713
40.126696071655616
38.947862372024595
39.162161621633274
36.626108536683
36.8120352528416
36.03922968118708
37.05160743936144
37.614077007573364
36.584823147325494
37.8549027310745
37.915409267317465
36.00136643479506
41.263089496716766
40.904191327033566
36.55365802570822
38.68774918820653
41.23799168139467
36.70263489435488
46.661926537442376
37.01819188070909
45.274424062287
46.20699805028547
40.7265048144272
43.12151955522569
36.70263489435488
46.23552575911119
36.39858596681987
36.57318277237192
45.28494825472017
36.06658717054731
39.11341057364439
36.70263489435488
35.90481702618588
38.58603742801633
37.91936069300662
36.939620035859114
36.831198475036224
36.86467045308444
36.66531500389436
42.30583962130455
38.65215085528113
38.39197459167971
40.91170570229626
38.41288493521594
40.675472888766905
36.66531500389436
37.919495577921026
35.61298062475108
36.74197787821899
37.49549799568025
36.213947562442186
36.53591441492138
35.73304678020786
40.5254573447968
37.59776398999897
39.235717181056906
39.78152497488747
38.254506666891395
37.19521792470604
35.73304678020786
35.98257032757989
35.71550956962622
38.01928019648257
35.866438739314894
36.31902694867216
39.369283549463766
35.73304678020786
35.75021524149529
36.81091086904064
35.66558907815204
35.72724953650712
36.62947836535245
35.592256109690545
36.34353168805606
36.383425235176915
36.82923207555921
37.402958301294284
36.534380468759295
36.60516363382587
39.09649300853343
36.34353168805606
37.721859815892294
35.71324320111341
35.670090686268814
36.80202504088524
36.022943583948155
35.81227961004313
36.34353168805606
35.629260774817666
35.760615051375545
36.17337323736839
35.56083295824757
35.93495480251565
35.94493684569547
35.846398587807975
36.676591352230076
35.684338658390494
36.44156173700397
36.134291533936526
36.00295307353474
36.90704280383588
35.846398587807975
36.579741972649785
35.66319431730477
35.70994285574715
36.11589598589653
35.725177822388005
35.7291345808238
35.846398587807975
35.87934027148678
35.71228061871743
35.63075402084317
35.73154369889966
35.80516480906301
35.64509271797493
35.846398587807975
35.73145276498237
35.61754552493024
35.625648170277174
35.656569388597134
35.612247028298896
35.608901230152895
35.846398587807975
35.63707582816598
35.61633961325451
35.56819758819192
35.602890604007506
35.63101567437973
35.55660642736001
35.56747422415997
35.77161653925747
35.56561861178213
35.575748189165296
35.6814731771983
35.61341961720186
35.58748740205359
35.56747422415997
35.57591407715226
35.678328610071524
35.57915731171353
35.56797071297802
35.61987741038573
35.577578604467476
35.56747422415997
35.56806660032415
35.56890078546268
35.606774803415824
35.587916788174304
35.56036481340343
35.587503176034055
35.56747422415997
35.560355162765994
35.566884692928575
35.55615663882742
35.556826297812705
35.57670690298932
35.55846020211735
35.56321435363489
35.59213420086713
35.560020476509756
35.57037716075679
35.567001071063075
35.57882784476816
35.58637499888789
35.56321435363489
35.559121610658984
35.57334412705653
35.559445720582
35.57478388123378
35.55877446688053
35.55646392914819
35.56321435363489
35.56653669077003
35.552104282138664
35.55436058148894
35.554882722835615
35.561487483649024
35.56100657023592
35.555787938337204
35.56277314145428
35.55831118361896
35.5682903796547
35.56028338131092
35.564777122179585
35.560330315744494
35.555787938337204
35.561328297741476
35.55449180662732
35.55369816233257
35.55722893131624
35.557042799492905
35.55287696649512
35.555787938337204
35.558072561981476
35.551030920481445
35.55165275131397
35.55549199474329
35.55317764224558
35.55255581342838
35.55116285574877
35.55271977094631
35.55300895983268
35.5577022132856
35.55156680868881
35.55501931978954
35.56245201053101
35.55116285574877
35.55600011840021
35.55209239505159
35.55252379465858
35.55405231018994
35.55329719263317
35.552358988028146
35.55116285574877
35.55312881246704
35.552994284716526
35.551736756771675
35.552131503469404
35.55378343963743
35.55150924323889
35.55116285574877
35.551556522700466
35.551171147914815
35.551601355846415
35.55140235795288
35.55146767244054
35.551741452245814
35.55116285574877
35.55124230941479
35.5510366242972
35.55136923773954
35.55143353929257
35.55103811432384
35.55149409098132
35.55116285574877
35.55099525557668
35.55115501138502
35.55122811628184
35.55111422295346
35.551033871525284
35.55129432954435
35.55106557203893
35.551160295435814
35.55113989560171
35.551278840402794
35.55111945725511
35.55141494705581
35.551247985142425
35.55106557203893
35.55104047294426
35.551240127592195
35.550966787930136
35.55105872501888
35.55111316204988
35.55102372322663
35.55090985264546
35.550795982109115
35.55089759744487
35.55220704966361
35.551960076414936
35.55077852247508
35.552704165222664
35.55252253560354
35.5510575516477
35.5510263542003
35.55263950847481
35.55141821972987
35.55831021524856
35.55252740797942
35.5512357702122
35.554942223662266
35.5510263542003
35.55185520730006
35.551391581070945
35.551086991927676
35.55270182695281
35.55190461793831
35.551298043534
35.5510263542003
35.551605443974765
35.55082563866361
35.550904914390685
35.5512865248654
35.55079649334804
35.55095346359418
35.5510263542003
35.550722872461364
35.55112024922517
35.55078928819783
35.550834172501126
35.551042568132566
35.55076775674821
35.5507368345843
35.55134825778163
35.5507192787442
35.551236343589345
35.55127155952147
35.55072646617386
35.55127034169874
35.551054940401194
35.551632388519465
35.554201111829606
35.5516200293652
35.55132097223462
35.55252243579536
35.55153789100134
35.551054940401194
35.55118140390045
35.55089810567622
35.552302961339684
35.55116857950403
35.550865635546295
35.55156424493471
35.551054940401194
35.55114660902344
35.551108383004106
35.550769953768054
35.55090023370046
35.551247506001864
35.55066860373006
35.55094504676184
35.550769525144524
35.5516512395019
35.5517899769204
35.55127182318529
35.551006814055214
35.551277257140406
35.55094504676184
35.5513174046819
35.55066099246417
35.55074866117783
35.55089050597972
35.55085157835261
35.5509897966004
35.55064576994734
35.550804887232346
35.550453906499946
35.55335951350642
35.551005268068344
35.55083763359739
35.552431579004974
35.55153037015354
35.550466010524225
35.551054212594565
35.55402915391834
35.554562304242296
35.55142171597873
35.55722857628837
35.55354350737998
35.550466010524225
35.55105076081831
35.552775163013735
35.55100347143986
35.55128601562391
35.55190049408385
35.551262835575315
35.550466010524225
35.55125094969962
35.55095931898817
35.550955405781906
35.551040744204954
35.55098433700676
35.55070323606925
35.550466010524225
35.55072118947876
35.55081230180751
35.550653685514824
35.55045572686713
35.55072270617888
35.55051644415457
35.550466010524225
35.55064221193818
35.55065072516077
35.550489161566496
35.55044546226386
35.55047273202225
35.55043140632264
35.550470510005965
35.55074036931574
35.550679455269744
35.55045707083479
35.55078514862911
35.55070554691762
35.550568816571236
35.550470510005965
35.55065655533157
35.550540523814064
35.5505023229821
35.5505711812543
35.55045131926183
35.55042709239848
35.550873367589084
35.55042094227264
35.550430666487216
35.5512802555584
35.550438230870576
35.550555410085224
35.55080724419264
35.550422831026985
35.550532973909974
35.55185372118883
35.5507357923397
35.55097219519154
35.55103248019276
35.55057844340997
35.550422831026985
35.5511964689069
35.550447441005566
35.55073510894358
35.55066440902547
35.550410962480484
35.550495356518525
35.55039100301286
35.550351084549774
35.55027124950257
35.55011158693405
35.54979229189265
35.54915382219049
35.54787736430874
35.545326374590154
35.5402320990091
35.53007436063192
35.509882113962284
35.46999037252119
35.39217655083759
35.24441679867344
35.78666962514593
51.69674383569168
38.780047865963525
70.62944752442732
48.30949518821719
38.453598624305265
62.84969283202568
35.78666962514593
36.44620994755247
38.119925838769646
43.38233317398023
38.70603784268737
41.91920975104246
46.53541834283111
35.78666962514593
40.66261872653507
36.084363170747906
38.02129743730615
36.74087306517873
38.83243283451378
34.959211560854826
38.87832487893552
49.9350971488898
36.44910709338524
35.24353665380984
57.161827206791315
36.64314653513196
35.16274372699276
38.87832487893552
36.39499492951489
40.343270657558506
36.888196013662395
38.36820526182014
38.93791902758757
38.44582377833787
38.87832487893552
35.40781356087819
34.900630401909936
35.92152797010079
36.57906939657868
35.106942209220676
34.62958939824524
37.857164645879266
37.89983001095151
34.748294750942215
37.59627518965392
40.53425893531526
35.87136882426929
36.09499260697264
37.857164645879266
34.37857464840125
37.69391063038667
35.205929699363544
34.880908010935045
35.75815554375236
34.700868012092
34.73524103901693
36.986505098422654
35.0559645269915
42.581440490278936
35.894095209832415
35.54773314861673
42.52020386092129
34.73524103901693
34.741929698035186
35.91446248658794
34.994533625607204
34.69604536944436
36.979327481751326
35.15807042393364
34.73524103901693
35.158719421281994
34.600705574002696
34.62508537257235
35.323933035168466
34.81843416733423
34.270138773069895
35.75298948754501
36.55059740395656
35.175562416100654
35.42408193067352
35.04093287470741
36.57866205486263
36.650169087115046
35.75298948754501
34.28225640101325
35.94588287313054
34.43738703566335
34.84373438303758
34.870114504481705
34.230068709186355
34.550557076771206
37.47219143236402
35.361686128979734
34.60664716415929
35.882422260478734
34.82645120834734
34.63786034125484
34.550557076771206
35.30618696095728
34.96725739542197
35.31664947176273
34.84592554961912
35.89622693594125
34.88828487550315
34.550557076771206
34.78363412296336
34.416790004446206
34.86196140919172
34.4998136076166
34.246405140450904
34.54214886402439
34.550557076771206
34.37406875204385
34.410582063282135
34.390302589087476
34.25835018974369
34.315774166584355
34.63118352428252
34.550557076771206
34.25872958947899
34.33954924422024
34.30878092266829
34.39308643719533
34.23925881211727
34.23840688190624
34.550557076771206
34.363542515497144
34.23685481449744
34.23324276014666
34.25247516159237
34.253314975258775
34.23355119417482
34.550557076771206
34.2653427248547
34.229314705732826
34.22638080131319
34.23146101041901
34.23574727119226
34.271515762509765
34.256389083647086
34.25646630523565
34.23583303899977
34.23671966804323
34.25042759542074
34.25941584630118
34.23139347578132
34.256389083647086
34.22360849430495
34.228181618806126
34.224868029992244
34.22915309966666
34.22757247358978
34.22789364538271
34.2575968076667
34.2813392127336
34.220314594182
34.26265137270022
34.239146556150885
34.273348587207984
34.22862982304833
34.279171223536906
34.2584363028184
34.3297901837422
34.29911985415353
34.28750900597292
34.30011414191982
34.32135796131873
34.279171223536906
34.22594544950677
34.26032172049179
34.22205480819536
34.251674392290454
34.222532360529236
34.24534065424302
34.279171223536906
34.21960899225828
34.228886925547535
34.22372040618775
34.24321448635671
34.22053750250289
34.23581187905017
34.27613432727294
34.2249678851663
34.232922212601714
34.26311977947436
34.218218609612556
34.26260645517823
34.2408750667822
34.26093013214332
34.30969266722293
34.2721225802748
34.30068119469265
34.28729441717166
34.26997031850143
34.28181267766017
34.26093013214332
34.235730725176374
34.27233944814517
34.2574037075247
34.24562407374055
34.257049914980115
34.22500206310327
34.26093013214332
34.21579318673032
34.239587889450945
34.2171813709221
34.24088826665923
34.21288923615913
34.22885430835842
34.26997742631771
34.2263955089851
34.28864086282627
34.21478543502487
34.25165320823335
34.24820308884156
34.22922143381106
34.26997742631771
34.21086453644587
34.21037106819098
34.22401367429533
34.214913895778935
34.2256336957511
34.24697567890997
34.2345841845596
34.249746214251175
34.24851307105895
34.211562653757625
34.24934911929569
34.25115110925658
34.21952846897877
34.2345841845596
34.2503083101158
34.20979341604496
34.22099489737961
34.24333357020298
34.213067843631606
34.20853929925981
34.26790973613243
34.24989293780279
34.25079558547846
34.27566987385742
34.228070761922204
34.31515323393023
34.24593302762448
34.26790973613243
34.22887756206971
34.21052605165471
34.219739797976445
34.26521375186702
34.21178835552952
34.209736058267
34.26790973613243
34.218857556484906
34.212664879330525
34.20957301026536
34.209094664296195
34.231771997389
34.22089695816184
34.26790973613243
34.21119973407854
34.224339312774674
34.208473075029595
34.20940491435811
34.20843852199997
34.213004278923925
34.22959445710886
34.215459533073044
34.20877223440106
34.21221978831214
34.22346425844236
34.208104791162725
34.20956389697901
34.20743727418049
34.228125622300084
34.27273577907428
34.23411755594837
34.2700679949414
34.253704033911774
34.259085403547665
34.23781005763543
34.228125622300084
34.242283388323195
34.23230955661904
34.23591508218677
34.22783541960325
34.217958738176634
34.228360214051236
34.228125622300084
34.23279833308336
34.212029211466216
34.209928818208404
34.223643400936474
34.21915957003922
34.208855340023675
34.228125622300084
34.207938687181475
34.21641560895575
34.207667740195376
34.207303293676745
34.22113475071024
34.209559633424895
34.20703530716774
34.206499232145966
34.20542667408595
34.20327992591021
34.1989799014095
34.19035374037225
34.172996974681226
34.26465786578498
36.51936214038868
34.875572737774334
35.017675401094145
35.59593693341856
35.296283410246566
35.04983663613558
34.26465786578498
35.57824289080528
34.34711146293408
34.41708097478308
35.147798282166534
34.237644254862474
34.312201675876345
34.26465786578498
34.19385981591447
34.13151391406771
34.74171256739705
34.20906370485521
34.241990801697035
34.83070321206456
34.127604665109324
34.169452978316784
34.231487819215964
34.91405813674043
35.55553223223497
34.47657312945772
35.80953047377814
36.845589826816386
34.169452978316784
35.01137099498372
34.445038860943654
34.62756520456237
34.59946094511036
34.79274071711745
34.965366115827955
34.169452978316784
34.4672872119407
34.07106232802928
34.55356174805616
34.349231237868985
34.18414928081163
34.355267034122924
34.377729183589246
35.41527747436246
34.149873408522915
34.6912132304782
34.64748343629388
34.41972601303477
35.38254856822938
34.377729183589246
34.94102745444738
34.26239245711724
34.31133281826089
34.38783385582851
34.5875022186227
34.12274953869394
34.377729183589246
34.11691174210199
34.0864366838453
34.568701186864246
34.29959642452401
34.11719943001281
34.23532291036156
34.377729183589246
34.05104055515389
34.06475550937057
34.06775178032119
34.09108428228307
34.18686699273013
34.162342986430225
34.016399473348706
34.09535014829605
34.42547528485064
34.27658674173558
34.09779492304925
34.721567823470245
34.51564142771672
34.14853292538283
34.09535014829605
34.3239256960493
34.13328551423419
34.03805917124117
34.19904574699842
34.20465107626926
34.05173888060694
34.09535014829605
34.07619366239998
34.06289164380915
34.121453337315
34.08260506501453
34.06994301020565
34.10064011332234
34.09535014829605
34.06521748805819
34.02576962482499
34.02228461530197
34.06625504797115
34.018769149921376
34.01761473892988
34.09535014829605
34.037553533846065
34.02580190562998
34.01696651964698
34.0143881802525
34.01554920755926
34.01904196567102
34.09804191682133
34.0012868413071
34.009314499853694
34.044329026559886
34.027489494352174
34.03002709810184
34.11530749787963
34.00856249231683
34.07057564330508
34.08536882753489
34.07911449242198
34.0263543540719
34.1914170596552
34.04373987934981
34.00856249231683
34.08064452356837
34.02652738932973
34.020138152931864
34.035322207908955
34.05971278481196
34.006672893743534
34.00856249231683
34.01951286010275
34.00797850614908
34.00641322308023
34.046145660074295
34.021929369793696
34.00562374195958
34.00856249231683
34.02152846182242
34.004001457430434
34.005152248021325
34.00857204203093
34.009368879663725
33.999795665864184
34.00622102048537
33.9963445992259
34.0152370776793
34.01855609540509
34.00324672042128
34.02271892236375
34.02669936825822
34.013246211877714
34.08816815777843
34.02630533139159
34.029315312168436
34.04064667286279
34.04359478960517
34.0125718020761
34.013246211877714
34.059027068643054
34.00514017527225
33.99673147604188
34.02976452085974
34.01035266466068
33.99778162188089
34.013246211877714
33.99727668948807
33.996067185540525
34.01020366813117
33.99652925927303
33.99877285102529
34.023216493308
34.00496760664719
34.008530744344846
34.016617702161604
34.00098437415492
34.027278616500006
34.049923649041894
33.99818812235599
34.00496760664719
34.00827659619459
33.99528662460751
34.01045285059352
34.00005721835614
33.99945755676167
34.03486989561034
33.998027150067166
33.99903275493482
34.04947072129991
34.01466250455214
34.00416855961848
34.021886852426476
34.03641646461612
33.998027150067166
34.01310600368406
33.99987493521956
34.00432770152933
34.00486082614234
34.00343662674102
34.00047872890792
33.998027150067166
33.99616106003898
33.995750186198876
34.006909626602074
33.9954850673933
33.994823065055634
34.001884695393024
33.99798899184677
34.01630323611171
34.00129711737181
34.00195190559663
34.0048513198648
34.01025664244082
33.998551342551025
33.99798899184677
33.99683133030525
33.99722137142699
34.00110302561127
33.998970873887906
33.99663916405401
34.008088745304114
33.99798899184677
34.00021279471661
33.99612437458522
33.99822053417319
33.997718374067276
33.996896049441375
33.99694963957892
33.99798899184677
33.99634823989877
33.99548904668204
33.99543119055638
33.99705582490149
33.99520035871032
33.99476052209938
33.99726421931669
34.0004259022602
33.99551549035075
34.000578497317555
33.99670478012761
33.998307961479014
33.9967050251757
33.99726421931669
33.997460523535075
33.995418987647916
33.99567486134509
33.9953467899268
33.99748865502596
33.994520417246754
33.99513137257415
33.99695216659502
33.995127981276475
33.999887094802844
33.99932065972962
33.99562089331774
33.99706628036519
33.99513137257415
33.996424506555734
33.99531940270075
33.99517997073752
33.99566917104454
33.99510234678722
33.99549963550778
33.99513137257415
33.99484567796665
33.99506838351737
33.99573563529018
33.99492677802628
33.994994825702385
33.99529232659415
33.99513137257415
33.994853605047254
33.99483056782419
33.99452281499501
33.99487111569791
33.99470855018422
33.99451801950168
33.99451322402137
33.994555098609716
33.996654420954414
33.994661990167316
33.99518062018659
33.99882030699731
33.99468867490065
33.99547187953713
33.994555098609716
33.99486754625852
33.99496749078469
33.99501770077601
33.99496114013068
33.995023610769024
33.99496246484926
33.994555098609716
33.9947523406738
33.9948692958703
33.99447639977753
33.994737241098505
33.99484872924508
33.994550048279336
33.9944027513315
33.99474363811204
33.996837459861666
33.994562710871435
33.99620886972016
33.99559306439218
33.994587112716076
33.995215803388646
33.99474363811204
33.99498475037725
33.99476524127948
33.99469312391146
33.9954611076019
33.99506516613102
33.99461504429549
33.99474363811204
33.994461845369436
33.994706561596395
33.99484952716429
33.99440295673834
33.994647191503276
33.99520096895019
33.99474363811204
33.994482362714486
33.9946248226673
33.99453146985324
33.99447633951793
33.994580456478026
33.994542674364965
33.99474363811204
33.994518956027264
33.99442262207412
33.99442047332741
33.99450396694487
33.99442193167559
33.99443225584259
33.99474363811204
33.99440225541009
33.994414426990794
33.9944538296688
33.99440915474026
33.99441134824825
33.994448498081944
33.99440323792094
33.99441698438685
33.99446141749678
33.99453289056687
33.994418132986866
33.99443400211681
33.99451836979288
33.99440323792094
33.994463839939634
33.9944225301497
33.99441772354034
33.9944568005552
33.9944393939018
33.99440986937248
33.99440323792094
33.994429673181514
33.99440864899661
33.99440809219066
33.99443659814595
33.9944022849219
33.99441935942581
33.99440323792094
33.994413256014305
33.994399480840244
33.994403057096505
33.99440588667427
33.99440697925941
33.99440794860461
33.994405746672975
33.99440062668921
33.9944241990293
33.9944100809116
33.99440238675792
33.9944214228005
33.994413697278624
33.994405746672975
33.9944117932015
33.99440399771562
33.99440420346853
33.994410290731274
33.994402500237655
33.994404835547414
33.994405746672975
33.99440111581569
33.994402162965756
33.994406119614936
33.99439835180547
33.99440420318819
33.994405492026054
33.99439999229543
33.99440822098944
33.99440626322196
33.994404609130264
33.994408734411785
33.994405222696386
33.99440787943655
33.99439999229543
33.99440436211346
33.994399947746494
33.99439968344589
33.99440328914205
33.994401347931806
33.99439942999245
33.99439999229543
33.994400070390284
33.99439878739427
33.9944022107628
33.99439967728459
33.99439791621635
33.99440122310599
33.99439765555872
33.994397401817736
33.99439689433538
33.99439587937245
33.99439384944407
33.994389789594145
33.99441576849082
33.99516132652438
33.99440430513907
33.994430692780526
33.99478430937929
33.9944236724951
33.994409086120655
33.99441576849082
33.99460672553562
33.99446596608379
33.99466696645353
33.9945489575523
33.99445229894783
33.99457234467209
33.99441576849082
33.99445745847461
33.99444017450948
33.994366417445136
33.9944235595446
33.99439900545326
33.99442266652264
33.99448877971499
33.99463710110833
33.994576531048764
33.994372388538046
33.99449043745875
33.9948426715088
33.99440640964252
33.99448877971499
33.99443897270363
33.99444578542453
33.99443783714914
33.99452967267386
33.994412474511144
33.99450858421084
33.99448877971499
33.994365277118064
33.99439847661403
33.99447470760191
33.99437999252226
33.99438021557107
33.99441935390917
33.99438200602151
33.994417056566334
33.99437679447868
33.99444493659086
33.99443142293722
33.99436751700489
33.99448388302256
33.99438200602151
33.994388453824016
33.994379037191266
33.99441650031668
33.9943909066287
33.994369709272405
33.99442479288856
33.99438200602151
33.99436352380429
33.994374513953254
33.99437619709857
33.99436703043095
33.994362610266755
33.994386034277746
33.99438214606583
33.994417861490035
33.99437341622697
33.99444180186576
33.994395814153286
33.99437554644238
33.99440545234492
33.99438214606583
33.99436887573431
33.99439617964776
33.99435948733194
33.99436035570597
33.99438534448096
33.9943657332015
33.99435506014991
33.99435375330669
33.99438940603597
33.99485819448234
33.99444635799475
33.99448999861657
33.994574883924656
33.9945337484089
33.99440980091728
33.99438940603597
33.99444730074487
33.99436906760054
33.99446860540612
33.99440472479368
33.99438168336521
33.99461495234972
33.99438940603597
33.99445073762848
33.994375244215156
33.99439177442845
33.994401166934274
33.99439378661916
33.994378625583224
33.99438940603597
33.99436551122097
33.994381803474575
33.99435878289343
33.99436473825652
33.99440640569564
33.99435109286499
33.99436149047808
33.99449777384201
33.994372576751736
33.99435839784697
33.99441603763199
33.99439077657428
33.99435893981016
33.99436149047808
33.9943517821664
33.99440615220053
33.99435754345387
33.99435204838398
33.994377987226194
33.99435846494171
33.99436149047808
33.99436836554376
33.99435464525504
33.99435262321845
33.99436211050313
33.994355319436195
33.994350609029055
33.99435650046999
33.99435224157263
33.99438035858582
33.994355508758005
33.99435198744251
33.99442017230721
33.99436149813675
33.99435650046999
33.9943513760109
33.994378651759085
33.9943550667816
33.99434984204764
33.994362967419136
33.994359774355274
33.9943553509254
33.99435130952495
33.994409944802726
33.994353311876914
33.994357880492856
33.99437497307906
33.994355701596426
33.9943553509254
33.99437736339619
33.994354164326666
33.99435116456668
33.99436112197869
33.99435056159389
33.99435527941306
33.9943553509254
33.99436285160493
33.99435359045822
33.99435272551622
33.9943548961742
33.99435054640946
33.99435037987727
33.9943553509254
33.99435649646358
33.994349794203565
33.99434999996832
33.99435212984639
33.994350407010835
33.99435192990346
33.994350978171624
33.99435174037258
33.99435351926229
33.99436912321725
33.994350355017886
33.99435137697418
33.994357489249055
33.994350978171624
33.9943522266312
33.99435055848288
33.994350413647624
33.99435640844841
33.99435283761967
33.994351163069986
33.994350978171624
33.99435321725174
33.99435055671404
33.99435032109815
33.99435085205367
33.994352582336376
33.99434949992571
33.99434981374663
33.99435076276359
33.99435115629228
33.994356036306456
33.99435166521473
33.9943532273389
33.994352464942445
33.99434981374663
33.99435254704897
33.99434995997207
33.994349832561156
33.994350971244536
33.99435020444015
33.99435015275056
33.99434981374663
33.994350460404895
33.994349805467095
33.99434973492613
33.994350086744404
33.9943499090949
33.99434973855289
