3481.5099764082242
1776.5288026330377
2240.267288669072
2443.8451789106875
4693.682223463778
3570.373478080627
2366.499519840682
3062.7042487308704
1505.6853099043806
2141.0349919977257
1608.289827499832
2726.6179249985776
1989.3667592714564
4256.667666571681
3991.793534164213
3315.3083035377945
5869.8187782170935
5973.556839798567
3631.6189075405987
5548.889035190066
4256.667666571681
2339.154048776397
2141.0349919977257
2715.473128477823
678.2390908185905
3560.4092223223147
2688.8151577149706
2119.7650360476036
4148.305000892856
2715.473128477823
2134.748127876276
4304.703732599168
5968.006348031971
2923.5195181714494
2119.7650360476036
3647.4286871362738
315.93435252575773
927.3141577173005
3082.5252000911228
1710.190927125577
483.05759162990995
1552.4688710630105
7400.54616523728
5638.727691394255
8944.54575944267
4517.802377464315
9300.118403215936
5835.496250881428
1552.4688710630105
1745.9833577218596
1262.6394317099316
1295.5743085304036
2377.852062773375
1466.1893228615645
1614.6990339383183
1552.4688710630105
715.0245025980506
408.71662465530494
444.7903058676429
1346.8932076495669
932.5861204385221
998.9710268540886
1552.4688710630105
233.48960849411313
152.38462454590268
1056.9370724394796
496.6682646417271
751.5886783681252
485.4052787398617
1199.0851644565157
869.4674575537775
899.5726485390938
973.8163999391969
466.86186031186037
1204.3418976308988
583.2673399797136
1199.0851644565157
884.9909466535803
227.43276593254024
114.5637600504306
555.5123664696333
496.68883625563586
302.11805346314407
468.54531248683713
1042.470604549858
686.4532162973103
756.5012257903842
986.1029549220666
824.5075068100325
596.295762545701
468.54531248683713
901.9052687588394
146.39213531081987
415.3739428171512
786.9483240733473
218.8654483906857
369.6153411036356
468.54531248683713
332.3062013400061
236.841387462321
252.9901502446911
266.18817468102986
241.41072298395875
204.69421438953094
468.54531248683713
211.36599435989825
143.54380405200232
155.0833824040802
178.86528965209868
148.67715011257593
81.10128179027112
78.09330286868433
269.97464222014287
528.7845993407846
349.7423727621635
404.3693834723513
507.42760035368315
311.4547112058975
361.95863743201056
269.97464222014287
269.7315494171674
186.37759809588272
178.7470682496034
270.1364534672366
176.9364945920154
204.7940322398237
269.97464222014287
175.9415080838465
83.41782968081587
133.65482475812087
150.48067568257468
122.17214814120153
131.61252765467896
269.97464222014287
83.24003581137481
101.10263737157761
78.63774374921513
114.98052569408294
80.92030169657517
85.3824286997716
269.97464222014287
77.64113578547642
93.1952554764159
89.26120040703515
81.25286012753062
80.07218051476977
79.92621876255782
79.46731702158763
76.49722236992203
124.06226702806703
109.55270355336299
109.7092495591344
85.43955035274979
84.4630728135732
112.26629554925671
191.10528058174663
80.53392427786524
116.653062019325
153.43763896378695
84.2803825551218
94.48478082347891
112.26629554925671
77.00733601413452
81.41283156079518
104.47490794385037
80.2868339402363
85.96511745398573
86.0803888151092
112.26629554925671
78.36841531778137
79.03026433473948
78.08918222166378
75.07886152956215
73.94321698799187
74.94894367733248
103.57848653842191
118.24335217603905
79.27160734626182
84.36639962815883
77.27355175237554
121.72912538960401
77.76781232737136
103.57848653842191
91.75096965008792
78.28058120621172
74.01199726780149
75.68009504704139
97.61871516285547
75.11974593436675
103.57848653842191
74.95001228428066
74.7646321224409
81.96375766916623
79.20066271572969
73.11954523792282
75.64087753932704
71.62557935055762
72.00655480000937
74.68376289027368
76.39827316597732
75.7321409978114
87.69426212504217
104.89331935155745
137.4004872208984
72.00655480000937
107.00036002495398
74.1043788151928
74.76446502282639
74.32326516537762
85.70792500232687
73.61015162260063
72.00655480000937
73.1044253482283
78.36640079883807
87.62451120898083
71.31102161241586
72.29817344506861
73.67520539104461
70.99330554036543
70.32151834812034
69.99861585197078
136.05657352752468
90.66637988417258
269.29109149305265
155.15922615518554
55.25400154572636
331.35985096472746
217.72425847648307
94.31945143595944
554.4715017279998
271.94829504156166
458.5423504045717
531.5815628527422
284.31240615866045
414.88294103488795
94.31945143595944
411.76515435294544
173.8340279522505
175.45678336172918
391.53808974825523
164.19322148212075
188.8882953442896
94.31945143595944
143.8581509400589
108.46872631385489
98.75623732325842
145.1370440565915
117.1534275286441
93.04756881703824
94.31945143595944
111.6669010084504
72.5856242883352
56.906689408800496
110.71898658121688
62.857212464987434
64.97733408153309
94.31945143595944
57.5791617620871
69.01247122207491
53.53147504026295
54.40272909511273
63.00787074992197
56.98653199745088
54.221560475278025
105.35837954797788
60.22546170010558
106.31304261658514
87.62171639058478
67.79788285667831
101.9207925160849
54.221560475278025
59.496807432930694
60.3497756779522
54.5836206999313
61.55614030493224
61.892873465238935
52.47615991309156
82.03514865139248
94.09046344685497
74.38336665148712
148.53848065709857
67.19782289839758
67.51341531006399
93.32599085104188
82.03514865139248
65.86006045529231
57.89722209093947
54.03904859990002
54.061972466468674
84.09757929681479
77.73009992295744
82.03514865139248
72.21598816415839
52.848711840596856
53.46222180586605
54.84347555590235
54.11207719525642
52.045123697259164
52.53072128299455
50.88193992275284
69.22670457307422
55.91431521579327
54.85058574022064
99.05579973842072
53.532812880667656
49.43594856572489
47.29090720851008
68.06780461913559
562.2038748103976
165.44781543510558
87.86325513177863
517.2940712851369
183.3463457164008
62.12437248913888
68.06780461913559
128.11523588137294
158.59435636492836
92.12930550191737
109.13511135497767
182.21053528289534
89.5630341609839
68.06780461913559
98.78296381022321
54.2904058922557
56.11031133058027
80.49513930881974
53.794413801001156
71.03462090414334
68.06780461913559
49.52215320143887
53.737321649934195
46.61071216370707
54.642822190279304
73.47033745814069
59.68413514715887
68.28840699900081
55.49574525517708
61.8064509498399
96.41714164523901
66.3024698259397
47.213483293057095
113.63458701536379
68.28840699900081
59.638707576329175
64.9251355138815
46.79058108542437
70.3343449022065
55.736158011460546
50.932403641744166
68.28840699900081
46.621187579662795
49.11123578108629
47.193615983092
46.60165249364424
56.28086773258349
46.29838752210383
48.79872780583789
67.76531133396016
45.40018908813621
45.95734879617232
67.83592794321247
48.27905223099412
51.11980875790688
63.31577317907141
50.31578084183644
98.46792224969587
48.696595039345915
69.97775178186245
73.92764373182351
70.73456279587595
63.31577317907141
60.69054711771533
77.05396787345936
52.96656230973184
43.83121398584742
56.21281184896725
47.64844079375298
83.34329440126297
116.66805477881692
48.19810925781485
59.43469571035962
145.51778436122197
59.330768940244894
68.1050049125152
83.34329440126297
46.44026218807491
82.54549360119155
49.66501154066432
46.23424412865065
63.1756350741527
62.49559298602874
83.34329440126297
57.714224194409745
43.82718210086675
45.47665298721806
45.28341834962252
44.90880290492836
49.53053350268159
43.81694487957314
48.66383320963267
104.79980195172908
69.15590936302914
53.92460322183779
90.10618672760913
57.81684792148905
45.73702142252671
48.66383320963267
47.94570031409685
62.89770456631511
48.828763583803074
45.904735441428514
66.67800890197566
45.938683809846914
48.66383320963267
45.35775731752527
56.59767694923266
45.52285182003151
43.5201861498167
53.48228096912921
44.90096998970859
52.45441911918159
56.380211897560685
61.62219115102077
43.94829562230005
64.18003869501864
56.96151945656004
43.25402562643669
53.195366563925425
53.552169259412715
136.59873924913475
72.92163878504208
55.42361969812909
114.29804236292318
55.23862286850445
53.195366563925425
78.46824843141687
48.880121330152186
46.96423414340704
70.85464797311099
44.208829301878986
47.398545344784715
53.195366563925425
51.00933758700883
44.870697635207506
46.15349022650686
52.69090332947906
46.432459182824
46.03517343395354
53.195366563925425
46.11070020906079
44.46297066355848
43.32918123000345
47.413960908927265
44.49229000129187
43.21376748381102
45.439191365961044
54.45481931621536
50.80339272418798
49.77630572478687
54.638910471295084
47.670915281089755
45.430263782416155
45.439191365961044
49.186204012518544
45.37597446458949
44.370679927011956
46.46930344086424
44.285252154031355
43.53395716663051
45.439191365961044
45.280952263243066
44.23172874738433
44.54347009838854
44.50201802467624
44.373003489454426
43.87591233206504
45.439191365961044
43.72923287084455
43.28641537561641
43.79485151508157
43.42556413128266
43.14120319448154
43.57953998588433
43.881954734956786
43.415614759664024
44.13610176588574
44.46898106437838
43.10227816590529
45.6704394368533
45.68269081753861
43.527897766371
45.148916245545884
45.31074340570892
46.919203533835635
48.7854972496763
43.2991200557669
44.716323701567454
43.527897766371
48.12032443290852
43.106906214008575
44.54435655438958
44.99942157571108
43.27110537595739
43.23969488803771
43.527897766371
43.45879890123644
43.36768022779063
43.392420144396034
42.98197383926302
44.36231070399722
44.08392324914439
43.21227996510085
45.78326452248498
43.95671436105415
45.40575653858157
44.36249609979075
44.54064981158753
43.84591948186152
43.21227996510085
43.60075651771754
43.1236405937876
43.30677809542499
44.062639775624774
42.84037491158769
43.282414867591534
42.83041802299478
43.09996584086783
45.21736508125344
46.269209876184625
43.67799126138071
48.785067954769794
44.032274420021146
46.934556061050735
43.09996584086783
43.05961836065065
43.195306810293204
47.399937314534625
43.560280779872215
43.549199033132034
44.39756709399273
43.09996584086783
42.98323331911091
43.358053952369524
43.06377058957413
42.6775492719193
44.620331359520875
42.84226173417328
42.84597806472142
43.665606260701914
43.57578376417121
46.29028779571403
43.30907845512733
44.00932082072318
44.0703888194419
42.84597806472142
43.62572322771128
42.9313355711492
42.917062497964885
44.858780669874996
42.78312324408936
42.69581101711917
42.84597806472142
42.68619748383654
42.88687878892698
42.984492181094915
42.72583826795272
42.82232593932264
43.16898947893335
42.84597806472142
42.76493374856678
42.69697411801019
42.773774905261085
42.69264444952806
42.66847301759573
42.82323169617871
42.69826280061737
43.08778132592714
42.61792106999576
42.80695491984987
43.39926479221603
42.76174677770118
42.71742847130756
42.868916795541026
43.076673050501746
43.62167066213179
42.84500459967708
43.90788006480839
43.061237733955565
42.90916543786273
42.868916795541026
42.86715725632387
42.79891556821747
42.71322789597246
43.27407431443506
42.76235894415965
42.83130496325817
42.868916795541026
42.700259367931636
42.861852928327835
42.59992081716157
42.859833019640924
42.74761753371135
42.63591764862603
42.58407519741723
42.729533919373296
43.277370076543754
43.04042144922655
42.89934420067037
44.518920325577795
42.569846293302355
42.597807682142346
42.62839399518279
42.949813846658245
44.13340170462537
43.15511449746683
42.960230580785144
46.47344275102152
43.18313224888154
42.62839399518279
43.29397511579878
42.72053555189955
43.380078205313126
42.85686895397531
42.64510165307413
44.07419184753611
42.62839399518279
42.59982330519233
42.97002362907005
42.64278891634849
42.63260551670358
42.863699577651374
42.63639107549243
42.62839399518279
42.641615634658045
42.6072048740293
42.61919750514274
42.584903771435044
42.59154552694561
42.665650833104436
42.62839399518279
42.59632131428262
42.592417055848884
42.55978392860308
42.590090346169674
42.57887726790347
42.58360552112515
42.61628270411819
42.70218793362908
42.58603293101564
42.60452582182948
42.58611678211336
42.6062983686198
42.65422328045146
42.61628270411819
42.61653327485682
42.576993810588775
42.615589759092934
42.57771254417294
42.59925080057182
42.563533862900734
42.61628270411819
42.596320574638554
42.56632585759582
42.56403161971514
42.56400365624211
42.57736305397679
42.574920936187056
42.61628270411819
42.58509867256987
42.56250751739345
42.56077734068135
42.56383534962824
42.55988234436177
42.55879057116308
42.556804020192075
42.552831573891865
42.54488930383609
42.529015253756654
42.49730911257575
42.43406465684234
42.308246977459426
42.05929594749314
41.572126341732805
42.06121298078741
44.14238766051169
56.56325218687347
91.45117453665469
59.20590961731936
58.96210408981677
113.20129778127674
42.06121298078741
66.02741857470161
48.23978012928905
45.53374506434443
61.281627869272775
49.9301615426577
53.28124755128199
42.06121298078741
49.914636946631234
51.775712736591785
41.57058014909458
48.01206385277019
57.121162131175865
45.935243297008775
51.15799308541474
48.66144687352542
50.22531655676385
63.49562365581852
57.49176155439266
54.00263510205108
56.2758672431363
51.15799308541474
53.10828993375643
43.97393140623066
51.67313421851626
43.72935804154932
39.61864214716199
57.25991458614034
42.3540216421868
47.759296225188436
46.17131736644058
93.7975332798498
42.64411498767142
50.91307026231106
79.38541923661907
42.3540216421868
41.23576170178354
50.55783089628278
49.79309879273736
44.033694732207145
50.97219726761018
46.68646339595051
42.3540216421868
40.210650926760785
46.726692591557125
40.57072931365421
42.00830879647516
44.87032930556038
39.71911465587347
42.3540216421868
41.877062570703444
41.62190667570746
40.00127780134038
40.68555322063664
40.41163464090276
39.30776162875671
39.671231281703264
41.026562048492764
39.81086044410667
45.5654766755813
42.124792796212155
40.55570479690355
48.26919734968198
39.671231281703264
41.95031719745247
41.05512900244721
39.93705107747046
40.36503232691756
39.938462021044174
40.269719711146145
39.671231281703264
39.907941253394924
39.52848758477825
40.00032195638018
40.733889089801714
39.49031753125635
39.57773597371256
39.671231281703264
39.35400859738334
39.71079684152876
39.4193072730577
39.34941693417782
40.19986921128139
39.314822121942164
39.671231281703264
39.44253270823727
39.30112842757015
39.43597124076536
39.54522675293223
39.31440030148294
39.52120617205889
39.28787843919845
39.28717363494598
39.2980061463503
39.88755312626893
40.73989266478531
40.01843659150331
40.06750722005719
42.88677773705048
40.15448878138906
39.2980061463503
39.73883319218715
39.51391873381454
40.005827218271875
39.60602301944001
39.47972430114293
40.78085465306724
39.2980061463503
39.48529796054415
39.64511717087865
39.25407755528852
39.47179610875147
39.66211868851137
39.3635914506905
39.29227170859504
39.62176324311925
39.57146917715502
39.78536266485334
39.35025381754736
40.052639153236605
40.28640259420598
39.29227170859504
39.47728287952301
39.271265504757444
39.38011137467963
39.70493038513876
39.23687723107701
39.354180848277004
39.21757250146756
39.29567413972632
39.41428881127021
40.62441486532248
39.95054170077937
39.02573445237176
42.05939315654314
39.56430803840714
38.869676656016296
39.76057528273303
40.006340249621005
54.602517405292076
48.16175421383998
41.207785494645684
50.988766368156746
49.36061831610666
39.76057528273303
41.564148603108556
41.719663399038105
39.94207734624437
39.47362844176187
44.90340572570092
41.171581135981214
39.76057528273303
39.55912610176128
40.92743784166855
40.40510169363152
41.47177709601134
39.382979063013195
39.45986103090439
39.76057528273303
39.699154827992054
40.339486235793544
39.83315123386515
39.07454789490884
39.17624363663852
38.948454043784956
39.76057528273303
39.51256933864018
39.68165489442503
39.13891216326056
38.942068877386205
38.93012623845427
38.707256788029156
38.794098703539944
39.90594725738189
39.72066902327425
38.933162585940345
39.204057276173046
39.07436742485737
38.96814586982876
38.794098703539944
39.452986448391314
39.122901057295294
39.07121378486789
39.0713921610869
38.8659113144642
38.81479776113039
38.794098703539944
38.71989857054591
38.75207341494209
38.86985433166227
38.71805257373623
38.71616886349097
39.08074705813234
38.794098703539944
38.72678622038062
38.760032877674675
38.71640680759125
38.70730089629511
38.80110268400048
38.72272910201034
38.794098703539944
38.72313468907424
38.704058813009176
38.7065909158005
38.717883977414395
38.71045447089933
38.720362634131256
38.697661986456986
38.684864826911976
38.65925647883499
38.630246482314455
38.66021795001112
39.2474582255248
38.87657972343973
42.0641607267461
40.79944523314323
38.98735404931842
39.83171450337401
38.66021795001112
39.02657291447842
39.484394607268
40.09195834760173
38.72400622650612
38.74857915067696
39.03577935031385
38.66021795001112
38.74310356525681
39.0657640417081
38.55460243995565
39.34072036842014
38.674259110453484
38.9967773802024
38.737438574605164
39.45257171341644
38.78200853124381
38.66848522517005
40.455098250565165
38.63478375648218
38.55136172509531
38.54486375776662
38.53180148656037
38.56680636418468
46.10789605114321
51.405601562071965
46.558875396538795
45.08184705404903
49.531456387178196
46.66768501811949
38.56680636418468
43.08268136889622
39.374357922947766
41.160909420645424
43.84419204570495
38.225751207088145
40.706419167130505
38.06024474043793
38.510368374087925
61.89673366176818
42.56544451686682
51.94615623363579
60.9759807885581
42.4668587992131
48.456581147831656
38.510368374087925
39.100564780174174
50.18018578904937
40.97029759395289
38.15512563670877
50.36180471046495
39.475298704682025
38.510368374087925
38.70722135518045
38.51279153924072
44.779386378394314
39.57999296919728
38.08454436754926
45.43516641833708
38.510368374087925
37.92350667522303
39.44796600412433
38.35490898090538
38.394182538162944
39.0030564015458
38.31395835297284
38.588839753135964
42.00012976465144
41.05735004264492
38.16935144735125
44.17435007675752
39.18601580670622
38.76808111039587
38.588839753135964
38.71661459022049
38.17999690897145
38.01692767791331
37.81672898457202
39.042483918170575
39.35568134646366
42.40314886680688
39.85609876947407
41.52149793992977
37.7153706300944
37.919392183451194
44.37638390633152
38.13604282039655
38.88841748457003
49.72797853256057
41.23400036599654
39.32093270558232
50.94747426795744
41.95048149947668
38.76157953419921
38.88841748457003
41.210288255379695
44.36272175550402
41.231165056565104
41.78369826015359
42.332971961797405
41.971728320939626
38.88841748457003
38.75211347560048
37.749408234136986
38.81532028883117
39.65916522411675
38.151983615426005
40.02149255315332
38.88841748457003
37.899979451320284
38.1703789078296
38.96633802348347
37.908313171992575
38.050495909401334
38.36251977858536
38.88841748457003
37.91525912971356
37.90839645135126
37.91471791218805
37.96318288906111
37.696743686296166
37.58000890838497
38.33839044862914
38.463859824096005
37.96080099664105
37.697749623436096
39.97951737076586
37.685371863759066
37.70812308590842
38.33839044862914
37.76073421142663
37.681068423316695
38.36022998841024
38.223426766733176
37.57074498936476
37.84417884097062
37.55217579056135
37.51487173131693
37.43959921533467
37.286382548778874
37.111528775202885
41.0068024976264
95.66373522244396
71.57417103990718
63.70376395671133
95.76323920207881
72.62346563201498
61.18706962394535
41.0068024976264
47.104332129848544
61.33092759262039
50.18434313664218
44.2321600959843
58.81171781763077
52.794378491913236
41.0068024976264
47.3135838991075
39.82949273811966
41.758269128413346
42.86643134288877
43.10415133679227
38.37374411059584
41.0068024976264
39.035735129399036
40.60517672755356
41.42994503544979
37.38826744012694
37.65213667126509
38.769825098086606
41.0068024976264
37.31631589672321
37.329026139854804
36.91914857398826
37.60611267490647
37.80877120435268
37.48683240649315
39.46213691914794
42.45431599776616
37.261341423535384
40.6254330895487
37.37064032316036
38.39081455280714
37.87150985659558
39.46213691914794
37.70033281860622
37.13862306567146
39.156818522842286
37.216886120901464
38.82951996964215
37.04125115437374
39.46213691914794
37.577527332804046
36.94645710115407
36.996048479173034
36.79557880394861
37.36242436657875
37.64296480856061
36.90860182148581
37.49497658522474
37.547608480859985
37.03912364816022
36.87405222277723
38.800326070949204
37.61518191808122
36.90860182148581
37.06197823222188
36.93820294471628
36.61897771403191
37.02259023954141
36.974603957065824
37.041125297483084
37.24635692748998
37.06363516239858
39.205603032705135
36.5880182533236
37.90720719752408
36.96487498316543
36.91132049312396
36.52628666719157
36.78607456457348
37.258897390634424
40.172284351025006
46.44744696814658
35.9959289744609
41.6019948958156
48.63060675616547
39.41735555206794
55.581484347594326
57.684437693332725
39.18100686851974
55.05786270267369
55.42496103997971
36.823662719939406
39.41735555206794
54.00283702819585
36.6873223285935
42.804180163564325
56.474151318713645
35.843765097702985
41.45031832559734
37.04251030981328
52.19294250090631
63.78151941072506
59.343094014260345
47.1406454289632
64.51986746121014
54.15178546769118
37.04251030981328
50.08866698073804
36.61672305393923
41.55978696439531
52.3086974325644
35.48324177601889
37.622423465727145
37.61288116818547
43.697709028843
63.57732965049631
50.55715802556764
47.101001771033545
66.80483451854474
52.077004355872745
37.61288116818547
38.85006776045853
57.07618988929728
41.25711186583967
39.35457266198057
54.92885632040078
39.629482225320054
37.61288116818547
42.62679758900146
36.880307933434636
36.47349088863861
42.072011855674425
35.14874079315322
36.87403557303247
36.00352219206452
47.01010571592904
40.89617089345691
43.27038447572568
43.28388905306665
42.71255056504842
42.25600079481341
36.00352219206452
40.45114657816203
38.27671743282329
40.64859752761355
38.503791116370145
36.994164622563524
37.81708440055927
36.00352219206452
39.38928474609333
35.33412690515117
34.90831359115889
37.22245024584558
36.55254550143869
35.86187270590363
35.49609890423558
34.74361284425511
42.57799540571833
35.42627343939406
35.07453892115656
43.941721022920255
35.2574223933773
35.104577688102964
46.27937893075041
39.31923968672429
37.889495564283266
44.24932959139615
40.989780917005454
41.42852991938388
35.104577688102964
42.64452185878978
34.7812469225093
35.252519876787666
40.24952046816673
35.77095206616948
36.84197949775484
35.104577688102964
34.75720527982055
35.04883049125738
37.255310808785914
34.796278437581016
34.470206266806116
39.37451926169426
34.25766649936043
34.15561937309926
35.185510961236474
37.23286828315756
50.645761279543215
59.75897113654184
36.25389560066936
48.8015000373003
57.97533635695656
35.185510961236474
41.307257855454154
41.45826917898546
43.438264261374634
43.37288112572882
39.88647163246804
42.54393471537688
35.185510961236474
37.24099790667255
34.38397577061129
38.09678764352838
38.65968522170502
34.982496847498815
39.44758225059257
35.185510961236474
35.006593141357676
34.3410996130252
36.31359229317552
36.43537248644312
34.13600301820286
35.100111923146436
34.60983613290852
40.191418441053315
37.54517883280544
35.47739983782864
40.456678767398074
37.629347197267904
35.44237401959543
34.60983613290852
35.073408517336155
34.44264927510713
37.445665829811404
34.90710011959186
33.829336774682226
37.39323120749367
34.48538324800694
34.4728633788819
39.07150976069814
38.20885137966272
33.29185211650024
37.94868311134594
37.07537597733956
35.78680412475603
45.68473599778634
42.08483348128867
35.91713930716776
46.791442214752735
42.69188044670471
35.21036136638946
35.78680412475603
39.62335262238556
36.832807183035904
34.140833416067636
38.889676569352794
37.67957945169541
34.18886875790524
35.78680412475603
34.87248521618836
34.62068677938105
36.347624246924035
35.28267550169818
35.196757201950064
35.4372001713465
35.78680412475603
34.55467405364264
33.446195773449105
33.49675744596442
35.17968484578901
33.70383407902402
33.44353554915456
35.78680412475603
33.46538576553529
33.38955948373533
33.451015525357604
34.0672202821332
33.66249359483993
33.37768848096039
35.78680412475603
33.33767293427729
33.32218216133832
33.360671459037874
33.32304457958693
33.378358723596335
33.74132979349642
35.78680412475603
33.349623835053876
33.314017881672335
33.36698066946969
33.31896883520358
33.4688304008341
33.31649234073508
35.78680412475603
33.35695323823149
33.3114432260058
33.29741268597263
33.30043524684602
33.34155144074346
33.297591394688766
35.78680412475603
33.300307245185145
33.29850248161554
33.28857733855452
33.32419645487914
33.29826802973674
33.29512693537456
33.28202790544761
33.26892953038482
33.24414031416949
33.217112995149066
33.6047621892858
34.848870911668435
34.165643695992074
33.71749161203185
35.00131157461874
34.130792891191874
33.651962336046
33.6047621892858
33.24274063366475
33.72993898064728
33.79397460727269
33.255665969331474
33.64156892382098
33.71747359653261
33.6047621892858
33.38019329510919
33.307022241939976
33.22316916029238
33.51732284581393
33.27397072433769
33.263081243305145
33.6047621892858
33.282089403190085
33.2207978921782
33.23457754673769
33.3834742491507
33.21342796767264
33.19964769206287
33.16858342996689
33.16800200058598
33.262847521736795
33.278430660912804
33.51231498404457
35.21038666760124
33.48330961311709
33.325276709615615
35.27722717920054
33.262847521736795
33.582194035025815
33.96204641750342
33.246532238519364
33.63809596454496
33.998595911531574
33.14955976518121
33.30959419380401
33.6791099805176
33.428988739533125
35.73635515221102
34.025595097878714
33.11943055232189
35.697112162854516
33.512697406450556
33.64430267461606
37.2139735287829
35.91844662637775
34.1188084938386
36.69194833052224
35.87718467418489
33.512697406450556
34.55106360187131
33.60380354617698
33.908445595540144
34.27790281359333
34.03652687202247
33.69683631014555
33.512697406450556
33.1065441392201
33.19018878050958
34.1537609972739
33.187111414428976
33.260209024014266
33.85732755678267
33.35074199742776
34.60072974581611
34.07544640083488
33.488785707380174
34.49334010374001
34.248865140446085
33.61185294935703
33.35074199742776
33.31886111086815
33.338977268503406
33.94794009547448
33.47453029005703
33.204801056679194
34.002938022027365
33.35074199742776
33.518248142635684
33.190582123619436
33.31545938735415
33.409863800324196
33.27381353175254
33.30604308648033
33.35074199742776
33.20005985224348
33.09268072480018
33.085499297507646
33.28882600433154
33.14963346555511
33.12943430263564
33.25403177404911
33.37140057177235
33.28335680376906
33.33328294674598
33.4296997263333
33.24445789213597
33.46622493378503
33.25403177404911
33.14499072466313
33.24241009994688
33.11290969922516
33.24909027971913
33.163199482567194
33.117171493829105
33.25403177404911
33.16170281957413
33.09606767869286
33.12655212524965
33.11410877353992
33.09244578916963
33.16208142284396
33.25403177404911
33.100150631459755
33.095081894329155
33.09941634425157
33.11035602088966
33.090410410893796
33.09225872698441
33.25403177404911
33.090350083866895
33.08890126588772
33.09596456877118
33.09228808589185
33.09806326762551
33.097792404351146
33.25403177404911
33.088094091511785
33.08998695119038
33.08587480828562
33.09359131873374
33.08889039094759
33.08512378871224
33.08437277707401
33.08376026598328
33.08388206474111
33.235566054526984
33.090905299871054
33.12443823128156
33.15093303265919
33.087717052597
33.09676163771404
33.08388206474111
33.099694617180816
33.10909747172985
33.09642900422241
33.10572176760242
33.095401499266586
33.10455291766755
33.08388206474111
33.08928329401131
33.09837458600836
33.0862428846572
33.093215478789226
33.09501993662932
33.08127764470614
33.08256731215884
33.09859490105197
33.0801391536722
33.093514863543156
33.11980833243565
33.086751778890594
33.10865059614478
33.08930453325108
33.16674012617059
33.14007711651366
33.09423591129725
33.10928684549842
33.096111780405245
33.110567192805284
33.08930453325108
33.09078687034958
33.09322451767308
33.14982325060589
33.082021921292835
33.114184902219485
33.1006086578745
33.08930453325108
33.0807341678836
33.0848877815217
33.08533955262035
33.08953935495416
33.10790734040096
33.10157284289994
33.08930453325108
33.08152241248526
33.082310363205835
33.07825475553356
33.095743906772256
33.07872147952426
33.08460601822526
33.08315712019815
33.081331314082476
33.08399746756516
33.088895365389064
33.07867525131207
33.08135292419118
33.10344317202675
33.08315712019815
33.08027807112387
33.07969133074026
33.085664104574136
33.07804966806604
33.08163397167121
33.094518579099535
33.082804382190275
33.09161593798598
33.094639805151175
33.07983123164463
33.115099172903534
33.08068014809087
33.08458167394485
33.082804382190275
33.09851216819163
33.0779212704958
33.085429200176655
33.08462396336016
33.080808544891596
33.0781565226141
33.08130091933376
33.08679398108951
33.084471748194716
33.0921185396726
33.0980543195971
33.07948195751221
33.085543562482876
33.08130091933376
33.0788647925078
33.08262712382088
33.08194848887025
33.0769777489594
33.08883830798269
33.083902114332645
33.078170280975186
33.105522864261744
33.088507985811376
33.08787283878254
33.08959642779186
33.08095396804888
33.07980773226245
33.078170280975186
33.08071870418601
33.082160460243834
33.09289656529844
33.07917913565517
33.0869929274644
33.08268792922813
33.078170280975186
33.082752181025946
33.07888669160415
33.08053879227614
33.0796147375551
33.08038073482007
33.07813905668388
33.078170280975186
33.07829413037529
33.07771813625119
33.077461388006284
33.07950552447287
33.0772938897833
33.07757803242307
33.078170280975186
33.07750517303026
33.076885829919
33.0777442041843
33.07725774543667
33.077082080196746
33.07835806530668
33.07721405150542
33.07834285188334
33.07718034654341
33.07706202276969
33.080067202663045
33.07717621386009
33.07690705395934
33.07721405150542
33.07752339120278
33.077137319414724
33.07744711194762
33.07776681706229
33.07722299638485
33.07813496097123
33.07721405150542
33.076953240573474
33.07698134863815
33.07704038992031
33.077112751030185
33.077050156621084
33.0769545918659
33.07721405150542
33.07697100981721
33.076956914218606
33.076870714778295
33.07692080885428
33.07709532382545
33.07692484737465
33.07686530891894
33.076854497153164
33.07709586411609
33.079643053635856
33.07778969636849
33.07959926481378
33.07820828188697
33.078338258686074
33.07784884735358
33.07709586411609
33.07697328951106
33.07713429353766
33.077845579871195
33.07689814322263
33.07728836678038
33.078819799746064
33.07709586411609
33.076924960897976
33.07683054180614
33.07719390667228
33.07708813119536
33.07687845251076
33.07712821404259
33.07690922158014
33.07712765445331
33.07720354982929
33.07851856275592
33.07755161513548
33.07699086094582
33.07766370104709
33.07690922158014
33.07690445395512
33.07698247234572
33.07713884679656
33.07675662966984
33.07696301290685
33.07736893780736
33.076799716828084
33.077417705384434
33.077366785514755
33.077394214934024
33.07807589354118
33.07708386159722
33.078591509320106
33.076799716828084
33.07681594778029
33.07719397736491
33.07681087755314
33.076799025779806
33.07776921955503
33.07674052429694
33.07679801919074
33.07747401464072
33.07739853562552
33.07699740826655
33.07878459814181
33.077094979607814
33.07717005196442
33.07679801919074
33.07685532997027
33.07682754173938
33.07772684869015
33.07710608575553
33.07672580809997
33.07716215236349
33.07677266075055
33.07750742181765
33.077333800323636
33.07699823038839
33.07819130113609
33.07702039575088
33.07737641184526
33.07677266075055
33.07682421096147
33.07752860859414
33.076734136206035
33.076938950284585
33.0771391172016
33.07674598351263
33.07677266075055
33.07698229356003
33.076704750395436
33.0767555267517
33.077056997326224
33.07677814970483
33.076696089446195
33.076636652131214
33.07679204594732
33.07677437326226
33.07746659601591
33.07714282013055
33.076679940545745
33.07862440990989
33.07672136657471
33.07679204594732
33.07695977596001
33.076803022016485
33.07675836226553
33.077421882571855
33.07693128328992
33.07663698654464
33.07679204594732
33.07661757930422
33.077181960708735
33.07671608256618
33.07667996554602
33.07686888242532
33.07665694532298
33.076658610900715
33.07669765473381
33.07701461257932
33.077068414202564
33.07662898362313
33.07762144275208
33.07670061097257
33.076658610900715
33.07667370704651
33.07678753816376
33.07666489375704
33.076611491557614
33.07710117979388
33.07662632333195
33.07664779722477
33.076965231315185
33.07669636390825
33.07674587143609
33.07745176119868
33.07665482408993
33.07664465081748
33.07664779722477
33.076775106467935
33.07665152792007
33.07666902958434
33.076982334342205
33.07667236955926
33.07662880913335
33.07664779722477
33.07669835564706
33.07662074197564
33.07662071594721
33.07677047304981
33.076602241140975
33.076634034345645
33.07660213024987
33.076631511070076
33.0766937790253
33.07665726063169
33.07707636156351
33.076610301030875
33.076805920416064
33.077770127875546
33.076631511070076
33.07694279118214
33.07671891823928
33.07662987879715
33.07676545941319
33.076651197223754
33.07661512900217
33.076631511070076
33.07666146063663
33.07669279402449
33.076597037706875
33.07675164276302
33.07666602860032
33.07662364285605
33.07662363250193
33.076668669236334
33.07675112242076
33.07679287676545
33.0766466883752
33.076688681731
33.07691600120518
33.07662363250193
33.076686952733745
33.076586822295916
33.07660680718242
33.07670160998468
33.07661059978855
33.07662327771142
33.07672186613474
33.07671918318215
33.07676706352515
33.07669971289547
33.076911194687796
33.07664831764365
33.076661531435526
33.07672186613474
33.07663708783779
33.076644287372304
33.0766450404232
33.07660394921354
33.07672771780421
33.07669064439478
33.07672186613474
33.07661695427767
33.076655777110965
33.07658047472059
33.07666583572659
33.07662571991456
33.07659379682438
33.07657447290497
33.07659323255407
33.07687705379614
33.07691394416729
33.07663161927491
33.07671101841715
33.07670036034792
33.07658906543835
33.07659323255407
33.07662969737856
33.076635196116406
33.07660780247308
33.07670163120437
33.07673554503733
33.07661689867494
33.07659323255407
33.07661814054107
33.07661363360575
33.076592044443416
33.07667973645442
33.076591934465824
33.07658981815614
33.07659323255407
33.07660260209592
33.076588387388966
33.076582388417734
33.07663712016908
33.07657940446811
33.07657361292764
33.076592006590204
33.076611509990435
33.076648166075984
33.07658503691803
33.07670351663852
33.07660273185927
33.076610105729415
33.076592006590204
33.07659722831734
33.07660484735388
33.076590862261405
33.0765726766699
33.0765771038477
33.076628267774055
33.07658491522543
33.07663572834491
33.07659042737254
33.076609237575774
33.0765999932215
33.07659574551814
33.0766294621794
33.07658491522543
33.076572407012314
33.07657271643596
33.076599804921194
33.07657996844171
33.076578212772645
33.076592160108056
33.07658292867255
33.07659801332881
33.07663164994196
33.076566531608954
33.076651570219084
33.076597939218644
33.07657828241571
33.07656831053358
33.07668003592639
33.07667391071414
33.07663104998476
33.076613574506375
33.07661051697649
33.07667734622217
33.07656831053358
33.07659042523524
33.0766231226808
33.07658386582107
33.076612902340415
33.07659687046342
33.07657400863577
33.07656831053358
33.07656889278144
33.07657594484234
33.076598622192535
33.07656478768316
33.07657485346305
33.076622847063156
33.076561299832626
33.076554324129525
33.07654037271938
33.07651246988545
33.07645666415732
33.07634505246487
33.07612182813386
33.075675375686
33.07478245565226
33.072996555024346
33.069424511522925
33.062279455477885
33.051976089836586
33.04080368079521
33.01838478961165
32.97325048304549
32.9568459025966
33.10508711988966
42.13348084344532
41.48415557848937
43.22505506555993
42.30845337032995
42.17191146088962
42.74907744283765
33.10508711988966
33.37778962651963
40.46067415125404
35.25463061149454
33.42129309080175
40.330068517796875
34.873625580189305
33.10508711988966
35.55510754293799
34.2145356138707
35.44739303930462
35.49887374617164
34.185265263594346
35.18675128836465
33.10508711988966
33.66464650212783
34.25793876282716
34.521745711541676
33.84896544038428
34.09096404719018
34.500157433357685
33.10508711988966
33.5658258521635
33.21742904280921
33.065557090905166
33.47815542240838
33.34743728431402
33.00184598980462
33.10508711988966
32.945329280120006
33.15635043102769
32.96842210217855
32.9683644369501
33.271871853411945
32.94526882215496
33.02556147855405
32.93757285818203
33.69625665981188
33.099901673848976
33.01222093996134
33.64250612978369
33.04143320705401
32.92214914948459
33.190950617262274
36.31343518340965
35.13599493909244
33.74698604095171
36.14576615750126
35.67646309102111
33.29803595157863
33.190950617262274
34.28794777346913
33.76369499742867
32.88995738199703
33.941183608985256
34.18725882236442
33.10827121507009
32.95223519456705
35.75866335981441
34.57220674787399
33.03245509974052
35.72406138456745
34.62458521325093
32.9874064757782
32.95223519456705
33.772106944290876
33.86000983631672
33.484468409581496
33.80001164876108
33.89735874512737
33.317078618383874
32.95223519456705
33.34151742418695
32.93241670774006
33.34719048389883
33.27209195252929
32.84750619596759
33.27296454542957
32.875821510512594
33.847355913538316
33.77638140533268
33.74976643031868
33.88955572395084
33.82164816776262
33.88334651525294
32.875821510512594
33.469126199109425
33.17165411669475
32.87713317325781
33.435336352225086
33.10971457374658
32.81789285888478
32.919786032238704
32.92914236210386
33.90724541866398
34.143951521002776
32.84928003362631
33.702262160948536
33.93528656460813
32.919786032238704
32.90395068999334
33.433047714534624
33.588837977749535
32.802694524119
33.585880550408945
33.351001970413
33.00485610232895
34.183522730198526
33.96364094447948
32.879956414743
34.27158425312966
34.04890702997332
32.88044790500011
33.00485610232895
32.975451742126054
33.24278255570461
33.537800530460196
32.949484629642875
33.1880792079848
33.52197339353461
33.00485610232895
32.90534929404895
33.20706773729027
32.85004517371793
32.890491819918815
33.22646620052725
32.85157443467021
33.00485610232895
32.89153964414122
32.81875919762133
32.84728815669302
32.87195703110322
32.81153221294489
32.86049740399319
33.00485610232895
32.813574343700516
32.82114269975862
32.84792311553923
32.81013538845031
32.82486570997168
32.83877758829995
33.00485610232895
32.81317852040208
32.81761853742079
32.82356603254734
32.81346236271361
32.81620095658861
32.81897322956087
33.00485610232895
32.81513142086762
32.80559308400718
32.80453698241873
32.81359337234701
32.80340902228414
32.803123150332915
33.00485610232895
32.80165891337661
32.80890829335091
32.806837416371984
32.8037301405947
32.80881634233042
32.80550341321999
32.8038368966772
32.80374318397339
32.803372915962456
32.81305617798743
32.805140486008455
32.80265355418258
32.81657077487429
32.8038368966772
32.80386424865108
32.804502700634394
32.81028912060369
32.803120266200196
32.804205070842755
32.80812564189771
32.8038368966772
32.80493248583782
32.80335376301634
32.802645335669446
32.804147680971184
32.803667315761146
32.80232382149447
32.8038368966772
32.80322663982445
32.80190076744609
32.8021356979118
32.80361256093108
32.80192150416941
32.80201724307584
32.8038368966772
32.802235137557325
32.80191850706723
32.80198221804081
32.8021809205618
32.801887660080055
32.80203731928706
32.8038368966772
32.80197386636587
32.801936786457226
32.80163207894834
32.80198374238386
32.80194704306019
32.801694936422244
32.801778975342465
32.80180937691497
32.801824974705006
32.80251068076381
32.80182602173198
32.801905695067596
32.80227137528618
32.801778975342465
32.801869171179284
32.80194591406982
32.8019152200585
32.80178833689112
32.8020440830962
32.801817622768446
32.801778975342465
32.801740379574476
32.80179080726992
32.80178157371653
32.8016974561998
32.80184664443202
32.80172626232033
32.801778975342465
32.801648138390185
32.80164687466061
32.80170930330725
32.80163998885617
32.80166207119803
32.80174925735585
32.801778975342465
32.80164244729801
32.8016305759337
32.801695106720985
32.80165462054974
32.80163358196228
32.80166905869643
32.8016275699034
32.80162464913643
32.80162665918566
32.80198256222497
32.80182315124266
32.80163561876671
32.801901295254844
32.80189919669684
32.80166217894954
32.80162665918566
32.80183584054522
32.801701810793254
32.801757477665916
32.80177715114974
32.80172285693864
32.80173643642474
32.80162665918566
32.801746658249066
32.80168052003771
32.80164907856745
32.80172132112454
32.80170028693463
32.801640587943474
32.80162665918566
32.80163061095145
32.801672258607695
32.80165548033294
32.801629755440736
32.80168313106928
32.80164788095623
32.80162665918566
32.80164610041399
32.801632670433754
32.80163220490461
32.80164305823624
32.80163084935444
32.80163314965915
32.80162665918566
32.801632219740874
32.80162724143852
32.80163191066595
32.80163268521757
32.80162957618803
32.80163188385138
32.80162665918566
32.801628417749384
32.801626767801295
32.80162855832754
32.80162614804073
32.8016243616531
32.80162964531544
32.80162996927603
32.80162960601721
32.80164122681099
32.801629346270445
32.801626742775845
32.80163469520737
32.80163255712756
32.80162996927603
32.80162662196927
32.801624086875215
32.801626585695125
32.80163016781264
32.801626375730244
32.80162944401493
32.80162719968323
32.801630920233016
32.80162827828873
32.801633926499264
32.801631106653076
32.801627781891796
32.80163614642739
32.80162719968323
32.8016248505284
32.80162927997536
32.801624441949166
32.80162613595046
32.80162938233534
32.80162373180231
32.80162302165555
32.80162278706662
32.80162328934179
32.80167990737841
32.80162925959211
32.801633015059366
32.801664823400785
32.8016261993826
32.80162688245781
32.80162328934179
32.8016235193783
32.80163776451627
32.801646593717884
32.80162369486812
32.80164372168068
32.80163878627646
32.80162328934179
32.801635563915234
32.80162835784885
32.801625691407615
32.801631420917374
32.801632015344055
32.80162318650809
32.80162328934179
32.80162546054791
32.80162629137204
32.80162366541134
32.801623698133106
32.801629063692324
32.801621958906736
32.801622673995666
32.801632807970165
32.801631791050355
32.80162444855813
32.80163023467795
32.80162894849977
32.80162437641945
32.801622673995666
32.80162822804053
32.80162431852184
32.80162343950717
32.80162660921393
32.80162507327491
32.80162342751132
32.801622673995666
32.80162230563825
32.80162529150586
32.801623026576266
32.801622410027484
32.801626432912485
32.80162315137334
32.801622673995666
32.8016234034007
32.801622499570406
32.80162225092805
32.801623082531314
32.80162258453615
32.80162239563966
32.801622673995666
32.8016226898992
32.80162224409133
32.80162208781261
32.801622563252096
32.80162233594703
32.801622093376615
