8426.937806657656
8914.193730773379
8854.611630061532
8226.153406001182
7711.061304717032
7820.098012200995
6278.581464825195
2350.7495089564372
18964.920048528038
6590.192972088332
8212.233156015538
5246.607443036116
4935.991332307111
3666.8550521392003
Inf
18964.920048528038
4552.303988910179
3919.0856194781527
4554.149639053198
3026.414738432353
1163.6783176211547
6509.173211314188
Inf
Inf
22130.97203634577
6682.0497423858715
Inf
Inf
Inf
Inf
4410.338533381572
2350.7495089564372
2087.77153268824
3530.2349614654545
6590.192972088332
3540.8748766858403
Inf
4037.1415620854846
423.3609249036506
1326.1911587879551
2518.1449948492627
2296.4206366560375
928.657485514661
1575.5613792429297
8199.758609343931
5047.354257825622
9147.342977795402
4237.824238139051
9544.684542656427
5251.710097646711
1575.5613792429297
2081.6404378988173
1814.4594592013473
1829.7439459627349
1763.5839421036694
1053.4085202053332
1229.206267582917
1575.5613792429297
1150.0995647099408
952.3284518785881
948.4813267568896
802.3783306046466
532.8979820824609
770.6588643540395
1575.5613792429297
576.502827117281
623.8888344358996
609.6551350810176
263.1511842480887
520.8063510881695
978.7462235984672
291.07819927715747
803.1816177085276
964.6701732479233
807.8520015953815
616.5957919252781
1035.6423169516077
724.78094737992
291.07819927715747
728.8515386782221
356.5134273139736
440.022367954523
640.3687989183994
453.9797292496199
162.53283051212446
397.94699555933147
1181.6182466209211
568.8276817645093
896.0647009243623
880.1268766636799
952.5657883914921
487.08760992967603
397.94699555933147
1041.1920222290696
57.38313400750684
540.6081638397292
679.3242025117321
323.7347381377733
293.39204385151777
399.22029555660754
1041.1920222290696
715.3573353918712
745.756551470311
1090.4403321808934
744.2683009223047
679.3242025117321
399.22029555660754
702.2079972619891
364.69059584252955
237.1260229068393
727.8785646716194
345.32467688948384
222.9268900068991
399.22029555660754
246.412657924135
162.03941174624595
159.8234289350853
291.07819927715747
198.031704301979
204.19647635913458
399.22029555660754
120.75587875092963
108.32870353751221
126.02773063839723
161.0009099500166
80.78693642221411
80.85585041486564
399.22029555660754
109.12794065638738
58.54511340384356
61.684832892106606
81.59666906873537
70.36657159716555
92.24174833992357
399.22029555660754
55.44836942533337
69.61251701081338
66.25804097645704
69.73340653425149
50.88311469546267
51.92916113183797
82.1775398162403
60.44636575739475
84.55934008437264
63.534344565024824
50.12992642609348
98.17193923659963
83.64688487663526
64.12369632300101
127.15859204563958
155.6202977173516
116.63784060923646
106.48675025959272
205.79780805315698
161.67899984596306
64.12369632300101
110.04659229440973
67.36483258029216
68.68014561517836
77.1983568964741
51.84829549723538
52.50498672337415
64.12369632300101
47.27608590997089
49.92873790924454
71.47252002172468
65.11649344408687
67.74971555002028
50.1020385218364
70.25388527514636
54.25998356421953
69.6176448422643
83.85456651346611
52.531531780131644
68.1171071276939
80.4833377663777
70.25388527514636
58.484789161321835
50.87222336351782
44.972711357853036
61.09843280913503
52.760555994590995
49.55860380128223
61.07042422248687
91.53662455404665
78.63766483264001
56.38836064991082
73.1266159436537
106.86389633404649
47.92945126722828
61.07042422248687
57.711234428167096
46.89013464792145
69.64194074813878
70.8114283878498
44.370833321775265
50.5057365195733
45.66651705605251
46.377122325924034
57.76022345533499
78.26571644591034
52.122222276286514
75.54119235440932
104.75863985013103
45.66651705605251
74.1689210444041
46.083583131625936
52.34691759631229
55.20320142960023
59.428662457152335
42.826900466123064
63.344932758467834
51.88324233237762
80.02310617335603
120.00625414911036
52.34368222165351
88.06479616047685
99.08137679395307
63.344932758467834
44.49684356992071
65.24746401344518
50.63129913127743
41.22885853398453
69.05598893433616
50.57697318762845
41.94554083242657
104.03394005274545
56.671116293207724
96.10883148840996
84.30031840371163
75.1747953477749
91.18923814186984
41.94554083242657
70.8089012674807
51.35889176077657
44.09352172948571
65.99542526455447
49.41362077032825
46.10103749730612
41.94554083242657
48.792849188397504
47.21509405429477
44.47171956133593
48.95858042343334
47.12396778685677
42.49805480008885
41.94554083242657
45.81673922127957
42.41680674029285
42.25288836274537
44.73971231313054
42.49697575741853
41.1452597926728
47.075879492313554
49.38218626597383
55.50119870047522
41.76823061940196
44.76680099494476
50.54428797390274
41.8294522163735
47.075879492313554
42.843737840235434
42.95959457133201
43.45812047000982
46.6207739214309
41.19441423573383
49.108171349321736
47.075879492313554
41.20126870169607
43.64179354526602
41.89265737521812
43.87485475300833
41.20919413344396
40.849911841822966
41.8819061833648
42.611036467174365
41.94321775000222
44.83226559782618
44.59727912401732
44.85421246905658
47.322831984300194
41.8819061833648
41.54378869581483
43.37621628850447
42.66692477976033
42.950140328333845
41.963313129432116
41.909453515906364
41.8819061833648
41.70228338553609
41.30100176196611
40.981029177526985
42.629669541108015
40.97293856330349
40.7187687520702
40.89319804642281
40.62170394836993
44.85519703178433
41.159524439635156
40.87100828363629
42.452007841856286
40.970296787824694
40.42665333556508
40.03285312449505
39.230336250028
37.56465963711697
39.2501049523377
278.13075477367596
110.72556424073377
51.94148214107161
264.55859523623235
104.50564769734402
53.69594108421603
39.2501049523377
68.903039292431
93.04696546609256
52.31859794028327
69.80650196793907
93.30097485758868
50.17152069105505
39.2501049523377
61.202755037899124
38.350453478425315
45.9585988440585
59.36558201056143
39.476061442578796
48.22240707610396
39.2501049523377
38.335158635675995
46.73228675322163
41.19376890654144
38.83764495405713
48.75130192463967
41.99263802143237
39.2501049523377
37.38050143933449
38.383265265458846
42.516303127851955
37.86091161287165
36.79296840851699
41.12358643416151
40.83355222763393
51.3297512320297
45.97509586817077
43.965826562509456
44.68915897514682
49.17660910280773
38.646190686187886
40.83355222763393
40.0966591298075
45.88576071575458
37.07857523473473
36.75028085950303
40.02940496638982
39.12261979058835
42.74423101615323
49.536204958060395
41.15754086154861
38.30492375980934
51.25746150379906
38.26245748417077
38.755234104384115
42.74423101615323
36.433294272289295
41.44552669899931
36.56212680345522
38.570457666569254
39.14997449001304
37.37769363538009
42.84300588729124
39.25700019215746
46.8756977047043
38.2604672844815
45.211259085531374
51.65755037110869
40.59752098755843
42.84300588729124
40.92480409050648
36.61320558276252
36.579642201460594
46.001436625756334
38.45263559982904
39.732696773150685
42.84300588729124
36.38755610989193
40.99020535256401
36.31519583931157
36.6782106380788
36.60124865986698
38.754324780108455
40.60119202170096
41.27810574095707
36.68686582319114
37.66273857024509
42.01135372208069
36.29403776187629
37.09238532713679
36.44141081404318
48.55940027612519
41.082518916231976
37.50048633212639
47.07198443993239
38.93106246781396
36.73783531368308
36.44141081404318
36.90811462278865
40.162246181375274
36.99134821844454
36.86210824689368
41.53414652414401
36.82682344441192
36.44141081404318
36.378192527426684
38.99915492227312
36.31348512804355
36.209809272546906
37.78425816939153
36.56552002318607
37.41128852170824
38.98032971194842
39.856603356608446
36.28847435443811
40.46514184414182
39.12229534528907
36.130715995911146
36.90566377833057
38.37518498470246
52.98052714483629
39.891080343840095
38.68631842082674
53.03216568188745
38.33817556715021
36.90566377833057
42.39051318095877
36.7955678776679
36.87094020425579
42.21071585865978
36.06985220431588
36.473375492596034
37.96801820624427
47.62157226123086
40.97530002637791
42.57454465390254
44.52249121302227
38.3173922700685
37.81841645382824
37.96801820624427
42.63723931237833
36.82140177939389
36.30638288467729
39.15946607818975
39.31943149978341
35.92340487362897
36.98880740373889
46.26906463216672
42.75866302492169
41.70919900131533
49.47389029720402
44.2638420228961
41.36253232798951
36.98880740373889
40.999938871379584
37.23255730262444
35.955695021670245
42.91259350224257
38.49594209662815
36.27661756883328
36.98880740373889
37.091535562660326
37.600773732811234
36.37926464786075
38.699426207026185
36.140017362967455
37.16532205168606
36.98880740373889
36.463454220639264
36.00571530027535
36.763805372135494
35.920014062395126
35.85578160326482
36.121001791231365
35.89923616095241
36.1069309460737
37.60250647678727
38.32014168013707
35.725864552517955
37.524145361676524
37.501244118106726
35.46519293790281
36.19287080630529
45.569753820059475
40.11509061029795
43.11723444734536
46.961461672283356
37.296019650770404
43.4190744630667
36.19287080630529
45.627066408405554
35.78010863310637
38.4358073593605
45.00879874693148
35.70566044513139
35.91520487727131
36.19287080630529
36.2367004145819
36.293026612870925
36.30039755415914
35.287342648812185
38.037568617176234
37.44690992161097
36.316953552799625
40.841411682421786
39.08074940310934
40.18016697636663
42.02639795246574
38.27314459724454
39.62394737202422
36.316953552799625
37.75333732221131
35.555132675236806
35.87521877742818
37.37613185451761
35.34317963295975
36.30541481246655
36.316953552799625
36.18391675463892
35.4488256004479
35.57765617086995
35.7609567908938
35.657463495947866
35.322904551348614
36.316953552799625
35.33641537574008
35.44349209062159
35.42425210165585
35.238249343963666
35.230885631446874
35.75726523837474
35.26414443971152
35.39202545914062
36.28636286446942
35.22432421257275
35.22786737108067
36.41683546539909
35.23745118800862
35.71904980242885
36.14503491950884
36.002868538795404
38.830687643669684
35.74079673024382
36.45222347794046
37.89837714786728
35.71904980242885
36.615246331969
35.419197486490084
35.348903479002374
37.36681428170187
35.324747199345595
35.23490521213211
35.71904980242885
35.176030960374106
35.37446959849238
35.42487533815988
35.27262924213013
35.26489430546828
35.64934534831779
35.180673727486
35.573003093225495
35.390300405217985
36.4716140750207
36.147699515123605
35.189814736781685
35.82925819977453
35.180673727486
35.5456856077681
35.13228542937848
35.258056258929756
36.05883828458119
35.21976802288879
35.23508409487293
35.500800783499415
35.537547014638356
36.265021281409936
35.29360692430146
36.57601639525953
35.516384507464544
35.541359719568916
35.500800783499415
35.3246678445113
35.43250263277689
35.16798648123258
35.92491224271608
35.21360611821079
35.47742431765849
35.500800783499415
35.157047616771266
35.50292636581412
35.1466343260315
35.50663917411718
35.20134400961919
35.15222600738538
35.500800783499415
35.12897027062393
35.173941916685976
35.15444279672886
35.35779707390715
35.13232698024573
35.111575770913824
35.07250180314327
35.12994448961172
35.17676685882088
35.47692632443346
35.22545347623216
35.195549712139666
36.095856597173196
35.251139062201446
35.12994448961172
35.291534880038114
35.12051711687123
35.28429391195593
35.15643015015426
35.12095026357662
35.48090692253849
35.12994448961172
35.09012696817444
35.20410813248949
35.0995552062197
35.086951389407844
35.156001982251894
35.08691522738198
35.12994448961172
35.10039162902822
35.08007803664193
35.08265166667144
35.07406507950982
35.08781393958201
35.10579727546364
35.12994448961172
35.077089109223614
35.0877963501648
35.0793634447045
35.087289096558756
35.07241305562246
35.073572946442646
35.10481359990425
35.093035465238515
35.080492215494075
35.0847615377729
35.12054629533604
35.06926044278576
35.080535924810604
35.093367765462055
35.12544993152961
35.105677431840014
35.125661844940836
35.09523809328051
35.109379508327514
35.13532356326809
35.093367765462055
35.10599651548392
35.07516195734671
35.072303767826824
35.076165369261886
35.08712616859988
35.08402263249934
35.093367765462055
35.094697184280626
35.07177844870414
35.07007736963256
35.07231838059204
35.06817642569536
35.06844357014248
35.075862429231634
35.075927126690736
35.0771496302748
35.08816253060698
35.07786396063775
35.07788584954655
35.10880581082067
35.075862429231634
35.0861308116942
35.072144700760454
35.07413252728015
35.07273847305343
35.072944666363256
35.07631159507962
35.075862429231634
35.073880102437116
35.07365618512045
35.06811434759079
35.069486168274835
35.07917626178
35.07207623345716
35.06799014626442
35.06774156313249
35.11980048263736
35.07465208980491
35.081327675633204
35.21829767393041
35.17003666141717
35.144301882189524
35.09044647009033
35.11980048263736
35.137779685683526
35.07728102608616
35.0829184080049
35.06196817734835
35.058201833710136
35.16893150226179
35.0476641310261
35.07200826220452
35.12271176145843
35.10920143908651
35.31203305049833
35.068315361329105
35.17376902442437
35.62229172650565
35.07200826220452
35.074522456642335
35.13192081768457
35.15478646289533
35.06291194085984
35.17225856264814
35.10098215762608
35.07200826220452
35.05856474119811
35.10547957959356
35.05263356581587
35.04619731705307
35.0965588337214
35.04930811756275
35.12390294709123
35.20248994056082
35.1881644475963
35.05039339665914
35.108573877832406
35.09188959730946
35.05841078567637
35.12390294709123
35.06346950404757
35.054598812198506
35.09045792347001
35.077920273472365
35.044680113763484
35.175222534523485
35.085961471841046
35.21718373192028
35.161825716398525
35.07614127618405
35.10353539312979
35.07690286482061
35.11063859128937
35.085961471841046
35.07484267611696
35.05076082127011
35.09493094033681
35.1407498492361
35.06202668115326
35.05416004238077
35.085961471841046
35.05257650020115
35.06244395639487
35.05646553579682
35.04371337239742
35.107144714985736
35.038203682675785
35.039018954918404
35.07159864425778
35.038331815515185
35.06988260023346
35.11808865877044
35.052201584159164
35.112269849980436
35.039018954918404
35.04757257128495
35.0610210179856
35.04953592000752
35.05387001638925
35.09861074638726
35.05524597835325
35.039018954918404
35.045208213022846
35.041813523157025
35.04951279223776
35.04665965677071
35.04117310455383
35.06544021284621
35.039018954918404
35.04135515824675
35.04744040914816
35.03765525891055
35.04483448014891
35.04406121249628
35.03939480036142
35.04175342293027
35.04717799409746
35.042694591458414
35.04597559143222
35.0392455463126
35.05382637803741
35.057422528420354
35.04175342293027
35.041195506882715
35.039668812342555
35.04285930880358
35.04834431715495
35.03734989925461
35.03925235506693
35.037251843140574
35.03863784645345
35.040262223695
35.05932930713375
35.04862790383607
35.03424145401444
35.08514173647019
35.045647695497976
35.034219724098946
35.04693253025903
35.04980697717815
35.28367473093028
35.107586738217606
35.0711369118519
35.11439177697546
35.198594021641334
35.04693253025903
35.076777035909934
35.064292638972155
35.04873041549266
35.041536872860156
35.12898713298844
35.070204625053925
35.04693253025903
35.04286814478996
35.06661705842419
35.05794711795573
35.07497192819075
35.04011773922123
35.04115355136039
35.04693253025903
35.04695581829755
35.0571950042624
35.04922556923025
35.03517307117943
35.03682650886849
35.03329158622804
35.04343341063907
35.05894939939833
35.070025967433686
35.039782776442664
35.05290156725932
35.052291760549885
35.036891458684934
35.04343341063907
35.039354422531666
35.036559136822945
35.03715891330925
35.0414586433632
35.039445768887724
35.029987262234094
35.03591587763236
35.07787853192609
35.0575534812993
35.054314805278096
35.053663222709574
35.04093152464464
35.037813798035046
35.03591587763236
35.03168126468422
35.032850625586654
35.041145923166965
35.030627455949734
35.03150012498922
35.0547468817538
35.03591587763236
35.03124244516833
35.034264675241516
35.031498486613145
35.03096520400526
35.03716257200655
35.03095401007538
35.03591587763236
35.031953164698535
35.02977155999159
35.03089988089298
35.031354991604196
35.03020296328707
35.03081564581902
35.02934015193881
35.02847732156033
35.02675160371102
35.025264858425516
35.025997970155856
35.06544209869632
35.04151656217066
35.241541163367096
35.16181624451192
35.046751842717065
35.10179953973851
35.025997970155856
35.04981170196862
35.07929488544953
35.117009105347
35.032172659419864
35.03400164950486
35.05190309727919
35.025997970155856
35.03357840523619
35.0525186465691
35.021857394505155
35.06987407941733
35.02916865182405
35.04857683309916
35.03350044675285
35.07803797415468
35.034942216020006
35.02718207169233
35.13953288606991
35.02710293292048
35.0217281343354
35.02146954752512
35.02095210797848
35.02120522340223
35.24308698380388
35.82815718170344
35.275764209467226
35.431764959360656
35.303179406069646
35.526290539194186
35.02120522340223
35.17557304726067
35.07280204464132
35.182191344196646
35.34881221876594
35.002253314011526
35.10955612235278
34.9863226924881
35.01312521677559
36.498372316860184
35.27182191224363
35.37932483010279
35.56248658711789
35.0858452604121
35.64922702590375
35.01312521677559
35.05316916908097
35.30521604621946
35.104268115486214
35.00052801615878
35.75309468004172
35.07377967500346
35.01312521677559
35.03353204724484
35.01546166263272
35.40501654500027
35.08008765500672
34.99434429415665
35.20048643004088
35.01312521677559
34.98401659541871
35.071648219119915
35.01080329055125
35.00756878871516
35.04531769764298
35.00213148252379
35.02230921667261
35.23191715378534
35.10140806023924
34.990912535037744
35.15792425085201
35.05424760569092
35.02850230371006
35.02230921667261
35.03393758523747
34.9938824810193
34.98318311409333
34.97091628831321
35.038702826030566
35.055433309109695
35.25797579426227
35.09717371413052
35.10354467561314
34.970383515172195
34.98324337171007
35.381322245254985
34.99077640784528
35.042971374827225
35.30170404923476
35.085991702456084
35.068429424909105
35.79426244893652
35.234973965577275
35.02413481063204
35.042971374827225
35.09631682060694
35.382668985659215
35.11539272800126
35.219145211062454
35.12048901926793
35.228795443940584
35.042971374827225
35.03524346971598
34.97283209221158
35.03936644168388
35.08504516731523
34.996656704561026
35.10875346810822
35.042971374827225
34.982064108469814
34.99872415788771
35.04227231329982
34.98127067418042
34.98416740687782
35.0109908652633
35.042971374827225
34.976144250848066
34.982478411584076
34.982797694216785
34.98593833965959
34.96796216368302
34.95796942677634
35.00222885911432
35.01730021777491
34.98336267562321
34.969150282023136
35.10548659931199
34.96283320009347
34.96236997229852
35.00222885911432
34.97331178172934
34.964504177858956
35.00383298560107
34.99524314196964
34.95600292986486
34.978482509805595
34.954225136704935
34.95157052664566
34.94625861865194
34.93562404765979
34.91431185757352
34.87151506017797
34.785229995556925
34.79643777189648
46.42268373918818
43.45239675325995
40.82045831754314
44.364721079232574
43.26164893961524
40.36766942029086
34.79643777189648
36.886745125123774
40.37807154599402
38.00531022979641
36.534169312240124
38.85768815157219
38.32857833564003
34.79643777189648
37.01200139405083
35.45081640046036
35.57209876214574
35.86647374907406
35.95233599042328
35.0604106651411
34.79643777189648
34.924766990113866
35.26836243860705
35.52769092554165
34.82167637438413
34.9390565225008
35.07246480281109
34.79643777189648
34.6799482074907
34.83089722960861
34.728172000007284
34.89048420895865
34.739565366968414
34.84229052238432
35.495432538566554
35.939167627486064
34.74431376907881
35.480448640931314
34.81153310874903
34.918734709346815
34.91073956434423
35.495432538566554
34.77758694438789
34.77406225201809
35.11253514615354
34.76373360192446
35.031651178611106
34.73262269948348
35.495432538566554
34.754622214460944
34.72654490276478
34.723733446402974
34.69433976356105
34.724883045001555
34.776902876842826
35.495432538566554
34.688050506050445
34.71755694455807
34.687944004712925
34.68500627161725
34.728562215619384
34.71057143503182
35.495432538566554
34.68046849442155
34.685761080212195
34.66891005121714
34.6931921942685
34.68084794987838
34.69098644855171
34.69507877913604
34.69595553472934
34.74356609595972
34.667140475366985
34.706053794676315
34.68833172644962
34.6706798653622
34.66360203866153
34.65652802600519
34.64239144993306
34.6141641444798
36.21334476093441
34.936102493947295
37.89598238723519
40.99913401860784
35.44382724398484
37.10638454557828
40.65105636485272
36.21334476093441
36.17485898254123
36.39625816973171
34.74651153510359
36.999235399693674
37.01156173072536
34.71887053937606
36.21334476093441
36.832522180079444
34.716628531039795
35.4432528540175
36.254782805684556
34.51162448265245
34.74959605289707
34.41529956164433
34.34558381055974
34.924552250581705
42.27855350919609
48.64609636712018
46.30865869031542
40.076592397550925
48.65651272864187
43.92787536198182
34.924552250581705
41.766267521078895
34.71740550563297
37.18026694953967
42.53239777064803
34.503377180843835
35.55057891110804
34.924552250581705
35.35397756472145
37.114447150486306
35.52755543022001
35.164950660532355
38.15817444727526
36.38230839043131
34.924552250581705
34.7130326712499
36.986331903743256
34.55288647032202
34.400044332538606
36.040043812735874
34.80108623202101
34.924552250581705
35.1856919540326
34.3437455744641
34.26299504220764
34.45070027039663
34.347437457179026
34.47098844670591
34.218817819311994
35.14667360495619
36.34840830929795
36.11012953020029
35.40328622660168
36.68710404215863
35.26357067828483
36.44319546208756
35.14667360495619
34.70869054827325
34.33569917609482
34.756397903154365
35.51516860066675
35.135825900688914
35.34277894034435
35.14667360495619
34.50255326627518
34.67563092452729
34.31037917321947
35.1950833594404
34.19951049784862
34.21423874251374
34.43280834041012
34.158160369063474
35.98533491876583
34.2390725065966
34.24095610841319
36.1077692814869
34.246577049319896
34.07574652592427
34.121698929652446
39.73573532663789
36.35971966973438
35.524861064165805
38.83532171640705
37.0688301435153
37.236263999246894
34.121698929652446
37.89644232845204
34.098057762234205
34.31866784506494
36.823614535129884
34.47092849249201
34.98707427526543
34.121698929652446
34.0708227546346
34.21115273262234
35.322159768317654
34.10024107758353
33.94042023082493
36.25938533175844
33.81916703697853
33.701222816230974
33.90869371865598
34.94279851352476
41.556779510169754
45.91251055645663
34.684110861242665
40.801525750059085
45.383037209975605
33.90869371865598
37.16507928317015
37.30315205774452
37.94569662020761
38.27574815761321
36.53391741316655
37.79108675717878
33.90869371865598
35.181480202257596
33.81650156703485
35.64642761906007
35.94233920542062
34.13622319418019
36.286052966942634
33.90869371865598
34.03188446438431
33.77406893503812
34.76299402382405
34.82257549499728
33.691859809964654
34.12465846409125
33.76479219719872
36.6270364476432
35.303103187421435
34.32942941711254
36.83412385326145
35.368972426389625
34.22769000226827
33.76479219719872
34.13858143889473
33.8445470697071
35.262426444748804
33.97541182787318
33.539167982846664
35.22742464002804
33.85542194742767
33.809610706304525
36.10468374734339
35.70583348241849
33.3396140525383
35.521215965443034
35.055463317687895
34.50540416970681
39.33676308662877
37.644072372694204
34.61200435645147
39.99235210801366
37.93915345341861
34.07369634694911
34.50540416970681
36.408898315930394
35.024323927771334
33.60140407225705
36.0454679601723
35.44219389411618
33.76014059625666
34.50540416970681
34.103002291956685
33.940862364142085
34.775822804981246
34.21510748424283
34.195209954876695
34.32408012843167
34.50540416970681
33.902922480898084
33.394470999303756
33.39794861031013
34.187093022087815
33.44272660931623
33.36804869224578
34.50540416970681
33.37628172268775
33.36656834285164
33.38337728304947
33.631049791139986
33.4224360335337
33.34954334321937
34.50540416970681
33.3379372040723
33.338484443811375
33.34956677297464
33.354077393937395
33.35381020882314
33.46464578705339
33.36788827451517
33.379475121018196
33.39989699855425
33.41461349456662
33.38390442734154
33.59260223894211
33.36859808876534
33.36788827451517
33.393357334361475
33.366415433667676
33.33628871294321
33.35214423346545
33.38463272020408
33.351205800487925
33.35856730524132
33.373006694916945
33.37158501709124
33.3147024326882
33.6996397353318
33.47333695795399
33.35787475770524
33.29838337420585
33.7929187662906
34.895113620228955
34.334199146297216
33.76424640098509
35.18509928535927
34.17762721315766
33.7936862247077
33.7929187662906
33.30924688024118
33.91854283093537
33.982724204878316
33.45732412757274
33.688097354803126
33.76415560670957
33.7929187662906
33.426793357345524
33.495814532585456
33.325675726781775
33.70601935436033
33.37650871365243
33.450879536393174
33.7929187662906
33.38460560121534
33.389455778368045
33.30406971384102
33.57221373879195
33.29025725140744
33.29745110667713
33.327716688554986
33.32084254515565
33.34736976887078
33.73933073836096
33.32708693497503
33.27585740460678
33.64281936317513
33.3971930839297
33.78314192755079
34.16274923529646
33.30380095074072
33.54204966471551
33.90230121826417
33.33058332596976
33.3971930839297
33.30465127855365
33.34820244562582
33.89878666305712
33.49751661725535
33.25634416148014
33.68084208040472
33.238402458238696
33.29172400182482
33.42099224728594
35.17894029012462
34.594462189705844
33.62880419257839
34.92975569074873
34.48292904307469
33.29172400182482
33.84706231968496
33.38927661660468
33.517105637772154
33.74779123617175
33.58914430255641
33.47572862705909
33.29172400182482
33.239253993604244
33.26017574596819
33.64775056991121
33.237555940982105
33.26036705220776
33.53750647535106
33.23587796030932
33.35580742536746
34.76273509320886
33.895682661664395
33.65742390578492
34.31341574300379
34.411026638139184
33.42502508251505
33.35580742536746
33.35793153995942
33.50125413469442
33.768030400867424
33.636808899765114
33.236655593077266
34.164960810070674
33.35580742536746
33.680446655900944
33.277191380576554
33.48054289637025
33.288866691833036
33.43601378426453
33.234441779417985
33.78231263286007
34.053890239350224
33.56353157519267
33.49161076007041
33.92870118159333
33.372166708572806
33.26087503894284
33.78231263286007
33.32045965499361
33.339830891925814
33.28223914932314
33.4856833798984
33.235827365058185
33.51787754617316
33.78231263286007
33.21015398387756
33.29418080606128
33.21131365227806
33.30082437242414
33.21840243207053
33.25757024184665
33.44203399212953
33.31403950532045
33.249620591382666
33.53451758664147
33.433902296767556
33.233439590506286
33.32528593787171
33.44203399212953
33.26571662459589
33.24398856424427
33.23066469607295
33.22255850711415
33.23141948901926
33.23268490052104
33.44203399212953
33.225052976687
33.21925207136841
33.24751427422728
33.21140887024769
33.21367284813116
33.2316852356436
33.44203399212953
33.21602744332983
33.217560512702015
33.2060878043791
33.21487218136109
33.21921734532299
33.2142201059419
33.19809080514983
33.197851575048915
33.19737237380423
33.206967510756584
34.2468366295734
33.25448026066285
33.31986200214359
34.584696138181805
33.1402661397061
33.459503239128935
33.06607111270722
33.31008760238305
35.55808172405058
35.44811971466516
34.94463001351618
35.39260593071294
35.14631502391775
35.168934924973
33.31008760238305
33.984019485323614
34.82429000662255
33.37598068503226
34.23886198393238
34.75935724262406
33.35846667391353
33.31008760238305
33.62927344953804
33.16958892536303
33.477725738638114
33.788515624461446
33.116950900697354
33.61520770920901
33.31008760238305
33.41783199806256
33.31033629520276
33.09981738945352
33.25778488844487
33.15290279481272
33.20420786296434
33.31008760238305
33.11601551110828
33.095742472818316
33.347915843793274
33.07383010372438
33.21092566905084
33.18511677440053
33.31008760238305
33.045781013886725
33.06239970387526
33.064199792495145
33.10381292808627
33.17715827674852
33.155961949554396
33.08522567492254
33.20168024282524
33.06319958612843
33.08499311973837
33.27957021098901
33.06998822320905
33.10577183818116
33.08522567492254
33.058087318802926
33.06177336762378
33.08834524671386
33.04095246832652
33.05817230105243
33.13956152080213
33.07302308629262
33.0658379759814
33.06283610354526
33.24720823385951
33.08610826758775
33.12907530390531
33.3538977840796
33.07302308629262
33.095011506272925
33.10684802971931
33.04787294166242
33.19645524780305
33.054019996584756
33.06816817720708
33.07302308629262
33.12662696152457
33.04023396186294
33.07000744577385
33.06704618792165
33.052689352872235
33.04288434957773
33.053751849135026
33.075726668226174
33.06617624251306
33.10203308586181
33.12238050542905
33.0481338995687
33.07072238880856
33.053751849135026
33.04400713204161
33.05905840015058
33.05634247260692
33.03715509623663
33.083839214958914
33.066385372467614
33.04307764550444
33.156253334937304
33.08373339732316
33.07978480796684
33.086935552645265
33.05236607702108
33.050800750375956
33.04307764550444
33.05379152129035
33.05719113075756
33.10077070380001
33.04526611925847
33.07925634972276
33.05930367331947
33.04307764550444
33.06081574945867
33.044096420845314
33.05044170897296
33.047008872571006
33.05076625265963
33.04186161143096
33.04307764550444
33.041726446287804
33.04078541090581
33.03894012743701
33.04694056025023
33.038139991025936
33.03886176758403
33.04307764550444
33.03857038425839
33.03664062029058
33.03953795343032
33.03901848216297
33.03772727075325
33.04210310478105
33.036176666569986
33.03937922555949
33.04699809012791
33.037664086988684
33.039530403768836
33.06602568880148
33.039095627944555
33.03675186450039
33.03937922555949
33.04077797270038
33.042035030122996
33.0408008255382
33.04728474454421
33.03838303208284
33.04959904193637
33.03937922555949
33.04025630566871
33.03939257962231
33.037220183145934
33.038013091394234
33.03748678113928
33.037827403080264
33.03937922555949
33.03699352046008
33.03947943171303
33.03608080502876
33.03783293885991
33.03773984291586
33.036272527832544
33.03664008779506
33.04201735457056
33.03773633893594
33.04148337652519
33.03839851774023
33.0392321484766
33.03812668077565
33.03664008779506
33.036485446011966
33.036681431904896
33.03783235812371
33.03622615954786
33.03710393159487
33.040211475938946
33.03664008779506
33.03634154758238
33.03610302276821
33.03681367287797
33.03646538607797
33.03613379903661
33.03661048241894
33.03664008779506
33.03624256575231
33.036113828698184
33.036409163289235
33.03627586499667
33.03616128178259
33.0364455315886
33.03664008779506
33.036102268238494
33.03604476068933
33.03622374105294
33.03605934182135
33.03614057794571
33.03616212288629
33.03622532506289
33.03631102996784
33.03615516265376
33.036337559592766
33.036395117999646
33.03614788366998
33.03660095308761
33.03622532506289
33.036052951027095
33.03622118750152
33.03607696132979
33.03609752514176
33.0363324045996
33.036012560049066
33.035983573973496
33.03593362981604
33.03583374161076
33.03629161839676
33.03876380945165
33.03878751484239
33.036720960632266
33.044317575707765
33.03723221753925
33.037994636001486
33.03629161839676
33.03648670617724
33.036289732344756
33.04015065140782
33.03740517339552
33.035969963341884
33.037451534436634
33.03629161839676
33.03651675451506
33.036469812109594
33.03614121051588
33.037406176777395
33.03610871918105
33.03645777854992
33.03629161839676
33.035970644605584
33.03667862782669
33.03581371916111
33.03601665047779
33.03621338775954
33.035906171261594
33.0359461621131
33.036723971767955
33.036454313422595
33.0359350779772
33.03821146106213
33.03606222661735
33.03586733959572
33.0359461621131
33.03583887149111
33.036188012093874
33.03589302633177
33.03582144121264
33.03668299035281
33.03587901348721
33.0359461621131
33.035964212935205
33.035877427108
33.03580420098431
33.03605208841557
33.035825750425154
33.03582323734269
33.035866171600716
33.03577104454529
33.03692497878516
33.035945658125854
33.03586500341402
33.03622653355617
33.03587122712173
33.035913284088245
33.03596466793064
33.03649648091431
33.03664435243988
33.03578994826033
33.03787702204081
33.03599522999671
33.035913284088245
33.035903762410534
33.036098123564564
33.03585730056237
33.03576796895977
33.03678067893462
33.0358153475283
33.03581710971932
33.03642031744463
33.03587207930569
33.03601513497531
33.03749159160629
33.03590802439718
33.03584385163418
33.03581710971932
33.03607476338539
33.035834955421066
33.03585001548962
33.03651798747018
33.03589068046581
33.03582340856674
33.03581710971932
33.035927547575135
33.03577220520745
33.03578042467359
33.03608793397829
33.03576373271237
33.035806896833556
33.03577087182069
33.03584458829767
33.035860886183585
33.03621047252117
33.03575191847838
33.03591770694785
33.03692862628083
33.03600150849412
33.037539900019745
33.03659023175827
33.03616319539083
33.0363345744225
33.03593177778978
33.03584099236388
33.03600150849412
33.03599244136122
33.03651025883706
33.03571742865861
33.03670152470464
33.035966439909465
33.035905803113245
33.035786531664804
33.03630514661464
33.036702872473974
33.0364029218936
33.03596054059232
33.03606061926706
33.03743671427495
33.035786531664804
33.03604473426445
33.03590201046987
33.035863713408055
33.03651367775315
33.03579315762196
33.03579456205301
33.035786531664804
33.03584555251492
33.03580736769998
33.03575476673935
33.0359556823172
33.03577888287914
33.035777294914574
33.035786531664804
33.03571993454954
33.03577661847041
33.035768512593485
33.03573764875792
33.03577746360978
33.03573800241681
33.035786531664804
33.03575144494972
33.03572387202862
33.03571404193903
33.03574314491332
33.03575376754456
33.035720815378944
33.03570726849893
33.03571379297886
33.03592558599644
33.035959311919875
33.035739024763245
33.03583099361782
33.03582353866457
33.035703507768005
33.03572592429617
33.03591306737631
33.03592936627819
33.035802186427304
33.03615806040691
33.03629947340649
33.035842366874135
33.03572592429617
33.03586296874987
33.03579161391245
33.03575695129683
33.0360743717388
33.03577646327011
33.03571625861695
33.03572592429617
33.035806039718985
33.03570784875599
33.035727215745986
33.035898661673556
33.03572815504912
33.03567979979018
33.035732004994884
33.035853288460906
33.035959229287826
33.035734791593576
33.03616856278922
33.03580602634483
33.035807454230344
33.035732004994884
33.035731532423384
33.035770407512736
33.035765258832626
33.03570978376103
33.03571909377276
33.03587294121944
33.035732004994884
33.03572863022374
33.03569774398005
33.03571080340476
33.03570678987272
33.0356904451732
33.035727580923705
33.035732004994884
33.03567464316234
33.03567450417945
33.03569370193653
33.035684956417164
33.035685095400645
33.03569795099917
33.035701208607215
33.03570623890052
33.03573819831427
33.035676376987
33.0357536075692
33.03570164485157
33.03567881611924
33.035701208607215
33.035695850592546
33.03569526602877
33.03568807413808
33.0356864764701
33.035684766448796
33.03569794459575
33.035701208607215
33.0356800339105
33.0356821514647
33.03567779208608
33.03567972105206
33.035681768912816
33.035671829944604
33.035686350844024
33.03567424697053
33.03568155008524
33.03569976721148
33.03566974876561
33.03569988966305
33.03575234373635
33.03566753165221
33.03566480619113
33.03565935526342
33.03564845339173
33.035626649576756
33.03558304166447
33.03549582471105
33.0353213862845
33.0349724913522
33.03427462918018
33.03287861558587
33.03008543135036
33.024494434231066
33.01329392178535
32.99081879510214
32.94557190264642
32.95043874389
37.554859143804016
37.194267302884654
38.07912709913
37.63658434804826
37.59037860867145
37.636634621813165
32.95043874389
33.1585537400466
36.71968171028422
34.07556090198083
33.21600974496405
36.615737373117994
33.86836417721724
32.95043874389
34.27934030058936
33.56707416542079
34.185149083393526
34.2051003607009
33.59808333463483
34.097001221545
32.95043874389
33.33838247602918
33.58834865673086
33.76579449684475
33.384705397979936
33.55066695599824
33.70908546032805
32.95043874389
33.242529822856575
33.11435290169654
32.99271191853694
33.24454564139558
33.133544422811426
33.00560132588941
32.95043874389
32.93730088305114
33.08359696158056
32.94485166630015
32.953841624628375
33.09552878503471
32.96952633688718
32.921699110767676
32.89856968610884
32.85368742814705
32.8965182507223
33.13382484881745
36.85460905819512
34.36019201830418
33.151191275727825
36.640996319331435
34.24425624231183
32.8965182507223
34.4710599803056
34.14062511828632
33.19134876823901
34.64837626525637
34.14973242901488
33.22786957701084
32.8965182507223
33.45846538246295
33.457443003706146
32.87538800236499
33.54617721220812
33.40802518176265
32.86821907821624
32.8965182507223
33.14642608768679
33.0694866988147
32.862502480827516
33.21340390225342
33.00463652952103
32.871519777437925
32.8965182507223
32.969149473388654
32.98014043365559
32.89065858999192
32.93043362105722
32.924849283045404
32.91224604646785
32.8965182507223
32.89556078006171
32.85762664923719
32.89009759996143
32.90661000607518
32.86023094158087
32.906737491185794
32.8965182507223
32.87323975470959
32.86528360263515
32.864832954268564
32.87023836645377
32.86801550473492
32.86871492769653
32.8965182507223
32.8649055616836
32.85843992000033
32.853619011903206
32.863199860648095
32.85807492905105
32.853755840064736
32.85511377111481
32.85311674552854
32.86591609148728
32.870560252546156
32.85426787968801
32.86971030597059
32.875852191134996
32.8521122355386
32.856398482289755
32.865005448701666
32.96081765195475
33.04927904247463
32.85947216953354
33.04854834011536
32.95550545463479
32.856398482289755
32.902068339965496
32.91735949466352
32.85356118497655
32.93644453730395
32.88733993244597
32.85479310436951
32.856398482289755
32.86117866932801
32.865912512117525
32.89063882557591
32.861286213328896
32.86883154590817
32.8765507703617
32.856398482289755
32.85678659668971
32.870001002872186
32.855069289166536
32.85759286034561
32.86679006325419
32.85343187064451
32.856398482289755
32.8559314259554
32.851558738040296
32.854897961954265
32.85643965426345
32.852665732888056
32.85399157346829
32.853682860050974
32.85467910483306
32.85616773534878
32.86325770408695
32.85342114892449
32.85749446065685
32.8605757369628
32.853682860050974
32.85417734248724
32.85568417387886
32.857173073912804
32.85464401087755
32.85493386606755
32.855627863238176
32.853682860050974
32.85506345991318
32.852282335023254
32.85201897649304
32.854282543334676
32.852132268560595
32.85206205147718
32.853682860050974
32.85167104444781
32.85350837932521
32.85259358224659
32.85181757721479
32.85308884008379
32.85265623442932
32.853682860050974
32.85168906299761
32.851500085501435
32.85227074069458
32.85161046437356
32.85162107859931
32.85232430905423
32.851727369309216
32.85207700502965
32.85223535072114
32.85368197765298
32.85186206301377
32.85213244842643
32.85311240012469
32.851727369309216
32.8523432637689
32.85191987998173
32.85177202029977
32.85211831733212
32.852026928417494
32.85166277883743
32.851727369309216
32.851888129472876
32.851585639478586
32.85164443944765
32.85201332496257
32.85156206722705
32.85158601922975
32.851727369309216
32.85166913760342
32.85156123608477
32.85157722400973
32.85162684150834
32.851582267977605
32.851619778457035
32.851727369309216
32.851603826298145
32.85156585887739
32.85151846320063
32.85157755152601
32.851597188128
32.851505407051654
32.851727369309216
32.85150803760142
32.851509017879046
32.85155498563311
32.851512183688776
32.85151717591253
32.85153691558286
32.851727369309216
32.851514901426576
32.85151657464781
32.85151778671481
32.85150673418756
32.85152582031406
32.85150857040125
32.851727369309216
32.851506853518124
32.85150688610423
32.85150943116237
32.85150105626638
32.851513487831845
32.85150285910845
32.851727369309216
32.85150108682908
32.85149821306716
32.85150179656395
32.85149908417243
32.851501957935
32.85150740742309
32.85150088952982
32.85150277884351
32.851497956870745
32.85151396670891
32.85150384103976
32.85149858851744
32.85150943345731
32.85149808099538
32.85152039102855
32.85151035823945
32.85149864890734
32.85151523982264
32.85151518578724
32.851500386489825
32.85149808099538
32.851511229972694
32.85150277597172
32.85150632583925
32.851507486968444
32.851504164685345
32.85150493889677
32.85149808099538
32.85150565197073
32.85150144888168
32.85149955864746
32.85150399534223
32.85150275870211
32.851498953307825
32.85149808099538
32.85149840358054
32.851500930787424
32.851499958286816
32.85149827591931
32.851501683829774
32.85149940904221
32.85149808099538
32.85149937106493
32.85149845757888
32.851498429062815
32.85149910703788
32.851498417480876
32.85149856222239
32.85149808099538
32.85149850378897
32.851498192335804
32.85149848460404
32.85149845896134
32.85149826445046
32.85149840891689
