1.83949243345391e7
Inf
Inf
1.840670434615985e7
1.4305652619413996e7
1.4588153702005971e7
6.56839755016117e6
3.091627218701349e6
Inf
Inf
Inf
1.7284811242072012e7
1.3760013908612193e6
6.486147110266159e7
566841.8411153979
Inf
Inf
9.502189410232117e6
Inf
Inf
Inf
Inf
Inf
Inf
6.486147110266159e7
Inf
Inf
Inf
Inf
Inf
1.1716130954058431e7
1.970824980472373e6
Inf
4.647061019537793e6
Inf
1.3147605127607589e6
Inf
5.232077404727354e6
192891.8424880128
419268.55141856795
898758.0051667633
1.1526602650497466e7
3.431590520749606e6
1.2409672335226326e6
1.6989953981537808e7
1.0119190504865285e7
6.83701217616214e6
4.511623224563233e6
5.9078798983816035e7
7.751056831874464e6
1.2409672335226326e6
629019.6007123323
854241.0992504102
43663.050619019836
2.228769174963906e6
1.3483675456397324e6
459729.52369541395
398085.8627359783
4.884426932949292e6
1.5202772591051761e7
398085.8627359783
6.199133079496931e6
1.9852866028449244e6
459729.52369541395
398085.8627359783
1.089515752883132e6
77250.59060506389
795731.6237397327
1.7468688261569522e6
192891.8424880128
1.3147605127607589e6
398085.8627359783
211032.53628028775
551633.6286627301
32254.144735730442
314478.94284950965
222957.09202582054
100187.69017184715
193033.66766758772
2.5185971686948095e6
562380.1160700438
821897.3880781832
1.982880725019481e6
1.6316758596956665e6
1.1446415319531497e6
193033.66766758772
376431.21374834847
43663.050619019836
347257.29404742614
415031.71522180684
77250.59060506389
181607.5468053245
193033.66766758772
349481.46099560097
70946.82218001288
46885.60461094921
279990.03384696005
19559.713703220743
31676.235127546224
46138.28884505993
419511.45846781606
23759.957741730603
349481.46099560097
279990.03384696005
79410.47696577715
111955.38779350594
46138.28884505993
167372.51075614983
28371.710195766278
79689.77524869036
81545.94677059489
113473.34930470325
29108.957031921298
46138.28884505993
57636.83130921296
51539.27502270293
27945.48001125497
22756.475153999072
13087.58873887428
15160.112573869299
62231.065833678564
67706.05053954135
62231.065833678564
24682.715698893793
116124.08079844197
51539.27502270293
16934.317886049994
62231.065833678564
48973.131521164694
9279.310152997605
13678.985746932573
30689.26753167252
26323.366992187166
23696.1199607466
26551.1251289684
96760.96153436674
51775.58062238116
15387.133067712955
74211.62941153263
92530.36058365354
8083.0271984618785
18954.29373587437
33872.56235434732
126261.6782721695
313230.40932846884
54725.38252725101
211008.70826894726
306223.65691580594
18954.29373587437
96760.96153436674
129421.79935852904
37447.9668422233
96151.53475097021
167356.2742078782
33400.34949644219
18954.29373587437
34193.020127252115
17706.86634873881
10115.360124977095
34007.69539620762
10309.485796560208
7633.545299206351
10780.674259527315
74100.87693023175
44835.75782258772
51583.03129785171
54754.16306275314
50409.59205990954
59008.018759557184
10780.674259527315
10163.648155984545
17676.250412519126
30977.011713528816
9385.264987290688
17469.299215967923
21767.27048846105
10780.674259527315
11094.554465080693
9873.442823708132
9062.669598093888
15693.351332593696
8319.046694096536
8450.063188256723
10780.674259527315
7593.141146010046
8939.030589443064
7839.237635479418
9891.159409346388
8588.750214465761
8196.603747896588
14153.722268737585
12410.56409193012
6149.898662026348
13882.411727295153
20311.531821880773
9731.325438547003
8756.791913654437
5156.790938822162
9634.804684721661
11866.330094590541
42450.67492656211
106102.67460977627
10657.355453320311
41219.74570507805
88950.67660841781
9634.804684721661
26134.204466207262
18611.327969008827
11666.739980720422
36824.08887615041
14287.802601922242
13852.993705649764
9634.804684721661
4411.7299329147545
9264.860303944482
9243.611258580433
6190.1209286554695
12375.523203614805
14387.102266874279
3791.6564894778294
6181.5593619305355
5431.438880855476
141899.05398433638
13285.585600619746
10269.226647111593
108951.50156800439
13822.516265216991
6181.5593619305355
19536.072561930392
7390.536743567971
39391.98388689421
14502.197030368032
7186.37077780357
24180.95920146164
6181.5593619305355
12535.330561726156
3534.2770512520406
4728.021906370193
8037.294709590153
7422.132715368497
4603.470447011225
11982.523966752995
23075.784745166042
9659.2373766498
2535.5185582971153
13168.50480180919
19902.531649012377
9404.768322718714
16378.722374491987
115301.30498565275
55692.201104777436
23056.19152231856
81562.60831163476
90739.46533530895
18647.846065930065
16378.722374491987
7339.830413599719
18989.441351898724
3876.428400817771
11999.43303440624
33476.221117562614
3047.7183718221363
16378.722374491987
8771.623580269421
2334.5148321014694
15048.263054340856
4608.235487993329
5086.616219218639
7312.620050429435
8806.880390796325
14086.437971760228
16674.292363120414
5406.026843342843
18055.026688726837
12882.275920923095
2009.5076982632822
11535.853120978692
55987.47342564037
27285.16219173183
189705.9241682769
38720.630072546075
13864.67187485837
127276.78623806732
11535.853120978692
21037.65298585815
14717.651057852026
9294.899280036585
10879.514847683333
29839.732222074705
18196.90632441038
11535.853120978692
17976.452179387077
1902.7334838677887
2005.0532434787822
8191.271198226495
5989.513718886372
2380.52997071225
12432.69282712587
1990.1271818669293
53179.37252118079
5027.047234042339
2846.8922282573517
40947.72824218169
1668.9470859648436
9020.35078298982
181588.54390452243
42922.793978068024
6380.625908128082
183200.13034873237
48062.50923697593
6419.85798700797
9020.35078298982
9373.888408339782
26888.16943401052
1610.9698427914004
11429.49312661421
19579.9866777175
5246.100271194769
12179.612149704004
71901.21931903034
4904.962895424929
39436.57838097448
60430.69121961906
3141.380290719508
60893.68591039917
12179.612149704004
2144.083751839351
21663.87000391904
9175.937277792673
4466.465335245047
33018.32594933718
12348.613341056576
12179.612149704004
3092.1637716146065
1123.5866176468426
12120.627812403023
1628.1611523037882
3440.3194444991805
7314.014796220041
4078.970930190033
20083.268494498672
29462.558761772572
5136.39015207662
22807.73531505708
28043.152229389947
8139.382197565269
4078.970930190033
1882.154004416934
9791.443477419143
2647.0157779887436
3131.310401255573
12198.102742212619
2295.6529590431874
4078.970930190033
2561.0113430800425
1632.1869273979958
1023.125854421324
3668.5142427527894
1102.931309816414
1442.796628529303
1503.4674663242415
2560.460284349319
5470.515285246895
1839.681772582048
1862.7032642375518
5811.387674776075
1600.1212706251047
1503.4674663242415
1404.0151423062046
2510.815484361044
1348.4329268737474
1371.4531033131127
2976.099560289691
1249.7961564893817
1503.4674663242415
1550.2095999442608
991.5168596556575
1146.2139119995009
1721.9891973042766
1142.5633907360484
1167.566817254019
1185.110591006808
934.8717754162845
2783.901408527486
2167.5900591477584
1163.175034769405
3684.7643194561924
1722.3264640347554
1158.188743980792
5260.083979191813
1432.7458208904031
2282.005907986005
7269.178483870796
1430.0232360104806
1617.7602783710786
1158.188743980792
1807.9559182371238
1050.8731263567058
819.7459628997284
2794.5250388836257
1445.448680670083
1155.3442333155465
922.6528023392481
1818.9051268331423
6847.842450769346
1367.1892706531974
1729.337883102698
6146.429854294164
1510.0762843677862
922.6528023392481
841.1928852842565
2889.167359605025
970.9433602081638
1168.6915835312345
3190.2063618335405
1087.6711865906123
922.6528023392481
964.6730248959373
1078.7078949646898
864.8763390617816
1137.1307672044386
1016.0288215171006
791.9532464225712
790.2869728129515
1016.595727408252
1036.8069495151553
11898.932003345542
1781.1785489573172
1584.6423492081287
10907.677331969382
1245.6991198395954
1016.595727408252
2598.3304460880786
989.8205244469835
730.0787464309961
2387.9678057722804
911.1122298120918
1117.8962642938686
1393.8750674419136
3970.100765864569
1145.7074068011066
1565.442416868873
6441.09228516003
1792.8612639145474
2529.0189316409264
1393.8750674419136
1407.5834322623978
1472.297231194513
676.189614552555
2748.465319114066
881.4244012245247
950.7327532057714
1063.5844125064607
6625.192152231393
3265.4747961075554
2446.742657152722
5293.107987509954
2812.6260573824657
2037.5092768354966
1063.5844125064607
2573.3269340764896
1109.4914838018367
792.2197600643859
1884.256814825305
933.8852607779248
801.6339815194899
1063.5844125064607
1165.6148193678946
690.8973473667903
885.3591428837249
882.3250663544168
947.7582057027769
788.6380966106432
1063.5844125064607
663.0343058234442
689.9941844100182
683.9194129167296
783.130380641296
681.4344274501673
810.4258662504977
917.7373489008368
632.4072717402688
1041.0993300992864
1069.8561999333313
698.3157005426275
796.7106734068198
903.4133456154952
585.5327385281587
552.4841669409174
758.3966791183457
18198.33032023045
1314.7000556333498
10560.71871898034
12640.698619976847
4311.416216963188
15681.884855946979
758.3966791183457
11439.002028314982
591.0826308893223
924.5299978768767
17137.68175437774
584.7858419285818
2693.4860554988286
758.3966791183457
379.7819287830121
2111.947132473743
1789.8597261037219
988.6205792470538
726.9222832184869
734.0235733577541
779.5254785787416
6228.718208187462
2149.483190752418
4163.4166913798545
6346.181313145819
2311.7233357821733
4641.509712794917
779.5254785787416
1567.6672905416924
349.7169719466597
736.8477082695899
1542.825030833902
504.8467144409281
768.4189762042661
583.5437317514237
5236.578771093361
2050.9376557494616
2221.97093114308
4668.209380995419
2702.5499027244573
1867.02855054219
583.5437317514237
460.36290648122264
494.4885282113547
2842.6491235755334
522.6645205501388
454.09507739056676
3413.2605923568185
583.5437317514237
324.59754801446263
918.6212577664483
361.2418364831107
412.890077437465
722.5786872648339
384.03180065708887
387.0888935294351
682.9945362282685
567.6013047556181
2151.999467289842
619.6985365752063
769.3983737202792
1953.8196617362469
387.0888935294351
1002.6687804929401
386.31946518989054
312.2775287882495
1139.9909943571374
343.51727056629835
379.82191959215174
422.1497492221057
415.55147227658864
678.6414257175104
1649.6776433599148
333.31744975782317
973.0595954520293
1331.3550599291978
422.1497492221057
519.5210060671071
301.8472123596167
538.4305019679358
425.5162565762534
367.74329415091165
756.6233890577
410.7373240058244
2568.870304360976
466.80079251383324
465.5156210437896
2880.4015392807605
280.9197622402001
465.9017103965295
653.4777156039237
4427.550797821343
2442.0319663523596
1188.25760558825
2963.5701022913704
3467.186694998555
729.8187045437326
653.4777156039237
1744.0418522938937
405.9749938127661
771.5947702900182
1027.9659434621653
707.5836628827473
372.74759327415404
653.4777156039237
702.2700538298832
421.85174110671227
282.5608010549892
359.85737458004917
808.986396287936
285.7640806127035
653.4777156039237
509.68934288985105
263.98125983937894
258.41403275446606
281.9807183043519
310.12276048858996
314.8833795269174
247.56859216086795
361.1124829911554
290.6859274826211
2324.823780876448
399.7386076250092
338.64763228377683
2421.564242155023
548.8021801544339
361.1124829911554
389.57227197691657
277.60537980995383
681.2908542942063
402.58650401407783
275.11037062986236
800.5587191772509
361.1124829911554
255.6834900102465
345.2934279594377
239.5118111239616
255.97705371615592
312.566508631038
273.84403205097635
278.2526068418018
439.09837700530215
272.940924041488
397.1263561082014
357.14918299469804
342.80467422137156
451.9677470378313
278.2526068418018
265.0456068281077
296.7582702656026
246.64309730389294
313.99343598843245
262.75833541331673
247.68170930529925
278.2526068418018
265.4130911594793
234.07135212026773
241.41054728373527
243.13285154662015
251.59396069704212
250.2793266608812
242.97604732434812
257.7308938276962
259.072332375882
269.2011898182438
275.94385118651917
262.17808735181296
275.70636696838756
242.97604732434812
246.42709987977
238.64265873598282
240.14434358899985
252.36690036712727
240.18443557614884
232.8793166586283
245.1709830942846
379.36934936650766
237.61317271569555
225.95742346988317
335.34922049604256
237.1767997555095
241.24846261479945
216.32240324740314
212.99414459332374
263.5073261978665
679.0072791150673
1113.944780471699
5649.1681787820835
611.8972683145835
841.278496834376
4732.508054581745
263.5073261978665
1095.2647485915627
554.0606597872066
609.4869451857651
1551.4073664571906
362.7851446717539
465.69638143243765
263.5073261978665
310.4651711986476
808.855748110326
314.0319723486754
520.6732074221247
562.2952020432539
210.40241461662708
504.4955202688312
703.4416862643093
793.2982641908876
792.1009387878431
499.72938085541256
451.4541329497328
1235.4479770898588
504.4955202688312
335.4331609324263
185.81053271279447
862.7482222249349
492.1916988993423
268.4650203393886
521.0105944226673
235.40879269744158
296.99336567143155
390.07727545365094
3563.3270976399267
296.84530987084156
443.5878869006335
3490.2989087761157
235.40879269744158
210.0424902239997
496.21738567054535
360.08902461249386
235.30278317122026
488.9177925840844
357.3937516390472
235.40879269744158
197.57143826404402
292.44932688715807
198.2602589514347
197.99015613737603
290.17504621981203
184.88066968138
217.55475527835367
430.7799305651835
374.42853649693745
190.92077149517547
365.6916384616584
329.09590020496165
213.533528693005
217.55475527835367
193.0467667079473
192.65459368991696
305.53481907535917
221.15689945813304
186.9090126099848
351.6094731342323
217.55475527835367
204.47765753001377
195.37528161574173
183.27152179302664
190.4845343172725
186.77225578687916
194.25970773213487
203.4251078941961
259.72997484914106
193.72345671322964
193.45351100893745
236.02677211003098
188.7628861998727
210.5235908244237
203.4251078941961
182.00854120736307
220.66282185095048
182.6779628523974
186.48589505414427
204.2696979852604
186.06689513391743
185.31966300408516
231.23033591013493
188.57674907432053
233.78695144850613
233.7032774023725
181.68981031926072
235.50808525112362
199.74444033090563
213.54361587707422
607.885865029908
266.4047628785551
247.49799170903646
667.8368391230827
279.9739376022758
199.74444033090563
205.0847292536511
194.52611994717765
280.1292852339298
219.86534531018964
197.20083515837754
312.5806470437976
199.74444033090563
188.52262908182652
216.35805624095042
185.8569773544619
202.00068364476166
203.84193414491708
179.66077989600112
182.00568128397816
189.40939455780259
212.87203955451932
253.74571993378066
194.97924629762957
212.34160707875867
241.45530217618506
182.00568128397816
199.17569158525893
180.9326288329157
184.5040538807365
195.95170622004738
181.13683925939202
190.96703110071542
182.00568128397816
179.11201317528185
186.95935830013156
182.11289540664387
180.28745107900843
184.83590157408324
179.96685142605392
178.2479357804191
177.45183061381033
179.5740203928732
235.39896013720556
529.3419967135566
449.5696117705421
207.26783948915818
632.7324494109664
379.73902669429236
179.5740203928732
180.5562748775388
256.9047008057178
204.47530458927588
200.38042592184985
220.0055160115656
186.27455599473248
179.5740203928732
195.78268174028636
178.20070774676086
178.36291973856996
180.5641109840844
192.91030972518652
189.21590130294243
179.5740203928732
176.37569579208647
176.3724919708334
176.2996310065209
182.0165735037394
186.3343531351998
181.4295081637599
182.48456252056167
190.07840332531705
193.76798728427167
179.22647922333203
190.51348005183354
196.3437942900426
177.54475648805672
182.48456252056167
179.1864395919134
177.93687616813278
177.33046199804113
179.21397754770365
179.03131035831652
176.5808366677458
182.48456252056167
177.59007220674903
176.50681871034715
176.79157670913764
177.97298658372378
177.06198470680815
176.47306354441858
182.48456252056167
176.34194928388862
176.15555978078083
176.8043938002406
176.28499173075346
176.4966017206395
176.60456378513123
176.0260841183115
176.4015784541512
176.92546288634287
178.95536500060575
176.30058279735618
176.51332128379073
181.8620036648032
177.21367369924982
176.4015784541512
176.533285623317
176.2499645483647
176.15631369761604
178.0233495937258
175.82210508241678
176.73881685945508
175.474089558406
175.01950349015354
175.0896028223243
203.60475440253668
181.33205989166422
261.96033313195596
205.5633867492148
179.29398571968852
269.1912247198556
175.0896028223243
176.74378946631495
179.1902087551385
189.25810260517517
179.0327818288124
181.19243152585838
189.65717225700064
175.0896028223243
178.53917346626145
176.22019246002637
176.01205810949412
178.3745258610025
177.8957194385948
175.59384353718792
175.0896028223243
177.61723479772985
175.3151084300116
174.7864879157137
176.90645130855853
174.94259413738015
175.2796265529364
174.40162391887705
173.95548022103495
174.34889849655494
205.92267444330886
254.90648400193794
205.5633276752568
215.27715097204225
240.61542198341547
218.53905052575288
174.34889849655494
186.86825065123816
174.4061717393933
182.73994258882976
194.7270762465307
174.85377362468589
178.92137503662016
174.34889849655494
180.2429664146017
174.57127794109078
174.5124563071056
176.37293816875405
174.01166902698128
176.83043319134524
174.34889849655494
174.06723831088547
174.23608299981004
173.7946253106841
173.9359436367178
176.39117257485623
174.5200514084352
174.68485985712576
174.55459609382277
174.07847159292
183.61707214140824
175.49042887055336
174.28081488116229
183.16097338819762
174.68485985712576
174.03904224332825
175.23351744778097
174.0961716127854
173.78501120056126
174.86748071425546
174.12424928516302
174.46957704390545
181.20732311692427
174.45645690781154
175.32807997464008
177.9562313166872
177.05065519900705
173.94393885329168
174.46957704390545
173.70922166614722
174.91303935665977
175.22258747066414
174.97298215829693
173.91956954081297
173.83980056651103
176.8933432262912
173.65832907055733
180.2845481214676
174.0942652226844
175.09798122181547
177.36624759035624
173.8948681344513
177.56125387602413
189.519608251135
175.61075072550858
173.73363629834986
197.85685399777242
178.60753984069393
176.50633456754
177.56125387602413
175.17021692991506
180.45268848827905
174.70589719351352
178.4595440331553
176.77583919786022
178.49759279746615
177.56125387602413
173.49796938302046
173.73229188849916
173.73347063126977
175.1544305361544
173.71748429882624
175.49597869320155
177.18406709160053
174.5673558844827
175.97581799975003
177.1278582605109
173.6039246339858
174.7218070687119
180.6148554687847
177.18406709160053
173.61868634035096
174.27511666627163
174.21035633428488
175.0811106667837
173.48707998516215
173.59133324355992
175.76543250970676
182.260186080464
173.9760467491263
173.17864034631518
185.5899580947004
173.765274534059
174.10899275907911
173.50834780842578
184.20573173180222
173.5006844919366
192.9284568496727
183.98274545487598
174.00711709533837
194.68046122990145
173.50834780842578
177.2896191021296
175.36971224431852
174.41615655859482
176.72036654687886
175.91117309378942
174.56818106588253
173.50834780842578
173.39827774183382
174.34760236194833
173.5799171307617
173.49341624925358
174.09099457207503
173.8551137384681
173.50834780842578
173.4837709591085
173.22803081667303
173.24480025046395
173.35737263036842
173.36481787002703
173.2773447769504
173.50834780842578
173.20064229592722
173.2676508461001
173.29326429627577
173.21245743499648
173.20341659723314
173.20147825243896
173.50834780842578
173.20645466965343
173.1854121347279
173.18792532840374
173.16582769122098
173.19485289825943
173.17710416499438
173.18520130547967
173.20098161289613
173.18558861337723
173.2090990980258
173.25112050445045
173.1609901653218
173.1811619003284
173.19610076603038
173.27096728004585
173.26478762228237
173.35948717028464
173.15853648176565
173.38641050242182
173.35555088621328
173.47613638549723
173.46904381667935
173.63479720560764
174.11413096017094
174.01384858097825
173.4101516271049
173.53968779571707
173.47613638549723
173.1789857976852
173.63370028289165
173.47147295682774
173.38038895596134
173.332554919513
173.12689754532894
173.90763141488722
174.62265769931244
173.5581851863354
173.56260850592795
173.65291599224383
174.12315162455678
173.12915629826196
173.90763141488722
173.05340031623217
173.60148393107178
173.10114706061617
173.408952468766
173.19972575737359
173.1943325782202
173.53177525388236
173.11797385210866
173.41862859651937
174.55142619198887
173.10384078232067
173.33585903861228
174.00352509436297
173.53177525388236
173.11696840309585
173.19083465210645
173.0280286193647
173.33457246256927
173.31445173110535
173.1084727089006
173.06644657299842
175.94449482925054
172.94001940371032
173.48368201992932
175.74991439818936
173.12970592641383
173.31638357380126
172.80483469506626
172.696610548162
173.11928971734363
195.5402941131784
269.8980596516411
220.449311766822
204.89152997738975
251.7162336000997
236.55175645233874
173.11928971734363
206.0713046327667
172.3437012551491
174.57977067698337
195.47716545220476
173.46647002904376
178.3654179395948
172.8828340723074
186.52250740010516
275.4065089205597
205.00492799408016
186.56610391795311
265.91049863609277
199.3797781537337
172.8828340723074
174.16686143461155
217.5841808827906
175.8162355472173
174.9318862274409
224.61787364067797
175.79669942272994
172.8828340723074
177.30871123212867
172.33405104071227
173.23387257635625
179.6538603904182
172.82644524441312
172.4957906975738
173.733565611286
183.00759771480455
180.08315023662723
177.23712153629162
189.17786359629144
176.2212193159014
182.24072198543382
173.733565611286
173.62115923489688
172.60866305842322
174.00114264174374
176.68956219181297
174.33787626498918
176.67813135797172
173.733565611286
172.93929332531187
173.02330002577554
172.51958726864694
175.2435874516886
172.19207729640812
172.340170538832
173.55281902194315
172.45006106867004
180.84837356157604
172.46235138513578
172.1014186255594
181.33096575614806
172.61246773036308
172.42057404795221
185.06853905034353
176.4991989742511
176.9017930456929
186.5920304594992
176.09311387930717
176.6823964441924
172.42057404795221
177.95367644751764
172.60971408400115
172.59484461194444
178.8056432498377
172.3368505820934
172.69376119448938
172.42057404795221
172.0861080298555
172.08230165280466
174.54416514607442
172.26002704555788
172.16237603999085
174.07095098582505
172.1700562288855
172.10172113329114
173.67245111673907
176.16008339246446
172.51679932436625
173.93012362247123
176.17812414812218
172.1700562288855
172.58436286763245
172.4161600422257
172.66910426912787
172.72773026793246
172.54719801133186
172.83272116414236
172.1700562288855
172.2418002215648
172.06147503508285
172.3718471836206
172.26537153552954
172.13989152265927
172.26594509998702
172.13013847462972
173.06144506460865
172.10303680989233
172.79288084663716
172.78575141857988
172.16771498990695
173.31269889938346
172.13013847462972
172.53884570836783
172.16224315707768
172.20510704051725
172.3173214824912
172.2759104227656
172.04985227892774
172.42256021011076
172.7318917576585
172.02649144324494
173.98026074047098
172.4219988628351
172.2000910370993
174.81747314761384
172.35968548014233
172.49436408931865
175.38534361060948
174.38782744890767
172.14815191977698
175.5431812103377
174.5350801352023
172.35968548014233
173.14048574626344
172.539818500019
172.00795841865937
173.13721666398644
172.63975646051023
172.20667342396916
172.4561069100848
175.52696285084994
174.20214401458998
172.19620531443414
176.48540431457738
173.76029813123205
172.35994406999745
172.4561069100848
172.64580793320766
172.49753871124543
172.738232425786
172.2890970480892
172.28827185039893
173.15083261543714
172.4561069100848
172.5146777545064
172.04080130851233
172.02208049245354
172.23960429969003
172.01717330254004
172.02794774396958
172.4561069100848
172.13607187736432
172.04429136083212
172.00715251326386
172.0135955161619
172.00489765860294
172.0214507636813
172.09862374374578
172.00368630561076
172.00454041224387
172.3621785187689
172.04650469803855
172.0477830195862
172.40018934289716
172.12243319713218
172.1714174156155
173.2006311967471
172.21072282413843
172.22282558916066
172.9823397410841
172.4001685562141
172.12243319713218
172.16437079001764
172.2135970530367
172.02876698227143
172.2681295663557
172.1103751515459
172.0147922827096
172.12243319713218
172.12779240091987
172.03741512170342
172.0097308195446
172.0487091867347
172.01681138280856
172.0108366519875
172.12243319713218
172.01278614907665
172.02642156792882
171.99911087995002
172.03886860387107
171.99680298921896
172.01584123932273
172.0305923007337
172.00953927718447
172.02155125343165
172.04055371177597
171.99152930227845
172.05830640754502
172.05822102320798
172.00337126756855
172.26501841526135
172.0946298557626
172.06224604227222
172.2388943224026
172.09752544652335
172.01677406674787
172.00337126756855
172.14064706065375
171.99624064646716
171.98264625256203
172.12129415451196
172.00905065082202
172.00317739012547
171.97317340996165
171.98738775867642
172.1372011642211
171.97076481547947
173.97884998350034
172.04215234307208
172.12223570168845
173.8039704574059
172.40695885007298
173.36761178297905
176.3275256359525
172.4719072302535
174.4230617860675
178.36333596393663
172.15081256962623
172.40695885007298
172.45940005128315
171.91422684900851
174.24893731800987
172.07716160243496
172.08273797922334
175.72939491963245
171.96696151335505
172.2217192346382
178.9212545349044
175.07573219447872
172.67625401541443
178.0648515120906
175.54028218310074
171.96696151335505
172.88711290331906
172.14554790653787
172.28240584445211
172.63843357365752
172.4290987538466
172.09855827576865
171.96696151335505
171.93369878660826
171.885663169563
172.46517541749682
171.92185614518584
171.97697625881304
172.24963569883042
171.9310738414757
172.7929818610188
172.48030399359615
172.0133058188913
172.90123192050834
172.46922702087159
172.0279510696966
171.9310738414757
171.969760544596
171.899304537156
172.28925345378386
171.96807643755477
171.94086878862154
172.23762244368615
171.9310738414757
171.9598180473244
171.9083987169651
171.91408439492523
171.99044003541349
171.90813430979313
171.93379273738358
171.9310738414757
171.91788348854752
171.8911608668275
171.89262221457852
171.90269659749123
171.89051153731177
171.88500158393032
171.90256947185267
171.95437675731495
171.90538811778782
171.9589057049871
171.93959041397292
171.92792942386527
171.92578478005942
171.90256947185267
171.90537229383597
171.8958499597577
171.8909878550528
171.88980273147766
171.90275420955976
171.8852767223206
171.90256947185267
171.88512099138939
171.8831158990605
171.89224435729315
171.89130728172367
171.8876823867807
171.8871596374332
171.8817297084658
171.8884968204076
171.91316143940884
171.8919490821621
171.90463245069571
171.94562152705018
171.9163281384574
171.89673267331182
171.8884968204076
171.87900991416927
171.88618873036907
171.89921511495967
171.8962526674451
171.8926384548863
171.92071153926045
171.90898005588303
171.97624169902383
171.9324352780696
171.88653791273657
171.92276062671772
171.97157451116692
171.87345700710418
171.86827440792254
171.88158766191157
175.15408926209642
171.8578390177207
172.0712912730272
175.02861951724586
171.90072382839597
172.15206630333748
171.90308106101733
174.79965084196425
173.66282004671885
173.81826300921477
174.45448242030616
174.256980077621
173.34506617667301
171.90308106101733
172.50649370317822
173.0215514589175
171.99315899392178
172.20421684737852
173.3512270538993
172.00674129159344
171.90308106101733
172.14338437260542
171.88896055327587
172.04258751602103
171.9881542070205
171.86986104629273
171.93090307986222
171.90308106101733
171.86844295162172
171.8544737695868
171.87684474868254
171.9454943142554
171.9093091681788
171.8671132365012
171.99201468307743
171.9524102378218
171.94007201264645
172.43906855314523
171.85071648149804
172.10809869646906
172.2627091271717
172.1257532603528
172.08618291768664
173.21803684065287
173.08813509149377
171.97097734655233
172.81264222098787
172.68488089132077
172.1257532603528
172.3777373938655
171.85239971628036
171.97279779082086
172.13337586354268
171.87342624627962
171.87078679321294
172.1257532603528
171.86760955194723
171.83762004538121
171.98736739490946
171.84582430054598
171.88483028100907
171.87909997789865
171.87446694561714
171.85108639057046
171.8862529453421
172.49111665665245
171.87562321286802
171.88642228548986
172.49104508354876
171.87446694561714
172.006103177272
171.85899423882276
171.83812616848974
172.0087926622999
171.86418079189806
171.84785928001236
171.87446694561714
171.8891306649616
171.83618617645493
171.84133424449382
171.88797788915474
171.84119031839842
171.84346275093355
171.83972798929284
171.9046077255057
171.83328711552375
171.8680581824454
171.87786829821434
171.852339391928
171.89291797249308
171.8672286104316
171.8232919770188
172.07489880996846
171.98250445912984
171.84973776055395
172.16810868147735
172.04422453348187
171.82267949502423
171.89904474256778
178.00432296595665
172.6065322784142
172.45849181165391
179.13944401346484
173.0892461176817
172.79071539835553
171.89904474256778
172.02130947971665
173.0414539194606
173.27360621715567
172.24778083510446
172.6201665512723
173.8746701742889
171.89904474256778
172.03131659896732
172.03134693256183
171.85643151186665
172.29200926751219
171.87913117109454
171.99365708050422
171.89904474256778
171.95933363310655
171.80920007580886
171.81401937337705
171.83813881544808
171.8586495743479
171.87307449685585
171.84967951995483
171.97260755966812
171.82160474121235
172.30431959847678
171.9548342364678
171.847323826694
172.26812956574682
171.84967951995483
171.9159075450106
171.82224254586777
171.80853343498475
171.90065705570808
171.810521468911
171.81296457037058
171.81648621068882
172.052636064027
171.91902833808263
172.0896228638058
172.09750324013552
171.91866529016775
172.15216708154807
171.81648621068882
171.8619524701364
171.84318829198045
171.8254769591226
171.83773639397427
171.8318364273032
171.82852334777283
171.81648621068882
171.81305901545448
171.84914040751016
171.81240538685645
171.8248626789793
171.83550995190538
171.80603964040074
171.80518615863295
171.82001307478114
172.20236004932732
171.89647540134575
172.06351807601266
172.11422209211835
171.95289758983225
172.01622982080494
171.82001307478114
171.8084551062506
171.8166958783712
171.9531525508025
171.8086239885822
171.82836024931905
172.01457824486286
171.82001307478114
171.82275634459515
171.80632999326735
171.8271661682324
171.80685754421947
171.80509722024283
171.81257147474932
171.8080850525035
171.82667914958742
171.8138370593186
171.93660857386564
171.8265411411362
171.81384921356636
171.91510724753394
171.8080850525035
171.80393388479834
171.81059261632774
171.81893814556048
171.8088042735689
171.8083351030367
171.82498715899808
171.80923907470137
171.87595338323143
171.82457017400623
171.90463004247056
171.86747108456575
171.8330299990799
171.88798827168375
171.80923907470137
171.80396337791834
171.84461523418037
171.80453627167088
171.80491814440913
171.83559935557793
171.8050656546929
171.80923907470137
171.81377001883604
171.80491085963195
171.8056237175638
171.80930805773724
171.8053837256775
171.80437697136855
171.80923907470137
171.8046194752907
171.8036001069415
171.80523236758134
171.80390908984222
171.80435751714688
171.8074049195761
171.8032020913428
171.80348405709267
171.82611357367753
171.8088417040519
171.80700480637972
171.83098781438827
171.8082578149024
171.80960661739365
171.80348405709267
171.80562399796736
171.812611879809
171.80366741774304
171.80358331802083
171.81053604697559
171.80324961028865
171.80348405709267
171.805478986898
171.80361937566784
171.80292538346356
171.80686388455518
171.80330083317492
171.80352706708416
171.802516766246
171.8022786906701
171.80411889245022
171.80312019689063
171.93880587340036
171.8041852798059
171.8064211590106
171.9124817839675
171.8141770489126
171.80411889245022
171.8268343651538
171.8104710647971
171.80091851468904
171.815902530502
171.8060683282551
171.80480624542338
171.80169924928313
171.80496773752537
171.9603183686722
171.80810931165098
171.8025210115335
171.9665079151402
171.80686871396287
171.80169924928313
171.80086561319396
171.83312418750393
171.80457601166154
171.8025115407107
171.83099999584954
171.80617229342738
171.80537998414255
171.80528793585518
171.90083167108577
171.80136810618484
171.80275090210372
171.92076179244899
171.80631937609346
171.80537998414255
171.81924399680375
171.8007606303585
171.80163919734233
171.82811734530497
171.80473841801032
171.8016383426422
171.81185452617143
171.89017790506568
171.81313371347787
171.81279175450467
171.87186424031586
171.8041488322585
171.80629327848104
171.81185452617143
171.82722873175885
171.80215781195554
171.80075169715542
171.8175898250881
171.80096726238432
171.80546332977087
171.81481321119855
171.80077416383727
171.80539568205913
171.95920714203118
171.81046791033782
171.81510094132787
172.01047592566405
171.81481321119855
171.83249875192408
171.80892495727497
171.80377586545626
171.81381736559356
171.80171375608637
171.8007954446347
171.81481321119855
171.80189876882514
171.8092854895157
171.800472371537
171.81051849809322
171.8010430964587
171.80167514123966
171.80184612600178
171.8063829822945
171.81057487730925
171.8205359239032
171.80145977696947
171.80596488472537
171.83042666543017
171.80184612600178
171.80375145489324
171.80167379514398
171.80149065103151
171.8085981377908
171.80036113777865
171.80101612006501
171.80340955924905
171.8142193450101
171.8037398718751
171.80439965242584
171.8129595982645
171.80576379687042
171.80494495766342
171.80340955924905
171.80045360422923
171.80351672552482
171.8032857537845
171.8013752550832
171.80286740064642
171.8027053593344
171.80340955924905
171.80171226854003
171.80139029791303
171.800524503371
171.80109134735284
171.80180256720584
171.8002135944739
171.79996597189225
171.7996605630835
171.7998089328101
171.8459478000815
171.85127115825972
171.80140102484486
171.84750355212407
171.85604892577348
171.80568026806424
171.7998089328101
171.80853762578147
171.8136487688375
171.80201218343086
171.8070939903017
171.81117514649054
171.80347334879386
171.7998089328101
171.80639111284626
171.80014076008408
171.79993700116015
171.80508799225737
171.80108483864856
171.80077990753597
171.7998089328101
171.8024742481537
171.79951245437755
171.7995281100766
171.80171982614613
171.80007792413502
171.80003137968745
171.80002403299613
171.80597025065663
171.8034574143508
171.80026015128198
171.80681532162254
171.80164449031807
171.80123941656964
171.80002403299613
171.79967392860385
171.80001682844056
171.80054358004466
171.79977997713743
171.79984856349577
171.80158810118186
171.80002403299613
171.79972354499904
171.7994973943653
171.7995326516281
171.79965938200633
171.799634387037
171.7999507728014
171.79978788705705
171.7998017849653
171.79946861161488
171.8004354522219
171.799525511127
171.7998277878387
171.8007548955934
171.80031583510197
171.80186429036573
171.8038941604633
171.79971507679085
171.80375519271428
171.80115223880512
171.7993837649396
171.7996988253359
171.80922471773766
171.8093619026163
171.805861424885
171.8038859326383
171.80392978777098
171.81456873355847
171.7996988253359
171.799974097583
171.80386542742093
171.7989294267802
171.80296623771142
171.80018347425536
171.801475300504
171.80293256415612
171.7986327872669
171.80527654309722
171.85170636521732
171.79954910851097
171.80370823610602
171.84461563284665
171.79900889303707
171.83764540163264
171.83379720486414
171.84933044880344
171.83229075164195
171.82745932298874
171.83831282775256
171.79900889303707
171.79979516803886
171.81930035188083
171.8034443826611
171.79801098369074
171.82479007319418
171.80034952366105
171.79838872443904
171.84890274586593
171.81104237588647
171.8470181812338
171.8461514599784
171.8146730480395
171.8496546689662
171.79838872443904
171.8069219436145
171.81180770736512
171.81958772631125
171.80662545175286
171.81409642890358
171.81733445763155
171.79838872443904
171.8019063297888
171.80082948825384
171.79885120788998
171.80273606264882
171.79978119415162
171.79890436218707
171.79838872443904
171.79811630464178
171.8000709421452
171.7981362390569
171.79791100714172
171.79944344191955
171.79809122503187
171.79772708834818
171.79742339570925
171.79707265212932
171.7973982276663
171.80614381915797
172.1826166397488
171.8802758067354
171.8010965938348
172.20123271611953
171.86883741648631
171.7973982276663
171.87819329344555
171.84573693283465
171.8053150087982
171.87088179737927
171.85416633757973
171.801266242107
171.7973982276663
171.81133692570103
171.80640083206382
171.7973463582367
171.80829098904525
171.81062486524456
171.79858088415202
171.7973982276663
171.8018719809395
171.79790043191483
171.7969666914234
171.8000229538278
171.79941281207547
171.7976232745965
171.79808869308314
171.80481462010502
171.80613503387582
171.80196496113373
171.80571854404081
171.8072717993506
171.80187881798204
171.79808869308314
171.80004236004382
171.7972977454095
171.80019035947154
171.7996012139438
171.79702118121705
171.79966108527805
171.79808869308314
171.7976811605446
171.79737787580632
171.797534352409
171.79738168861266
171.7976109935703
171.79761780054184
171.79808869308314
171.79728536933723
171.79710830728345
171.79696210588554
171.79713515394147
171.79701883510705
171.79700934007644
171.7970671265271
171.7970068171922
171.7972346596421
171.79746177275732
171.79707541090562
171.79778499141878
171.7980278747683
171.7970671265271
171.7969485016934
171.7974618109459
171.7970355844412
171.79701987490608
171.79711383482447
171.7974171864879
171.79705378772542
171.79812442597648
171.7976820326433
171.79701771014544
171.79767301586014
171.79786267190747
171.79692356839405
171.79700651831942
171.7975035857114
171.79888977049515
171.80180970686203
171.79732888141038
171.79952721315502
171.80152366846147
171.79700651831942
171.7972179518533
171.7991494862548
171.79692391870293
171.79711441800399
171.79878072984087
171.79707214001093
171.79700651831942
171.79708237796598
171.79689555456733
171.79707672691708
171.7971473248963
171.79702092200338
171.79701105646552
171.79704754917884
171.79713627251897
171.79706888109675
171.7979436328958
171.79706376095206
171.79735172397693
171.79753613812798
171.79704754917884
171.79688478081277
171.79705691571013
171.7972919480134
171.79704240977006
171.7969157926715
171.79709824563298
171.79727146746225
171.79800079275094
171.79693651011144
171.79710475314604
171.7987437877377
171.79695318304402
171.79692816024746
171.79727146746225
171.79689000373662
171.7972099966907
171.79711030112654
171.79690010966056
171.79767968343418
171.79694575433444
171.79727146746225
171.79694196774267
171.79686447843426
171.79706107461016
171.79686172900816
171.79690865980666
171.7968884343726
171.79691803110242
171.79687453871307
171.79688800266143
171.79738687965968
171.7969417498913
171.79691313181291
171.79746895815413
171.79691803110242
171.79693610480803
171.7968937404745
171.7968605852573
171.79696535845764
171.79687132776658
171.7968898014893
171.79693908479598
171.797190143282
171.79685641837082
171.79697908805406
171.79739710377697
171.79687717608226
171.7968932697129
171.79688535578902
171.79772148752053
171.79690968043212
171.79727466620557
171.7972938249481
171.79721117639016
171.7976866942663
171.79688535578902
171.79728033650676
171.79700644035807
171.79698074187775
171.79697269996382
171.79727685993512
171.79685126406002
171.7971984617994
171.7968566694605
171.79710352597638
171.79804158410158
171.7969738631052
171.79699863083363
171.79837891585714
171.7971984617994
171.79694409069575
171.79713375297172
171.79693033968994
171.7970775676921
171.7970592295339
171.7971019307605
171.7971984617994
171.7968545199685
171.79693887982057
171.79685258402748
171.79691995849416
171.7968986964455
171.79694072911528
171.7971984617994
171.7968607440113
171.7968547955783
171.7968985678334
171.79684369445692
171.79685140033
171.7968532400233
171.79683428631736
171.79683839435282
171.79687886521072
171.79685062632797
171.7972161744685
171.79687367570972
171.79684245900836
171.79740161706493
171.79683839435282
171.79685561955705
171.79690785679858
171.79685526460273
171.79690943865057
171.7968559617934
171.79682261584324
171.79682719875632
171.7971739935215
171.7969020636979
171.79690180352648
171.7972189590745
171.79691027127316
171.79691785893462
171.79682719875632
171.79691955924613
171.79687997480534
171.79684043023565
171.7969265232466
171.79685523846857
171.796841141758
171.79682719875632
171.79682698769176
171.79684861773208
171.79682771715812
171.79682389819664
171.79684412443183
171.79683799587627
171.79682719875632
171.79682443475016
171.79682189580416
171.79682492374752
171.79682860399143
171.7968243566206
171.7968243263514
171.7968235179152
171.79682436441288
171.79682461598898
171.79683353291355
171.79684165793108
171.79682490677325
171.79684640004103
171.7968235179152
171.7968262189586
171.79682372781457
171.79682224130343
171.7968208316144
171.79682226584163
171.79683417988835
171.79682848011743
171.79682027254347
171.79685911162454
171.796822605402
171.7968249535489
171.79685708275974
171.79683101328465
171.7968298429576
171.79687858414775
171.79681614543725
171.79683765643168
171.79691334769484
171.796843220157
171.79687157207366
171.79686435210152
171.79688126931038
171.79689413323925
171.79729777624436
171.79692974107525
171.79686081041606
171.79713551403137
171.79686435210152
171.79682289278196
171.79694181206338
171.79681499388687
171.79683066753182
171.79686993653962
171.79682968396637
171.7968498517362
171.79714417086163
171.79684228181145
171.79685267448994
171.79717139659422
171.79681789367694
171.79685733907706
171.7968498517362
171.79682576001082
171.7968635056343
171.79687199064324
171.79681549781648
171.79686236351358
171.7968902321886
171.7968498517362
171.79683153305487
171.79682850263006
171.79681933902307
171.7968336775683
171.79681883646373
171.79681751770485
171.7968498517362
171.7968166143376
171.7968211346202
171.79681601196492
171.79681511489815
171.7968171773854
171.79681512658482
171.7968498517362
171.7968146896541
171.79681614882796
171.79681472436272
171.79681672824236
171.79681581015507
171.79681536004875
171.7968183715547
171.79682059298648
171.79681342636556
171.79681471239857
171.796817672625
171.79681881257636
171.7968151782971
171.79681947867147
171.79681625531978
171.7968606051684
171.79681997448353
171.79681164050157
171.79684532390345
171.79681037576785
171.79681476707717
171.79686946771685
171.79681621514078
171.79682746143
171.79686817523586
171.79683078503092
171.79682959894973
171.79681476707717
171.79682684705932
171.79681891513025
171.7968152420473
171.79682360165242
171.79681814535084
171.7968087135963
171.7968150015124
171.79685306076144
171.79695349865779
171.79681100248084
171.7968143230346
171.7969120941695
171.79681419978618
171.7968150015124
171.79681126089145
171.7968183319621
171.79680652363191
171.79681038291358
171.79683765122127
171.7968140922293
171.79681170976318
171.7968429753225
171.79680830645668
171.7969138053318
171.7968595402192
171.79681586135754
171.79691198672052
171.79681170976318
171.79683385388603
171.79681828655833
171.79681252740681
171.79683389407094
171.79680956566622
171.79681021503475
171.79681170976318
171.79681110148206
171.7968093923087
171.79680665706525
171.79680990579254
171.79680663248917
171.79680792989282
171.79681170976318
171.7968063921863
171.79680624122352
171.79680851382085
171.79680684831814
171.79680735143683
171.79680737349028
171.79680731257335
171.79681087979534
171.7968092663177
171.79680451256706
171.79681593871604
171.79680513847217
171.79680933451795
171.7968051491799
171.79681696184085
171.79680690750112
171.79681287082977
171.79681795600223
171.7968084844376
171.79680640975334
171.7968051491799
171.79680439416754
171.79680457335405
171.79680859148317
171.7968050635231
171.79680785203288
171.7968080713659
171.79680545503362
171.79681256101873
171.79681456300526
171.7968096817497
171.79681586767657
171.79680956399642
171.7968093837729
171.79680545503362
171.79680694268134
171.79680339546647
171.796806428576
171.79680801129282
171.796806303568
171.79680762464588
171.79680413013443
171.79681205175436
171.79681732985432
171.79680856594823
171.79680285544785
171.79681308427857
171.79681811080377
171.7968261241478
171.79681458569047
171.79687549742965
171.79680418466586
171.79685019987224
171.79684309410814
171.79680800077747
171.7968261241478
171.79680168040093
171.79681040539396
171.79682556523275
171.79682186686853
171.79680388427272
171.79680888798745
171.79685283913415
171.79702078555098
171.79679281441105
171.7968114444355
171.79693453487718
171.7968257302482
171.79680361535313
171.79682063396936
171.79698574679205
171.79691790341147
171.7968069630279
171.79702995604111
171.7969852556342
171.7968081015534
171.79682063396936
171.79682208084566
171.7968172552538
171.7968093793144
171.796837669327
171.79685117158263
171.7968263333005
171.79682063396936
171.79679539710827
171.79681628243335
171.79679402229064
171.79679271601657
171.79684275393998
171.79679738679437
171.7967999722083
171.796870033603
171.79679673333086
171.79682427075596
171.7968201082184
171.79683113197675
171.79678729708874
171.79685486577267
171.79721799683134
171.79681300699383
171.79679450918087
171.7973674669347
171.79678705036574
171.79683222141077
171.79686294563135
171.79893467286936
171.79721976387512
171.796825148704
171.79941250985124
171.7971675393089
171.79691772584633
171.79686294563135
171.79682656666398
171.79702663633122
171.79707773198325
171.79681516706907
171.7969111175404
171.7969290141691
171.79686294563135
171.79681807097094
171.79687699161352
171.79678867484932
171.7968672976251
171.7967984133391
171.79678730323377
171.79686294563135
171.7967825707199
171.79680507446827
171.79679375977793
171.7968282473256
171.7967807783879
171.79681617675567
171.79680349089455
171.79677691366618
171.7968693150238
171.79680480938643
171.79678535952758
171.79685351851236
171.7968166159219
171.79677133348514
171.79676877017104
171.79679803179732
171.79838340352822
171.79849924127146
171.79947419351237
171.79815922292093
171.79914356847226
171.79884493209107
171.79679803179732
171.797865634286
171.7970545908617
171.79807663446948
171.79754983222531
171.7971382660958
171.7975937599575
171.79679803179732
171.79705067589725
171.79696358161206
171.79675442147322
171.79686954453922
171.79687367196863
171.7968665079155
171.79697588386708
171.79682543659382
171.79865121940156
171.79677817644986
171.7969645018811
171.79924491573652
171.79696847455673
171.79697588386708
171.79678002351164
171.79704062245463
171.79705401115964
171.79678524122608
171.79685656175135
171.79685717486964
171.79697588386708
171.79680733718553
171.79678685291168
171.79673730788085
171.796942620764
171.79674419103847
171.79679689307804
171.79677915511365
171.79678255858596
171.79678105670976
171.79700688859234
171.79676579332605
171.7967892324303
171.79700002995742
171.79677915511365
171.7967451518021
171.79681095233263
171.79673945293288
171.7967477633518
171.79681380221535
171.79674858274504
171.79677915511365
171.79675454502356
171.79673988134505
171.7967382993912
171.79675541841976
171.79673803117663
171.79674277631236
171.79677915511365
171.79674159663867
171.79673867435096
171.79674055195508
171.79674025584202
171.79674120711016
171.7967423362584
171.79677915511365
171.79673782544654
171.79673801289505
171.79673842889997
171.79673876405508
171.79673759526514
171.7967372098316
171.79674008262722
171.7967375260039
171.79673817205355
171.79673939264947
171.79673789734682
171.79673708310125
171.79674790123218
171.79673933612338
171.79674159126333
171.79673516021
171.7967613367867
171.79673915313086
171.79673925740872
171.79675891007676
171.79673206869833
171.79672890281236
171.79673464024808
171.7976170233324
171.79727713717043
171.7967651069912
171.79748412368494
171.7974345042548
171.79679674486
171.79673464024808
171.7969668091529
171.79676677663645
171.79683609056752
171.79689997737225
171.79681732124786
171.7967833058071
171.79673464024808
171.79687753506016
171.7967315380737
171.7967533534667
171.79682075232034
171.79673392475195
171.79673074813445
171.79673464024808
171.7967328923289
171.79672692282682
171.79673148063557
171.79675405737623
171.79674061088747
171.7967419125518
171.79675214697232
171.79680013323946
171.79673925535283
171.79674444715488
171.79683608775653
171.7967267222213
171.79675225711833
171.79676271714948
171.79694753218735
171.79672986368791
171.79697344865312
171.7968720499308
171.79676548714068
171.79688354103726
171.79676271714948
171.7968174542447
171.79673465572472
171.79673709188577
171.7967697012215
171.79677259991772
171.796732218719
171.79676271714948
171.79675483054913
171.79672500990185
171.7967365423239
171.79672885160014
171.79674045133362
171.79672776057254
171.7967576354511
171.79675148535927
171.7967403843558
171.79674849130197
171.79678065039144
171.796759097492
171.79675740207304
171.7967576354511
171.7967252815162
171.79672661575216
171.79676537048647
171.7967395627815
171.7967242645401
171.79674922069952
171.796725355296
171.7967551702346
171.7967876905754
171.79674801646811
171.796777045695
171.79677445709783
171.79673753868454
171.796725355296
171.79672490516256
171.79677469540508
171.796730260124
171.79673135233895
171.7967601536189
171.79672279638496
171.79673344229835
171.79694183365075
171.79673146442977
171.79672362603173
171.79689696722437
171.79673684096358
171.7967246259138
171.79673344229835
171.7967344329524
171.79672973613768
171.79672875213794
171.79672487639192
171.79673864478008
171.7967231159852
171.79673344229835
171.79672663035296
171.7967246896031
171.79672275914749
171.79673630564773
171.79672288347538
171.796723959945
171.7967260636371
171.79674316356864
171.7967244343471
171.79673341424905
171.7967412237308
171.7967246310617
171.79672736962047
171.7967260636371
171.7967290109183
171.79672369059352
171.79672374853737
171.7967321414728
171.7967241477906
171.79672265125382
171.79672507997478
171.79672229981722
171.79676284821696
171.796727662101
171.79672469314824
171.7967476413263
171.79673543485998
171.79672666828807
171.79676358315135
171.79678750235857
171.79674278867063
171.79674256053943
171.7967561531945
171.79673176758092
171.79672666828807
171.7967209178811
171.79673830543652
171.79673923350197
171.79672975168057
171.79672560206708
171.79672746075954
171.79673636368383
171.79675920696835
171.79681407363506
171.79672798819905
171.79677792516054
171.79678861259066
171.79671929812147
171.79673241067488
171.79684840967522
171.79699714160876
171.79690837136292
171.79681264906824
171.79703588842452
171.79688042851714
171.79673241067488
171.7967782889658
171.79679086703356
171.79672136495617
171.7967651291041
171.79681689498304
171.79672129541638
171.79673241067488
171.79674368222163
171.79672112476717
171.79671973939796
171.79673344163916
171.79672812055017
171.7967210764259
171.79673241067488
171.79672351222632
171.79671923715773
171.79671895028787
171.79672046613683
171.79672370271084
171.79672172724065
171.79672449847425
171.79672003675876
171.79675187171864
171.79672567436663
171.79671934330713
171.79674523625812
171.79672111688564
171.79672449847425
171.79671898327797
171.7967294730672
171.79672123962072
171.79671986060237
171.79672590592645
171.7967188980846
171.79672550505518
171.79672822163838
171.79671807543707
171.79674425222078
171.7967224446327
171.79672066000055
171.79676074858577
171.7967192479016
171.79672502166528
171.79675191640763
171.79679622526996
171.79671968074476
171.79675815750133
171.79678979456986
171.7967192479016
171.7967285852856
171.79672629150758
171.79672234502797
171.79672782496326
171.79673060970822
171.79672462624274
171.7967192479016
171.79671921357948
171.79672023149615
171.79672307950102
171.7967180609993
171.79672189425565
171.7967212510648
171.79672140325343
171.79674439936286
171.7967238129124
171.79672064529316
171.79673144668985
171.7967179081141
171.7967183995692
171.7967343993726
171.79683154046967
171.79673771959392
171.796720484124
171.79687098743602
171.7967290597993
171.79673540576968
171.7967343993726
171.7967235536663
171.7967326911516
171.7967175113466
171.79673375487215
171.79672193318643
171.79672429037288
171.79673467432212
171.79672962197967
171.79677377834187
171.7967994327534
171.79672030988456
171.79679575263475
171.7967779247935
171.79673467432212
171.7967354468411
171.79672631318286
171.79671851956627
171.7967497907596
171.79672108502976
171.79671933033336
171.79673467432212
171.7967237251351
171.79671979003308
171.79671688379446
171.79671893026656
171.79671695691584
171.79671963167524
171.79672010701995
171.79672635169686
171.79672083135458
171.79673553615692
171.7967288830434
171.796721488771
171.7967398006122
171.79672010701995
171.79672434318044
171.79671675268654
171.79672015850517
171.79672279940138
171.7967171494432
171.7967182263518
171.7967168940816
171.79671837001908
171.79674272993017
171.79671770547375
171.7967235387185
171.79675156231335
171.79671716377538
171.7967168940816
171.79671888756957
171.79671911251495
171.7967165741435
171.79672274200345
171.7967175317256
171.79671735796524
171.79671749727112
171.7967443498625
171.79671961182265
171.79671690218606
171.7967519329549
171.7967186228712
171.79671728765496
171.79671749727112
171.79671979660662
171.79671967089718
171.7967168634227
171.7967221883222
171.79671737272488
171.79671795834446
171.79671749727112
171.7967169012991
171.79671941490994
171.7967165070228
171.79671633082893
171.79671764611638
171.7967168447303
171.79671609570434
171.79671663149676
171.79671713801787
171.79675437097166
171.79671776141217
171.7967163697839
171.7967615259797
171.79671838031808
171.79671663149676
171.79671893497974
171.79672280206617
171.79671645326113
171.7967171310072
171.79672582926588
171.79671658279386
171.79671663149676
171.796717943408
171.79671619681554
171.7967168046411
171.7967167194348
171.79671604194806
171.7967161650933
171.79671607649735
171.79672123251837
171.79671803796012
171.79671721306127
171.79671827855762
171.79671603857156
171.79671620007719
171.79672200971652
171.79674160742243
171.79671868827973
171.79671630096547
171.7967314372396
171.79672504066696
171.7967190734756
171.79672200971652
171.79671676898624
171.79672070683017
171.79671583567284
171.7967201531653
171.79671687267657
171.7967188854663
171.79672336188128
171.79671768848152
171.79672506952573
171.79673467412746
171.796722344681
171.79672071943682
171.79672634894604
171.79672336188128
171.7967215264734
171.79671926432803
171.79671632553445
171.7967177796094
171.79671599306036
171.79671575469987
171.79671681941628
171.79671870838155
171.7967225970336
171.79673572589738
171.7967219746602
171.7967202521316
171.79673164327573
171.79671681941628
171.796716423853
171.79672345523142
171.79671594820238
171.79671676658808
171.79672697870419
171.79671605722484
171.79671681941628
171.79671818480256
171.7967159197702
171.79671560803664
171.79671675823784
171.7967157790218
171.79671592472044
171.79671538477862
171.79671521853766
171.79671600714633
171.79672949084548
171.796720366184
171.79685857796525
171.79673164970956
171.79671819982238
171.79686894584177
171.79671600714633
171.79672870702186
171.79672304360386
171.7967185617784
171.79673182001653
171.79672233800284
171.79671612046062
171.79671600714633
171.79671824953297
171.79671807774125
171.79671612800996
171.79672029219307
171.79671732659475
171.79671568410313
171.79671600714633
171.7967161230197
171.79671552251006
171.7967153972729
171.79671579643323
171.79671506857508
171.7967162477198
171.79671523068401
171.796719193287
171.79671582922214
171.7967159214021
171.79671969507146
171.79671544996916
171.79671554569995
171.79671523068401
171.7967161793001
171.7967160840697
171.7967153122953
171.7967165040277
171.79671608651776
171.7967149704894
171.79671521123933
171.7967165798661
171.7967180427345
171.7967223717485
171.79671614139363
171.79672026884757
171.796719772153
171.79671521123933
171.7967157565268
171.79671711617192
171.79671505086984
171.7967149337741
171.79671592443495
171.79671505968201
171.7967171082991
171.79671910070303
171.79671771490973
171.79671913727552
171.79671629228983
171.7967203285947
171.79671689424887
171.7967171082991
171.7967164145668
171.79671491548544
171.79671526077095
171.79671519812186
171.7967163056727
171.79671486707824
171.7967155146146
171.79671975661094
171.79671563837888
171.79671499309202
171.79671936997198
171.79671588041774
171.79671601961198
171.7967155146146
171.79671572426466
171.79671565054934
171.79671497679774
171.7967157845003
171.79671616250266
171.79671476260188
171.79671456937365
171.79671424580977
171.79671385024153
171.79671406536207
171.7968260634443
171.79697618731345
171.7967844536582
171.79683022434213
171.79698456529658
171.79678795112417
171.79671406536207
171.79678789387572
171.7967378533458
171.79673135034434
171.79678410079643
171.7967405503904
171.7967293874357
171.79671406536207
171.7967279184109
171.79672132216365
171.7967172402005
171.79672602029152
171.7967225321552
171.79671656830368
171.79671406536207
171.7967179598651
171.7967153869774
171.79671497540204
171.79671698137892
171.79671599020045
171.7967146304529
171.79671406536207
171.79671450284505
171.79671387766723
171.7967144534337
171.79671494792487
171.79671410496525
171.79671416475276
171.79671406536207
171.7967140416633
171.7967138479536
171.79671385121685
171.79671429925574
171.79671400197535
171.79671388601236
171.79671429172788
171.79671388631232
171.79671601931256
171.79671414783678
171.79671392744683
171.79671524314057
171.79671463203547
171.79671429172788
171.79671384718944
171.79671419867918
171.79671416737406
171.7967139155975
171.79671393010872
171.79671388688513
171.7967140462697
171.7967145361297
171.79671458467797
171.7967139314822
171.79671456057517
171.79671473586237
171.7967140350013
171.7967140462697
171.79671396582097
171.7967139123215
171.79671404533298
171.79671399729588
171.7967139121355
171.79671412924785
171.7967140462697
171.79671386418462
171.79671386755973
171.79671388833043
171.79671390455027
171.79671386663514
171.79671388043548
171.7967140462697
171.7967138698346
171.7967138558208
171.79671384955793
171.79671384884742
171.79671385417205
171.79671385754432
171.7967140462697
171.7967138490337
171.7967138521509
171.7967138465221
171.79671385125081
171.79671384313468
171.7967138558488
171.7967138377373
171.79671383782463
171.79671384400336
171.79671398055876
171.79671382629007
171.79671383468377
171.796713894448
171.79671385973936
171.796713835052
171.79671387124193
171.7967144453801
171.79671385221025
171.79671384579046
171.7967143539125
171.79671384190058
171.796713835052
171.7967138643477
171.7967138760625
171.7967138367513
171.7967138891696
171.7967138495345
171.79671382807655
171.796713835052
171.7967138285845
171.79671384000392
171.79671382383475
171.79671382778488
171.7967138581288
171.79671383043214
171.79671382398672
171.79671385505304
171.7967138301697
171.79671384363218
171.7967138923993
171.79671385377128
171.79671383618742
171.79671382398672
171.79671383189225
171.7967138366529
171.79671382046885
171.7967138469121
171.79671382285213
171.79671383342802
171.7967138324041
171.7967138584205
171.79671383024638
171.7967138516968
171.79671386452094
171.79671384840313
171.79671384668262
171.7967138324041
171.79671383626072
171.7967138260224
171.79671382614433
171.7967138315654
171.79671382979663
171.79671381793048
171.7967138222564
171.7967138698715
171.7967138797033
171.79671382471497
171.79671389429194
171.79671385333933
171.79671381727215
171.79671383436562
171.7967138449117
171.79671426068964
171.7967139754974
171.79671388711432
171.79671409566606
171.79671415415197
171.79671383436562
171.79671397604275
171.79671382383208
171.79671387387387
171.79671387137083
171.79671381778363
171.79671382527454
171.79671383436562
171.79671381676118
171.79671385851995
171.79671381130734
171.79671381935253
171.79671381554607
171.79671382914842
171.79671381708224
171.79671385724146
171.7967138361157
171.7967138161861
171.79671389201474
171.79671382961914
171.79671381354945
171.79671381708224
171.79671382425826
171.7967138194767
171.79671380901766
171.79671384214495
171.7967138153504
171.79671381968407
171.79671382271735
171.79671381035263
171.79671381403818
171.79671388795924
171.79671381490652
171.79671383350575
171.79671387003086
171.79671382271735
171.79671380664692
171.79671384340892
171.79671381290868
171.79671381189806
171.79671382810037
171.79671381163953
171.79671380342762
171.79671380306695
171.7967138266962
171.79671423666787
171.7967146890115
171.7967138510477
171.7967145119295
171.79671515759418
171.7967138820657
171.7967138266962
171.79671447028628
171.7967138058441
171.79671387948432
171.7967141530214
171.7967138610193
171.79671382989287
171.7967138266962
171.79671388139337
171.7967138283221
171.7967139123105
171.7967138031583
171.79671378780614
171.79671381260226
171.79671378724936
171.7967139060346
171.79671605900802
171.79671389947168
171.79671388746513
171.7967159084235
171.79671401768076
171.79671384273504
171.7967139060346
171.79671396810326
171.7967138469758
171.79671386050688
171.79671403917945
171.7967138311683
171.79671386968263
171.7967139060346
171.79671382472668
171.79671383600834
171.79671379361193
171.79671386457915
171.79671382633848
171.79671378560914
171.79671379648784
171.79671393737254
171.79671378600182
171.79671388215576
171.79671409884602
171.79671380931833
171.7967139458355
171.79671379648784
171.7967138208015
171.79671379658257
171.79671380641653
171.79671390878073
171.7967137806737
171.79671379125364
171.79671378891672
171.79671387584293
171.796713999806
171.79671381496703
171.79671394046977
171.79671389330122
171.796713870608
171.79671378891672
171.79671380761155
171.79671381465621
171.79671379110192
171.79671386867517
171.79671378951028
171.79671378182306
171.79671378891672
171.79671377759257
171.79671378284493
171.7967137819994
171.7967138061156
171.79671378109873
171.7967138054386
171.79671383851473
171.7967138025296
171.79671378107574
171.79671387633408
171.79671378886957
171.79671378059027
171.79671395302168
171.79671383851473
171.79671378796166
171.79671380963057
171.79671378389654
171.79671377877202
171.79671378126122
171.79671377549818
171.79671378393866
171.79671379795354
171.79671388261545
171.79671379934837
171.79671379010435
171.7967138993979
171.7967137938906
171.79671378393866
171.79671380167036
171.7967137819603
171.79671377384105
171.79671379632708
171.79671377593647
171.79671377836453
171.7967137741751
171.7967137739033
171.79671377175072
171.7967138964553
171.7967137828489
171.79671377869076
171.79671392893786
171.79671377584995
171.7967140482713
171.7967137791543
171.79671401232866
171.7967139718439
171.796713783499
171.79671390390752
171.79671377584995
171.79671376967985
171.79671382946927
171.79671388964357
171.79671377505392
171.79671380169023
171.79671382685817
171.79671376921405
171.79671378302282
171.7967138482386
171.79671460114128
171.79671404820846
171.7967140395507
171.79671508377308
171.79671425244405
171.79671378302282
171.79671436656213
171.7967137837873
171.7967137467082
171.79671407178475
171.79671378989792
171.79671381191773
171.79671376230334
171.79671380858593
171.79671540396095
171.79671419349717
171.79671375658327
171.79671550035417
171.79671414375986
171.79671376230334
171.79671383013198
171.79671433201506
171.7967137842501
171.79671381475438
171.79671439986598
171.7967137753841
171.79671376230334
171.79671375841113
171.79671377248593
171.79671381180572
171.79671376071593
171.7967137627862
171.79671383679496
171.79671376230334
171.79671375963977
171.79671376473752
171.79671376340775
171.7967137480403
171.79671377556406
171.79671375722043
171.79671376230334
171.79671374581037
171.79671374905385
171.79671375445608
171.79671374875036
171.79671374785332
171.79671374834618
171.7967137474385
171.7967137550038
171.796713749093
171.79671375461933
171.7967137562806
171.7967137517248
171.79671375954723
171.7967137474385
171.79671374645824
171.796713745941
171.7967137512587
171.7967137490596
171.7967137475452
171.7967137506497
171.7967137474385
171.79671374578564
171.7967137450837
171.79671374716978
171.796713746197
171.796713746782
171.79671374797772
171.79671374435245
171.7967137457804
171.79671378567517
171.79671374629973
171.7967137514213
171.79671376658087
171.7967137455264
171.79671374516738
171.7967137457804
171.79671374397782
171.7967137446515
171.79671374376474
171.79671375029542
171.7967137476736
171.79671374621822
171.79671374643343
171.79671375005066
171.7967137480531
171.79671376477452
171.79671375447163
171.79671374884734
171.79671376350169
171.79671374643343
171.79671374727587
171.79671374830392
171.79671374456055
171.79671374496866
171.7967137483228
171.79671374341856
171.79671374409887
171.7967137508289
171.79671375199572
171.79671374865208
171.7967137525875
171.79671375230234
171.79671375313075
171.79671374409887
171.79671375118718
171.79671374487503
171.7967137429094
171.79671375263084
171.79671374315896
171.79671374494453
171.79671374492466
171.79671376169338
171.79671374324107
171.79671374507126
171.79671375598866
171.79671374385273
171.7967137528124
171.79671374492466
171.7967137420938
171.79671374404202
171.79671375633006
171.79671374416677
171.79671374387934
171.79671374999208
171.79671374177843
171.7967137464204
171.79671378801035
171.79671377455608
171.79671374201428
171.79671381557858
171.79671376662773
171.79671374998807
171.7967137464204
171.79671374354123
171.79671377503314
171.79671374385572
171.7967137400736
171.7967137591106
171.79671374337383
171.79671373685437
171.7967137311527
171.79671372270803
171.79671371765426
171.7967137548894
171.7967246565687
171.79671464673615
171.7967329296803
171.79672542365765
171.79671448193164
171.79673200017942
171.7967137548894
171.796713955895
171.79672448637376
171.79671446341573
171.7967139020455
171.79672376323776
171.79671429438145
171.7967137548894
171.79671380391898
171.79671664945144
171.79671390671626
171.79671387971183
171.79671704250026
171.79671382540752
171.7967137548894
171.79671373483143
171.79671376668873
171.7967143355756
171.7967137392067
171.79671382410513
171.79671416980054
171.7967137548894
171.79671373138373
171.79671372453194
171.79671384525383
171.7967137741372
171.7967137156244
171.79671377852054
171.79671372608934
171.79671375206885
171.79671376038792
171.79671432608936
171.79671374361374
171.7967137692621
171.7967144117626
171.79671372608934
171.79671380421522
171.79671371672475
171.79671376841415
171.7967137737027
171.79671371531097
171.79671375327766
171.79671371705194
171.79671397971842
171.79671382930607
171.79671376378883
171.79671398787215
171.79671381057648
171.79671377620852
171.79671371705194
171.79671384992614
171.79671372032712
171.79671372493058
171.7967138367504
171.7967137184666
171.7967137291931
171.79671371705194
171.79671372198214
171.7967137299215
171.79671373965348
171.79671371719002
171.79671373567564
171.79671373747752
171.79671371705194
171.79671371670875
171.7967137197166
171.7967137175868
171.79671371482863
171.79671371774924
171.79671371693502
171.79671371664017
171.79671371708162
171.79671372348764
171.79671372514045
171.79671371469405
171.7967137275196
171.79671372960118
171.79671372076302
171.79671378918547
171.79671371460674
171.79671376608567
171.79671378708443
171.7967137151714
171.7967137596867
171.79671371558672
171.79671390547605
171.79671393408722
171.79671382324682
171.79671389251328
171.79671393598974
171.79671381977965
171.79671371558672
171.79671376096766
171.79671371652165
171.79671382527988
171.79671376081998
171.79671371873712
171.79671381785448
171.79671371558672
171.79671371565746
171.79671373858687
171.7967137211661
171.79671371438843
171.7967137402692
171.79671371867067
171.79671371645233
171.79671378429276
171.7967137160349
171.79671379726813
171.79671377836314
171.7967137161195
171.79671380440251
171.79671371645233
171.79671371747034
171.7967137158405
171.7967137467992
171.79671371884797
171.7967137161645
171.79671375132568
171.79671371645233
171.7967137196569
171.79671371488163
171.79671371500262
171.79671372154922
171.79671371459955
171.7967137145136
171.79671371645233
171.79671371477664
171.79671371486526
171.79671371516397
171.79671371540377
171.79671371445173
171.79671371596203
171.79671371645233
171.7967137144196
171.79671371477502
171.79671371437314
171.79671371473637
171.79671371441862
171.79671371440884
171.7967137143681
171.79671371444581
171.79671371690137
171.79671371444604
171.79671371836363
171.79671371621362
171.79671371438442
171.79671371792918
171.79671371444581
171.79671371435205
171.79671371527888
171.79671371522957
171.79671371456445
171.79671371504173
171.79671371557794
171.7967137148437
171.79671372110326
171.79671371553826
171.79671371513328
171.79671372021096
171.79671371584385
171.79671371507527
171.7967137148437
171.7967137150197
171.79671371460265
171.7967137148689
171.79671371482385
171.7967137144221
171.79671371513516
171.7967137148437
171.79671371435325
171.7967137145164
171.79671371476024
171.79671371438062
171.7967137144391
171.79671371455697
171.7967137148437
171.79671371436797
171.79671371434932
171.79671371439832
171.79671371442097
171.79671371439133
171.79671371434048
171.79671371443538
171.79671371449584
171.7967137144797
171.7967137143743
171.79671371458898
171.79671371442976
171.79671371444044
171.79671371443538
171.79671371435006
171.79671371437647
171.79671371442353
171.7967137143449
171.7967137143446
171.7967137143734
171.79671371443538
171.79671371433744
171.79671371436427
171.79671371433778
171.796713714354
171.79671371433977
171.79671371434705
171.79671371437362
171.79671371440224
171.79671371435705
171.79671371437044
171.79671371436746
171.79671371436828
171.7967137143586
171.79671371437362
171.7967137143451
171.79671371433955
171.79671371436078
171.7967137143376
171.7967137143483
171.796713714345
171.79671371437362
171.79671371433855
171.79671371433642
171.79671371435174
171.79671371434281
171.79671371434256
171.79671371434094
171.79671371433534
171.79671371433722
171.7967137143545
171.7967137143841
171.79671371438772
171.79671371434307
171.7967137143795
171.79671371438263
171.79671371433722
171.7967137143414
171.79671371434162
171.79671371435248
171.7967137143356
171.79671371434011
171.79671371435302
171.79671371433722
171.79671371434145
171.7967137143412
171.7967137143401
171.79671371433528
171.79671371434117
171.79671371433824
171.79671371433605
171.79671371434566
171.79671371434694
171.79671371433747
171.79671371434753
171.7967137143489
171.79671371433653
171.79671371433605
171.79671371434074
171.7967137143388
171.7967137143398
171.79671371433787
171.79671371434137
171.79671371433602
171.79671371433605
171.79671371433997
171.7967137143375
171.79671371433867
171.7967137143373
171.79671371433673
171.79671371433437
