3.5290156820803187e6
829770.946130771
900560.2951880838
879908.229798292
8.058423883353395e6
3.493044685953225e6
6.250226250069125e6
2.0290771851102663e6
4.744679916038233e6
1.0319249159944425e6
1.6241018307583497e6
1.4894417789443156e6
879359.9429836544
6.250226250069125e6
2.6654377349738763e6
1.1496351139808304e6
879908.229798292
1.1179787188732955e6
900560.2951880838
2.347424680023384e6
6.250226250069125e6
731480.9271209938
638329.8275679856
1.2240620593549788e6
973502.378316328
1.4118776240496458e6
637694.511048067
1.4344947427533958e6
955820.1877858122
735758.8376342597
554463.2682828159
1.550689628427621e6
1.2557509340535013e6
786759.413874184
531890.4226581499
830496.1912051575
1.0843209893348467e7
1.87260104907149e6
46520.29121243496
1.2621894701174675e7
Inf
Inf
1.1431698091469286e6
Inf
1.6301271440964349e7
6.879764281147005e7
7.075237600482555e6
Inf
1.5678831818464367e7
1.1431698091469286e6
4.8790943910770295e6
5.999414450656227e6
1.401512167435493e6
3.200493302309301e6
759219.1514779725
356264.61967237556
1.1431698091469286e6
1.4644889522745493e6
1.1733615625048506e6
407044.1262358541
625188.4078906855
172810.92225540028
78314.29376168354
1.1431698091469286e6
505925.02452594665
165547.0672150359
20335.975708666938
86274.75233401456
24149.151477336407
365977.27884918824
433789.7440884479
365977.27884918824
1.1042102305057812e6
105573.89005273899
433789.7440884479
662040.3575053868
289715.8208844534
433789.7440884479
308506.4676661314
172810.92225540028
60776.36999653839
578847.6817362672
46520.29121243496
174692.58715394238
433789.7440884479
18989.073977175114
61140.450822654486
5273.494549583961
129531.5422272735
1256.8493289327232
79398.7070187054
40328.25194882039
658549.1504315321
45210.829635815324
40328.25194882039
569116.3298731912
21451.98797022961
61140.450822654486
40328.25194882039
44599.48621345652
6606.394822712391
33056.99945657837
70392.46714200673
1386.6399001832247
52626.38692713808
40328.25194882039
16570.306406164364
14160.561093176124
3426.018859190551
34143.749023487435
4106.801055544621
8021.256765836891
40328.25194882039
1547.6721721638874
529.2797172514657
204.07067072862452
7995.917404301468
4409.75099732032
4371.946834968431
4520.363211180254
14724.571178383487
5657.312687118244
3346.468863861897
14163.579673074668
6515.438849110573
3421.345432622276
4520.363211180254
4734.782092823301
1384.720243287292
1776.0196992182957
5295.0548664931175
1252.371991028472
1714.7856787428964
4520.363211180254
1209.1549215922837
690.8779475726711
294.7391433321855
1069.199749981503
793.7862265222519
241.7261942283142
4520.363211180254
233.1322091522741
437.10664148483164
322.648521107445
199.54220961013158
508.12997793881294
375.0497769409444
265.12845652874233
926.4883500142834
1231.669438344543
714.8980482684935
765.1902371258253
1560.577424982542
892.9201455040492
265.12845652874233
596.4145020348636
264.79629110452265
266.9830085502578
456.2775926718893
202.1544972343438
213.85509376234552
265.12845652874233
211.69040011416172
207.51751471454287
268.60157104578934
244.54176029985203
259.78293686077865
214.78066559802792
265.12845652874233
195.66163985579462
194.49458746621045
199.54728849306025
207.49103205046154
219.53315674851274
226.3081478260424
229.0205067630012
244.0696103302671
229.4960479873634
202.34977267626678
270.7242921794347
218.1929149719709
203.19583779516392
229.0205067630012
202.18813730302577
212.04236053270074
195.19107202063117
215.16541639184322
206.6549136323592
198.38282536802228
229.0205067630012
203.43756146863828
193.45747732073858
196.11147428908313
196.2192020688357
195.66610296106268
201.09603471204227
191.785421719928
190.0426500626848
192.90451023217668
214.49230307498559
316.370462034103
508.26958831841375
195.94226162701887
270.9530960504674
416.1279665536061
192.90451023217668
248.59231239062356
226.31185598460095
198.39136125485524
302.12434654331076
203.17857799308916
208.04346234381202
192.90451023217668
186.74031996378255
195.64002072274343
199.84507297971376
195.41712113787815
212.17622100500262
226.68946239907532
186.37541889173633
210.76870014806778
180.5702813992829
606.1901609368605
290.83384194170554
198.51852805098676
475.85975467047
243.91412034261108
187.12220985528384
1157.9974654411494
499.90293463136663
1372.489799752458
1151.2212930188216
481.1702839698328
1296.5336371260826
187.12220985528384
543.9593109328812
234.50027352338444
225.25614046436797
533.2854174366468
257.3860824454026
211.581492472624
187.12220985528384
225.4120428385001
216.88439683916286
193.3751806517126
233.98683202009315
211.39970029623666
199.52279675017525
187.12220985528384
203.01975910006888
184.91333819781875
185.90861980353176
203.13624072410832
190.34931060588735
182.08473204644568
187.12220985528384
182.40768947927947
185.08588835439835
179.798401024853
182.6353823361468
187.42122689488073
181.9374145776491
180.04188160381082
197.4781306091321
183.13677662039194
212.12500779768894
193.33839577562927
184.13630006210695
199.91031834019313
180.04188160381082
184.7410536656081
181.45990167272083
180.64669613204146
180.92180289952876
184.58257100070898
180.09976025560772
180.04188160381082
180.80070454395957
181.35364184916747
182.3544747349569
179.7837579979548
179.1585052768936
180.38150817969122
180.62224085884307
181.70597738540727
184.29243130140685
183.16404117874987
181.54478661685874
182.93514814648708
180.60459282126536
180.62224085884307
180.9126296683875
179.22150865832572
179.12268386649168
182.22682666080053
179.69317001688788
179.25146729992946
179.2222468825942
179.92605816305877
188.71463563577507
178.85222543302618
178.41596573130983
186.85576191817114
179.9863840545083
177.29261902827096
176.20730606863714
178.69298427183966
818.1064692977793
298.41789887383675
183.76037537100314
844.1597491992464
281.48223093511666
201.67823248345437
178.69298427183966
205.28038838302737
256.2006782167063
187.79621756679006
212.93190021586358
243.34174420319366
184.56046008067167
178.69298427183966
190.61590267917015
177.68143726171112
181.63030312611917
197.40105962580827
176.60105455119526
180.58605334854244
178.69298427183966
176.89460550169517
182.52968803735496
179.20752199827166
176.58657492345174
180.06270067736443
176.32197298710122
178.69298427183966
176.21562697750403
176.13284817393776
176.88796304918998
176.594853656452
176.57681636326578
178.82769642546495
176.8688934794157
178.83882682859533
183.74159109089217
175.50537733952075
183.9538208388878
177.68013749206224
179.36060670017133
182.047153495536
182.05773580971345
215.49561510132804
177.6944763784726
179.53719898830138
203.24842758729696
180.9589632078288
182.047153495536
184.95350888083738
176.01230220180366
177.00009815119395
179.7178817927191
176.57214956639285
175.37312731113556
179.18798973005892
179.17791082668433
192.46990126686822
177.7671798031424
180.28700466755774
188.07388031809828
179.90721617878617
179.18798973005892
178.20365839342614
182.45084010037516
176.73439453647165
176.15842861515688
180.23156422421116
175.6955503314727
179.18798973005892
178.4816650111844
175.52675769243749
176.07887753079044
176.79687606298748
175.45846932922623
175.4702627596235
179.18798973005892
175.33064295323683
175.48465608987217
175.69177373167844
175.44040457321987
176.30476904775514
175.39679946564794
175.32003922165626
175.59619584768836
178.72517776754722
175.3705539650953
177.049049144563
182.49739527697116
175.80424210710913
175.65727068700338
175.59619584768836
175.68545990881813
175.2391271047171
175.03511099568118
177.40049310501288
175.9440392234754
175.7489011169866
174.89771115181838
176.35733329329207
178.10639426951144
192.6967413203723
178.3250466657208
176.03998909406602
195.0835867815854
176.57479530513788
176.35733329329207
175.47553274576075
183.5718842975299
176.24104221475477
175.77230567265528
181.57665145681227
175.34706344390293
176.35733329329207
175.90626524728944
175.2500357185691
174.9302107865314
175.51927806408725
176.20115004693596
174.96315185230551
176.35733329329207
174.86212832696765
175.7029861893689
175.05867960179873
174.98514909639945
175.1890568737742
174.84234057910456
175.04829056050397
176.30746015892268
174.94608407598614
174.81535293732264
176.57280549891604
174.94108742056338
175.12989969090805
175.54265777352998
177.01846698314324
175.20429957540148
175.3212361373252
180.01032414888815
175.96957821265335
176.83443739042815
175.54265777352998
175.1608013343066
175.49765070374278
174.81705858024895
176.91684730910154
174.85670518717345
174.95144828329958
175.54265777352998
175.57189272420518
175.1573355711112
175.11726083040904
174.67417946345662
174.73722882305248
174.68775426343987
176.2385281712414
175.75807698158067
174.64394689280937
174.74980264979
176.54243709415223
175.28929547589286
174.82219521477685
176.33594571755475
181.01813231275003
175.60229340199265
177.67939722395485
178.2778334695713
178.28607337630953
175.82828528989606
176.33594571755475
174.65434078342912
174.63676439482208
175.07121973742673
176.0091887102414
174.87719066155887
176.2895707587561
175.3013161445818
174.32714316772504
177.88311531444475
178.9750782670354
175.06231494426444
178.31991237016967
179.98060736629043
174.05727442519202
174.92617117352782
240.38558607098088
177.85376695098302
206.4990469727269
223.7477564121773
185.9412841173448
220.2018378529133
174.92617117352782
217.3010391523393
174.15585562432304
175.65644869933388
233.45669916804277
174.32300351000077
179.81527306022596
174.92617117352782
173.5199679707883
179.12495319837353
178.74366968207974
175.3487672021187
175.19976611369688
175.16893836121966
174.69935271111086
196.1992979173948
180.78830403074764
186.27464744577077
195.7565994963917
182.24794431666064
186.23280706291152
174.69935271111086
177.53407760098673
173.60830730343727
174.79545708832754
178.01199033106727
173.92519515598772
174.92021504319612
174.69935271111086
174.46401282257
173.9724470211652
173.96993239465638
174.7913371872491
173.9935323702675
173.91009062996787
174.69935271111086
173.52354796103907
173.4763942034954
174.2046787466546
173.57520728528442
173.64829816417844
174.10739958599538
173.64374590659975
173.370082194623
175.62671819616384
173.46010816619903
173.71917129522487
174.87672120905785
173.64554796479268
173.56656860955653
174.90701231075653
174.38813758248574
180.0614541638083
174.56039350368428
175.42636960874907
179.4630251785299
173.56656860955653
175.9380619090206
173.55167462510903
173.27502275255503
176.40895855633494
173.46994565600673
173.67093153510297
173.70382910220596
173.61037383444113
174.32201157561963
178.533462058252
173.42877205101027
175.69557625822074
177.04214905745798
173.70382910220596
174.11720490846753
173.15921222326838
174.07460907671518
173.6154815033715
173.53011032706505
175.04962635332953
173.34436245951125
181.726154799381
173.75074851264932
173.9131695535935
182.07680869755438
173.10075731673925
173.88693750267842
174.57935837031528
190.60043025053068
180.09514768871313
177.5280865472179
183.7631170656662
184.69741765830105
175.1471958810837
174.57935837031528
179.04794686130472
173.5954631614848
175.2179374028268
175.58878469926964
175.04274795023144
173.25113689055073
174.57935837031528
174.8441412362291
173.4707626254213
173.12494783285757
173.18965950070367
175.30105341986595
173.1025522711307
174.57935837031528
174.07331771209104
173.00248506522337
172.9811491547053
172.99464582510015
173.2440088265487
173.26162328606856
172.86566274756007
173.12930537556733
173.09139955158813
181.29083168821478
173.66591761970412
173.24296671119666
180.60945918965467
174.01840607494273
173.12930537556733
173.1673148549436
173.01094700902792
174.79258969356917
173.58453448145474
172.94344493789757
174.78204230613585
173.12930537556733
172.94568825281078
173.13731678643353
172.8553734324505
172.84124124938677
173.21664856001877
172.9490159626779
172.95906813668034
173.29264617332376
173.1478841018453
173.89355171984232
173.5873905683188
173.03843068712942
173.240344050921
172.95906813668034
173.1156171521875
172.88629982473012
172.77294669155648
172.94059714399916
173.10587642667576
172.97571265462994
172.8349583804515
173.69454348327832
172.85577097040203
173.20019343702484
173.65038674336424
173.0742959828408
173.13814463793253
172.8349583804515
172.87579457672365
172.82456299993444
172.93372833553428
172.92580471133334
172.91651959286477
172.90339703782496
172.8349583804515
172.83595602709352
172.77119618232433
172.79815467884453
172.82710117528134
172.81446331495906
172.76757454651735
172.81634626635474
173.37375328499132
172.7813711843303
172.71475570569623
173.09920441028308
172.79012348733187
172.82536290689987
172.62399915172847
172.50181906067266
172.49326683047437
173.407326187422
180.39562403842675
184.49168546349136
259.8737156938609
179.15047498462565
179.88923713976706
243.97844006913752
173.407326187422
185.3717733296474
177.28577954416616
178.24420910177395
192.79484887158222
174.2149791027977
176.07613105403294
173.407326187422
173.75716814963135
181.8179368578328
174.146044030401
177.18258791611274
177.74004243460087
172.44559367498843
177.1736244632252
179.9770871661769
181.8533933319307
181.80250400940452
176.90349617258556
176.3930749101061
188.45734130568187
177.1736244632252
174.35776160491423
172.0507309776011
182.75072809038392
176.55688766779878
173.358746392626
177.41924278303802
172.81280093145705
173.6073499305377
174.916712420342
221.56599097495206
173.38994792529
175.9226932234028
221.39908050739467
172.81280093145705
172.39044243826748
176.7754964708411
174.8534707067212
172.87666760200835
176.6862269663541
174.6858811967275
172.81280093145705
172.2089479882933
173.73157178471646
172.27132889067676
172.25356624875465
173.66084470109462
172.0108002832629
172.47289990242794
175.88435264144064
175.0490178441376
172.1519102247465
174.7670968782303
174.23481764128314
172.42299369788577
172.47289990242794
172.13848792113123
172.10330927545073
173.83847686287825
172.58415471225894
172.0705034799487
174.64771843381536
172.47289990242794
172.331359161054
172.1766239085321
171.99076654285741
172.0804177828673
172.0312928633442
172.15436236391443
172.32140822030522
173.14281111884043
172.178332500022
172.15164755596757
172.83334039660107
172.06459848565177
172.3988683079696
172.32140822030522
171.96632130829283
172.55334994326023
171.9952237919504
172.04437419522185
172.32704666541358
172.01909707390197
172.0048873079304
172.70559280830204
172.0454038032901
172.77299768240727
172.79015428330706
171.98388147429822
172.80174846946355
172.0048873079304
171.99083768889307
172.39962871443092
172.04360287519523
172.04026500881875
172.42042110490513
172.07619893473506
172.0048873079304
171.98113085444348
171.979218957571
172.06919449143538
172.01161921567677
171.9806412957263
172.08276452561128
172.0048873079304
171.97921587861214
172.00014311302667
171.97295872284178
171.97935275188468
171.9875277951546
171.9617830515436
171.95900366178986
171.97863093059232
171.95597853025248
172.13962289613755
172.2858291775564
172.0563199123515
172.03248961245225
172.15364598089317
172.2325605109708
172.7610753271362
172.06121111173135
172.6326496279243
173.36182829361212
172.01683126931997
172.2866446289079
172.2325605109708
171.93278117245342
172.17299135901015
171.96027855909233
171.98393911789003
172.50463035572042
172.12548359606424
171.90067278805688
171.89357793266606
172.10769003169864
174.5590644960333
195.7133601814523
187.4259496306915
174.79089571108963
198.3383694666361
186.3507027467251
172.10769003169864
172.46794096583568
176.14061465630346
173.05406206733807
172.8718840276201
175.2081664275549
172.980247762985
172.10769003169864
172.7775376936274
172.2528113253623
172.24187937529732
172.33304330398644
172.52639560840714
172.33726884370773
172.10769003169864
171.97463338150297
172.03348435954192
171.88593966303068
172.03268586229035
172.23671926085407
172.07494180089702
172.3920389620448
173.11740952152016
173.41297006042745
172.04655078926768
172.3986037973508
172.68711405525215
171.98289441193162
172.3920389620448
172.21018248204643
172.14123720004105
171.84518194155473
171.92271605832647
171.90121575524023
172.00993146053793
172.01344922824345
173.32903215886304
172.30427336919192
172.1766906749926
173.32187843408627
172.34123830704786
172.16587054101058
172.01344922824345
171.85548204199438
171.86087791225384
172.24934248395078
171.8633685047966
171.88181507384311
172.24328591906794
172.01344922824345
171.8510344783399
171.91314935758822
171.85706366587797
171.86060385859255
171.91275232504574
171.8564384121227
172.01344922824345
171.86506315794065
171.8477204955201
171.85322383636853
171.86398399805037
171.84297343791312
171.85030473393812
171.83954707333618
171.83666035859895
171.8467785575794
172.34254270637132
171.95457885314462
173.08919237280892
172.2434654792675
171.88152255283904
173.41049604736034
171.8467785575794
171.8475978597171
171.87548521647432
172.01378317129647
171.91538994488963
171.95556129895667
172.110119842679
171.8467785575794
171.91328243008763
171.84058436468385
171.86119419921474
171.8668322102083
171.89647402188447
171.83591551377125
171.9057602517716
172.3276729733131
171.8924175101304
171.82924523971215
172.45817153476472
171.83280043104767
171.8491361030612
171.8355369254806
172.31368430340987
173.15955263870632
172.28394755902778
172.50969930283222
172.77550215609799
172.57469988725344
171.8355369254806
171.99713058969644
171.84532425668453
171.98001940188047
172.18315860132876
171.8344795244631
171.8925747361272
171.8355369254806
171.94469306048802
171.8423002308036
171.8331800311808
171.8486989058284
171.82662754226558
171.8789432504564
171.85271451158394
171.8313812886799
172.14009275778258
171.8833926032071
171.8443550542414
172.18767109567085
171.8715822275238
171.85271451158394
171.83197875675313
171.83350736483519
171.9842978755473
171.85902866924414
171.83160642790926
171.96805144528028
171.85271451158394
171.83040035442338
171.85234938020795
171.83176856759587
171.826466306318
171.83987133618913
171.8314303243062
171.83697739204547
171.94564046293894
171.834053910795
171.8560977339295
171.88785518620796
171.8803453331928
171.82296365805502
171.89435038956609
171.98989153474218
171.94445830515647
171.98276948927935
171.93175378347033
172.01563464943044
172.03839892958155
171.89435038956609
171.8227512536445
171.9245431832099
171.82899480409964
171.84396230520156
171.88073527842224
171.82605702350008
171.8846680072697
172.06864442745558
171.85143620081848
171.82380071577575
172.20188183732358
171.90036885905832
171.8680823665635
171.8846680072697
171.84543968280315
171.9288600626115
171.83879448002963
171.898703015463
171.87014690001175
171.89883566198677
171.8846680072697
171.82004718277665
171.82391777306228
171.82341281654888
171.84629504556446
171.82364763580313
171.8517642977914
171.87715742953816
171.83673634463025
171.8583771029473
171.8773552699096
171.8215818203709
171.8396154677056
171.92958989113237
171.87715742953816
171.82227160803225
171.83205142555073
171.83096550884662
171.8441824918073
171.81997459993127
171.82177431908426
171.85562704445715
171.95504395015277
171.82724896032585
171.81530843168852
172.00946527397784
171.82448632411163
171.8297691577499
171.82137361046586
171.98604974389553
171.8207028574307
172.12247852856117
171.98224135627777
171.82780471714148
172.14798434957626
171.82137361046586
171.8795181851832
171.84928450572644
171.8347303755291
171.87095946666935
171.85724894720994
171.83669108768422
171.82137361046586
171.81882695562805
171.833520318333
171.82161557461222
171.82010008229514
171.82962359733597
171.8256753966006
171.82137361046586
171.82004731299727
171.8161199670293
171.8163777209485
171.8181277162568
171.81813648143316
171.81679620012144
171.82137361046586
171.81567639014372
171.81666527764804
171.81706619184524
171.8158113394053
171.81570869521502
171.81569447308755
171.82137361046586
171.81572427375238
171.81540944001597
171.8154544231595
171.81512533298863
171.81556435276562
171.8152842418459
171.81545735393573
171.8156749020511
171.8154262783597
171.81576280053918
171.81644730697195
171.81506049494
171.8153980699302
171.8156391712095
171.8167466604842
171.81670941173275
171.81819283715495
171.81506071070154
171.81850991550886
171.8180531014826
171.8156391712095
171.81559358077092
171.814912924099
171.8154241648804
171.8156583298177
171.8159130257127
171.81600509679413
171.81673258378714
171.81528915126034
171.82124258800462
171.81907115667278
171.81827380796457
171.81868413178296
171.81516033584876
171.81673258378714
171.8151931387228
171.8166047494027
171.81509817611237
171.8165907128471
171.81461342432092
171.8151567114444
171.8181914123334
171.8144856473495
171.82021129983605
171.81484582214856
171.81798096348305
171.8175424248884
171.81502527219902
171.82394879307333
171.81487361508795
171.8221294983761
171.84157116906673
171.81589742008782
171.81684135722625
171.8255391775288
171.82394879307333
171.81395734967987
171.8151669498131
171.8141442847556
171.82037507041747
171.81999958724336
171.81529780063343
171.82898395936152
171.84747589636797
171.81223996718242
171.81657833456154
171.8681824937375
171.8158817084006
171.82282857569564
171.8094258053577
171.80627761694188
171.80988357664702
172.20240270552213
173.2457910156825
172.5983039784448
172.28411490476302
173.10023900139922
172.743560580348
171.80988357664702
172.28616605467727
171.8037323407544
171.84719448246375
172.19939731691122
171.8151900160267
171.88269702396454
171.81773195505085
172.04714055962575
173.3516949809211
172.26550897555612
171.9955086931596
173.3375714463263
172.25957464394133
171.81773195505085
171.84305894697772
172.5553270242816
171.84522048743196
171.83280936116546
172.56691608992125
171.8709352667416
171.81773195505085
171.89920522444365
171.80144157513786
171.81305462108207
171.89961620984937
171.81332108239778
171.81050491420322
171.81875319848092
171.99346821497278
171.90405660750451
171.89852589815746
172.03658091596145
171.87951417029186
171.93436002853846
171.81875319848092
171.8344561884346
171.81373727546347
171.83960766056813
171.8564277599263
171.82468934701348
171.85751003171703
171.81875319848092
171.82083181332243
171.80833998814506
171.80317616980847
171.83690094992997
171.80306201862624
171.80268848894713
171.81875319848092
171.8015890537297
171.8145255670669
171.80242214329996
171.80145692766888
171.8056809119219
171.80113084915325
171.80251879803123
171.80990665236703
171.80709193756283
171.80885150931982
171.81908676323437
171.8032992382354
171.80268779618945
171.80251879803123
171.80405176856772
171.80152266751077
171.80238825768723
171.8104416085759
171.80145470547663
171.80092522106366
171.8036694198812
171.80187151945307
171.80048611813677
171.83483432746306
171.80221711500323
171.80202778229346
171.8357860972347
171.8015992083395
171.8025751258101
171.82187683753045
171.85806956525232
171.8055190319981
171.83288668188797
171.87026165500052
171.8015992083395
171.81125852540762
171.80402322850827
171.80811834210454
171.8075877546514
171.80939073076814
171.8138057684926
171.8015992083395
171.80428284726497
171.80088503031357
171.8061332266136
171.80203190753733
171.80065700981086
171.80221153178684
171.8015992083395
171.8019934237436
171.800364239572
171.8003981339094
171.8006587074604
171.80075194788094
171.80250706011387
171.8005523065837
171.80714057715244
171.8023245631355
171.80239923609534
171.80500134656495
171.80332929302273
171.80038965844855
171.8005523065837
171.80066066108998
171.8001364295016
171.80348458609595
171.80109399395369
171.8007154862249
171.801830931707
171.80005109726486
171.80136143149755
171.80055285903595
171.80805236886212
171.8056161429651
171.80185878775492
171.81884646988067
171.81350363988355
171.80136143149755
171.8017108473899
171.79999217758382
171.7999800936229
171.80708406767945
171.8044882284177
171.8007511698263
171.80172535826287
171.8186611000876
171.80446629416574
171.80095467008704
171.81240913438631
171.810882297226
171.80110207590437
171.80172535826287
171.8010901971301
171.80015919445043
171.80544428105807
171.802444533448
171.8028014859159
171.80182178886432
171.80172535826287
171.80040238457045
171.79965345941656
171.80034128461332
171.80243875649285
171.80047036144478
171.79975254931776
171.7994910686479
171.80112963532065
171.8197738864515
171.80477915744734
171.80086678549188
171.81258559371454
171.80249758529865
171.80129929020484
171.80112963532065
171.79969081580703
171.80006572596054
171.8073776284708
171.79992295762733
171.7995746767202
171.8033440778753
171.80112963532065
171.79951330714897
171.80146173358602
171.79943902416076
171.79984458514812
171.79963721464688
171.8001336671207
171.80110664098987
171.80285149513642
171.8011159955555
171.79993963627803
171.80265194717026
171.80271074354474
171.79949999389694
171.80110664098987
171.80052237807783
171.79955230389393
171.7997733283
171.800995857155
171.8000553619011
171.7993102587097
171.79966933377372
171.80630628684267
171.80069540140903
171.8010732147018
171.80335360831705
171.80188906362935
171.79944488005168
171.79966933377372
171.7993089297031
171.7993663071482
171.7996699249958
171.79942794428615
171.80059819348838
171.80059259185114
171.79965533835278
171.80482720953466
171.80011985364362
171.80092356614466
171.80190915295867
171.801772594602
171.7991896402084
171.80343683422865
171.8283223577175
171.80275277602655
171.79941799035876
171.83970271765926
171.8011507495043
171.7996482131369
171.80343683422865
171.80011244166977
171.7986694182229
171.80919011338733
171.79917769250227
171.8002906708634
171.8041620605478
171.79937165833545
171.80650612259782
171.81916225191137
171.80012379626342
171.80586218306095
171.82009811982735
171.79988711677228
171.79937165833545
171.79972693532747
171.79854917032907
171.81023920935925
171.7999338466347
171.79900413676594
171.81067135779708
171.79895196674138
171.80046028662866
171.82184989617878
171.8135651908883
171.8008124917935
171.82666234085508
171.81001576014444
171.79895196674138
171.80086010618058
171.8002940273808
171.79926285329057
171.80286857034577
171.79971888278976
171.79998814499393
171.79895196674138
171.79868227626272
171.79853049582763
171.7996577809179
171.7985217416957
171.79870062740844
171.80090018619805
171.79878392045276
171.80163384350772
171.80105044685956
171.79899716595554
171.80292524743865
171.80059339143216
171.7990989067897
171.79878392045276
171.79893583463866
171.7984285438972
171.80031754439344
171.7987584094963
171.79888497000024
171.79967225980792
171.79905227762305
171.80494487810455
171.7991201350686
171.80136095766323
171.80309012587446
171.80055918136983
171.80026986551388
171.79905227762305
171.79946463225966
171.7984134724642
171.79854098954084
171.80046950854734
171.79908905495205
171.7987084668146
171.8003195748855
171.80078105651822
171.8010718869071
171.80076840495704
171.8037923694251
171.7997124228391
171.80320540009814
171.8003195748855
171.79863887167159
171.8000362203869
171.79843514893153
171.79975790918203
171.79857734900244
171.79878338337383
171.8003195748855
171.79893128385262
171.79849089557155
171.79832895126285
171.79829628587706
171.7983856021005
171.79908544600377
171.7992637916207
171.79914620416181
171.79872922058456
171.79841171186345
171.7989339889303
171.7985644034645
171.79877128316272
171.7992637916207
171.79838130796173
171.79848867290931
171.79887184553704
171.798395829404
171.79834332848634
171.7986023458923
171.7992637916207
171.79841946799957
171.79832984404575
171.7983260167667
171.79831049233775
171.79840520231915
171.79826847608396
171.79821861971325
171.79814195942322
171.7980808451073
171.79832741361602
171.85131834756112
171.79777941788973
171.80169584770888
171.845481112016
171.79872876154485
171.80203877824917
171.79821617132998
171.84198003259434
171.82743640365834
171.82698475071533
171.8400335641908
171.8337014489422
171.82244744813786
171.79821617132998
171.80718333021701
171.81719974453546
171.79964363677078
171.80390242569118
171.81986119808485
171.80035352450037
171.79821617132998
171.80174756476683
171.79838016966795
171.8003000496737
171.80030836308188
171.79785393929274
171.7992862091624
171.79821617132998
171.79818400830968
171.7978841044198
171.79796261022338
171.79890863976323
171.7984253295493
171.7980381928027
171.79821617132998
171.79785349170197
171.7979967859925
171.7979453927021
171.7977972666955
171.79789328803884
171.7985817028815
171.79821617132998
171.79780983972756
171.79799776204132
171.79789372837308
171.7977707760956
171.79770289374784
171.79779165556434
171.7979753032486
171.79803984161137
171.7977757773394
171.79765344101185
171.79815545825508
171.79765386077818
171.7978909844737
171.79797045275757
171.79767749104715
171.797694391341
171.79933074436582
171.79781733585304
171.79794047065405
171.7985525384313
171.79797045275757
171.79764693142093
171.79781785234422
171.79854480184122
171.79771043956575
171.79758401187576
171.79803783537906
171.79773010559126
171.80019907568177
171.79786974450792
171.7975884532709
171.80027320404304
171.79804596983075
171.79774733706074
171.79773010559126
171.79839496215806
171.79755763400257
171.79761861922566
171.7983636432626
171.79764379411446
171.79769841003798
171.79760509200563
171.7986385212661
171.79747796595677
171.79808324598014
171.79819566513353
171.79784372358776
171.7984160223348
171.7979378499936
171.797306151124
171.80131301360657
171.79975601240707
171.7977505085104
171.8026344974879
171.80082648479
171.79726472666195
171.79839085263689
171.89372912019098
171.8094089178763
171.8067779676736
171.9111952738702
171.81706001759707
171.8126662345114
171.79839085263689
171.80048069192733
171.81619797702095
171.81976768579472
171.8037534146737
171.80981560267577
171.82944526693134
171.79839085263689
171.80054729302455
171.80051062256797
171.7976959890402
171.8045759180924
171.79816015801956
171.80003251387905
171.79839085263689
171.79940406626906
171.79701766516362
171.79716090455048
171.79750141016245
171.79786250893304
171.7980207796505
171.7975756387488
171.7995151176677
171.79728473943294
171.8047984976281
171.79934561879392
171.79754022130032
171.80413930429884
171.7975756387488
171.7986937809989
171.79718584819543
171.79698597764298
171.7984364538078
171.7970738672393
171.79709773380566
171.797067731358
171.80077338517583
171.7987606264017
171.801468236937
171.8015250101105
171.79865646715206
171.80225182029616
171.797067731358
171.79780266326873
171.79751647111536
171.79721978048772
171.7974598229651
171.7973611352034
171.7973298082648
171.797067731358
171.79707961544378
171.7976282911452
171.79703535781806
171.79721785871237
171.7973994118816
171.796958112794
171.79696692834253
171.7985455485936
171.79724430474693
171.7980460941813
171.7981294553943
171.79760618232422
171.79770243325305
171.79696692834253
171.79697036428374
171.79696855671395
171.79749323981005
171.7969720257139
171.7970830655657
171.79781836286298
171.79696692834253
171.79703300770976
171.7969590195661
171.79706359360884
171.79695837733442
171.79696131956393
171.79696729311146
171.79696692834253
171.79694867175715
171.7969647477449
171.79702245437113
171.7969780486475
171.7969557422633
171.7969527342157
171.7969612740376
171.79694521806653
171.7969666347146
171.79699474508584
171.796962072945
171.79696480742373
171.79703431995512
171.7969681533531
171.79720814646723
171.79701409769535
171.79732772507828
171.79721180533392
171.79707054214964
171.79728370493524
171.7969681533531
171.79693570814155
171.797098022118
171.7969479111084
171.79695868713603
171.79707492644724
171.79694930356771
171.79692856560413
171.79696178876415
171.79915077718582
171.79716238731982
171.7972715148041
171.7985070572156
171.797301654157
171.7971188816309
171.79696178876415
171.797074582452
171.79689577655884
171.79736950345747
171.79694764713605
171.79698378500066
171.79767981670247
171.79689748660135
171.79848315157238
171.7971883869019
171.79722912773008
171.79847687343437
171.79727107685824
171.79719979424226
171.79689748660135
171.79700192042614
171.79739513306748
171.79690934383356
171.79696490334464
171.79744247870974
171.79691425827923
171.79689748660135
171.7970894594025
171.79690299523372
171.79688934569765
171.79707318919714
171.79692078008304
171.79690522494099
171.79688553647298
171.79691412745686
171.79689066812
171.79907786805757
171.79688733502064
171.79695829215254
171.798548252284
171.79709923505794
171.79691412745686
171.79729437567013
171.7970224250879
171.79685286914167
171.7970731472099
171.7969358525066
171.79693642629496
171.796842199914
171.79703950886164
171.79708045150042
171.80754989121226
171.7974643387879
171.79695721424062
171.8064430069596
171.79704195188822
171.79703950886164
171.79685402164867
171.79854485838234
171.79724060598255
171.7969265608211
171.79903235992043
171.7970003770127
171.79703950886164
171.7968467823368
171.79715142275535
171.7968739893235
171.79686220383957
171.79739168400994
171.79683367431733
171.7968864141305
171.79805863353113
171.79691677635458
171.79689015967443
171.7984604628846
171.79698619922874
171.79687377320008
171.7968864141305
171.79705338860387
171.7968495966901
171.7968381582682
171.7972408153037
171.7968792699991
171.79689788382555
171.7968864141305
171.7968687094153
171.7968332752927
171.79685188481977
171.79696771436417
171.79684033982562
171.79683379701436
171.79685127677172
171.79682829449638
171.79682772848832
171.79744192853408
171.7968763611421
171.7969129481038
171.7976627548219
171.797039007942
171.7981047306456
171.79702932817943
171.7968610869088
171.79835096239563
171.79719704195412
171.79698602159422
171.797039007942
171.79726178530734
171.79705897070767
171.7968618557015
171.7970755350006
171.79714799059232
171.79683384217293
171.797039007942
171.7968208098059
171.79683155871123
171.79695374755937
171.79686158951088
171.79688480658058
171.79689706666593
171.79688780011023
171.7971358721659
171.79685166263766
171.79687247262248
171.7972184217757
171.79685803167632
171.79686675335657
171.79688780011023
171.79685624515594
171.7968403781499
171.7968468366834
171.79688868679693
171.79683550606705
171.79682847377882
171.79688780011023
171.79682272753183
171.7968248097061
171.7968241925508
171.79682321210075
171.79683892075823
171.79683800784397
171.79688780011023
171.79682189111256
171.7968303982699
171.79682250194145
171.79682785479994
171.7968208710261
171.7968191794055
171.79681610382394
171.7968106934896
171.7968028361585
171.79679897449287
171.7968386606975
171.7998755769464
171.80026226685024
171.7968811792579
171.79960459517372
171.80008748345594
171.79720191479743
171.7968386606975
171.79727960990013
171.79755780787858
171.79689855665154
171.79733776267625
171.79763343160937
171.7970849410977
171.7968386606975
171.79714239966665
171.7968498331057
171.79679635372534
171.79721525119916
171.79686711263068
171.79688888309326
171.7970529804464
171.79973043292432
171.7968225406604
171.79697026254308
171.79873417604367
171.79703932005322
171.79686097402106
171.7970529804464
171.79744843254497
171.79686462121424
171.79694014461407
171.79700399063896
171.79710790647377
171.79680720970103
171.7970529804464
171.7967713092867
171.79676756529236
171.7969850329936
171.79684819699116
171.79687765287892
171.7968018383744
171.79686751910376
171.7969337884085
171.79682284881244
171.7969797213613
171.79695920166708
171.79681913301903
171.79701392202452
171.79686751910376
171.79678663586782
171.7967733369842
171.7968371093921
171.79676927897998
171.79678063298726
171.79683521607015
171.79686751910376
171.79678208125074
171.7967835218311
171.79677079959725
171.79677914395353
171.7967754733089
171.79676496173545
171.79676164683096
171.7967625856952
171.79689990721945
171.79690357524765
171.79687586296464
171.79684745194754
171.79684655702232
171.79698587458734
171.7967625856952
171.79677817347158
171.79682303822594
171.79675687453854
171.79681030513822
171.7967827617286
171.79679200750823
171.7968240955377
171.79675032494126
171.79687039707431
171.79761384623754
171.79676847599373
171.7968171639051
171.79743810030598
171.79675238182634
171.79739075108034
171.7973329321829
171.79756888200149
171.79724485062854
171.7971672603981
171.79734440631495
171.79675238182634
171.79677029341698
171.79704783090975
171.7968301347598
171.79673878669587
171.7971842808671
171.79677254048988
171.79674100013796
171.7974941392099
171.79696417300556
171.79753366323345
171.79753013504487
171.79697733332003
171.79751733443285
171.79674100013796
171.79686659779244
171.79697188086627
171.79704950116064
171.79688481761912
171.79697256699802
171.79706693147077
171.79674100013796
171.79681085603428
171.7967754776732
171.7967542194243
171.79680138892454
171.79677379659046
171.79675044183764
171.79674100013796
171.79674054524608
171.7967642209386
171.79674093785633
171.79673711164716
171.79676791332597
171.7967398471639
171.79673401203726
171.79672881479843
171.79672242835466
171.79672568859766
171.79686743195916
171.80263860239174
171.79805314668675
171.79678176235797
171.80314065486542
171.7978176344272
171.79672568859766
171.7980398447769
171.79745236577654
171.79685956941358
171.79782602992586
171.79764424711777
171.79677946102044
171.79672568859766
171.7969643927707
171.79685311423603
171.7967273850673
171.79687858150697
171.7969491699979
171.79674532018973
171.79672568859766
171.79680739640364
171.7967292196583
171.79672173792457
171.79675854487556
171.79676512921597
171.7967300667963
171.79674120095385
171.7968286039855
171.79684868105917
171.79680699326119
171.79687419513056
171.79689893393783
171.79679132728293
171.79674120095385
171.7967784045153
171.7967284976739
171.79678042877106
171.79675428612023
171.79672100280428
171.79675549674678
171.79673760654293
171.79688437831857
171.79682285379167
171.79684408818628
171.79683996040197
171.79688300003957
171.79690263452022
171.79673760654293
171.7967988214104
171.79675874682124
171.79673051217728
171.7967649656007
171.7967316937976
171.79672101102162
171.79673760654293
171.79671965759087
171.79672202386664
171.79672578034945
171.796724817092
171.79673709639877
171.79674068500265
171.79672437435374
171.79672332157398
171.79680756061842
171.79677719746118
171.79672703347845
171.79679461495778
171.79679424552353
171.79672437435374
171.79673815642602
171.7967298448169
171.7967211913964
171.79673085120623
171.7967352145976
171.79671881511976
171.7967192041588
171.79672630850655
171.7967515262108
171.7967935704425
171.7967267147501
171.79675749871492
171.7967922725641
171.7967192041588
171.79672335123738
171.7967522634674
171.79671994142439
171.79672185888978
171.79674916168028
171.79672001559834
171.7967192041588
171.79672142967843
171.79671881210854
171.7967207756074
171.79672217785233
171.79671990174177
171.79672061453107
171.79672205692623
171.79672354634172
171.79672083188822
171.79673550987803
171.79672046683913
171.79672662631447
171.79672849686094
171.79672205692623
171.7967185207365
171.79672121136326
171.79672571554462
171.7967212295142
171.79671925022197
171.79672126959449
171.7967243160825
171.7967368608859
171.79671992689498
171.79672110046522
171.79674666342342
171.79671899153453
171.79672005563958
171.7967243160825
171.79671814608326
171.79672436695625
171.7967220685949
171.7967192164793
171.79673017609355
171.79671944888935
171.7967183600496
171.79672433825954
171.79671717850252
171.79674498139167
171.7967204879557
171.79672000802816
171.7967362950582
171.79671792647406
171.79672813746072
171.79672674959417
171.7968621175743
171.79672942990058
171.79672702443176
171.79685532789188
171.79671792647406
171.7967409154763
171.79672221883018
171.79672046859355
171.79673794077993
171.79672253969514
171.79672062138488
171.79671792647406
171.79672325034005
171.79671698093807
171.7967185812413
171.79672463821058
171.79671757018627
171.79671813818513
171.79671716816495
171.79672935122085
171.79671834842432
171.7967247674221
171.7967249599921
171.7967219879381
171.7967287026095
171.79671716816495
171.79672292637136
171.79672018332212
171.7967185910087
171.79671947548744
171.79672269214262
171.796717232934
171.79671716816495
171.7967168811236
171.79671675073354
171.7967190883192
171.7967172057593
171.79671760133346
171.79671752770767
171.79671746088442
171.7967190895476
171.796720702461
171.79671870429277
171.79671939792564
171.79672046166021
171.79671994948637
171.79671746088442
171.79671723990236
171.79671786539785
171.79671714430594
171.79671738575308
171.79671774603915
171.79671777572906
171.79671746088442
171.79671680116564
171.7967167354335
171.79671725024878
171.79671673015105
171.79671682333293
171.79671702119222
171.79671677852954
171.79671683726997
171.79671668040683
171.7967183582584
171.7967169509969
171.79671687563655
171.7967188097689
171.79671686816098
171.79671888264556
171.7967203797083
171.79671751373166
171.79672050829066
171.79671893370877
171.7967164289257
171.79671767151618
171.79674129921915
171.79672043842055
171.79672214135223
171.79673829159287
171.7967228628916
171.79672161737244
171.79671767151618
171.79672360860985
171.79671891591389
171.79671816022594
171.79672180160554
171.79671956581325
171.79671696884733
171.79671767151618
171.79671690773975
171.79671750179466
171.79671727895507
171.79671630349006
171.7967183252691
171.79671685900186
171.79671711275958
171.79671933640014
171.79671679681033
171.79671875161586
171.79672107735453
171.79671683075046
171.79671787375278
171.79671711275958
171.7967166061378
171.79671647243327
171.7967170745592
171.79671739022248
171.79671649269758
171.79671779120062
171.79671711275958
171.7967165159939
171.79671642325246
171.7967164095424
171.79671629466037
171.79671632135026
171.79671698678703
171.7967168879868
171.79671639465613
171.7967188459754
171.7967163769871
171.796716417331
171.79671840144945
171.7967169594549
171.7967168879868
171.796716537334
171.79671624020486
171.79671633724212
171.79671664333148
171.79671642262494
171.79671652034216
171.7967163518179
171.79671654268455
171.79671646587917
171.79671815310604
171.7967166357861
171.79671649358124
171.79671745618424
171.7967163518179
171.79671631576835
171.7967167304063
171.7967162263139
171.79671624771362
171.79671645098236
171.7967163024745
171.79671634370118
171.7967175519907
171.79671639587323
171.79671631450884
171.79671757855945
171.7967161746688
171.7967164507367
171.79671642511053
171.7967163448456
171.79671976891984
171.79671914005937
171.79671670889084
171.79671857255474
171.79672147393552
171.79671642511053
171.7967168833911
171.79671717182583
171.79671615703694
171.79671766723158
171.79671626196426
171.79671662161903
171.79671740974413
171.79671755834792
171.7967197189847
171.79671703661074
171.79671649701436
171.79672091904257
171.79671642829553
171.79671740974413
171.79671709288854
171.7967175865885
171.7967160940402
171.79671665125454
171.7967166986415
171.79671631666477
171.79671625793486
171.796720710278
171.79671711777797
171.7967161562387
171.7967203638977
171.79671792974426
171.79671654320254
171.79671625793486
171.7967161749791
171.79671830784164
171.79671640497597
171.79671607829042
171.79671882233535
171.7967160016854
171.79671647271186
171.7967206172763
171.7967161162015
171.79671654087426
171.79671869147566
171.79671752752472
171.79671773177623
171.79671647271186
171.79671744721105
171.79671615196747
171.79671638823584
171.7967164121205
171.79671687073855
171.79671581536937
171.7967160434511
171.7967177764893
171.79672364274745
171.79671606889409
171.7967169766854
171.7967234974875
171.79671604779165
171.7967160434511
171.79671586693277
171.79671692952024
171.79671585774892
171.79671602731943
171.79671711088193
171.79671597230373
171.7967160434511
171.79671589065404
171.79671582068264
171.79671622066806
171.79671608958293
171.79671585349692
171.79671624105865
171.7967160434511
171.7967159145747
171.7967158929154
171.79671583347837
171.79671592982572
171.79671579565772
171.79671583513354
171.79671592973958
171.79671621708746
171.79671584332107
171.7967158708487
171.79671587170688
171.7967159340841
171.79671581670553
171.79671592973958
171.79671581336598
171.79671575270675
171.7967158168334
171.7967157900299
171.79671587269672
171.79671595198275
171.79671576905542
171.7967162357686
171.79671583500115
171.79671573588917
171.7967161656139
171.79671579055272
171.79671585482254
171.7967159581423
171.79671684610153
171.79671577349745
171.79671637475664
171.79671624390556
171.79671609623452
171.79671573793257
171.7967159581423
171.79671573124742
171.79671566728828
171.79671581149563
171.79671576756658
171.79671601698905
171.79671613762721
171.79671616759458
171.79671601112352
171.7967160537908
171.79671586786574
171.79671655092994
171.79671623937804
171.79671610905018
171.79671616759458
171.79671572300362
171.79671568780722
171.7967159063102
171.7967159969095
171.79671570367998
171.79671575731874
171.79671616759458
171.7967157343177
171.79671574911103
171.79671564778425
171.79671563196243
171.7967156777381
171.79671576447194
171.7967156564086
171.79671571179423
171.79671581530587
171.79671562745148
171.79671578287173
171.7967158895372
171.79671566176395
171.79671569431025
171.796716086852
171.79671580557994
171.79671659019812
171.79671628273732
171.7967159854696
171.79671646110697
171.79671569431025
171.79671624920903
171.79671559331678
171.79671566110008
171.79671638048634
171.7967157208949
171.79671563949418
171.79671570299155
171.7967161527339
171.7967158293102
171.79671571423174
171.79671671385086
171.79671659763585
171.79671558738966
171.7967159204999
171.7967177377718
171.79671761526083
171.79671681518454
171.79671806971888
171.79671873412
171.79671748964319
171.7967159204999
171.79671575819333
171.79671746110037
171.796715681216
171.7967155718753
171.7967183014805
171.79671585481032
171.79671600669766
171.796720029187
171.79671613163035
171.79671720647698
171.79671765862307
171.79671766422854
171.79671557059334
171.79672046799718
171.79674106335264
171.79671675876787
171.7967158628624
171.7967532553095
171.7967159738122
171.79671853735607
171.79672046799718
171.79672162509883
171.7967184082473
171.7967150465397
171.79672816125608
171.7967159092813
171.79671675391575
171.7967159762118
171.79671738365138
171.7967262368353
171.79672891174388
171.7967169362043
171.79672658388387
171.7967282215761
171.7967159762118
171.79671856166271
171.7967183101264
171.79671528907036
171.7967184852939
171.79671811458007
171.79671492130362
171.79671502272396
171.7967309362472
171.79672175864522
171.79673130367883
171.7967356237546
171.7967198357762
171.7967343724083
171.79671502272396
171.79671472323932
171.79671900795645
171.7967160845419
171.7967151641429
171.79672091403066
171.79671749993636
171.79671446143914
171.79671447515824
171.79673759683726
171.7967450183481
171.79675277281723
171.79673827194645
171.79674804680502
171.79675085853893
171.79671447515824
171.79672935131356
171.7967197291806
171.79673225115968
171.79672891470744
171.79671943284515
171.79672999644512
171.79671447515824
171.79671775329874
171.79671679095415
171.79671476463994
171.7967171490229
171.79671681476708
171.796715461149
171.79671447515824
171.79671464341865
171.79671685893177
171.7967144734721
171.79671455397855
171.79671634831135
171.79671468167547
171.79671447515824
171.79671458567356
171.79671458581058
171.79671462200238
171.79671439230577
171.79671471629186
171.7967146937927
171.79671441931077
171.79671621545143
171.79671464226146
171.79671446978747
171.7967163364647
171.7967144892428
171.7967147110447
171.79671441931077
171.79671448413984
171.7967144285076
171.7967146954623
171.7967143724785
171.79671444953013
171.7967146089619
171.7967145488702
171.7967143805299
171.79671579036244
171.7967144836857
171.79671465033462
171.7967153004584
171.79671447096777
171.7967145488702
171.79671477047384
171.79671446213413
171.7967144465703
171.79671452677755
171.7967143343318
171.79671439932739
171.7967144125734
171.79671531854234
171.7967148498329
171.79671538248917
171.79671515928263
171.7967151352579
171.796715354207
171.7967144125734
171.79671451634684
171.79671448210033
171.7967144771442
171.79671464575168
171.79671443466086
171.79671444724738
171.7967144125734
171.79671433063993
171.79671433775113
171.7967144008428
171.79671435370452
171.79671434396846
171.7967144689807
171.79671437030612
171.79671442764436
171.79671428974095
171.79671482068528
171.79671433642358
171.79671437546924
171.79671456059407
171.7967142197329
171.79671412686218
171.79671412970757
171.7967273105888
171.79672318392835
171.79671476509182
171.79672661986396
171.79672465950784
171.79671511425968
171.79671412970757
171.79671749819602
171.79671485582767
171.796715617425
171.7967171458942
171.7967153712484
171.79671516120513
171.79671412970757
171.7967161997628
171.7967142310373
171.79671444646746
171.7967158114162
171.79671414232638
171.79671421812725
171.79671412970757
171.79671427293923
171.79671413960335
171.7967142363895
171.7967144361583
171.79671426611563
171.79671426088322
171.79671412970757
171.79671425369833
171.79671413343095
171.79671418722916
171.79671417811653
171.7967141321372
171.79671410834703
171.79671419688253
171.79671421628387
171.79671411586972
171.79671426678584
171.79671435795933
171.79671414175297
171.7967143439787
171.79671419688253
171.79671413623905
171.79671413978474
171.79671410116072
171.7967142110342
171.79671412945825
171.79671413103145
171.7967141332638
171.79671434244386
171.79671417309297
171.79671416917708
171.796714332339
171.7967142169855
171.79671420280405
171.7967141332638
171.7967141350527
171.79671413574212
171.79671413524926
171.79671414745835
171.79671411487772
171.79671412163356
171.7967141332638
171.79671410506984
171.79671409621994
171.79671412660454
171.79671411172797
171.7967141069398
171.7967141387718
171.79671408885815
171.79671408421336
171.79671411526905
171.7967145852159
171.7967150053378
171.79671443033584
171.79671489080997
171.79671493838967
171.79671431661814
171.79671411526905
171.79671409822362
171.7967148226788
171.79671418421935
171.7967141909558
171.79671469448775
171.79671405495375
171.79671420864992
171.7967175786705
171.79671419932546
171.79671405538735
171.79671667505198
171.79671426544104
171.79671409606954
171.79671420864992
171.79671426014363
171.7967141507199
171.796714166406
171.79671406408121
171.79671431524727
171.79671404155044
171.79671430890772
171.79671641849657
171.79671415661434
171.79671421918613
171.796716000375
171.79671442156393
171.79671414548355
171.79671430890772
171.7967142602185
171.79671412115084
171.79671412200003
171.79671443019885
171.79671401737835
171.79671419962412
171.7967141353093
171.79671572619904
171.7967143369616
171.79671410971434
171.79671621702627
171.79671427781867
171.79671414541204
171.7967141353093
171.7967140018229
171.796714638261
171.79671409477646
171.7967140593426
171.79671441503532
171.79671421800938
171.79671404995526
171.79671462922914
171.7967150223866
171.7967143192979
171.79671433604096
171.79671452897549
171.7967141524316
171.79671404995526
171.79671397597735
171.7967142447116
171.79671426380222
171.7967141225093
171.79671406061445
171.7967140850749
171.79671420880368
171.79671456157504
171.79671543097015
171.7967141029681
171.79671487936437
171.79671503428958
171.7967139341513
171.79671410599695
171.79671596145715
171.79671828119876
171.7967168483254
171.79671538287283
171.79671887470664
171.79671649194054
171.79671410599695
171.7967148464766
171.79671505751398
171.79671398486695
171.79671465962386
171.796715453971
171.79671394693327
171.79671410599695
171.79671430687995
171.79671395908122
171.79671393873988
171.79671416341006
171.7967140756083
171.79671396423728
171.79671410599695
171.79671399657158
171.7967139318043
171.79671393120006
171.79671395582128
171.7967140043664
171.79671396962277
171.79671402285854
171.79671395200194
171.79671444760544
171.79671404496187
171.7967139335152
171.7967143399077
171.7967139563541
171.79671402285854
171.79671393205075
171.796714096875
171.79671397189742
171.79671394508594
171.79671403862469
171.79671392545401
171.79671401882922
171.79671406381487
171.79671390653183
171.79671432483119
171.79671398818624
171.79671395905183
171.79671457614654
171.7967139127176
171.79671402430697
171.79671443174024
171.7967151093543
171.79671392237492
171.7967145363833
171.79671504538751
171.7967139127176
171.79671406425223
171.7967140325298
171.79671397978566
171.79671406536266
171.79671410475544
171.79671400235557
171.7967139127176
171.79671392830434
171.79671393975866
171.7967139807449
171.7967139023172
171.79671396666436
171.7967139601332
171.79671394656833
171.7967143075261
171.79671399788933
171.79671393942377
171.7967141177991
171.79671389423584
171.79671391088843
171.7967141405104
171.79671566440086
171.79671421772588
171.79671391504945
171.79671629145952
171.7967140545375
171.79671418707116
171.7967141405104
171.79671398384832
171.7967141338968
171.79671388741545
171.7967141404335
171.7967139484462
171.79671399457754
171.79671415435377
171.79671408863078
171.79671476794007
171.79671514730447
171.79671391916102
171.796715108574
171.79671485153375
171.79671415435377
171.79671416880254
171.7967140146066
171.79671390423619
171.79671439062463
171.7967139535911
171.79671391476955
171.79671415435377
171.79671398088763
171.79671392293434
171.79671387539287
171.79671391320204
171.7967138788367
171.79671392275662
171.79671392133363
171.79671401499093
171.796713931531
171.79671416258313
171.7967140712272
171.79671395289301
171.79671423771805
171.79671392133363
171.7967139943784
171.79671386987238
171.79671392924308
171.79671396539743
171.79671388301927
171.79671389369085
171.79671386512908
171.79671388086464
171.79671396918718
171.79671545206173
171.79671390744986
171.79671428627233
171.79671607733627
171.79671390804933
171.79671388086464
171.79671398929256
171.79671402345656
171.79671386301624
171.79671424872063
171.7967139029757
171.79671389391265
171.79671393879894
171.796715564229
171.7967140416212
171.79671390169577
171.7967161076794
171.79671400230117
171.7967138894254
171.79671393879894
171.79671405522276
171.79671406104927
171.79671386692692
171.79671422309124
171.79671390843484
171.79671396369267
171.79671393879894
171.79671388327776
171.79671404736675
171.79671385256984
171.79671384798604
171.79671392320574
171.7967138861745
171.7967138336527
171.79671386786697
171.79671391118583
171.79671626495664
171.79671391558614
171.7967138383988
171.79671663392693
171.79671399861255
171.79671386786697
171.79671401425682
171.79671427494964
171.7967138524761
171.79671389521303
171.79671441984573
171.79671386762223
171.79671386786697
171.79671394543146
171.7967138410794
171.79671386968826
171.79671387634377
171.79671382919136
171.79671384626857
171.79671382914557
171.79671386456778
171.7967150527775
171.79671425281123
171.79671409421547
171.79671446229457
171.7967139036319
171.79671389638185
171.79671386456778
171.7967139654844
171.79671400410572
171.7967138873182
171.79671433292185
171.79671383624125
171.79671382249316
171.79671396375537
171.79671447504552
171.79671442203028
171.796714135
171.79671438118714
171.79671459852824
171.79671417098774
171.79671396375537
171.79671385200155
171.7967139662595
171.7967140621998
171.79671392363585
171.7967138993136
171.79671404140885
171.79671396375537
171.79671390114387
171.79671385857137
171.79671381253704
171.79671386313356
171.79671384244784
171.79671383884036
171.79671381178866
171.79671388695564
171.79671395100132
171.79671428937763
171.7967151995065
171.79671424591578
171.7967140429288
171.79671466530297
171.79671388695564
171.7967138213607
171.79671420651195
171.79671384033938
171.796713907277
171.7967145998392
171.79671381423418
171.79671388695564
171.79671400074295
171.7967138340068
171.79671380649643
171.79671383742948
171.79671380140124
171.79671381853584
171.79671381614625
171.79671389987578
171.79671381400743
171.7967142571348
171.79671382286
171.79671382055113
171.79671450615655
171.79671381614625
171.79671381713422
171.79671385548127
171.7967138165607
171.79671390320985
171.7967138056978
171.79671380282392
171.79671381614625
171.7967137962255
171.79671382481692
171.796713793901
171.7967138382353
171.7967137973897
171.79671381427303
171.79671379501463
171.79671385501382
171.79671379852624
171.79671381314435
171.79671382543862
171.7967137989001
171.79671385015584
171.79671379501463
171.79671382078246
171.79671380214435
171.7967137986645
171.7967138012075
171.7967137901189
171.79671379433162
171.79671379593972
171.79671386945486
171.79671386152873
171.79671379784898
171.79671386991959
171.7967138458003
171.79671379149258
171.79671379593972
171.7967137954022
171.7967138014953
171.7967138139948
171.79671379570098
171.79671381144297
171.7967138139099
171.79671379593972
171.79671379361858
171.79671379663006
171.79671378976155
171.7967137895468
171.79671379571633
171.79671379113807
171.7967137971881
171.79671380749508
171.79671379657114
171.79671380444313
171.79671379318378
171.79671381446195
171.7967137987343
171.7967137971881
171.79671379592463
171.79671378862534
171.79671379270596
171.79671378998933
171.79671379576138
171.79671378740392
171.7967137861722
171.79671379590332
171.7967138438997
171.79671380201228
171.79671379574344
171.79671387519988
171.79671379821585
171.7967137965786
171.79671379590332
171.79671379363452
171.79671380788355
171.79671378925195
171.7967138064391
171.79671379694418
171.7967137831743
171.7967137774176
171.79671376689123
171.79671374976874
171.7967137312517
171.7967137571049
171.79672104960963
171.79673046772007
171.79671815470118
171.79672069941432
171.7967303109872
171.79671835193167
171.7967137571049
171.79671817700253
171.79671536110035
171.79671483380992
171.79671830390632
171.79671527033003
171.79671469343606
171.7967137571049
171.79671454372811
171.7967142441244
171.79671387902135
171.7967145586745
171.7967142279931
171.796713965238
171.7967137571049
171.7967139457185
171.7967138403442
171.7967137696386
171.7967139693293
171.79671385195488
171.79671381194936
171.7967137571049
171.79671378514067
171.79671374179543
171.79671374865495
171.79671378675673
171.79671373834606
171.79671377120698
171.7967137571049
171.79671375518873
171.7967137367656
171.79671372753995
171.79671374733832
171.79671373507833
171.79671373725694
171.79671372701037
171.79671375350867
171.79671374029138
171.79671424382764
171.79671382225806
171.79671374319233
171.79671410182706
171.79671390275323
171.79671375350867
171.7967137274744
171.79671380466255
171.7967137963025
171.79671374326497
171.79671375757712
171.7967137473079
171.79671375350867
171.79671372610395
171.79671372850265
171.7967137330705
171.79671374982894
171.79671375092704
171.7967137252035
171.79671373434311
171.7967137621788
171.79671374267087
171.79671377822223
171.79671375540724
171.79671374025423
171.79671379223592
171.79671373434311
171.79671373160323
171.7967137309542
171.7967137324802
171.79671373739356
171.79671372939833
171.79671373652275
171.79671373434311
171.79671372992453
171.79671372777162
171.79671372756604
171.79671372655721
171.7967137265402
171.7967137260217
171.79671373434311
171.7967137252583
171.79671372548458
171.7967137255402
171.79671372662514
171.79671372514665
171.79671372686624
171.79671372571283
171.79671372543274
171.79671373458206
171.79671372509839
171.79671372506334
171.79671372818004
171.79671372585403
171.7967137254974
171.79671372580398
171.79671377193907
171.7967137284069
171.79671372835406
171.79671374985594
171.79671372431778
171.7967137306103
171.79671377135531
171.7967137668153
171.79671373220455
171.79671377821438
171.7967137548366
171.79671372867307
171.7967137306103
171.796713726856
171.79671374407025
171.79671372335676
171.79671372556302
171.79671375011912
171.79671372696234
171.7967137265026
171.79671376381486
171.79671373616432
171.79671374281062
171.79671378267955
171.7967137468251
171.79671373605527
171.7967137265026
171.79671373455238
171.79671373268238
171.79671372382913
171.79671374329095
171.79671372586787
171.79671372910605
171.7967137265026
171.79671372798944
171.79671372551067
171.79671372332388
171.79671372384826
171.79671372356225
171.79671372697828
171.79671373403156
171.7967137411999
171.79671372699943
171.79671372743525
171.7967137323367
171.79671373453266
171.79671372235137
171.79671372981707
171.7967137770452
171.79671377877892
171.7967137255717
171.79671379596599
171.79671376311322
171.79671372526246
171.79671372981707
171.79671372504032
171.7967137500949
171.7967137327646
171.79671372575373
171.79671373972323
171.796713742884
171.79671372981707
171.79671373190075
171.79671372266955
171.79671372616627
171.79671372610645
171.7967137224764
171.79671372257636
171.79671372981707
171.79671372239048
171.7967137249122
171.7967137221467
171.79671372240944
171.7967137222627
171.79671372292393
171.796713722844
171.79671372509833
171.79671372354133
171.79671372212164
171.79671372711343
171.79671372344635
171.79671372262203
171.7967137233987
171.7967137403718
171.79671372929823
171.79671372342543
171.79671374765869
171.7967137271524
171.79671372690265
171.7967137233987
171.7967137220732
171.7967137233685
171.796713724808
171.79671372261402
171.79671372271451
171.7967137281779
171.796713723341
171.7967137210071
171.7967137471738
171.79671372532255
171.79671372365183
171.79671375044765
171.79671372533667
171.79671372039337
171.79671372525323
171.79671384234575
171.7967139658133
171.79671373632868
171.79671388405833
171.79671403508468
171.7967137362033
171.79671372525323
171.7967138707245
171.79671372398832
171.79671373806684
171.79671382435484
171.79671373197743
171.7967137285296
171.79671372525323
171.79671373598097
171.796713724051
171.79671374286895
171.79671372440924
171.79671371923058
171.7967137276102
171.79671372440285
171.79671384928804
171.79671372964782
171.7967137261445
171.79671386373178
171.79671373023317
171.79671372205132
171.79671372440285
171.79671373435366
171.79671372102612
171.7967137221199
171.79671373116008
171.7967137239139
171.79671372607453
171.79671372440285
171.7967137236087
171.79671372080318
171.79671371999513
171.79671372202876
171.79671372315536
171.796713718766
171.7967137187216
171.7967137221685
171.79671376373142
171.79671372007493
171.79671374307375
171.79671378996056
171.79671372339035
171.79671375856304
171.7967137221685
171.7967137310018
171.79671371997824
171.7967137241518
171.7967137460302
171.79671371897268
171.79671371990764
171.7967137221685
171.79671371868778
171.79671372414487
171.7967137181877
171.7967137227385
171.7967137184834
171.79671372119614
171.79671372294877
171.79671373283654
171.79671372248518
171.7967137185934
171.79671373227274
171.7967137245998
171.79671372067867
171.79671372294877
171.79671372108078
171.79671371788763
171.79671372195438
171.7967137208864
171.79671371913767
171.7967137209483
171.7967137192364
171.79671372095902
171.79671371789996
171.79671375464974
171.7967137238699
171.79671371949658
171.79671374967072
171.7967137192364
171.79671371847527
171.79671372150673
171.79671371813726
171.79671372018754
171.79671372319544
171.79671371869082
171.7967137192364
171.7967137179316
171.79671372023955
171.79671371866283
171.79671371842247
171.79671371914748
171.7967137177709
171.79671371952236
171.7967137252174
171.79671371949215
171.79671371782237
171.79671372207756
171.79671371778014
171.79671371802476
171.79671371952236
171.7967137177552
171.79671371771576
171.796713718947
171.7967137179307
171.79671371787794
171.7967137209388
171.7967137177262
171.79671372295468
171.7967137178733
171.79671372240014
171.7967137199217
171.7967137178551
171.79671371885328
171.7967137177262
171.79671371764732
171.79671371900673
171.7967137201431
171.7967137178018
171.79671371778943
171.79671371798858
171.79671371756996
171.79671371764874
171.79671371821175
171.79671372836614
171.7967137209273
171.79671372238911
171.7967137403163
171.79671372612484
171.79671371764874
171.79671372820323
171.79671371763408
171.7967137168993
171.79671372100094
171.79671371806072
171.79671371855585
171.79671371650937
171.79671371951332
171.79671371869267
171.79671383053318
171.79671373802165
171.796713718812
171.79671381566524
171.79671374773812
171.79671371951332
171.79671372030623
171.79671376025502
171.79671371995295
171.79671372218118
171.79671375016787
171.79671371720198
171.79671371951332
171.79671371669463
171.7967137166822
171.79671372296187
171.79671371792793
171.7967137189514
171.79671371975545
171.79671371951332
171.79671371645395
171.7967137187962
171.79671371649087
171.79671371745255
171.79671371715264
171.79671371822715
171.79671371902091
171.79671371649042
171.79671371865444
171.7967137221549
171.79671371756262
171.79671371774035
171.79671372013854
171.79671371902091
171.79671371737643
171.79671371639967
171.79671371750618
171.7967137167618
171.79671371708588
171.79671371681317
171.79671371800762
171.79671371730288
171.7967137169247
171.79671372029424
171.79671371938676
171.79671371773762
171.79671372278725
171.79671371800762
171.79671371623846
171.7967137165586
171.79671371738277
171.79671371692177
171.79671371647962
171.79671371893568
171.7967137170038
171.7967137236725
171.79671371630255
171.79671371722048
171.7967137246941
171.79671371695838
171.796713717228
171.7967137170038
171.7967137170174
171.79671371690645
171.79671371648794
171.7967137168535
171.79671371647626
171.7967137163059
171.7967137170038
171.79671371638997
171.79671371635717
171.7967137167167
171.79671371635214
171.79671371626407
171.79671371640154
171.7967137170038
171.79671371626512
171.79671371624505
171.79671371626262
171.79671371628595
171.79671371637494
171.79671371622408
171.79671371620768
171.79671371627035
171.79671371680487
171.7967137165685
171.7967137166977
171.7967137166461
171.796713716941
171.7967137166561
171.79671371627035
171.79671371685689
171.79671371625392
171.79671371620282
171.7967137166249
171.79671371623826
171.79671371627802
171.79671371638258
171.79671371760898
171.79671371620438
171.79671371621697
171.79671371678836
171.79671371628191
171.79671371694633
171.79671371638258
171.796713716123
171.79671371634052
171.7967137172161
171.79671371631278
171.7967137162002
171.79671371647402
171.7967137160406
171.79671371621248
171.7967137193718
171.79671371781393
171.7967137161706
171.79671372021238
171.7967137178759
171.79671371644326
171.79671371621248
171.79671371615532
171.7967137178341
171.7967137162065
171.7967137159362
171.7967137174159
171.79671371610993
171.79671371572596
171.7967137153588
171.79671371480902
171.79671371444488
171.79671371667948
171.79671440444213
171.79671377078543
171.79671490831223
171.79671443976477
171.79671376394182
171.79671486400645
171.79671371667948
171.79671372911565
171.79671438182788
171.79671375945787
171.79671372619183
171.79671434795767
171.79671375208787
171.79671371667948
171.79671372052522
171.7967139007264
171.79671372548796
171.79671372388597
171.79671391920778
171.7967137219537
171.79671371667948
171.79671371563305
171.7967137179231
171.796713751741
171.7967137156761
171.7967137206884
171.79671374403154
171.79671371667948
171.7967137156636
171.79671371478125
171.7967137219195
171.7967137176166
171.79671371441063
171.79671371875088
171.7967137152497
171.7967137163273
171.79671371764906
171.79671375394258
171.796713716521
171.7967137173272
171.79671375654127
171.7967137152497
171.79671371951022
171.79671371444624
171.79671371729825
171.79671371848283
171.7967137144254
171.79671371718013
171.7967137152497
171.79671371536995
171.7967137150055
171.7967137144936
171.79671371555062
171.79671371463755
171.79671371475885
171.7967137152497
171.79671371504705
171.7967137144489
171.79671371441674
171.79671371477565
171.7967137144046
171.7967137144987
171.79671371448651
171.7967137147502
171.79671371552766
171.79671371566366
171.79671371459372
171.79671371546644
171.79671371605366
171.79671371448651
171.79671371446994
171.79671371458699
171.7967137144672
171.79671371439778
171.7967137146496
171.796713714584
171.79671371455453
171.79671371458056
171.7967137147739
171.79671371485207
171.79671371434657
171.79671371535267
171.79671371550873
171.79671371464042
171.79671371859104
171.79671371436197
171.7967137171725
171.79671371928248
171.7967137143577
171.79671371754355
171.79671371464042
171.79671371520993
171.79671371509832
171.79671371484193
171.79671371492202
171.79671371531805
171.79671371468416
171.79671371464042
171.79671371448248
171.79671371435163
171.79671371486359
171.79671371457243
171.79671371436217
171.7967137146603
171.79671371464042
171.79671371435484
171.79671371440187
171.79671371439292
171.79671371433955
171.79671371448168
171.7967137143411
171.7967137143345
171.79671371436658
171.79671371534297
171.79671371437024
171.79671371570103
171.7967137154197
171.79671371435037
171.79671371566798
171.79671371436658
171.7967137143917
171.79671371437223
171.79671371489468
171.79671371439454
171.79671371435205
171.7967137148609
171.79671371436658
171.79671371443877
171.7967137143355
171.7967137143441
171.79671371442421
171.7967137143441
171.79671371434034
171.79671371436658
171.7967137143493
171.79671371434097
171.79671371435893
171.79671371434452
171.79671371433906
171.79671371434918
171.79671371436658
171.7967137143389
171.79671371433903
171.79671371433545
171.796713714334
171.79671371433716
171.79671371433332
171.7967137143336
171.79671371434546
171.7967137143361
171.79671371434623
171.79671371434586
171.7967137143351
171.79671371435177
171.7967137143336
171.79671371433423
171.7967137143382
171.796713714336
171.7967137143354
171.79671371433696
171.79671371433938
171.7967137143336
171.79671371433716
171.79671371433423
171.79671371433474
171.7967137143361
171.79671371433457
171.7967137143342
