3.6587946095109517e6
741816.647519195
1.4739638337594997e6
1.8807519673123052e6
6.405161598193868e6
3.9659832940095286e6
634198.846267793
6.159483014393515e6
696294.4594502901
3.8993950880466206e6
52283.42631155524
2.2225211327914363e6
776876.7653568054
2.1683747885130597e6
1.241668987496513e7
6.632932766286281e6
1.292405455023881e6
7.343048386284567e7
6.434081098099395e7
1.831157299245223e7
1.2041851696325013e7
1.241668987496513e7
447748.38246419176
1.1709256696489569e7
1.453014326205803e6
411332.8429480722
3.8993950880466206e6
6.405161598193868e6
1.241668987496513e7
1.017998707976121e6
69661.73619800573
153145.73476551843
350537.4809996076
610614.0539013055
589160.1238145564
1.241668987496513e7
782873.0026478508
56366.27868362344
135993.59261795937
199946.396432019
93808.35245503826
7844.586177917378
87771.64158850841
1.3597490234843828e6
1.351577210954477e6
2.2136119481001664e6
755558.2599389359
2.583636303546514e6
1.3198029949308697e6
87771.64158850841
231374.5406956475
113473.50595586722
88602.65325021493
137317.43317262485
43414.28661150428
57231.23280108939
87771.64158850841
116206.53761574856
9842.758877797804
29781.391969304354
51800.36870751427
7497.210908041455
18306.179163587985
10054.76978886355
200763.3003078958
77766.40857520208
50592.895349637634
147876.85191744688
71140.34189919988
92193.47651778808
10054.76978886355
20358.636091460212
62299.47767623482
12498.677158724315
5294.049263154843
90909.1951089911
21782.92976901049
20767.0584752346
414464.26191724185
69935.2734355937
47983.915286657924
432679.998620054
49571.09682166142
54471.16039713561
20767.0584752346
33302.43065007056
34714.32350786081
11118.993169782334
58370.74109707347
10113.38291030597
26453.75090051523
20767.0584752346
17062.582453433864
8336.794876650572
3131.087729189246
35117.03990142158
4216.12412258458
16007.290215752468
26877.428455123434
55925.12091995345
8169.957616307303
45630.22938827342
33580.60996700122
12918.560561737493
26453.75090051523
26877.428455123434
32971.08972488364
5131.7464553201
7685.885859457473
17491.495095348455
12255.913470671554
2528.000194323538
13536.026736274058
43148.61518543126
15188.07076723552
23012.860348090693
46839.303554919556
16034.469281039695
19106.33875105634
13536.026736274058
12221.81789591442
6307.017287310442
6495.001444132986
14067.162080658578
5276.318255326613
7816.00384789211
13536.026736274058
5990.435187701225
3125.9125439262702
4591.8363771344375
4739.713048889659
3752.077913140466
4186.959649765277
13536.026736274058
3018.9667890340233
3006.4464737873764
2465.4772659957243
3462.359143768469
2789.612112998051
2870.4785147121556
3153.8192284785277
3079.141006739406
7492.84202173204
5180.805828987039
2858.34213032521
4506.592380645186
3066.186434195122
3153.8192284785277
2202.23094923774
4140.937780466092
3720.1771033580117
3364.6274924534378
2657.0065774694326
2641.2559824969467
3572.0931473429537
6404.225053714993
2370.65433469781
3369.377602425515
5715.1538291912375
2420.898032049783
2903.310454752094
3572.0931473429537
2391.5657953564623
2484.6833440892215
3082.960788682
2581.6549153340443
2590.1476522535027
2716.5990765832803
3572.0931473429537
2204.772070227769
2251.6313241240296
2288.45829500591
2308.021464834193
2297.6067945196023
2445.621783761302
3572.0931473429537
2275.4852937903665
2197.9896667649796
2203.7326787418324
2210.907900889558
2274.855482565289
2208.575800530785
2393.4417513545636
2308.3456888287815
2511.289086693431
2178.2159673835913
2440.6214471250223
2306.740253710501
2246.3798766424047
2225.2095882917174
3008.6150901351375
2263.471884827084
3124.1732827209717
2873.7838912387247
2105.993122117138
3401.5395721322093
2001.840776896642
1963.6787530496213
2649.7786033150865
4410.569849414442
16529.93457922285
74654.7482686136
8144.617629656125
15878.304855111443
75603.5511510915
2649.7786033150865
24512.225947494375
7948.590843321209
2970.454494226979
24833.10272325369
7218.095079663771
5501.466813903063
2649.7786033150865
2458.049353448614
3425.9866733950394
7204.262778640544
2351.990269915511
4940.727843133881
7433.033776337875
2649.7786033150865
2013.1425100688589
2670.748019826407
2427.364593442035
1916.596134333076
3297.826251444073
2281.4048354143306
1830.7210532297247
1701.1102361810122
1698.4199588780712
3753.9850756625024
526783.4743106101
208322.3393251549
576218.5287460138
394033.14180082123
301367.3580241634
421027.4683168538
3753.9850756625024
89148.20611991783
6792.482124070235
5700.333512666977
69027.20784667553
8792.687983093037
15563.297151182473
3753.9850756625024
7695.858644991189
12785.127228734775
8797.282263141875
12776.275978881999
8472.382701628345
2741.9312776215565
3753.9850756625024
9455.396656118517
2356.71738730192
2592.6108036752094
4345.780110816816
3198.331217011296
2272.329475639901
3753.9850756625024
1542.0010091101485
2024.9505701807384
2397.141298285086
2900.8773221982974
3850.7755622509962
1236.2991345134449
1011.8634847607194
3294.186733508881
17231.044913155998
5541.274666436661
24259.02025108178
20986.50319834148
3653.7460923929407
29146.6483367076
3294.186733508881
2729.818210022557
5380.111475198593
2358.101981734626
4720.888403375395
3233.6640945597255
1563.796569334509
3294.186733508881
1109.6159268682952
948.682662550367
1767.2570632165437
1858.2141506722303
1596.1930465288756
3202.1339282264985
2425.0632770101583
3186.083713887498
4614.838100538319
3449.1260561154
2114.756866745527
5591.394705428527
4549.494930641566
2425.0632770101583
3655.4580063872622
975.5765585141331
1078.9824190085553
2839.9270918025145
1320.455690778978
858.5604272698574
803.0667707152353
1223.4419170773533
656.0984689586675
34187.19042255609
2472.5720777379865
1631.0551366417917
38348.42673843738
1556.447863505999
2103.5920219279615
171871.43042695642
20328.94927380821
4838.79786696704
152687.52004804555
26799.75704982235
2982.850812402174
2103.5920219279615
6035.117787461738
19525.870049865345
2113.253849117158
5130.605036251671
20253.080814224177
3408.4897217220123
2103.5920219279615
4830.032650196483
762.8928067455288
1926.2772418615875
4512.169393705738
1214.6779461583656
1728.7198731949593
2103.5920219279615
907.6362682926379
1783.2068130605428
880.2808728555372
742.8392877535017
1772.1995496826767
1135.5389437330612
2103.5920219279615
681.0696687054829
770.3250775921362
1059.9874463213603
748.7607679816259
613.1958684892137
977.7986214083028
741.6788645955767
2193.573937060097
1093.4060870754095
1210.7722269102317
1588.491765174877
1905.2029008429224
704.0005941594002
741.6788645955767
819.7916768056905
1349.5490881117544
567.942191953741
556.8668644601078
928.3589565672652
747.581511634995
900.1879329419152
1821.9162119042273
753.7770569145133
628.8865216121619
2301.4482392646437
741.4673699201003
843.9596462962196
900.1879329419152
549.5228306825179
832.2764233315398
551.6106968159598
681.3068363948024
696.1651130052447
686.0512906643579
892.2583908342726
822.7271482129987
1544.5936379761697
542.5911486632774
1220.363232348706
2188.832487964868
899.1956131865189
1597.082890094389
10658.935337894081
1058.9602537903704
2486.999247454116
9106.212284603758
582.4212842314975
1452.1869732472096
1597.082890094389
586.3145961153757
2184.695942797731
1431.8686432119741
578.9640213338253
3006.422758026235
780.3583511574142
1597.082890094389
676.73699337016
612.1486287479626
673.025094371644
1040.1980780471888
500.0398598769817
530.1713436986496
496.22791961882524
816.1167521162674
4575.1728701277525
1464.5679021919004
790.9493272275481
4844.268045541919
1978.1290241606061
1084.0768782921266
816.1167521162674
537.7530004085706
1669.111767859785
572.9470907826654
666.6528698537826
1504.569174622758
814.2599858143144
816.1167521162674
553.9076658670998
860.2418057060719
497.23876871959976
531.8055183703132
989.666986066708
616.6049446634811
816.1167521162674
532.0534899067574
589.3060272911836
516.1559530225604
553.5649546862785
502.9538596601363
485.05377078545496
489.3867074316481
541.6160779835607
970.1442447206235
516.5463633977934
482.06537852845946
984.6003530123854
575.3820993934952
638.7443981504525
1560.0324327464195
609.6509660854598
738.7972869443541
2345.0790697666935
531.3473447808066
429.6047170515956
946.1210103471936
4638.273973539652
978.6420104524271
2211.207003039005
3675.8963501851463
769.7071344383395
1566.1147921223323
946.1210103471936
1949.2641077222363
644.592632038381
484.6247830112748
1366.9330937774587
878.8883502252661
503.8181720169862
946.1210103471936
596.6296702654242
476.1780812373594
453.06946900944246
905.3791850458887
619.4222922661161
557.800905185052
946.1210103471936
442.57748200887846
421.79473751460927
430.45671748455567
599.8785095521922
468.7681404811233
440.7383573102256
499.3621548512872
731.295160927883
583.8899800232692
544.0406768551375
718.4780993983738
553.1245810219266
508.62658027915126
499.3621548512872
466.54240176445415
417.35454403963763
479.1181243278614
460.69493370111695
437.19926603607007
487.20091926616567
441.59163588216006
447.5706864820008
645.4184847190602
764.6968846644908
398.22922665870954
565.5806669831228
679.1272306087668
392.19629619263924
501.7256755243281
3072.6347272500075
871.9530915276262
3984.675823088287
4190.633135524175
528.7694445402307
2788.2716438812813
501.7256755243281
4147.4019989449525
402.42582257210324
715.6481694835833
2981.1030747173327
409.64886248563374
508.8254968828565
501.7256755243281
470.9369516163821
442.6687724455336
429.9073141031364
352.7240005278805
698.8960082132444
732.2940263894409
395.10113075213263
1796.4364101469696
862.8290216981895
1119.0685101562942
1611.4786684978058
883.8704260772112
1094.4720993214858
395.10113075213263
585.8848359474908
358.3845316235319
465.709016367402
623.7166477068138
386.81247334114664
400.62720984375187
395.10113075213263
410.5220598451504
399.24381231146543
372.4794275778243
432.78498949542995
360.69277830099116
376.21246373163495
395.10113075213263
360.8386057719733
354.3035866763122
402.4173644626181
347.88318968407003
357.7051270513466
377.97127224803745
348.075545855152
365.2698681618023
426.70016824088464
354.1960701524342
337.7637379798207
484.1194366902721
349.90751972899284
339.42432424690895
431.9919154668801
473.53285669772777
705.7400710028384
424.1937318853999
425.2609966240388
719.5103133594104
339.42432424690895
507.8985460532844
339.6151770707823
355.52528618924504
500.650926865544
351.42571509121115
337.087745203413
386.09794161885867
335.82920095608114
487.8018798965721
546.859877386893
371.31919738976984
375.173560189645
692.3779625788256
432.84148824086776
824.1495528878424
440.12465027083647
1735.277671934103
968.3135835385871
322.5174643060729
1617.3932936309682
592.0196774422927
9012.99661655097
326.2251813248513
1183.9407668973097
7222.435113418218
666.484010572652
795.0029151529072
592.0196774422927
1391.1108698077544
636.6747502244078
644.7887581238283
893.2352953698712
1099.0964274845685
439.31780591180564
592.0196774422927
714.5749328754678
327.51089693501
441.67503012773017
424.2858291920731
488.6819333423966
331.00951527357165
592.0196774422927
439.32975027675576
327.72653505497306
307.60671214481994
309.0342127384382
481.87395402460254
339.3939611056026
283.640072437423
258.83376066879174
299.4529370511628
7071.673753260202
715.0843276423099
719.5054953784596
7579.635304387227
579.5137433864396
511.6333643308698
299.4529370511628
323.3155662037111
1996.953034464991
455.0655859180901
337.2979456524582
2327.3544145573696
559.0028994316577
299.4529370511628
428.00544690062657
278.5947328762033
653.9557935606742
329.3456604233962
291.40659166020816
818.8243128543943
299.4529370511628
250.32554300974203
367.0760333458936
258.56869048980633
280.02654018272557
301.33789354513453
279.4493340836787
271.8702811278654
408.22133314047363
307.2212616672517
420.88016584162096
375.3310623735385
306.0644997531642
454.07696623664725
271.8702811278654
290.9617798396455
298.29726593057035
262.65182803315815
298.1407330907615
278.2708707439768
255.7680361306874
271.8702811278654
269.07021508985207
253.49863610636268
254.84044639692303
258.9532785595559
252.32693296351312
258.76557742849957
271.8702811278654
254.11372969591295
251.50316342479516
254.71129622634987
250.69129821773237
251.9666095686364
250.31708917136072
263.4405941904049
258.6959668632942
260.90043130704703
255.1079795221837
270.53755003352717
248.77466148211164
250.9910592346667
272.9470459383384
390.7898175582019
255.12847221320118
254.0296812144574
338.23287380506076
252.09462895682609
244.3724567966733
238.17506280760745
236.57575506693752
279.9206788088583
684.1863668800005
738.611601386619
4452.949651829688
733.8988508640851
1082.4528766492617
5514.952032143401
279.9206788088583
1539.8336027807782
341.5936970365909
499.69569436080013
1047.6459570707373
555.7266382651732
637.1101220373906
279.9206788088583
533.1025422698253
564.8934633392477
233.38521650058445
302.99558855142175
824.6738154268139
345.58315219281207
540.3167274262128
511.69320747427656
475.25867719038484
1173.2466464119689
684.6537931640627
836.9192522745749
777.6745405915236
540.3167274262128
474.797334826554
291.79444335746575
534.1208270179168
355.0462361557727
204.46292731725612
874.4198874261455
236.44130304946478
287.4757199688404
457.036331600307
3447.404343752906
310.15222772303235
379.24538363389155
3454.1376875484843
236.44130304946478
258.96740708936744
495.3820293404555
359.0951649097349
218.7380489248094
522.2288084307442
366.4717485244444
236.44130304946478
216.24546998877008
308.96591119941894
197.036502593889
213.6007184634409
304.71203573338755
223.51387275077715
217.07083237957747
373.9677924496843
333.1020157498844
217.19717374226104
439.1170972053496
374.5174669075502
214.12525494589286
217.07083237957747
232.60746830932433
205.22272148071872
356.11377621918604
208.7188659451305
198.42939487663125
312.0351070949065
217.07083237957747
201.43322093625576
199.37208492742778
204.3673209041504
216.82791312837605
206.22493831945584
197.83274350161838
217.07083237957747
205.1589336094417
198.56845814102357
196.7841253602812
196.71353769482326
196.5977295391844
199.4426172381102
198.9951014004628
199.16365992201779
228.92338743774812
196.44086580973882
195.81681908053412
220.83340337669776
198.77511991544503
199.62415096843554
262.96502539569894
199.2444464118977
260.67503970893165
226.35946045436242
198.39359863509407
232.86324315113066
199.62415096843554
204.9192109045296
235.15589347669325
206.70936279185204
192.9295890826014
211.30225066892763
196.86130084196094
205.84204897035858
221.02366800119736
213.3246753868493
289.69109960328217
228.37815584639847
200.6743292882172
313.7852213392496
205.84204897035858
201.3410456719178
226.8506292996618
193.4077336613457
209.5041906676561
214.87768330786557
194.6383859482341
205.84204897035858
195.14820960637837
193.75363094615147
194.82348994993438
192.106982082646
196.03558512171895
199.3184026058778
194.66405569987006
212.30350425934694
193.740002120781
199.97879874968234
206.6503646603635
192.91651145669337
200.05911153494438
194.66405569987006
193.04517515836886
199.3367280197216
194.01617528100192
191.24774512197936
196.7599392010967
193.01639322197707
189.76625729819955
187.75207092146383
187.52592674785578
202.34422620034556
360.7936731204112
1891.3871084937255
1094.8290590641823
422.8439702101981
1573.5753820096165
1304.4948498722242
202.34422620034556
267.26920328400973
360.6352097778671
237.49617747708243
205.3536857391383
488.92340621772024
284.0838721767758
202.34422620034556
200.75929494103696
240.3034885213104
229.49403605044517
256.17718770927365
195.21281908177622
198.44568632788022
202.34422620034556
202.76264095140286
218.58830934526384
203.1871875394921
186.47082577156044
186.5853597249407
182.63928724103937
205.0901907091644
233.55658355656627
254.53869110271074
191.1338110479769
244.04710464870263
257.74369085891044
189.93355855520275
205.0901907091644
192.6388558138718
190.99706438540719
186.66509186378946
195.34882644142124
191.2463009791399
184.11692619302733
205.0901907091644
187.27535658718497
184.4597001385983
183.91148175054428
189.8670660758087
184.5397985878831
183.86647380160437
205.0901907091644
183.0595379588858
182.77128576175022
184.58605203572947
182.34022843868817
182.71227935586998
183.84535381874056
182.10511005315405
183.0828406459396
186.63234787656324
197.1325589417309
184.10204862984216
182.85633638454752
201.20199683760652
186.08050207630066
183.0828406459396
185.78332194770238
181.72612996157696
182.76504521532567
188.13230838665228
182.57872909165133
184.801536798331
181.2498581640072
181.40856043463327
204.7931014379648
184.03968397188245
285.16843401873456
215.01592304824612
189.84458331205118
254.54458902671507
181.40856043463327
187.22282751269324
190.23185851771524
200.06594298586577
181.18294754703618
182.16837500865955
190.6704228923865
198.81284923290826
246.83255130191682
204.8931314204258
196.36683244277188
222.90406464504676
222.6085926961882
189.91289693972965
198.81284923290826
225.9514047680851
182.17623421271685
181.7550945207696
206.97014086562774
183.457424939402
180.9958500744491
181.7855428956632
231.28033886141748
236.4258619932319
233.90495633066377
203.93019326156954
267.4895591574921
204.13733329495568
181.7855428956632
206.42038487189586
183.28246991259243
182.4214982799035
188.66670193491507
180.1070371694838
193.04002726327138
182.50788358366376
231.78703199357838
182.9725807487879
216.07179688401524
264.97299481976904
187.93028597940145
197.8595955445138
182.50788358366376
180.22947530667523
210.5389916906949
186.13008216840078
181.3706996360799
192.26721759644275
180.60833963021892
182.50788358366376
183.61795946025276
179.68045335708337
183.79194147038064
178.95198417492534
181.2510357611668
195.42614148137582
183.72152653240462
180.1170208161748
198.69299284508662
184.7970666857394
181.35611263094412
198.43419249875078
183.4501332721249
183.72152653240462
184.7721238437851
181.34460593266533
180.05193723183345
184.52616489661742
180.49549303907176
179.4655439925442
183.72152653240462
179.447280251665
179.6891546791228
179.47594928348568
179.52918667963095
179.4466879652321
179.93324206487543
183.72152653240462
179.07365108159647
179.2896777911007
179.04269501491214
178.91117014536573
179.24385377234864
178.89899871936623
178.90615474034337
179.97334650609523
178.87033851797068
179.09935105875147
180.2884462837221
179.34349431442203
178.89073422671802
180.06150723282363
183.11846700935325
182.42080027243307
183.58427860726403
180.88044354462244
184.8992361116355
180.08916208320156
180.06150723282363
180.24628838622144
178.84952857224937
180.39577635087693
178.8178673222358
179.01981746202017
179.2199052503596
182.6837338932268
178.92955042143717
179.91913210561637
186.39312384169526
179.84520622348904
181.47490584902164
181.70904351438512
182.6837338932268
180.63515025583305
178.7480462714141
178.8013290415038
178.64978654498012
179.6427564607589
179.64847262773975
183.26700765407537
191.73881412749552
178.81060564258226
179.68833774948033
186.0771430381308
179.23321305440103
177.95754665733594
177.60554528990693
180.98641340370745
214.15419799170027
180.0419711466602
270.1689794468659
225.7695452985975
179.73731167139786
246.1061649462959
180.98641340370745
187.89160553083627
190.47944937621034
181.27874662752512
197.97424517028057
183.61534757205237
184.2401650107955
180.98641340370745
178.1293691510808
179.23788517278527
181.39155726892363
179.17891897749618
184.3238055680475
177.9920807981817
180.98641340370745
177.33723684757473
178.87417157058474
177.5797799472563
179.80200589036656
177.24485200381386
178.27511459767396
179.25098714026865
179.72253977614497
181.39937905099546
181.46294480299306
178.31300381108161
180.11337129275068
181.7542288861
179.25098714026865
177.655071656163
177.5940043087705
177.46194585604144
177.7745135281444
178.33554763251698
177.5339931239387
179.25098714026865
177.65758754059325
177.29090317527434
177.28823220517316
177.30489841603605
177.2611166553465
177.43158456037378
179.25098714026865
177.20650249931737
177.25734454839804
177.37489106187326
177.31044318017499
177.31218012083266
177.21222598543056
177.2115365904518
177.61375459015701
177.2575757907561
177.26052674109468
177.08324927443593
177.33234518196522
177.48870002335374
177.6888651642478
177.55049029690218
178.9342312136306
177.72598564535474
177.54658021506057
177.79168746267737
177.57272824588668
177.6888651642478
177.1472377020011
177.32484339077303
176.94935878365297
177.51065315168157
177.19711749140978
177.32773860860442
177.01343262103518
177.50562098520314
178.21262700328757
176.94058983327758
177.21006478801644
177.8551953725818
177.11783121728465
177.4020202827375
177.2480578920353
178.7738000450889
182.16111454147062
177.09577510054496
177.61659383301938
181.41039998956828
177.4020202827375
177.52372847191552
177.37149157854128
177.02788666768413
177.71530316457913
178.07759408054525
176.97842675335093
177.4020202827375
177.84905767726158
177.04579887834225
177.077989976978
177.42583506836638
176.83829057123324
176.98223420100464
176.6424403940053
176.28586665492128
175.71429511933437
175.14607042368092
176.3791590746094
306.0667468822613
489.7554670751751
416.7948166463291
272.1156860860173
552.0444023226534
360.6326118206988
176.3791590746094
268.04384111806183
177.93537319846024
196.7683926846864
303.6509574870209
174.0092465094525
183.37668196596408
176.7380897328628
223.5580887419798
540.8727590372503
283.2699800845784
229.3403479198453
570.0074627861926
297.60419997795583
176.7380897328628
183.11798494576624
377.91528526757537
189.43348243362107
182.42176674841448
358.14742982666746
186.73891699243856
176.7380897328628
201.35001402912673
176.22306451792306
174.97473374294546
195.51582525365714
173.65029586599903
177.0302734492143
178.49949858505818
237.72216836601027
191.05078599862964
210.58847967333543
218.70465927789294
202.53363626077004
195.57635826016593
178.49949858505818
189.5116962445718
180.69191066485908
189.79249806089624
180.19799665730486
175.67261541759066
181.64807988826692
178.49949858505818
184.13615738691792
173.54306319553282
173.78648355149977
177.1512341526945
175.91317011282823
174.27078893546684
179.77311518829686
173.0114565872506
212.1775399448073
175.47252174758427
174.7270583567364
205.60602678077808
174.3297007204833
173.91564781838613
226.81593327246895
190.451781450168
193.40931547298908
227.4762930877567
188.52976181948586
191.2359141702258
173.91564781838613
197.44146594349132
174.38844202332464
175.89524049828822
198.45405216160347
174.48985556059267
174.46893657396478
173.91564781838613
173.58848088422843
173.19855526449876
182.1400861629371
173.00718851992968
173.00224795167367
181.39750634003465
173.51360261624623
174.72907689302784
181.54588362231183
191.14652969871366
173.09593789725315
178.1132891080962
187.2896699702676
173.51360261624623
174.82117116647524
175.41108058953685
176.7255899969271
175.7195923698359
173.732288113016
174.65170426231236
173.51360261624623
173.33715048899404
173.13116682192683
173.29246324393415
174.03067141470686
173.01742735428726
174.58979159912266
173.51360261624623
173.01763648874135
173.03684840208996
173.61840723553797
173.4147208541851
173.0038115722286
172.87931721000103
174.1138351521037
174.867482417773
173.10070077190332
173.18437970189038
173.7860055605058
173.91772110935113
173.10384164506075
174.1138351521037
172.8288037792911
173.02687960959358
173.7660595151525
173.1891041212515
172.76307695083796
173.1640138371622
172.6246515112211
172.72464224655914
172.87178235128175
176.17170825390176
174.9946498483424
172.97737286626472
175.89651047048804
175.10021990704834
172.72464224655914
173.70867163630714
173.25414348348076
172.70539377497067
173.76128675309056
173.10978707748282
172.70382923632155
172.72464224655914
172.87949621552707
172.78252035871324
172.62212814014313
172.8658477447817
172.71188356652743
172.66040287769707
172.71678062295175
172.94249113635752
172.99829631189377
173.6617672787211
173.21023165214334
173.00685101810572
173.45660698056383
172.71678062295175
172.91604053990713
172.66591019399803
172.62795579885028
173.06230038739992
172.6195965146267
172.65084149790505
172.73837800848108
173.24773646199992
172.7481213382032
172.7853494644519
174.11701688558773
173.01628917527606
172.65998017577252
172.73837800848108
172.63554371877618
172.61703998973962
172.74748487335918
172.64439823870654
172.66370712447653
173.240243706177
172.7364655831031
172.7751260396817
173.56424344118383
172.9812758728192
172.84165786419928
173.82696461012748
172.86062015947383
172.7364655831031
172.89446713860127
172.75611050686385
172.6171984015187
172.76149173234978
172.79455295616216
172.65208642257247
172.7364655831031
172.66292620505058
172.6397031439004
172.60769788759217
172.73984209451973
172.6406786920671
172.6393890899545
172.62803980535577
172.94290002583685
172.6947608947596
172.66136720837295
172.97396553763025
172.7746770577168
172.67597629765945
172.62803980535577
172.6093462978304
172.66216877209257
172.64611623730542
172.61346448664662
172.63873104288945
172.67413605603997
172.62803980535577
172.62550742151302
172.60986698680207
172.60276372316474
172.6221459604281
172.6186750484499
172.61856726616296
172.61070315101827
172.78656116850166
172.61294139637428
172.62102997110176
172.69666924823133
172.61439043648184
172.58720410771951
172.56420656254565
172.5507107419276
172.6538165316829
172.69491461200224
173.27526192955884
179.283425555621
173.34899903789005
172.43092869871785
181.0894488818644
173.99714767584572
181.7310481097624
196.87599481108762
173.3556514155491
178.52165159170187
190.55272568200746
174.21829256298204
173.99714767584572
172.99614538290803
172.83754132614686
186.73986131075986
174.2275953601442
172.24006533507287
182.18119451918488
172.5094409812467
175.01270460947518
197.75096715037338
186.112456542596
173.75492152582225
199.26426898307042
185.42770635150484
172.5094409812467
175.4462837537016
174.06358048344535
173.13927569793248
175.81054292252028
173.40008491824858
173.52423167475672
172.5094409812467
172.26837213419313
172.44173033014383
173.81307545326322
172.31944382359123
172.17372478695285
174.201285331522
172.4471657771415
176.56369149586348
174.21281695315145
172.80693571951335
175.453096631296
174.8306972232997
172.61077537846376
172.4471657771415
172.39368664246103
172.46529681391084
173.36706631397453
172.6199010536316
172.1604370352432
173.98718423316922
172.96747078770494
176.79308556209318
174.25402787228109
173.99652841529965
178.94833119858805
172.94719046478755
175.1791971507799
172.96747078770494
174.30623097788467
172.79363187427202
172.47168876367192
173.16230972637408
172.18318026602321
172.2488949478491
172.96747078770494
172.19057796173132
172.4802488053382
172.17283203540745
172.62585773625105
172.09380407819359
172.60281902997718
172.7203122472588
173.03514140577136
172.78010162168627
172.37015423550255
172.74911934563463
173.23572734191595
172.2192784765499
172.7203122472588
172.21865821676107
172.1060082078376
172.5176393863582
172.37701967619026
172.1319923360859
172.27141110644052
172.7203122472588
172.18837196093412
172.1489252343657
172.0945776348708
172.09418422070047
172.08360604933733
172.1306003743053
172.19795921233057
172.17925308480508
172.17877270496362
172.46798696278924
172.17712774588546
172.23226892515504
172.59963826505225
172.19795921233057
172.13125722476474
172.17646543629462
172.07103648934105
172.17586040708377
172.13664970107735
172.0981133522908
172.05171260949092
172.03633989851326
172.09880751547863
184.2094910433355
172.18663419489036
173.0066304941149
185.58921957139543
171.97643089700549
172.97648928163707
172.12717221898447
182.74946196458973
181.12368830409275
178.23919168633276
183.48110745970763
179.5406526929626
179.47356168911045
172.12717221898447
173.54020004118834
177.69108618671333
172.59405274536942
174.36593223622043
176.89400797304998
172.49670593459763
172.12717221898447
172.60852322542036
172.01898283237313
172.34882819327433
173.00586782099472
172.10725033960628
172.63364231326855
172.12717221898447
172.271412952235
172.144546071402
172.02989613696803
172.0732268588286
171.9998461452314
172.03634449430345
172.12717221898447
171.98647502557534
171.99726011150284
172.1848390560291
171.98993738707293
172.0405048731213
172.01522888852736
172.12717221898447
171.9722387496539
171.9567706653624
171.97549273639828
171.98621030167325
172.0322639256096
172.00975567442842
172.0259778233126
172.06843166963924
171.94759771938567
171.99846376002634
172.0467846688411
171.97207973879821
171.9505904988533
171.94765579521635
172.00416875001466
171.992615845506
172.24232348561813
171.93945762537453
171.98628449663212
172.31142503386144
172.06838172985195
172.0069370702987
172.0157460872336
174.08161857867265
172.07973031786335
172.25025953375157
175.0173125642425
172.06838172985195
172.38742189281646
172.13494623010703
171.9340232647256
172.84747282965893
171.93468667792376
171.9880056044218
172.05248810843923
175.18941806732553
172.03677913971688
172.26246055997404
175.18878206780957
171.96859356166476
172.21245429755774
172.05248810843923
172.15574953097575
171.98047234443828
172.1103100688119
172.15166410481393
171.93997074878695
172.11153885450176
172.05248810843923
171.94292630483986
172.0011541980437
171.98196151698636
171.92674510210585
172.01031367077172
171.97615489590024
171.91706198334546
171.91717859618566
173.77857075897938
172.2727225893164
172.1961151743082
173.4171198773137
172.0715334379973
172.03530996841155
171.91717859618566
172.03088317439966
172.110496679177
172.47105854007594
171.95838070072668
172.2271457575538
172.23551968498992
171.91717859618566
172.04722307121628
171.9287118098445
171.97392460685128
171.95614227831845
171.97169148585704
171.91113973697205
172.05213208904163
172.29444414961526
171.93961968480852
171.97167326464518
172.13507078540664
171.971763789904
172.01767408970224
172.05213208904163
171.98281878181987
171.91730697618294
172.07385397708566
171.91679263642177
171.91762037175351
171.98631205628138
172.05213208904163
171.95757789004983
171.91513396662938
171.91245946651347
171.91414465729363
171.91074229359361
171.91058696128997
171.91178320013285
172.02547072211124
171.91929036928914
172.03289742665763
171.92891614197984
171.95699222526227
171.94373772323797
171.91178320013285
171.90171246518733
171.90604917928198
171.92576902805817
171.94007536066778
171.92957781767905
171.90466023681205
171.94580679521425
171.93282399522695
172.04643428922262
171.8964429408953
171.9535611687319
172.02715804016802
171.91247246878424
171.90237822055425
172.2565081228188
172.02712046404153
172.15118516781425
172.2418017855072
172.0050065522052
172.10926523793563
171.90237822055425
171.90943254313024
171.91079616782275
172.07095927308802
171.89010139918705
171.91666199867132
172.07887005459224
171.89737576023106
172.01039880939413
171.90372176313483
172.0850856632477
172.07813568875872
171.8931585987834
172.16361215100656
171.89737576023106
171.92303238439246
171.8971618063959
171.98015360947846
171.9000384795976
171.90043206099543
172.04140382836053
171.89737576023106
171.8946609760475
171.8915477075131
171.9185615273889
171.8880963701213
171.89735835507406
171.89531934303378
171.89174924528035
171.96985979013456
171.91428456093396
171.98863926083553
171.94189736215958
171.91160098561758
171.97165002582966
171.89174924528035
171.89304880771692
171.93037278150396
171.88986702135597
171.88415598016954
171.9180310865065
171.88806783208972
171.87931190975792
171.88177457386232
172.31560387820684
171.95849970285659
171.93864921925567
172.41415291945293
171.95577649647248
171.9567737141859
171.88177457386232
171.89146127607543
171.89215651629019
172.0529197779567
171.90932794330763
171.87217672134594
172.01066997969886
171.87504647383543
172.30810098508863
171.9559093246342
171.9632051491832
172.24686550977006
171.95893647749546
171.94372321931056
171.87504647383543
171.88126834324487
171.9948139870301
171.87620383548386
171.90801938133572
172.01687960857043
171.87635068106755
171.87504647383543
171.92791810009
171.87591329298272
171.87604524644257
171.91136196976635
171.87665744378333
171.8690802130773
171.86520356858327
171.86671801922108
171.88331585504758
172.32445247828252
171.9144794286121
171.86700603030246
172.39203942826123
171.87081178927156
171.86671801922108
171.92675173407127
171.88393138496923
171.87770188555396
171.9562038303795
171.89439954791317
171.85734437725316
171.85555167272238
171.90772715617578
171.87277953595157
174.23738867009519
171.89533152573975
171.92894565623936
174.67035868322253
172.02643923877832
171.90772715617578
171.87657950188384
172.4490854264469
171.88548342542722
171.85909840936532
172.25759142797813
171.96766430842408
171.90772715617578
171.85974499190533
172.0117112243195
171.853339034091
171.8576445714635
171.91899657986707
171.8637227383471
171.86679084533412
172.29803592919353
171.8973257616462
171.86075842273428
172.13752141527382
171.8697279319146
171.8704749801372
171.86679084533412
171.97097384740405
171.8677920434934
171.87367333524136
171.89597870034783
171.8546038604683
171.85061651904869
171.89799509326988
172.18280987048257
171.85321027492859
171.9057102764529
172.2101779535563
171.87371900910426
171.87041038626523
171.89799509326988
171.85541771155783
171.86874713388025
172.01930677535586
171.85560780630308
171.85142523578074
172.0496236685837
171.89799509326988
171.8768780754002
171.85928845500817
171.84922024948497
171.86913695826064
171.8510558417342
171.85507160098325
171.8556046882069
171.91495108395978
171.93866750265758
171.84372395430978
171.95769651939935
171.90097322678608
171.86499939818827
171.86358311601262
171.89177864223825
171.95955890208268
172.2798224978159
171.90567759055313
171.97688970678604
172.20823789198272
171.86358311601262
171.94966030458255
171.85409316636745
171.85410135693513
171.92005725124304
171.85070239696853
171.85830495663302
171.86358311601262
171.86255335976287
171.84709657873148
171.84434846816117
171.85131677353627
171.84910689437888
171.85173146783157
171.86358311601262
171.84430620443743
171.8489354856442
171.8490236971648
171.84424388847867
171.84416444718096
171.8436937857594
171.8594414957195
171.85234762730553
171.8706699884074
171.8415418596209
171.8682487568547
171.85622710876473
171.84609728009673
171.8379928911912
171.83391574493115
171.83785466358574
172.6250512868718
172.7599719259393
171.92611110699877
172.55020368192348
172.63705025207526
171.8660662209245
171.83785466358574
171.9428878216267
172.00641195930567
171.88855878679402
171.98592327753468
172.06852529115724
171.8781080981819
171.83785466358574
171.91250096881677
171.85971544442714
171.84851154721707
171.94960486682666
171.83856574703202
171.8417010065973
171.83785466358574
171.86159264041342
171.84136696899643
171.83836747339132
171.88411450208216
171.83076607603942
171.83329223873744
171.83736891304923
171.93915265793845
171.87156207863308
171.8547217455854
171.94216440018772
171.88721643490473
171.84639415911954
171.83736891304923
171.83605208376665
171.83812387989113
171.85944585518914
171.8323271596525
171.83683167251678
171.85178173408588
171.83736891304923
171.83436998074032
171.83194070970046
171.83605238012802
171.83287681866292
171.83130004069946
171.83281508041318
171.83736891304923
171.83025968586824
171.8312272524839
171.83153422540494
171.83160544600005
171.83060557231315
171.83219123583254
171.8302458290674
171.8342136989388
171.83685265404762
171.84768382000135
171.82756094514292
171.85032965890858
171.837241831686
171.8335732154767
171.82411949421834
171.82495552869162
171.922991575652
171.93073929288792
172.01824458004103
171.95452674041016
171.94931744545895
171.9762295974869
171.82495552869162
171.86275197212717
171.8562173073226
171.84305652287426
171.85218394830676
171.8764637440091
171.83141788611317
171.82495552869162
171.8263350944653
171.8328905800178
171.88249957891438
171.82222814689027
171.82645255258436
171.86413318542543
171.81941794851232
171.81768570170874
171.82975915894696
172.4250719066982
172.34921001112517
172.5207291578032
172.37259863901687
172.30630806162455
172.56528739311554
171.82975915894696
171.81275816584417
172.1792236910689
171.85869365434712
171.83122149681182
172.20488753293597
171.88119743941726
171.82875236172507
172.49374952133056
172.12422660334306
172.71187246928713
172.71107421679534
171.9754114634066
172.52821195237553
171.82875236172507
171.92174126058353
172.11082227562582
172.06491631145167
171.98417067539006
171.99256028850434
172.21372777439123
171.82875236172507
171.9131768921905
171.82447699468685
171.83390522185098
171.85013587686075
171.87448227651967
171.81936689155512
171.82875236172507
171.8113627268699
171.8204583456667
171.81531133374662
171.8142394172996
171.8608924250537
171.81349643635488
171.8088292143762
171.80479114794838
171.80082683552195
171.8093135746115
171.8787806546297
178.01653520761573
173.02885828119796
171.93170083533002
178.1910431113107
173.06216709687305
171.8093135746115
173.09014657177147
172.64037125575797
171.8909153764038
172.9924589754771
172.65016153307738
171.9107152404802
171.8093135746115
172.02206545306547
171.98202926971885
171.82386552152224
171.98742722133292
171.98584973227653
171.8063107662265
171.8093135746115
171.8702582498113
171.824097715073
171.81028523489127
171.85537365973735
171.82822270308236
171.79848426384794
171.81515058550343
171.90455798004308
171.92694257880152
171.8959641139681
171.9577529844624
171.98177007160675
171.8597134220502
171.81515058550343
171.85970820281798
171.80140317800553
171.86078377016955
171.82860788185474
171.801736285711
171.83089000070078
171.81515058550343
171.814335190678
171.80066613737628
171.80139948840687
171.80070127389877
171.81318250085135
171.81506950396843
171.81515058550343
171.8068820165851
171.80263394495154
171.79960356590277
171.79787920273822
171.7974344219115
171.79797459043542
171.80463371136284
171.7994074216372
171.8070878864887
171.8103954455558
171.79799011368632
171.8053067567415
171.80952117684785
171.80463371136284
171.7983296059873
171.80206914330057
171.80194557243703
171.79724572293082
171.8032222503157
171.8013774142001
171.79898778511193
171.81400888474536
171.80859383806535
171.79766549446683
171.81088586517345
171.81226102055183
171.79753392152344
171.79898778511193
171.79794677577317
171.80035102598225
171.80108577926842
171.79752971939178
171.79871074996186
171.80288958594213
171.79898778511193
171.79760728231622
171.79860478181237
171.79731492035233
171.79736914212143
171.7999693756143
171.79732541478222
171.79898778511193
171.79763551746586
171.79738730591043
171.79722342938038
171.79723843357075
171.79717350351692
171.79750860493158
171.79723715246723
171.79745868595916
171.79745411335855
171.7981601362202
171.79729733297216
171.7975221951231
171.79787525003735
171.79723715246723
171.79723184508453
171.79731608166023
171.7975548286434
171.7972511822565
171.79721248610218
171.79739123929056
171.79723715246723
171.79731246141847
171.79718252561
171.7971807570533
171.79722046181377
171.797171987675
171.79718270517847
171.79719147479898
171.79721729322426
171.79788291223204
171.7972597716589
171.79714722770206
171.7975811070377
171.79737058017278
171.79715934551797
171.79731443096696
171.79727358136435
171.79837619368584
171.79752624316498
171.79707813258057
171.79879682375287
171.79711170254174
171.79785584066704
171.79766033552497
171.80575504071982
171.79778596371582
171.79773808215214
171.80651721485984
171.79711170254174
171.7983407144604
171.79745465151427
171.79729247217261
171.7986631168328
171.79736718649121
171.7972948114316
171.79711170254174
171.7975941168853
171.79710386711156
171.79713155490288
171.79742804517838
171.79706482175945
171.79717591586055
171.79707547187047
171.79753105852956
171.79742003217493
171.79784621993295
171.79790083235847
171.79711747307164
171.79753196700636
171.79707547187047
171.7971903022924
171.7974523827547
171.79707201838315
171.79747939285485
171.7972477194365
171.79717679273972
171.79707547187047
171.79708387066785
171.79711201263694
171.79708541509785
171.7970537720318
171.79704259861634
171.79721408271817
171.7970730562003
171.79719145483816
171.79731080875501
171.79723461593215
171.7972128397256
171.797264728156
171.7971803581141
171.7970730562003
171.79707365557275
171.7971224665472
171.79710125711154
171.7970834851792
171.79709774725774
171.79707473342847
171.7970730562003
171.7970400990585
171.79705087271265
171.79706776447378
171.79704700856354
171.79703799068398
171.79706670786933
171.79703977337041
171.79705639315878
171.79704482668888
171.7971848764458
171.79704057218
171.79703728158162
171.79712838599863
171.79705424418847
171.7972931264575
171.79716327030565
171.797004566369
171.79716733112173
171.79729221373609
171.79710724594867
171.79705088003476
171.79846432044997
171.79740419072863
171.79733045658872
171.7985357646499
171.7972732462607
171.79737622141556
171.79705088003476
171.79736032827358
171.79718214001062
171.79705718671664
171.79745203255004
171.79718692806404
171.7970973039429
171.79705088003476
171.7970026784438
171.79712004544663
171.79704450829192
171.7970290688046
171.79707908916396
171.79704655538816
171.7970667463167
171.7973247094455
171.79704335873194
171.7970824600765
171.79718023531214
171.79702729720896
171.79718007617163
171.7970667463167
171.7970790267451
171.79701038698042
171.79711078793585
171.79701524438102
171.79701788312255
171.79703912255175
171.7970667463167
171.7970028868205
171.79700230114972
171.79705414703636
171.79701550222794
171.79701186168012
171.79700172716468
171.79715137610705
171.79700213904036
171.79708484060953
171.79706616129218
171.79701556473586
171.7972167174652
171.79698509636418
171.79709524658517
171.79722413286436
171.7970211189337
171.79707932766456
171.7973515855894
171.7970243360835
171.79716553468538
171.79709524658517
171.79702558974452
171.79699618725252
171.79704741215247
171.79698927052334
171.79700465926973
171.797123026121
171.79709524658517
171.79698848833107
171.79698975148253
171.79698652547185
171.7969870197447
171.79702530122867
171.7969867642407
171.79709524658517
171.79699847327657
171.79698427213128
171.79698871848888
171.7969824300974
171.79698639212822
171.79698272489193
171.79700922949692
171.79698077420738
171.7970022696512
171.7969979371913
171.7969869037814
171.79698655553256
171.7969999809785
171.7969859157892
171.7970438171539
171.79700586294894
171.79699633304008
171.7970585924974
171.79702509095134
171.79699269356772
171.7969859157892
171.79697952417334
171.796995559223
171.79698442680166
171.79698898781027
171.79699928281715
171.7969817253787
171.79699791492686
171.7970540524531
171.7970677671122
171.7969908626703
171.7969965116551
171.79701742750046
171.79697436879235
171.79698260753017
171.7973604576103
171.79703154854283
171.79700144259562
171.79715696410037
171.79710017240777
171.7969800185716
171.79698260753017
171.79696972954525
171.7970659193095
171.79696170997119
171.7969831797121
171.79719909101317
171.79700101437805
171.7969783531733
171.79723260723813
171.7970197845673
171.79701202831208
171.79715832284646
171.7970085976148
171.7970566363826
171.7969783531733
171.797034548255
171.79697635788384
171.79696485835655
171.79700763768116
171.79701230111382
171.79697137413078
171.7969783531733
171.79695548013294
171.79698355030473
171.7969646437064
171.79698043051607
171.79700190130464
171.79696072007079
171.79698049248927
171.7969802144042
171.79700821475308
171.7969626160904
171.7969476070713
171.79705695182983
171.79696110229176
171.79698244503953
171.7971927409031
171.79695979690726
171.7974181619786
171.7970603833122
171.79697990374314
171.79732789057874
171.79698244503953
171.79707932647216
171.7969482691234
171.79698054427652
171.79703465020594
171.7970061701943
171.79695345040128
171.79698244503953
171.79697182709467
171.79694529875155
171.7969595819372
171.79695522209414
171.7969618239792
171.79694179198762
171.79694864109757
171.796944889919
171.79696887868874
171.7970309304263
171.79695105807969
171.79694960135322
171.79703440646662
171.79694864109757
171.796966573937
171.7969454051019
171.7969499957146
171.7969743470402
171.79694586660023
171.79693904834969
171.79694994123275
171.79696970902162
171.79696024129373
171.79693616117783
171.79701194554403
171.79694332667572
171.79698294645442
171.79705342082283
171.79694005838044
171.79700109687622
171.79708325746583
171.79695995199032
171.7970887976557
171.7972778405576
171.79705342082283
171.79701542198015
171.79699022681424
171.79698187161978
171.79693545283592
171.79694343610575
171.79693156270318
171.79704570110607
171.79709968479543
171.79698884524427
171.7971499051857
171.79715798749365
171.79693253367753
171.7970501711377
171.79704570110607
171.79694882138492
171.79700448940704
171.7969546656766
171.7969467629837
171.796953109963
171.7969880053406
171.79704570110607
171.79695091838067
171.79693759395323
171.79693074453272
171.79692697306982
171.7969537487403
171.79693399987056
171.79696209211545
171.79695302226037
171.7969636332908
171.7970018078188
171.79697225109658
171.7969246233615
171.79696710818808
171.79702285617617
171.79777742851303
171.7969480710528
171.79696820343537
171.79747950417948
171.7969619174224
171.79692782817094
171.79702285617617
171.79701184526255
171.79700497937782
171.7969260284748
171.79694491340675
171.79692363691976
171.79693057808672
171.79715977488493
171.7969745196238
171.7970096628388
171.79694949643317
171.79716926691873
171.7971687611218
171.79709808057117
171.79715977488493
171.796906867294
171.79698686064535
171.7969090139367
171.79695034770012
171.79715401084778
171.79696137599038
171.79690315099327
171.7970150064179
171.79767354220704
171.7973496791653
171.79703783234058
171.79780793698475
171.79713553446663
171.79718657724027
171.7970150064179
171.79733046307743
171.79687044036226
171.7969045383243
171.79748659068247
171.79696132084254
171.7969539149101
171.79688139760515
171.79912866479748
171.79733204634212
171.79697284831755
171.79938503166798
171.79722183143411
171.79693681352686
171.79688139760515
171.79689400943076
171.79709757464357
171.79711130598753
171.79691448738734
171.79700691495668
171.79706221208153
171.79688139760515
171.79690872268932
171.79693899024113
171.79686083881694
171.79694340897615
171.79690319440408
171.7968819179193
171.79684726388356
171.7968426276152
171.79692341719303
171.8022837437868
171.79800358396878
171.80207150865598
171.80080074070722
171.79868985357086
171.8007864878991
171.79692341719303
171.79689314301498
171.79849144787198
171.7975399206057
171.79680357580688
171.79777390026783
171.7971033082444
171.79675986291105
171.79680999935104
171.802973599943
171.80502676684173
171.8063350363514
171.80256416127622
171.8049121282364
171.80630810684235
171.79680999935104
171.8005895262397
171.79797046342566
171.80097056528928
171.80044208216026
171.79816978100732
171.80108057882907
171.79680999935104
171.7975255336315
171.7974101041854
171.7969549435707
171.79752483830637
171.79730833864116
171.796898274715
171.79680999935104
171.7967946774842
171.79731284603935
171.79681530109667
171.79679532236707
171.79730365481467
171.79676388845337
171.79680999935104
171.7967542544535
171.79680448755715
171.7968034568141
171.79677957415726
171.7968123132078
171.79681685276952
171.79678534587563
171.7973201854514
171.79676704838198
171.7968414494158
171.79715271913295
171.79683026751448
171.79676850375787
171.79678534587563
171.79674806647944
171.7967553952862
171.79678725941508
171.79677887887172
171.7967770311354
171.79685431924958
171.79679099965765
171.7967973944795
171.79703449254401
171.7967713530667
171.7967719249558
171.7970621716058
171.796778462955
171.79679099965765
171.7968120335871
171.79674869287908
171.7967578099566
171.79682548094635
171.7967606257707
171.79676416502585
171.79679099965765
171.79676757550308
171.7967574460328
171.79676844045412
171.79675750312222
171.7967597499363
171.7967607787728
171.79679099965765
171.79675076584627
171.79675219970608
171.79674853011952
171.79675326192816
171.79674790266722
171.7967516941544
171.79675948329682
171.79674878941438
171.7967490248058
171.79678338934124
171.79675103011783
171.7967501221296
171.79676391136906
171.79675948329682
171.79674746511898
171.79674917210602
171.7967493468173
171.79674998481977
171.79674669610512
171.79675797801931
171.79674447161705
171.79674077716425
171.7967364062724
171.79673973587123
171.79753249890442
171.79741671565313
171.79680576440413
171.79758358757388
171.7973098827724
171.79677110642322
171.79673973587123
171.7969276247358
171.79681985085696
171.79680197864116
171.7969541540303
171.79677925750173
171.796832410805
171.79673973587123
171.79684285950012
171.79673771369028
171.7967403978723
171.79687042233743
171.79674275619885
171.79675871170198
171.79673973587123
171.7967573928836
171.79674560744465
171.7967448816815
171.79674456373056
171.796736932453
171.7967435173489
171.79673973587123
171.79673943940438
171.79673702248107
171.79673472187218
171.79674477096512
171.79673654837165
171.79674076930544
171.7967393889907
171.79675000410703
171.79673767025326
171.7967493550877
171.79674232243633
171.79673439289957
171.79674530803223
171.79674159317207
171.79682055015704
171.79675272938397
171.7967468664958
171.7967819439762
171.79676986522637
171.79673778383537
171.79674159317207
171.79675792244765
171.79673615207636
171.7967457267435
171.79674110097992
171.796744649585
171.79673391690403
171.79676553855722
171.79676159429764
171.79674470168996
171.79675181568734
171.79678835300373
171.79677259020306
171.79677189214556
171.79676553855722
171.7967353685828
171.79673700107702
171.79677878744545
171.7967472889788
171.79673169314466
171.79675361630166
171.79672982688527
171.79673641950944
171.7968976493271
171.79697359437233
171.7968094083435
171.79689673375742
171.79694053926195
171.79679834970796
171.79673641950944
171.79674617431456
171.7969131243318
171.7967354647497
171.79674439008417
171.79689180174768
171.7967422979015
171.79673641950944
171.79677371124583
171.79673103182742
171.79673132953747
171.7967842418782
171.7967342994649
171.79672898909126
171.79672930806626
171.79674562014478
171.79678302250989
171.79673305609552
171.79676722248047
171.7967661059605
171.79675002401765
171.79672930806626
171.79677483714974
171.79673135983828
171.79673108246422
171.79675251216838
171.7967345397324
171.79673140061752
171.79672930806626
171.79673068654256
171.79673026983838
171.79672736198862
171.7967370084801
171.79672859521318
171.79673443256934
171.79673555693103
171.79675435749303
171.79673553806012
171.79672708256194
171.7967629006336
171.79672846638465
171.7967311671634
171.79673710094795
171.79673166787902
171.79684819534802
171.79677037102852
171.79672925853276
171.79686671194904
171.79675496533946
171.79673710094795
171.79673295384242
171.79673541304217
171.79672972548835
171.7967365970888
171.79674351479332
171.79673192901512
171.79673710094795
171.7967291777698
171.79672820866173
171.79672856343092
171.79672650471556
171.7967307832837
171.79673112535227
171.79672990111817
171.79674125837246
171.79674333192716
171.79672518878837
171.7967355741321
171.7967498899979
171.7967291834489
171.79672664530295
171.79674834511934
171.79680432166822
171.79676747598313
171.79675764868122
171.79679465147905
171.79677045226398
171.79672664530295
171.79673693049543
171.7967492249364
171.79672477456313
171.79673965093681
171.7967434436057
171.79672661904215
171.7967269941751
171.79678624499428
171.79675650458722
171.7967286804271
171.79681741116372
171.79673563877125
171.796729746882
171.7967269941751
171.79673007960656
171.79673989953753
171.79673234280105
171.79674099722834
171.79672702365798
171.79672553163905
171.7967269941751
171.7967252110144
171.79673760162356
171.79672724310925
171.7967247080112
171.79672674904577
171.796724528604
171.79673070446103
171.79672707413783
171.79675965660704
171.79672731925504
171.79672575590587
171.79675931311874
171.79673068635444
171.79673070446103
171.79672695681867
171.79672488554394
171.796733032357
171.7967253177643
171.7967244064474
171.79673282569345
171.7967248664994
171.79672341167714
171.79673227880284
171.7967461200823
171.79672753909296
171.79673501436434
171.79674015927293
171.79672783576274
171.79676660891647
171.79676317864306
171.79674105305352
171.79676124923355
171.7967666431133
171.79674905310813
171.79672783576274
171.79672499644974
171.79673459560618
171.79674242601462
171.79672632154254
171.7967361261468
171.79673711654846
171.79672783576274
171.79672937734193
171.79672412922687
171.79672440989384
171.79672737673894
171.7967240938245
171.79672314422902
171.7967248016232
171.79675312050412
171.79672709752865
171.79672598979326
171.79675984530874
171.79672693128583
171.79672531733848
171.7967248016232
171.79672468413074
171.79672588483086
171.79672342650613
171.796726977193
171.7967251055595
171.79672435838057
171.7967248016232
171.79672290675248
171.7967248241607
171.79672391725325
171.79672361467092
171.79672356591792
171.79672459520805
171.79672313067616
171.79672955685322
171.79672485737072
171.7967234879569
171.7967288100104
171.79672405003825
171.79672303230242
171.79672313067616
171.7967238693465
171.79672314120504
171.7967233397876
171.7967238522831
171.796723103367
171.79672284688726
171.7967238466928
171.79672725665768
171.79672349145966
171.79672966160416
171.79672380400538
171.79672434042888
171.79672642406587
171.7967238466928
171.79672345229991
171.79672301089965
171.79672287915687
171.79672558519775
171.79672271650688
171.79672396887815
171.79672255663172
171.79672264043307
171.79673051948953
171.79676103462737
171.79672406851412
171.7967229969915
171.79674486423443
171.79672240867654
171.79672620454488
171.7967986911793
171.79674330114176
171.79672848282786
171.79677611212227
171.79675173737152
171.79672316225958
171.79672620454488
171.79676093449532
171.7967224871893
171.79672402158735
171.79674701649228
171.79672741623702
171.79672183725816
171.7967238189149
171.79680996196714
171.79673923848875
171.79674153878238
171.79677509516307
171.79676676011044
171.79672891223478
171.7967238189149
171.79671977312793
171.79674106955605
171.79672514513695
171.7967252428183
171.7967652072257
171.796721784831
171.79671966913443
171.79673555810908
171.7967326312557
171.7974572105227
171.7967581198952
171.79672777176947
171.7973214012356
171.79674442038055
171.79673555810908
171.79673669624708
171.79688108278083
171.7967310485149
171.7967646315327
171.79682129209382
171.79672180384784
171.79673555810908
171.79672798411013
171.7967206993981
171.79671950623182
171.79675089620764
171.79671939662705
171.79673228527233
171.7967211249109
171.7967672110542
171.79672810290535
171.79672659566856
171.79679041436026
171.79674257033088
171.7967334655558
171.7967211249109
171.79674725645782
171.79672207627675
171.7967199961775
171.7967325033606
171.79672836869636
171.79672209448685
171.7967211249109
171.79671925587024
171.7967246937686
171.79671940287201
171.7967243823002
171.79671960170376
171.7967220344301
171.79673350913424
171.79672111581164
171.79673023561776
171.79674034046806
171.79672575737328
171.7967223934348
171.79672752294655
171.79673350913424
171.79672608871996
171.79672300595058
171.79672034600372
171.7967200576239
171.7967190917654
171.79671857464638
171.7967184389242
171.79672307438065
171.7967364469532
171.79674420184367
171.79678900170327
171.79673712441985
171.7967380344306
171.7967913164494
171.79672307438065
171.79672111090045
171.79675594898143
171.79671783238442
171.7967224912256
171.7967566257169
171.7967210295867
171.7967225716627
171.79683226048544
171.79672483165686
171.79672027935814
171.79682315297418
171.79672295439593
171.7967168801651
171.79671945997342
171.79678801531324
171.79673479439924
171.79729722330438
171.79676855392006
171.79673148518077
171.79732484841654
171.79671945997342
171.79677259461457
171.79675183145142
171.79672536024063
171.7967815250277
171.79674170691487
171.7967253814574
171.79671945997342
171.79673122986085
171.7967293905227
171.79671783050173
171.79673494846045
171.79672423866674
171.79672142980795
171.79671945997342
171.7967212888549
171.7967171698528
171.79671866591482
171.79671840092487
171.79671720655318
171.79671992605185
171.79671945997342
171.7967187714637
171.79671709298492
171.79671709549226
171.79671717663814
171.79671695285037
171.79671699732583
171.79671945997342
171.7967176495493
171.79671685273627
171.79671683044458
171.79671674730932
171.79671741595408
171.79671696629504
171.7967183911952
171.796717659775
171.7967173695606
171.7967187228914
171.7967165299106
171.79671821771984
171.79671782237594
171.79671818031076
171.7967169569535
171.79672127606187
171.79671690640424
171.79671910016083
171.79672418205678
171.7967168317141
171.79671818031076
171.79671755735
171.7967168647444
171.79671795718446
171.79671688381407
171.79671823902677
171.79671664364585
171.79671818031076
171.79671708427927
171.79671653197792
171.79671665152054
171.79671641182728
171.79671686624206
171.79671647337483
171.7967174845017
171.79671731414203
171.79671685404628
171.79671681492388
171.79671785759632
171.79671641574825
171.79671632836715
171.79671712037538
171.79672044706018
171.79671977295484
171.796716061376
171.79671930796894
171.7967211993526
171.7967166163235
171.7967155902767
171.7967148996301
171.79671452454986
171.79671779939952
171.7971609438812
171.79777623680877
171.79701397262568
171.7971823864572
171.79778507573837
171.7969938908889
171.79671779939952
171.7970061314687
171.79681251428204
171.79677463001917
171.7970000846561
171.79681934691956
171.7967865566953
171.79671779939952
171.79676724363839
171.79674701067506
171.7967298571349
171.79676675778467
171.7967466545011
171.79672362458902
171.79671779939952
171.79672974857368
171.79672266731336
171.7967197091277
171.79672826345913
171.79672108848112
171.79671696151513
171.79671779939952
171.79671826959046
171.79671491956316
171.7967171125906
171.7967177806335
171.796715258121
171.7967156073095
171.79671779939952
171.79671561915285
171.79671475986922
171.79671499700513
171.79671599168185
171.7967148870237
171.79671419907788
171.79671398907854
171.79671533285665
171.79671542480693
171.79673834217184
171.79672520497127
171.79671443886414
171.7967467005563
171.79672011674754
171.79671533285665
171.7967148536821
171.79671594011288
171.79671543146515
171.7967141944163
171.7967189640445
171.79671828027892
171.79671533285665
171.796715359865
171.79671555545522
171.7967138978533
171.79671402060683
171.7967140488631
171.79671435240482
171.79671453171704
171.79671605359187
171.79671483015224
171.79671815701553
171.79671604198424
171.7967150468733
171.7967173219937
171.79671453171704
171.7967146803335
171.79671415564349
171.7967145188804
171.7967143051225
171.79671427714072
171.79671446704043
171.79671453171704
171.7967139929013
171.7967139834695
171.79671400663665
171.79671419163424
171.79671406210443
171.7967139927313
171.79671453171704
171.7967139671294
171.79671388419848
171.79671401497444
171.79671392307188
171.79671392599988
171.79671390867958
171.7967139003781
171.7967138858536
171.79671411401833
171.7967139704346
171.79671389537083
171.79671445247655
171.79671384016908
171.79671387875175
171.7967139489372
171.7967159596116
171.7967139166537
171.79671398921113
171.7967163075662
171.7967139298133
171.79671387875175
171.79671408772995
171.79671393521224
171.7967138608364
171.7967139963542
171.79671403720695
171.79671386848833
171.79671387875175
171.79671384151766
171.79671396511995
171.79671385206746
171.79671385396742
171.7967138974383
171.79671383502568
171.7967138449986
171.7967141045514
171.7967139494312
171.79671387380745
171.7967139646221
171.79671386571565
171.79671392484704
171.7967138449986
171.796713930366
171.79671383387247
171.79671386799762
171.7967138642153
171.79671388351954
171.79671382695005
171.79671388546822
171.7967140055541
171.79671392919388
171.7967139234472
171.79671397637557
171.7967138755539
171.7967139602189
171.79671388546822
171.79671387070832
171.7967138673935
171.79671382248605
171.7967138907404
171.79671384602906
171.79671384395044
171.79671385120193
171.79671413192287
171.79671397253443
171.79671383052707
171.79671402627855
171.79671406118655
171.7967138389766
171.79671385120193
171.79671383495503
171.796713884482
171.7967139139228
171.79671383438722
171.79671394094447
171.7967138548249
171.79671385120193
171.79671383285302
171.79671382362147
171.7967138203165
171.79671386533414
171.79671382311898
171.79671384080612
171.79671386442973
171.79671381362118
171.7967139180607
171.79671382760955
171.79671383326766
171.7967138806313
171.7967138366332
171.7967138189849
171.79671409261698
171.79671389777363
171.79671382025552
171.79671404121714
171.79671390194494
171.79671383548217
171.7967138189849
171.79671391599226
171.79671383783176
171.79671383227642
171.7967138864202
171.79671383826388
171.79671381932738
171.7967138189849
171.7967138168218
171.7967138173417
171.79671383737477
171.79671381222423
171.79671381727576
171.7967138248573
171.79671381484664
171.7967138208457
171.79671392242165
171.7967138269601
171.79671380563326
171.79671391591114
171.79671382353237
171.79671379853679
171.7967138086918
171.7967144475739
171.79671507079678
171.79671386920754
171.79671429196117
171.7967147667407
171.7967138548483
171.7967138086918
171.796714206389
171.79671384033765
171.79671383416522
171.79671440785438
171.79671381746925
171.79671386615453
171.7967138086918
171.79671381494782
171.7967137904489
171.79671382505342
171.79671386054278
171.7967138166181
171.79671389079792
171.7967138042458
171.79671437550616
171.79671383849896
171.79671380608812
171.79671430362254
171.79671382806305
171.79671381373575
171.7967138042458
171.7967138372306
171.7967138128099
171.79671381699717
171.79671385186165
171.79671379400256
171.79671380282537
171.7967138042458
171.79671380017803
171.796713805734
171.79671378722097
171.79671380942025
171.79671379712468
171.7967137948567
171.79671378430547
171.79671379263436
171.79671406627855
171.79671379514602
171.79671394370604
171.79671396733283
171.79671379756365
171.79671388167685
171.79671379263436
171.7967138924641
171.79671378871024
171.79671379105076
171.7967138345109
171.79671378593903
171.7967138040211
171.79671379263436
171.79671379904
171.79671378407335
171.79671379533954
171.79671378551103
171.79671380527554
171.7967137810357
171.79671379779296
171.7967138366609
171.79671380962932
171.796713788931
171.7967138403498
171.79671379526425
171.7967137847185
171.79671379779296
171.79671379228412
171.79671378405453
171.7967137903125
171.79671379215384
171.79671378061644
171.7967137978542
171.7967137875637
171.79671380333656
171.79671379131278
171.79671391026926
171.79671379410587
171.79671377640494
171.79671392513762
171.7967137874303
171.7967138630807
171.79671402714473
171.7967137985613
171.79671387442764
171.79671409699867
171.79671382159873
171.7967137874303
171.79671379031424
171.79671391457856
171.79671379959441
171.79671379955252
171.7967138692459
171.79671379545374
171.7967137874303
171.79671379197882
171.79671377313107
171.79671377757035
171.79671380782935
171.79671378657793
171.7967137764503
171.79671378728642
171.79671377980722
171.79671378126838
171.79671389671515
171.79671377552233
171.79671376774908
171.7967139272501
171.796713765269
171.7967137934119
171.7967146303687
171.7967138199764
171.7967143789139
171.7967148066092
171.79671378715355
171.79671464256455
171.7967137934119
171.796713770695
171.79671391121238
171.79671403455595
171.79671376475125
171.79671396994064
171.79671418797267
171.79671377845494
171.79671403270612
171.79671505365744
171.7967142271767
171.79671384615676
171.79671462232616
171.7967140645499
171.79671377845494
171.79671408395131
171.79671377910478
171.79671380613837
171.79671434546572
171.79671378565388
171.7967137435651
171.79671376179326
171.79671374978568
171.7967154589448
171.79671414986421
171.79671380909093
171.79671543907418
171.79671418110314
171.79671376179326
171.79671382281467
171.796714379276
171.79671376609295
171.79671381578015
171.79671434630944
171.79671378724896
171.79671376179326
171.79671376200432
171.79671376150515
171.7967138263222
171.79671375082935
171.79671376747388
171.7967138159887
171.79671376179326
171.79671374584265
171.79671376759038
171.79671375652438
171.79671375554838
171.79671376642509
171.79671375781658
171.79671376179326
171.79671374477135
171.79671374612192
171.7967137465404
171.79671374349758
171.7967137444938
171.79671374997196
171.79671374678793
171.79671375565266
171.79671374788856
171.79671376074847
171.7967137510045
171.79671374830042
171.79671374879314
171.79671374678793
171.79671374789044
171.79671374652293
171.79671374990016
171.7967137429975
171.7967137423398
171.79671374738248
171.79671374561227
171.79671374440804
171.79671374863833
171.79671376763156
171.79671374606698
171.79671373990445
171.79671377341708
171.7967137466294
171.7967138525699
171.79671374617092
171.79671375137164
171.79671388148114
171.7967137461529
171.79671375998936
171.7967137466294
171.79671375582853
171.79671374915577
171.79671374449512
171.79671374627907
171.79671374515254
171.79671374044702
171.7967137466294
171.79671374440875
171.79671374180288
171.79671374722778
171.7967137396547
171.79671374035433
171.79671374277348
171.79671375189452
171.79671375276774
171.79671376605168
171.79671374030724
171.7967137454211
171.79671374965596
171.7967137408183
171.79671375189452
171.79671373938803
171.7967137449486
171.7967137397393
171.79671374406075
171.7967137387227
171.79671374330323
171.79671374995726
171.79671377916034
171.79671373837354
171.79671374366242
171.79671376619854
171.79671374384105
171.79671373783083
171.79671374819338
171.79671379267552
171.79671373961722
171.79671377211886
171.79671381043516
171.796713741133
171.79671375181303
171.79671374819338
171.7967137406246
171.79671374158224
171.79671376947366
171.79671373679778
171.79671374249304
171.79671378822147
171.79671374000964
171.7967138010067
171.79671376811302
171.79671374423805
171.7967137926298
171.79671376311236
171.79671373780323
171.79671374000964
171.7967137352146
171.79671376024064
171.79671373689294
171.79671373844246
171.79671376394603
171.7967137403806
171.79671373223312
171.79671372701605
171.79671371953066
171.79671371639836
171.7967137574697
171.79672529433282
171.79671449280542
171.79673216759602
171.79672478337935
171.7967146333469
171.79673275975372
171.7967137574697
171.79671391779667
171.79672388692148
171.7967143174786
171.79671393762806
171.79672436017532
171.79671443779765
171.7967137574697
171.79671386631713
171.79671697203597
171.7967138339271
171.79671381479412
171.79671671740203
171.79671389568136
171.7967137574697
171.79671373878443
171.79671381120926
171.79671419646235
171.79671373273874
171.7967137770704
171.79671430639866
171.7967137574697
171.79671376588416
171.79671371498233
171.79671378927506
171.796713737117
171.79671372265364
171.79671383198587
171.79671372669233
171.79671374817238
171.7967137614006
171.796714379379
171.79671374623385
171.79671376697095
171.79671435719516
171.79671372669233
171.79671378376912
171.79671371499072
171.79671376026886
171.79671379287356
171.79671371576757
171.79671376014153
171.79671372669233
171.79671373230588
171.7967137199304
171.79671371974504
171.79671373122278
171.7967137231177
171.79671371706027
171.79671372669233
171.79671372187357
171.7967137149731
171.79671371620483
171.79671372410016
171.79671371551112
171.7967137152311
171.7967137164811
171.79671371912872
171.79671373014023
171.79671374228013
171.79671371936774
171.79671373478394
171.7967137341718
171.7967137164811
171.79671371534369
171.79671371950658
171.79671371817923
171.79671371552467
171.79671371728958
171.79671371567113
171.7967137164811
171.79671371466281
171.79671371610596
171.79671371637812
171.7967137154135
171.7967137151732
171.79671371513186
171.7967137144373
171.79671371557396
171.79671373277523
171.79671371437436
171.79671372639413
171.79671373281954
171.7967137145962
171.79671372657447
171.79671371453756
171.79671376230664
171.79671376741436
171.79671374242946
171.796713758635
171.79671377154887
171.79671373977354
171.79671371453756
171.7967137250067
171.79671371522284
171.7967137425139
171.79671372688045
171.79671371503923
171.79671373971198
171.79671371453756
171.7967137145452
171.79671371989036
171.79671371599395
171.79671371440844
171.796713721269
171.79671371541127
171.79671371453756
171.79671371514038
171.79671371440523
171.79671371603925
171.7967137156992
171.79671371439173
171.7967137154119
171.79671371453756
171.79671371448913
171.79671371441793
171.79671371511998
171.79671371437465
171.7967137143798
171.79671371471062
171.79671371453756
171.7967137145566
171.7967137143629
171.7967137143569
171.7967137143874
171.79671371439343
171.79671371440102
171.79671371436206
171.7967137145831
171.79671371439514
171.79671371473475
171.79671371448376
171.7967137144602
171.79671371456988
171.79671371436206
171.79671371443968
171.7967137143827
171.79671371436788
171.79671371437303
171.79671371444024
171.7967137143506
171.79671371434443
171.79671371435745
171.79671371486086
171.79671371434648
171.79671371527326
171.79671371492304
171.7967137143674
171.7967137153068
171.79671371435745
171.7967137143793
171.79671371453333
171.79671371461717
171.79671371435728
171.79671371455672
171.79671371459335
171.79671371435745
171.79671371445266
171.79671371436294
171.79671371435597
171.79671371443501
171.79671371437124
171.7967137143603
171.79671371435745
171.79671371435523
171.79671371434964
171.79671371435265
171.7967137143538
171.7967137143459
171.79671371436112
171.79671371435745
171.79671371434426
171.7967137143463
171.79671371435109
171.7967137143456
171.7967137143481
171.7967137143489
171.79671371434736
171.796713714357
171.79671371434793
171.79671371435091
171.79671371435523
171.79671371434924
171.79671371435245
171.79671371434736
171.79671371434637
171.79671371434645
171.79671371434483
171.7967137143493
171.79671371434964
171.796713714348
171.79671371434736
171.7967137143451
171.79671371434722
171.79671371434554
171.79671371434515
171.79671371434785
171.79671371434466
