6922.764322531789
11018.85788541464
11069.803690771776
1.9488689032954054e6
11127.837129870759
11076.459126774962
9992.930504176367
6867.374749284972
6923.841286280689
1.934080128453165e6
6976.741438932514
6921.687358782886
10007.37066777501
6752.153160599199
6502.369544965601
5910.451778039408
4180.463750929601
7448.826914877444
1.4916289627276705e194
6976.741438932514
1.8234750822963862e180
10374.135671907468
7448.826914877444
10396.999999999962
7448.826914877444
10396.999999555179
1.1639498431368345e90
7.8553281669431495e93
4.493250299632918e84
10396.999642941295
10396.493327608692
7448.826914877444
4165.047446900723
5157.988707585593
10395.927176506195
4195.880054958478
3892.169567238912
9.592387256667138e44
4905.452522683983
4.312226425783876e87
1.3131005328025357e92
5132.004401322871
10396.98698787615
10380.017013511288
4862.756553098768
4905.452522683983
2.5172026430162798e42
4195.880054958478
6.651305776158705e43
10395.927176506195
3814.129270322899
10390.033969734157
7558.813551148149
3835.092482890513
7485.489126967677
4.526845174226188e84
3793.1660577552857
4165.047446900723
10396.494577897542
3751.239632620058
3667.386782349601
3499.6810818086883
3421.5617940555435
3968.016101315892
3835.092482890513
10140.12259349683
Inf
3968.016101315892
10181.053116421828
10397.000000000002
3968.016101315892
3499.6810818086883
Inf
9874.248559198764
3471.6255179549353
10397.000000000002
9658.861056667067
3968.016101315892
8101.997027427312
3446.593656005239
Inf
9226.143060093935
3396.529932105848
10397.000000000002
3667.386782349601
Inf
9849.809806500756
10397.000000000002
10397.000000000002
9624.352887612129
Inf
3667.386782349601
3499.6810818086883
10397.000000000002
7994.705099160355
3421.5617940555435
Inf
9171.405223015476
3667.386782349601
3410.4930461622475
3434.3681262689483
Inf
8039.155217357911
7931.443200746933
10397.000000000002
3667.386782349601
3390.271966618423
10396.999948004912
51496.57787876412
3402.787897593271
1.3805262465426121e169
6411.127635083398
3457.7546566734586
Inf
7958.371204899678
10397.000000000002
10397.000000000002
3416.4618161889225
Inf
3457.7546566734586
3415.8282315382303
52187.654702391475
1.3959406033481537e169
3396.529932105848
6366.623114457267
10396.999947424358
3457.7546566734586
3394.8650189706173
4812.53221611357
10396.547090029266
3393.400949362135
6042.5119672294
4.0565169299204035e84
3457.7546566734586
3898.9219959407583
3898.6004517168603
2.261265196923811e42
4051.533130979658
4008.837161394442
10354.9333024544
3457.7546566734586
3389.4897209324945
3692.568599533181
9983.658741257477
3391.054212304351
3567.498482053274
2.0318486333462982e21
3389.624215828714
10354.8752384612
3898.6808377728353
3391.054212304351
2.2643863852907925e42
4040.8591385833543
3389.624215828714
3389.624215828714
9982.51768453389
10150.731001666312
9705.364942352395
2.0318486333462982e21
8.389477553720989e20
4.4490862724890294e21
3389.624215828714
3389.0985980895307
3481.6665734127732
8.5299582670301e10
3389.8808437754587
3555.2814522674707
8987.098694673336
3388.3163524036027
3397.4854205415677
3389.8808437754587
3898.5602586888726
2.2690681678412645e42
3397.4854205415677
4056.87012717781
10354.788142471401
3397.4854205415677
9982.232420352995
3691.6561233980015
3389.0985980895307
2.0388599541839587e21
3581.2685359345983
3392.244617399666
3397.4854205415677
3389.624215828714
8984.183621798824
3489.7397538326713
3388.707475246567
8.547594574551599e10
3554.450870128666
3397.4854205415677
3388.3140150432373
7621.212550325451
7296.6895375415725
3388.511913825085
988187.9045420601
1.0263627272067446e6
3390.9344166141886
1.0011847857090442e11
3554.0355790592635
8.556412728312349e10
8738.496555863747
3488.394223762689
8984.66946727791
3390.9344166141886
7463.15617820363
3475.1914006489187
3388.3163524036027
1.0077422242886196e6
3440.7927098883997
3389.624215828714
3390.9344166141886
16419.070113447324
3432.698554460746
5785.028534426116
5786.613701685818
3414.7932141233796
16409.85324020883
3390.9344166141886
3003.2223088211954
4182.226820235158
3428.8163239347336
4173.8853611305085
3018.2576289700937
4710.143456940815
7111.409265245845
2940.0427397057356
3004.3749454388494
37744.29173936977
3067.0839955938327
3002.069672203539
5193.765524605645
2900.233843704756
2845.378459201677
2815.392475415071
3234.48545033262
2.6390269681292303e44
10395.839744426901
3085.701801824702
10389.654654223026
9.220983760449846e42
3236.472373374262
3234.48545033262
2813.822758724832
7.910840299980684e22
10295.139278568624
2816.962192105312
10119.250687393784
1.9698651024347544e22
2810.6833253443497
2804.404458583389
2791.8467250614663
2850.891766490639
6982.086463868591
2850.891766490639
Inf
4312.6682415064415
2816.962192105312
10397.000000000002
2850.891766490639
5.817439234262323e175
5369.731917405257
10397.000000000002
10396.999999942456
13940.880027394283
5.135366716022587e130
2850.891766490639
4452.073023302351
3983.500209542428
1.57381534233784e88
3914.0025825837574
4563.198502789822
10396.985133236818
2850.891766490639
4.1404375972486726e45
10395.812623343272
3225.335348556228
10348.095453464062
9.385809511303396e42
3221.5704505619524
2850.891766490639
2790.2770083712257
10293.181144202115
10113.522084669401
2793.4164417517063
2.013261980782487e22
8.074002040578276e22
2794.7632042875825
3216.603142957849
10347.765137764796
9.42384622303883e42
3197.4086392099234
4.1237483361884424e45
10395.81421870113
2794.7632042875825
10225.452664149649
10293.04127746165
10113.522084669401
4.175908373088566e22
2.01597428567922e22
8.095756939324622e22
2794.7632042875825
7.106110252723821e11
8.172735184508125e11
2919.6359741098636
9519.471015807652
9378.801837086317
2851.897278842017
2794.7632042875825
8029.624929334117
2857.963262341265
4.620307263627052e6
4.721183670974372e6
2821.6829554856813
8141.5100131689305
2794.7632042875825
37451.0776851111
37361.838977946594
6448.934387758082
6379.4921947400335
6306.327273478369
37517.216477991606
2794.7632042875825
3875.021758357571
3886.2776818927987
5814.463287659973
2369.2604510802985
2390.2266559803415
4717.355004373689
14900.477511202706
2370.281701348608
102935.94547577208
2329.115197635283
2368.2392008119887
5684.3977480060585
2412.7034753038265
2249.8398064993908
2095.4319093336503
1825.3543569449355
1900.610769898606
10395.58018787615
1900.610769898606
1819.3042014648627
1.9282477050439878e46
2412.7034753038265
1831.40451242501
1807.2038905047148
1783.0032685844199
1734.602024743831
1666.0992596942356
1980.4325270655181
Inf
10397.000000000002
7443.537952511756
10397.000000000002
Inf
8642.752960475622
1980.4325270655181
Inf
Inf
7101.923516589126
10397.000000000002
10397.000000000002
4561.116252733083
1980.4325270655181
1686.2007809032411
5.0033171220776415e303
Inf
1719.9048062075913
10397.000000000002
10396.972033288026
1980.4325270655181
8363.23018134277
7941.983157446586
2.0171471722872287e181
4264.502030933189
4118.758788439134
10396.999999999935
1980.4325270655181
2818.6505220387467
1679.5506463225745
1.8106728663487145e91
2957.4102285941044
1652.6478730658973
10396.999516135375
1674.1004699430944
10369.624874357836
4228.066220309675
2.005303173102404e181
2.8880114655796364e195
8468.541937316815
10396.999999999933
1674.1004699430944
10396.999516135375
2913.7274986483017
1.8106728663487145e91
1.831936171523122e91
2878.2692896518497
10396.999510453199
1674.1004699430944
10396.771460544156
1.782962085479563e46
1.8725129530891152e47
1.0836085592284097e45
10395.694806162302
10388.872786614245
1674.1004699430944
1652.924925762836
1.1633877343071071e24
10354.082949875865
1656.0107197229818
10286.49528281144
3.494512618767967e23
1674.1004699430944
1651.4123868928175
1670.3016466481874
5.277985902939076e12
1654.329296394439
1769.456160389222
9866.75453715803
1654.4374646328547
1688.609484570436
1654.329296394439
6.545094362175041e23
1874.1357020343721
1654.4374646328547
10328.450424668581
1654.4374646328547
1766.2637774186344
1673.356497667882
5.281837106294098e12
1670.3016466481874
1769.456160389222
9866.367631406667
1654.4374646328547
1652.1686563278267
8770.841159474241
8628.189013539899
1651.8071614016255
2.109493898056426e7
2.2100452844552338e7
1654.4374646328547
1680.8469251905467
1657.186596023185
95959.66083964882
1656.4283596974929
1681.676592080747
6943.920577796153
1654.4374646328547
3180.6934556856163
11652.195982002477
3512.198301079894
3496.671519168293
5035.7697465200445
3198.701190306187
1654.4374646328547
1651.5069205721943
2154.257282204261
3164.6032785437233
1651.3178532134416
1335.1077568801063
3483.6453003342385
1808.572047151639
4697.119876172252
1331.3733734645643
4728.537927909841
2991.950664425829
1349.7299798114936
15158.874459384837
1329.2405293746658
1324.361663038449
1312.4559213888026
1495.300659988532
10351.972710866254
1495.300659988532
1.7159728225284552e24
1.7209848752382523e24
1349.7299798114936
10351.841194129183
1495.300659988532
9970.990970076613
1394.5041048068797
1.004834212103495e13
1.0063006127178355e13
1324.361663038449
9970.36927557714
1495.300659988532
8946.069472201738
1339.9173867512416
3.515872992165177e7
3.3607747776223406e7
1318.104594021648
8825.554862869612
1495.300659988532
1312.7722693525543
7092.143254958274
129590.28403350883
1312.1395734250502
130030.8507909326
7180.949782478444
1311.5068774975457
1310.2414856425364
1307.7107019325183
1302.6491345124819
1315.5929922994314
2486.179542866101
10396.999905142322
2.6965279599571387e87
2415.691448946042
3.134108895835971e92
10396.999999847316
1315.5929922994314
1307.7107019325183
7.890195313016125e47
10396.895288152227
1307.7996626408978
10393.596937044627
6.655284933964656e45
1315.5929922994314
10368.527637529369
1505.6214822990607
1.706261970403224e24
9.557663129549836e23
1320.8001202797288
10352.096007807255
1315.5929922994314
1408.9843637439642
1303.9145263674907
9.998851100300959e12
1314.48759869946
1301.954665396997
9973.089189012335
1305.851330226264
10368.506728521263
2.9304948193673746e24
2.9219055713902344e24
9.536668459464514e23
10325.796667387101
10325.58735772063
1305.851330226264
1302.6491345124819
9.991519097229258e12
1410.8527842519748
1303.9029978116307
9973.400036262075
1313.2135258815265
1305.851330226264
3.4181469843601e7
8955.326383848143
8835.57700186139
8897.765291298289
3.3393264594604947e7
3.493426966922587e7
1305.851330226264
7200.881888764392
129160.52145583018
1330.5385109798672
128671.64997225776
7113.8306103099485
1304.8998775221642
1305.851330226264
3541.965667918098
4050.0619654696657
14396.442281007892
4066.2024348765267
3528.1115464082422
5182.149792542692
1305.851330226264
3523.6939765703846
4013.314722388555
1005.0732751061614
4044.04820830534
3498.0276611885197
1876.2529524748886
2454.449528962311
5904.212926125864
18843.6736921397
18794.037910791754
3004.998557853819
4861.740383524238
4821.1384597865135
2454.449528962311
5865.584082526011
999.0941440109242
2482.5893759549317
2973.824420654059
1011.064377899927
1886.0388764285053
987.1718056513178
963.4708528686714
916.6436125069378
909.7094353909548
1038.0811893816729
911.665469852841
7.290931580589429e24
10377.822183058257
907.7534009290682
10350.467648764969
2.553121412406101e24
903.8413320052953
896.0171941577494
905.5577930926468
6384.238710041296
5990.735685094039
7.256980305322225e185
3285.271882357804
3114.5047562172394
10397.000000000002
905.5577930926468
2143.1474599445637
888.1930563102032
4.8281808979982805e93
2082.276063374023
903.8413320052953
10396.999981693129
923.8756339759658
903.8413320052953
10397.000000000002
6089.111441330853
923.8756339759658
7.213933395458383e185
3242.5801008226626
923.8756339759658
10396.981255182947
10396.99999996387
2010.8192572721389
1.350869721195497e97
1.0938432547527819e89
2082.276063374023
923.8756339759658
892.1051252339768
4.029787148810529e47
1418.2339782447934
896.3988726509865
10396.751746018543
1132.8187039929728
923.8756339759658
1080.922529237147
941.8754599418374
4.326349517349712e24
928.0376763502194
1089.490797208242
10367.79680815356
923.8756339759658
2.0929593171247312e13
987.6469342670549
1.867233035418015e13
10015.024296102138
890.1415198447511
10059.808004469463
923.8756339759658
889.9459926555193
888.3848172645345
5.3888574130260155e7
939.5086375730788
888.6820649256753
9072.037043778742
923.8756339759658
888.4375606179394
913.620491688534
7359.211298188118
887.9485520024677
889.1381419095111
174448.16085387574
888.9572497921386
940.07132331422
888.4375606179394
5.387852333677826e7
889.7011614695366
888.9572497921386
9072.284115824183
888.9572497921386
888.1930563102032
914.1880049134372
7359.7777688691585
888.3848172645345
888.8934613672392
174413.69191135396
888.9572497921386
17828.61058804203
901.0625753337846
888.0708041563357
5333.577698171418
888.4377339699872
888.0986010007326
888.9572497921386
888.0096780794017
894.4531820970691
3533.45527258062
887.9554928688323
888.1972728909603
5067.410305395759
888.9572497921386
651.0019437506584
1762.2088953760192
669.917577453832
1397.522652544251
2252.345384999977
1546.6367639849598
2122.481754224716
3090.8293525828053
1414.871057517969
1065.5751559650953
6690.972470430246
1057.3649817724506
1434.774798809189
2122.481754224716
678.2066473978132
1422.5201072419136
1695.9837694656217
691.2319292365696
1060.580720499284
2865.8832903163643
2122.481754224716
888.0808226386127
1065.4529729245264
835.6908827720517
1108.690629660336
1434.2748697103293
959.2937119219325
2122.481754224716
679.2857883859216
834.1368115492759
650.374480718299
649.8663731894992
781.342415530705
651.629553692498
851.1310625877856
1656.515261891817
652.6747833889277
1660.2080357071661
941.2553477128399
730.3754360734085
942.7667348971066
851.1310625877856
894.3017856844097
674.4272458504985
1018.0191248137949
687.4773696399602
820.3903700329246
703.3471591797032
851.1310625877856
642.640070919022
768.6489419035204
690.4807862509878
695.8259107402489
664.4453947236761
641.0224518237716
679.9924144068877
690.7410519169846
685.1975372113099
894.2833646359356
724.6888056824421
710.0040752017233
755.1914762331977
679.9924144068877
655.6257902099985
642.1304082905233
701.3158427600955
643.2654597434911
639.9066783788437
682.9815918861357
638.489122223626
644.0422113060088
1539.8125753677457
1005.3656548982233
690.9319700115499
1003.2688413535622
1544.7404414333223
668.9881552098466
644.0422113060088
641.9532444389666
637.4529249031561
920.1395544790627
643.3760461819788
639.5256636016542
744.5950628432604
635.8176560403558
633.3743578623479
628.4945053458316
618.7617831574968
599.4043093119224
561.1212427823802
510.6546939371895
633.5886034684337
512.0478130569365
1.003320308679153e25
633.4336303596202
509.2615748174419
10377.314724038657
639.2252719238503
506.4753365779469
500.9028600989584
521.2082862167721
2674.327152186056
512.0478130569365
7.716404212650326e187
5357.410119336402
521.2082862167721
10397.000000000002
521.2082862167721
506.4753365779469
10396.996708051707
2.952672584421032e90
500.23244107538767
1.0271190484667441e98
10396.999999990845
542.1841313581566
2720.3509086169497
5645.956772759563
7.66986308496861e187
5261.227901528682
2904.445934340525
10397.000000000002
542.1841313581566
1.0271190484667441e98
10396.999999990845
1956.264845055682
10396.99674776217
2.91705477385363e90
1815.6070675924602
542.1841313581566
10396.395453186538
10396.977278833781
819.9966825100813
1.1052908103013851e49
1.7338253319455025e47
1071.9579032565161
542.1841313581566
722.5829941271727
496.7235027397159
9.868525590307986e24
566.8098572010472
505.47640236073397
10377.637823445182
499.509740979211
499.509740979211
1.1103363401160243e49
10396.97717511418
505.47640236073397
10396.3963675178
1.7312030524611093e47
499.509740979211
693.2305616177255
579.7645712252191
9.883496271806488e24
566.8098572010472
722.5829941271727
10377.608450771862
499.509740979211
2.876517503627908e13
594.6309657968109
3.2250938690219297e13
10155.01767829789
500.5789720469551
10125.447189505734
499.509740979211
544.3427291463216
497.0717825196528
7.991972256733538e7
495.06410028531616
496.37522295977925
9218.663050722662
535.0593268691308
495.75940308417455
544.3427291463216
10108.683038395018
494.3687974864582
535.0593268691308
3.0473033518391297e13
492.97819188874166
490.1969806933094
484.63455830244436
526.4168965136698
10397.000000000002
2830.767227705157
2.5483659539116264e187
2.6116116170801338e187
5602.97924556197
10397.000000000002
526.4168965136698
10396.994985630334
1772.1722658024298
3.283183583973032e94
6.687746258449565e97
1929.955801928787
10396.999994409105
526.4168965136698
494.4891572252397
1101.5151759629357
1.2163392471232801e48
487.41576949787645
857.4586118124155
10396.864317427533
526.4168965136698
10375.687696424755
719.0248579759283
8.616818502874517e24
8.643263029227141e24
563.0598436547251
10375.622290176112
526.4168965136698
3.012684877765783e13
10143.439033200915
485.3298611013022
10111.958423909495
2.6837680630359883e13
486.5072224031319
526.4168965136698
534.3181894301374
484.982209701873
7.730584256746128e7
482.48517885723953
485.1768999327811
9189.848094173218
524.7070366224887
483.1788351018427
10055.598316515458
2.5320319114158953e13
481.7915226126364
3.18604265649501e13
10128.32864788505
480.4042101234303
477.6295851450177
472.1194681055541
515.3300546437719
483.1788351018427
1.4296298014498117e199
10397.000000000002
515.3300546437719
10396.981613433416
2.240829791436977e164
515.3300546437719
10396.99999176195
1794.4190342806437
493.7247613746628
1.8974034688840417e94
1958.0816793601075
477.6295851450177
515.3300546437719
474.85496016660625
10396.967130360414
10396.087648246725
482.92211474010816
9.19414272182368e46
6.834785278189461e48
515.3300546437719
4.438695739792839e24
7.51833295611147e24
715.1058366434166
10381.698360063658
10373.488635782058
545.9057646013779
515.3300546437719
2.5029365746513727e13
3.1469914439680906e13
571.0259184275601
10131.415924720039
10059.259796363778
472.88818052580166
515.3300546437719
472.4271633104953
7.473925345622815e7
523.756251572967
473.4697989348729
9160.053857584762
469.40808151389376
514.0389576231721
468.71649617329285
523.756251572967
2.654963002397583e13
470.09966685449467
514.0389576231721
10079.377898430439
467.3333254920909
464.5669841296871
459.77689099228746
503.6505268569835
2891.475187489418
470.09966685449467
2.748436264392738e186
5875.084724975611
503.6505268569835
10397.000000000002
503.6505268569835
10396.999987675275
1816.8646127953118
10396.999999974487
1.072501904804071e94
1988.773327622452
2.9935210068784364e89
503.6505268569835
858.435257764716
470.7452999584612
6.959365611458821e47
1132.5807022666447
461.80064276728365
10396.799096737494
503.6505268569835
10380.163015774595
725.9532472257646
6.524101852708788e24
3.8143277537677624e24
534.9325990372524
10371.044231664326
503.6505268569835
10082.823944150836
563.6659256835043
10083.316236396606
2.6220429330965477e13
465.01807159162
2.626157941759177e13
503.6505268569835
512.6293929851331
459.38009407518047
7.221977388458419e7
455.8038638465496
461.147942113059
9129.241068057214
503.03350394885433
456.49291626608925
503.03350394885433
2.4738412378868508e13
455.11481142701064
512.6293929851331
10063.444344761858
453.73670658793225
450.9804969097745
446.7867305129213
491.347418629458
1.1472287320347543e162
3.278374381527002e198
3.3626797842841914e198
10397.000000000002
10396.907104349542
10396.909433326944
491.347418629458
450.9804969097745
10396.99998173901
2020.9640561592385
469.06707457118983
6.077530503068786e93
1839.5142565041026
491.347418629458
10396.952242379082
5.241902105421617e47
1177.545698023608
4.742930909047787e46
10396.755804413488
886.3650922968851
491.347418629458
752.0401443951457
446.8461823925384
5.665247207692118e24
530.2964120404745
452.3568165274883
10368.416293909171
491.347418629458
456.86337709229014
2.4428062120046938e13
2.7478854965562117e13
555.8399795233508
10067.105824610177
10024.307310684306
491.347418629458
445.81260376322916
7.137026053935519e7
9144.15143194019
448.17925201656305
9048.343810815713
6.813238835670492e7
446.50165618276833
2.445715745681146e13
2.7489755983110562e13
549.0883253767543
10067.23659174762
10024.159461381638
451.9165777862298
446.50165618276833
446.15712997299903
6.97748940555318e7
499.537373494668
446.7867305129213
9096.853226774061
441.98454000264667
493.33139116818813
2.3031829223665336e13
499.537373494668
442.67055639740335
10046.446243998018
493.33139116818813
441.29852360789
439.92649081837607
437.18242523934896
431.7001032699019
476.97315198149556
2854.895632402161
10396.796844843508
6.905923117404292e160
5973.910527099663
1.5605462303756369e198
10397.000000000002
476.97315198149556
2059.576327401531
454.33662762569884
3.3881570195909835e93
1858.9469260631697
437.18242523934896
10396.999972687025
476.97315198149556
434.4383596603217
10396.700765813066
865.0657493663705
443.0183654477999
3.9046660231032315e47
1160.152652138826
476.97315198149556
4.901255416572468e24
759.0515672024511
433.0663268708079
10365.439600963411
520.2918210835471
437.3592343588508
476.97315198149556
432.38031047605114
543.2370108777011
10050.616589467898
434.52966881437686
443.4099417253107
2.275783220305225e13
476.97315198149556
9063.324358380141
9112.320358741887
9013.611179883646
6.732140947899312e7
6.576040813455568e7
6.897237002456589e7
476.97315198149556
429.7217881485208
432.40749465602056
208697.68781954958
460.3897153405729
431.86579817998364
7351.951070784119
426.9973062619333
506.7846787426074
457.5826141029332
430.31023503590006
2.0766254295747812e13
503.4104542103695
424.55151440095847
10016.764907901153
423.1906747812412
420.46899554180504
415.025637062934
432.2705311453039
10397.000000000002
2948.0368982800005
432.2705311453039
4.508561728658414e184
6555.20507925042
430.31023503590006
432.2705311453039
420.46899554180504
2196.733607279615
1.3902921774192162e93
409.5822785840628
1836.2486078999964
10396.999949474111
455.46659358857164
10397.000000000002
2996.4213088102724
4.420706238464036e184
8.06847539542252e158
6445.092780565731
10397.000000000002
455.46659358857164
1.6417976286708118e88
5.549283673442616e96
5.622322771473823e96
10396.999999911173
10396.944469378392
10396.945190771788
455.46659358857164
1211.936690550498
1151.6885087667804
2.4958945377750038e47
902.0245849219167
843.4609804206357
10396.59518502245
455.46659358857164
10360.293897867597
10373.45800856348
495.922106165013
3.9165549479867977e24
2.2062157589529488e24
757.4774095282942
455.46659358857164
544.9903399892147
1.7965265632586656e13
2.3035797614857836e13
422.42906543664503
10067.335048059593
9973.97725429793
455.46659358857164
409.92248848899266
6.380904159904949e7
466.65946884311415
410.5242226047401
9011.919621926372
404.07695133303343
464.0571085057074
1.9155650620385992e13
466.65946884311415
9999.43181390968
10000.081100791493
464.0571085057074
1.9124366646712277e13
464.0571085057074
404.4149116502538
8902.078462110016
6.072268264875735e7
403.73899101581276
6.380904159904949e7
9011.919621926372
403.0630703813722
401.7112291124906
399.0075465747273
394.97243740789384
462.969970712446
1.3305670904381053e184
2.3762479503104587e197
10397.000000000002
10397.0
10395.68772629509
3.3366169817713726e157
462.969970712446
10396.914723046417
10396.999999873462
6.77218977599401e87
3.484266734753044e96
6.8624758380451815e87
10396.999999871776
462.969970712446
396.30386403696383
1201.3605702402213
10396.504307000805
406.7659588131064
873.7556706339453
1.838049446716262e47
462.969970712446
394.9520227680826
5.799378786558075e24
787.8133717415083
400.86919811049995
10333.005316466122
489.84568242267585
397.65570530584563
10396.501845214969
1.6643741223783418e48
1216.5834971468523
1.8350066466378267e47
10394.089476670979
922.8468450585266
397.65570530584563
10356.43944825191
771.9058378727111
394.97243740789384
3.373908513724513e24
500.26317764853326
396.30386403696383
397.65570530584563
395.62794340252344
548.4779983433073
10004.13914380282
394.27610213364164
418.0830327200151
1.8928841811251582e13
397.92081775919695
395.62794340252344
10356.472965760404
1.8739761744419777e24
397.92081775919695
3.3711204597559876e24
10371.046561090423
397.92081775919695
394.9520227680826
2.142434874513778e13
10050.334119373167
394.97243740789384
9951.644154555726
1.6614315774329434e13
397.92081775919695
388.3502121925825
8920.404114506106
6.000299658557698e7
452.56708578316324
6.307886013889396e7
9028.332803181947
458.1134957048012
2.0133253734238234e13
446.76807017234637
1.775988632400853e13
9921.688341601937
451.2392028938531
9979.162922974774
458.1134957048012
8919.182404346366
394.6140624508623
388.01484103437673
6.0027813346376315e7
416.38028917239717
388.6855833507882
387.3440987179648
386.00261408514206
383.3196448194961
377.9537062882045
460.2775701798923
10396.999999999998
3057.809081521405
3.713097617248429e183
3.8139515943873066e183
6833.36001297447
10396.999999999998
460.2775701798923
383.3196448194961
1935.25766634819
10396.999885930456
399.5955569477049
2202.695432010968
4.0108361824665485e92
460.2775701798923
1.3428084722626489e47
1209.5037856979964
1.3518347679631957e47
10396.389477493818
890.6981946104052
10396.393553995476
460.2775701798923
381.60054651706866
790.3593308868666
2.8873720588623207e24
379.2951909210277
487.1684913893423
10352.172644280654
460.2775701798923
378.60137811196284
564.048390852152
1.7517832138898598e13
378.62444860461596
401.4005800144826
9984.175736029058
460.2775701798923
8938.118911822326
446.3039565303437
377.61833512999874
5.925849376159729e7
370.88591657276174
378.28907744641015
439.66403119163607
439.66403119163607
370.2210930324403
1.640820503335657e13
446.3039565303437
371.5507401130839
9957.169065992975
368.89144595179613
366.2321517905092
360.9135634679341
465.67570280129064
371.5507401130839
10396.999999999993
7044.836469385479
465.67570280129064
1.0512581972716844e183
3090.581974942545
465.67570280129064
10396.999828600221
1959.046536945833
2.107237932965227e92
2.1360270503392854e92
2246.434698169216
10396.999826258554
465.67570280129064
933.6947742239208
866.451496014222
9.807691940127902e46
1256.424741549777
1194.1979368574248
10396.25278202797
465.67570280129064
10347.387389454045
800.7683414018384
364.4180633765859
2.4656330886940246e24
479.0704751481233
362.24321054857745
465.67570280129064
361.5783870082563
9962.693977430226
387.62619092856687
361.366080078707
1.620209429238371e13
571.2990628961087
465.67570280129064
5.706331373475997e7
5.851399093761759e7
447.6260969347537
8900.181965697066
8839.791565751682
352.65320597585946
420.58979893973964
9933.859407965469
1.7305117855014107e13
464.49472792827214
1.5136322597956117e13
9870.895867813957
427.59299831206147
420.58979893973964
384.1570015776953
361.366080078707
5.554896740225309e7
360.9135634679341
387.62619092856687
8840.451886527164
420.58979893973964
7077.616540639011
191416.52771778678
7122.726546157408
190807.30063116073
7033.751237880919
190321.92456465386
420.58979893973964
3259.306948398784
19214.60541428007
19178.902672102373
5657.365127448058
5041.034066080175
5013.486090031278
420.58979893973964
352.69433704675606
3237.8942146436634
1917.726222880437
352.61207490496236
5632.391117008621
2161.4131759937854
352.52981276316956
352.36528847958346
352.03623991241096
351.3781427780663
350.06194850937703
347.4295599719977
344.91715616927434
483.2454652934475
2.265184516443291e196
3032.762699155247
352.69433704675606
10386.515001206664
7007.799898264191
483.2454652934475
483.2454652934475
347.4295599719977
10396.999999617463
10396.686162229498
414.08131073136093
4.184142480604889e86
8.108776119790685e95
483.2454652934475
10396.83502294555
7.290390823067992e47
1283.9375965227737
4.542443327417525e45
10391.498104048096
931.9317691723915
483.2454652934475
2.099950946759953e24
822.9174798140133
10342.03437808207
10342.22315102934
462.9924839952692
2.0927389128465364e24
483.2454652934475
9940.901940316951
590.4823156611164
1.4931474653033988e13
1.495718106180853e13
368.2846536277131
9940.11671022898
483.2454652934475
5.482126024365206e7
8920.422017171779
8798.905301903664
8862.15993202105
5.335983841440679e7
5.621964021042717e7
483.2454652934475
337.8758312623048
7123.89975260059
187565.8027919911
407.6013406597079
188171.40162749618
7166.316180104056
349.390963951005
5.405446097586636e7
407.6013406597079
5.410098067481041e7
8830.256447583117
349.390963951005
8831.603381287507
349.390963951005
338.03943334362674
187565.8027919911
344.91715616927434
337.71222918098215
7079.229262936421
333.31937776864754
368.2846536277131
343.02448516383157
8798.905301903664
5.193039966837251e7
366.5338537846327
5.3336887280369654e7
8861.499611245572
368.2846536277131
6987.938010857439
7035.118020650175
348.5196265148643
187523.2372047685
187041.23182709847
338.03943334362674
368.2846536277131
5033.802019153955
335.6725599145411
18933.55842184496
18969.744420741285
339.76565675449336
5005.925275832367
368.2846536277131
5548.814060166241
2124.2761272185503
1138.6395196962364
3214.300424757169
1909.3042853118723
865.0260141129485
368.2846536277131
1127.11916759138
1343.8580541097601
2147.4327715934382
853.0919365286014
1160.9770821945237
1930.673885845147
368.2846536277131
333.34787635257817
1134.1648165272322
275.9954603186876
333.29087541319285
860.4404603154969
473.01384024911107
587.2184201349257
275.88851580945646
273.76992309481415
2503.0724826222745
276.1024048279183
278.2224178706774
1734.243050314239
269.3231326291531
260.44684497258345
242.76464839559057
225.12954578905644
446.896700466709
10013.43389465759
2.0000943052675113e13
455.45450999247316
1.5298755706407094e13
9903.440598141551
281.6465575108595
446.896700466709
323.7842954275243
8838.706257958207
6.010095684252877e7
241.0678267004809
6.3300991210811004e7
8955.60740419937
446.896700466709
226.0230732020371
224.33381421182924
204615.27151211863
269.6752820487591
265.31922902758726
7156.58996084287
257.8902064525823
6.0891063339327715e7
269.6752820487591
226.0230732020371
8869.83761544635
259.59463213258294
222.64455522162257
219.26603724120775
215.33139833816833
229.4160283788394
8.994566777062386e47
10396.15387445861
5.839475753388033e45
10391.96838559468
8.84772728368608e46
10396.847960834784
229.4160283788394
1.3222547508119763e24
2.4518124006400726e24
633.9074944621373
10363.595576214648
10344.284818174057
451.57570098044505
229.4160283788394
10003.192636489379
411.58188973958005
1.6893594275681236e13
1.4752495870551305e13
280.0378349641718
9949.342647558065
229.4160283788394
215.60679217662496
6.231614386575517e7
8932.343710100113
215.05600449971192
8813.614549547994
5.910889812059006e7
216.88816963909454
415.88616161031723
287.9178070619969
1.6900888934217422e13
278.0310908980352
433.1032490932656
9949.921543382527
216.88816963909454
8875.749502794582
304.52370621813554
6.065530414534117e7
6.070769507733819e7
245.95922669257843
8874.435750050532
216.88816963909454
7167.737910192012
203875.56700457295
247.54597222586904
202517.9613264356
7083.236919374398
229.19007483471202
216.88816963909454
3287.102995574331
5806.888506633399
19987.78651584571
5856.243015354831
3244.8137210088994
5071.375410693627
216.88816963909454
935.9147792101888
3850.747580196383
3268.804316818015
1129.3677367081443
2629.8482634420925
5833.9431503682845
216.88816963909454
2259.3174006582963
1945.9189322418765
214.4626079131744
1935.989812773907
2269.9922728473357
216.3430913118114
217.6567082030263
952.1752841406521
5834.326274018606
2257.4567415557754
1129.148972779477
3254.396001692667
1918.8407677188707
217.6567082030263
1575.8947931458083
1749.1174019985995
1534.6961541685198
1539.8813520521403
1926.119262297923
1570.24801303082
217.6567082030263
183.9914396147326
214.76626648963457
943.5792426915164
300.4255588895029
214.19676826454463
1121.014653242777
246.56450064924428
1634.9460483331568
1840.3286687420668
1422.6339546640027
2085.793794996172
2460.2889735208323
1236.4435723546576
246.56450064924428
1014.0204170341798
643.6079363235863
941.2556711201505
1101.4773143953807
662.4847126050503
894.9772773137643
246.56450064924428
331.37313016554293
362.7695432930099
504.48951878199125
391.3046388290234
302.3500608951523
547.6439608589556
246.56450064924428
300.0485958245562
167.4762357364934
167.65560843228698
246.221668256201
199.99059256806783
199.80562983573896
211.38256982908672
375.0169307291435
214.817604043322
483.29847934616765
453.2558743063143
201.81426575636343
578.6906983075506
211.38256982908672
304.6643487285661
172.04945850111142
173.23437865814284
250.54125451552824
167.2519973549388
178.0196997076058
182.24809068512366
511.05380095649514
418.31835733091157
305.54376868564253
384.8341308567044
549.4114726830904
421.1780455274933
182.24809068512366
173.28297819953548
203.81248373492457
325.13025689408283
183.2213877131357
184.71322977211258
235.67412485188342
182.24809068512366
169.0803505973573
178.43767154170362
218.8577435478669
173.9545546981496
190.79969642446974
193.2650596039544
182.24809068512366
173.346042216567
178.76907340701217
178.26754225626013
182.21543171749266
171.61509102838247
191.27344825030102
182.24809068512366
177.33982878848374
167.71600997615116
170.02413351310392
170.64199958313495
166.78783793288548
176.231745139777
165.8590793762679
166.50686595768028
188.670697739546
172.53549508270055
216.49523243811862
204.42733678560987
176.26168661615066
194.76778209039043
166.50686595768028
188.42875839462116
188.72620454674203
165.55130721017855
179.4932057919026
179.87844582449114
166.90736448835887
166.6131774531612
175.89959665595725
192.1618075284328
214.62617779753472
179.40702118167965
183.08398936756095
195.55673684561697
166.6131774531612
166.9068898134113
187.38414791653273
181.778670068718
166.96359571593112
180.4990348470447
177.70417112563592
166.6131774531612
172.0847753224424
168.91104420912413
173.58322507888363
172.49381809377684
169.1373003367661
172.89523174565227
166.6131774531612
166.8943861847284
168.02965400001068
169.15075401036063
166.82029180530782
168.0017036241146
169.05981859817663
166.6131774531612
165.61425396475548
165.65576007803548
166.99041829187345
165.56210914956515
165.89552024776577
167.10716977464605
166.6131774531612
165.55267788225814
165.90723622162426
165.54291852978346
165.5498639687312
166.12891719202239
165.55953532505248
165.96975543344163
165.54774967056923
165.65099289435213
167.38024050005987
165.53808184851192
165.53156845680783
166.74865678120335
165.9330251554519
166.0321663403447
169.10612133317048
165.74243992373485
166.30994688305725
169.07142130473096
165.5551925428499
165.9330251554519
166.8311731834968
167.06277126893636
165.9661075254326
167.06273634995625
166.8728991127034
166.23856770982468
165.9330251554519
165.78364791295257
165.52480522146018
165.83645360467492
165.52913121311096
165.53833159212405
166.1511874575776
165.51127845065935
165.48422370855425
165.43010942168212
165.32186163215368
165.10528914879356
165.13404065860828
206.58739930429266
240.8062529990476
210.89792633291052
249.06702483834715
318.32246438907583
191.4978917898272
165.13404065860828
215.42285325927503
167.06577755177338
215.33323854554646
194.50168583074597
166.49442221637298
194.53167708950303
165.13404065860828
172.3482446094917
187.60862006037044
174.80867120773902
170.7089586462717
179.6338288609758
179.41861702520345
165.13404065860828
165.1078122151162
166.05086002132137
171.92711271184106
165.10276336183006
165.26778016998534
173.9650058561566
165.09770362526072
165.27368917435285
173.8193651338167
172.52711211960695
215.69210906903405
171.92211681649178
175.4455439062733
194.35189314155886
165.27368917435285
176.39627061048895
179.41722143440796
166.06205864176707
182.2495674913681
188.05568581965295
164.99694860233126
166.03043145817696
177.75654549481757
166.75386390574192
214.13455750567752
182.080718382182
166.89466784407716
195.00899700588727
166.03043145817696
164.96454923398485
165.1057249894327
186.51791893676818
165.0293483955582
164.8881659801244
180.08808518973265
164.67744521670545
164.65528858725898
164.61035176970512
164.51798694591426
164.32331687062327
163.89440897543523
162.87986360278322
219.78570844389037
180.64596746318807
162.04552746448547
212967.9065066821
173.86588068235645
163.71419974107988
7138.587178355412
160.3768551878914
160.8231674179932
277.106322065582
1.6034216978438607e13
2.0966070641537906e13
347.70115153036784
10011.68242417713
9900.92046251586
160.8231674179932
195.9837669153316
8833.951005107287
6.300828731947039e7
224.57012084116798
6.6448050840244286e7
8949.714670485779
160.8231674179932
212775.0796004138
176.38856142286642
212871.49305354795
7139.993642946402
177.29400917340962
7141.400107537393
160.8231674179932
6025.346083504616
3245.550082565661
20745.70258485729
3203.554195113113
6073.9856347987425
5096.1455691766205
160.8231674179932
3235.675842203878
1027.7702105392793
159.51518374865918
6063.115951726138
1050.2018768557234
161.640157156873
161.352110535616
3235.385865757061
5099.332840499173
3208.2689962227405
6052.405320346767
20738.739183957325
6022.125921988863
161.352110535616
2404.012020009045
162.63069020154833
6054.625941891168
1900.5641365506822
163.3331550192307
3236.352453913116
161.352110535616
161.23591526624435
189.8111112972495
2399.670433708857
161.08263922105277
359.72882620792484
1896.4084167457388
161.352110535616
657.0528232697352
842.3655703017374
1042.915360813458
779.9744468698758
735.2034186016097
1073.408371475732
161.352110535616
147.64827109568787
419.6106679581354
444.91461037322404
180.2864477034018
241.72161346014917
606.4480440400728
136.53595781092798
254.86646550391828
142.20926124814162
133.427166741233
2611.358880213447
130.87165404017122
139.64719380979622
1789.9939110148773
121.11078215382821
110.01637062274618
118.6836193284195
119.53165495081089
118.40094078762183
223243.5313708995
144.8570197783994
141.3266750713894
7155.93068268116
118.6836193284195
5105.502765438039
21496.818434083365
21476.0223175537
21535.33249655838
5068.204482931529
5054.324064844713
118.6836193284195
981.001964085818
989.2719860228145
6318.160263333119
1144.042275561761
1152.7826740237722
3206.886261736993
118.6836193284195
756.5515740177061
527.2137703491028
2557.347873768423
841.0301180565084
555.8344751331667
1841.5632154978002
118.6836193284195
272.4192040755332
152.05669330651972
1159.517765219626
274.20487579523046
162.92389254938743
995.8145903698485
118.6836193284195
301.1390125109077
522.1370594286477
207.7087089601148
299.2706143401566
550.6194070534324
211.1470869410609
118.6836193284195
117.2407870780896
181.4092524671749
269.9215962829602
109.33007252829618
171.90807225895722
268.20705660557803
128.1607004144063
159.5414955676958
132.02835892235655
498.7421275826687
145.88415703529728
143.5553217061957
577.6373206684194
128.1607004144063
124.93073164914463
109.4604123834804
292.57433774857077
113.87570448814557
109.19940495727425
246.40511824801044
109.19814425947744
112.78368643766314
219.25472678722917
981.833436888671
355.5157156208934
199.3376798605793
1176.7880784862762
323.4688351226634
112.78368643766314
287.5192250109905
150.98775793318015
507.34735417158254
316.1672779267109
155.6884209880377
566.7396294576389
112.78368643766314
109.64732573355062
148.46408285203069
283.11365939043765
109.13882381826537
145.48192902531275
255.25348880128973
110.6337057142299
511.60546942224545
131.4709924743987
131.04580530573114
562.2655647905242
131.73548206446168
130.1787372386101
110.6337057142299
214.9544403112098
279.26007558471616
166.21764152997713
232.6535949238432
259.7104253297413
162.75175016468606
110.6337057142299
131.0307079366164
159.46628334754996
110.84727503862756
130.1349658717225
161.90609375007705
109.24207733979964
110.6337057142299
122.58977464278752
130.26042179459682
109.01936903167525
122.17076639120089
131.06594230336117
109.92488472302074
109.96824659452355
146.8232378108819
143.4174636407112
152.4825680207862
149.05799863513826
146.090057053401
149.2191975693063
109.96824659452355
109.02792612190188
132.03663385887867
110.53216423972164
109.23887396048464
129.10507871797893
110.85281294259119
109.96824659452355
118.19137371304963
108.97047135783035
109.02668900820969
115.44355458187846
109.0681554639863
109.01194958597513
108.87234246463335
109.29411826008027
128.2476002119018
123.55312562311411
162.2075734726655
128.8093914641297
123.5002512485034
159.1107493028777
109.29411826008027
113.59016914321455
130.25967872054974
113.4800941046442
114.5015328009589
130.67551849773793
111.97571317503669
109.29411826008027
112.6382776132912
116.28006834932594
115.17916848212295
110.92763002443553
116.10837088065716
115.5323127243734
109.29411826008027
112.24683371837597
109.55996769174499
108.85615624790452
110.61854710066206
110.67790355873726
108.88850927501628
108.82372558056542
108.75863120641552
109.04695457381862
155.32244843855466
157.5524834988882
130.79654724214151
151.70814250862813
164.2942434463181
127.88978170240641
109.04695457381862
116.19132159809573
121.13868527968934
131.6143490751482
114.12095160954499
118.1364801612552
129.10014206948867
109.04695457381862
109.18367599079394
108.71265775738581
117.85664618456552
108.81462571616703
108.8432748971093
115.22401215435293
108.62008467304693
109.84162424300885
116.02740649742029
115.6375587453696
159.68811874232938
114.69005470017864
117.28366510617641
160.95916111516024
109.84162424300885
117.2184004056894
126.47418883959435
129.59703834692718
115.70216989610691
124.73056928666209
131.34290548815807
109.84162424300885
115.53895731926065
109.4849241552711
109.83324544267575
116.92504536387995
108.65984108835326
111.86560759255497
109.84162424300885
109.47727229241448
108.97918382198323
110.11624656768339
111.26821745660382
110.58470001450019
112.37287250178501
109.84162424300885
108.61611676393571
108.60054715760467
108.87104347110615
109.92494952053946
109.48655040267414
110.39980396861839
109.61950795034238
111.29995531824339
108.88433438632836
109.25934394221025
110.8031063880167
108.63725182442421
109.51313250586301
109.61950795034238
109.53533223077446
108.59586729572426
109.10769535814029
109.3351842400061
108.76363949440847
108.62777292289837
109.49896066240845
108.69159206505043
110.45230826335458
112.02352762403882
108.58673335582226
109.37158336699366
110.30677868294214
108.9920034235295
117.21214286532165
108.53127877605775
114.45973779962678
115.31262288056976
108.6421013733646
115.6897217860058
108.5524872955061
113.11710219947608
122.22295858413173
131.6015811814312
113.95093021797483
124.76510415197443
129.12523992546815
108.5524872955061
113.76213241088502
110.18207074292246
117.5762909910276
112.75884878607687
110.17343399238041
115.01842233047032
108.5524872955061
108.70798025178163
110.27215788119653
111.07263861393707
108.53560727631898
110.2698704285302
110.85577804789266
108.5524872955061
108.52810521507799
109.120349815821
109.58678188995063
108.53442897209024
109.56298018710125
109.09393706030554
108.57424129102574
110.76443285353746
108.50327540337307
110.91733355215032
110.72106374955538
108.55292001740587
110.94842560752187
108.45357076063137
108.35398145944599
108.26790951975285
109.61938086528846
147.9182425301591
277.2377310282692
267.73154152765636
144.56488979680424
263.13220826114974
253.51121408543406
109.61938086528846
160.13576293247144
108.62933331549536
137.4599116721558
159.7025625914057
111.35317675317478
141.10160539337352
109.61938086528846
127.50655412760966
108.03023845671873
131.76678492147764
124.29158232676872
110.1211550201048
128.44066218064043
110.03355627353928
128.01696011166803
125.44865467425558
164.3432586039497
130.583812830334
128.42215916151017
157.02058470098316
110.03355627353928
108.33820535671819
109.42052302973477
131.35250792419993
107.98559615598194
108.38970080716362
128.5570374942826
107.89553908998215
109.22411273463524
278.49496491795287
126.38630008814258
199.52104764702386
261.5271434565136
128.99328474046754
191.4567942404841
109.22411273463524
114.70341393176285
124.21267215232953
160.57386556604797
112.86577206162146
122.16185698975957
159.38512473583233
109.22411273463524
111.19607621287662
111.00187159696424
128.88255239933886
109.11933932646323
109.17752461194138
130.99281060670882
109.22411273463524
107.89592693387169
112.4801331868552
114.89401252581445
107.89509014524869
113.99600149125902
116.59008135381123
107.89400887660395
107.98284439650547
126.96124415494603
111.03875093731175
158.180749535293
126.67175089033451
110.33642506000798
162.10546200711372
107.98284439650547
128.8620176143771
119.07000792171641
125.11519146068736
128.94959374814272
119.72789063664334
124.68096855251913
107.98284439650547
108.00713897919746
109.19721341232533
115.4319032473881
107.90031738878946
109.89015667335133
116.14806708203702
107.98284439650547
108.24442213767878
110.91886837225888
107.91805068908782
108.21802872661756
109.9364533727661
107.86993467193119
107.82168911421999
107.91673561912397
122.9923890481402
110.9488722630558
129.10170043471567
121.52763181016294
109.48826942188609
130.66876535326966
107.91673561912397
108.0870172114351
107.82697793062371
115.17957342715667
107.86502713715116
108.33993656157375
116.28144058080291
107.91673561912397
109.53511530539517
111.31429111590182
107.8502072125388
111.33358026298043
109.57279919744505
107.793148081395
107.73599719183179
107.62141997423366
107.93114004160013
115.80847599689312
142.23287349511568
163.3332676970174
117.59134350540788
143.2038675250179
157.39786180176037
107.93114004160013
109.1144063806375
109.73590767720503
130.46573390424115
108.60559204828567
109.7593543715879
128.92779600471036
107.93114004160013
114.54690773244042
107.68225750130497
111.43674170149038
116.62499337827475
107.67869122740836
111.86139222421335
107.93114004160013
108.65585964915047
109.32342263920006
109.9448757478971
108.07892540552476
109.17907509868424
110.22327792929953
107.93114004160013
107.62177634945034
108.2379937624168
107.63505627768953
107.62106342615232
108.71536180661877
107.60778103071328
107.58049522261196
107.57466128341977
107.70694489751409
128.34032130212645
107.43540382523322
110.976042520364
130.95023350020267
108.48301957492689
112.19657798252923
109.36781390888645
107.39056905229799
114.34917893166771
160.48617265427535
107.7888753209441
112.641967658907
159.0294079869663
107.9488226893037
109.23634590973097
184.0751652478101
258.50235431360886
108.96441386411803
173.88177628474176
281.7728945499158
107.9488226893037
130.84844859589626
108.57091039627689
162.26489118491435
130.23532226352506
109.11026483098593
157.70036243966376
107.9488226893037
109.65661000317061
109.16943672105506
129.81397839940985
109.41347269697675
109.53677014687287
129.2948058008167
107.9488226893037
109.2476420198302
108.5191244071411
116.00068271513315
109.78345397642956
108.5648288569478
114.92473561770419
107.9488226893037
108.92571180873504
107.69730586634171
109.59656189511523
108.82777111921517
107.42648438573585
110.21635384937807
107.9488226893037
107.4018950389918
107.37836503865209
108.35032917900719
107.59559361936437
107.4027630806857
108.24022162264575
107.35392706043768
107.30493133427515
107.4027349341439
130.4032234602003
108.6455755967344
116.971498233837
128.62635580289103
107.95271733959933
118.29432963955796
107.4027349341439
116.01629565958147
110.84635909344595
110.24167149314121
114.7175245781557
109.27426226150752
112.0621831734573
107.4027349341439
107.30877908439632
110.73793988182409
107.63343134634816
107.30104643605962
109.12906531980671
107.26964258901873
108.08739899204164
108.15362120064123
111.52518796449687
116.14026785353319
107.50663565602841
111.12107181683825
114.53232661323176
108.08739899204164
109.63733099801296
109.5936706057416
107.24281506111592
109.89419795965517
109.91701263601838
107.29644436479822
107.30193759566734
114.27550852089502
108.12220033148881
110.10451088404872
116.38626260086764
108.73248455438777
110.06124937258826
107.30193759566734
107.52709825745339
109.73608114697203
107.27740372614261
108.25713853677581
109.6896597363286
107.6376757175083
107.30193759566734
108.26113381993648
107.24414368962135
107.50956355799923
107.51712257300062
107.9964548211435
108.2437686104769
107.30193759566734
107.26305007912708
107.25016033968294
107.79985973391325
107.25104268541963
107.34312812522215
107.25235136829473
107.30193759566734
107.48481110643402
107.25007793447315
107.24194890093537
107.24772321045847
107.24768884483319
107.24368099704569
107.24021590780278
107.23674723032211
107.28532033052981
108.9131007559902
109.63225070338709
107.84201084500798
108.37461698307436
109.75732107238454
108.54585580611646
107.28532033052981
107.2373633669289
108.48767736304879
107.87634868659666
107.25802547810765
107.66685331317143
107.26179521574218
107.28532033052981
107.2318573772192
107.33775365519098
107.85090607636869
107.27109211703498
107.23196773136098
107.24888274880914
107.2220607453998
107.20239979393145
107.16280725669517
107.57821289787827
130.27912543474378
111.59275872170033
115.33149740238512
128.56417967251096
109.916140828323
114.12852491982258
107.57821289787827
107.21932543358547
107.21266238194485
114.72988192472708
107.1062392906941
107.11267589174521
115.9117533514383
106.99295392188611
107.02696090819722
157.60582257569183
108.84107212607623
110.27742636947072
162.01445433646114
109.68722126592627
109.59429735370362
107.02696090819722
107.15391612950208
107.90615563206912
129.44730630769493
107.71774309768828
107.63032175288744
129.1866925903103
107.02696090819722
107.00951907016236
107.04732999584218
115.59060475317114
106.97638798911504
106.93851081484806
114.80298236736513
107.02112963980176
125.79200501463022
120.17125991685013
125.33792537500915
127.06399109585578
118.85912418553855
124.24571777750995
107.02112963980176
109.3300886796371
111.27960352277083
114.35323531847723
109.53320793962952
112.22590887704669
115.85568122749726
107.02112963980176
109.32440249676321
106.92364898367268
108.27764416606277
109.53650754578895
107.46743774678626
107.84067072254985
108.40446979220187
116.14663686537867
108.83664015702567
106.95156918241364
114.24497080482396
110.80501979885881
106.94658496824235
108.40446979220187
106.92575981392784
108.51991517288447
110.4749555958595
106.92152967043208
107.50151806470396
108.68544038390607
106.91726559099408
106.90863559229072
106.9413615568545
108.10542136892275
157.91120694318232
112.47807968703492
108.41936445539332
161.5192463882945
112.23075605516362
106.9413615568545
107.00810277368755
107.42900123968442
129.08352187534268
106.80881375057675
107.3250782373091
129.49492114838748
107.27136674964471
156.94939495376718
106.69546462265001
135.50833609734548
162.74975171815726
107.0201989629715
134.33526902114176
106.51838728961496
106.16437434397747
105.45691086892796
104.54696115940521
107.101747157985
963.2290869286959
1806.9363284004908
6409.690943175597
1192.571498903129
2593.657111151485
3198.8144950025107
107.101747157985
884.6130716971361
1822.025147917031
110.32059203217655
734.7568479007452
2609.8736374352648
100.06997955929154
97.91470022034261
99.72910782688754
6378.668462152779
3240.5154967815793
5083.726984606706
3213.752585956976
6409.4073929618135
21732.960622501505
99.72910782688754
6381.368058447366
1161.634405856722
1846.4439084922328
3216.6242841276808
978.8302146621132
2588.073712920893
99.72910782688754
97.82528697050228
752.5341949693367
2587.7848391927137
98.00422666167029
855.8544262820847
1845.999518210122
97.64679956997031
97.29117784514114
98.215072431029
97.20228369587582
227949.33973166934
7224.806368437051
97.38007199440534
7141.965586958956
226533.3709295948
97.02449539734754
96.66891880028848
105.94662068726083
105.94662068726083
10367.879989304087
10325.007977775236
97.38007199440534
1.8716307881737525e24
6.004421262411848e24
105.94662068726083
9925.57543188644
10030.59278530413
273.29146477538313
2.4007461460271133e13
1.84651821472573e13
222.5758719581961
105.94662068726083
6.948652364039627e7
7.12816525009934e7
116.62702392141583
8986.203954667524
8930.307263251649
179.2474894361216
105.94662068726083
136.69539578875663
96.75781294955334
227577.34313633086
104.15398560004813
96.85180101700226
7178.573986425427
105.94662068726083
3240.7346756814654
6360.666707831276
21775.572697087857
6424.606393621741
3185.929135275013
5085.698592129133
105.94662068726083
982.9151534525414
2560.9067411807832
6403.126153674714
1175.014404362361
4283.905576698735
3223.0915234111594
105.94662068726083
1223.409115970174
562.2944217704684
2590.889144292946
1519.8752107463524
506.8166592851226
1839.5025283179243
105.94662068726083
578.5695860740547
1184.9865717827383
942.5675280791131
646.3199082584965
992.3555242287007
812.3680419539138
105.94662068726083
96.63701667016083
105.81116229958799
568.8279165342193
96.7008369523661
103.68977843803094
513.2380193863738
96.57326045014995
96.4459399920336
96.19206557289947
96.18443691427757
99.75954334341598
108.13706985793297
95.7652431317581
227893.66561644844
121.79620877018435
96.60363069679718
7192.7980753199645
95.42010984913458
95.06376123187476
104.9567971274017
104.9567971274017
10368.408543038688
10326.266988236162
96.60363069679718
1.9292226315219926e24
6.152639771864104e24
104.9567971274017
1.8711984085585375e13
2.43053319758428e13
2.140910476788012e13
10033.744552883281
9929.79775429106
9985.971343634046
104.9567971274017
8937.934691330329
8992.83639113045
176.52457557935787
7.174296921383587e7
6.991271267727596e7
118.53769630713785
104.9567971274017
228304.56305003483
104.17061611584012
7187.272897302027
7188.654191806512
134.09722631659844
228201.83869163823
104.9567971274017
3219.7708399763446
3247.9375043620244
5095.369619963292
6394.672928877914
6428.910373786003
21814.357790605838
104.9567971274017
3213.662604606199
1862.5190509495858
1187.873735815852
6388.403268458567
2608.710285825533
1003.1062934439381
104.9567971274017
1844.066445058084
1445.7031308279522
96.8515330251291
2588.326121744544
1861.9732003239678
94.86180897539091
94.93911707181543
1855.1867409641575
4281.089088187296
3235.2180524560627
2591.061902526624
2572.1482641959933
6404.6872841328595
94.93911707181543
2590.557414467197
265.31063135155966
1848.758124559181
1854.602050691097
260.7034646498755
1441.9046833269801
94.93911707181543
459.4308482307794
400.3705456376604
999.0302145928129
487.18355163377294
418.9641205553982
1174.6215967472567
94.93911707181543
488.4491304475717
111.9522830846973
560.5391089637336
460.6666750449035
121.25980620352763
522.0974027352463
94.93911707181543
95.04202932140556
131.60324038957938
272.4960990269056
99.94774259771714
137.99825168452304
267.94224117078903
94.93911707181543
116.79691668289313
140.1119047702707
146.23438857557056
124.90986235024442
144.06396484248796
149.8071479174899
94.93911707181543
95.19601818202293
95.66574317891812
113.39370395389392
94.60676994664497
94.53516656013991
121.66066652377353
95.19624892126681
155.05234456479715
105.2161756292152
145.94864519109035
148.60754150096835
107.87254894609562
142.58237517272227
95.19624892126681
104.83797849625422
96.1303304047638
116.01215796204556
102.69675489416804
98.13853977303872
118.83438574371377
95.19624892126681
94.41525213114267
102.09611244217822
94.21483348670618
94.65481634382172
104.33663889043682
94.8536958497414
95.97747151929893
118.5562921122248
107.3351921423053
99.72871283792142
116.1141204499933
110.27691788295559
102.76288022027353
95.97747151929893
101.60484213242219
95.15881599907345
101.91312560852268
104.68712244436007
94.56117043049827
98.75879725976839
95.97747151929893
94.32574644397322
95.50923936739552
97.63031651655722
94.53765133677894
94.63906894795075
95.044748033614
95.97747151929893
94.60966852798204
94.30553252833013
94.63112856014786
94.356663429803
94.47307396104304
95.44216826107078
95.97747151929893
94.61023174795079
94.80787543352938
94.28437801965445
94.35537624117399
94.4235975004104
94.39920807685846
95.97747151929893
94.23311615869103
94.2463142829973
94.49668328312325
94.22939805516125
94.27178701780156
94.31905804010506
95.97747151929893
94.2317042216498
94.22312272499384
94.33741168572277
94.22757546985437
94.20654295926792
94.26698970069103
94.25977402061073
94.30963783279822
94.26367086348276
94.49857902698496
94.5143621758431
94.38354392998122
94.3020989796897
94.25977402061073
94.25883269601175
94.25863127125838
94.21367419783515
94.36278968352906
94.3655730482487
94.20842537424848
94.25977402061073
94.20967897544034
94.22231693855448
94.28545985837664
94.21463754922345
94.25243071976337
94.23260154884161
94.25977402061073
94.20650063074038
94.20866243912943
94.24528549966736
94.20658528775652
94.20733482716012
94.21959624792004
94.20641597357178
94.20712956642788
94.21331588907682
94.21768845286962
94.36471406201562
94.22963677372864
94.2105923371434
94.25861077691678
94.20712956642788
94.24092747251333
94.23831843540766
94.28517791126903
94.21743030573114
94.21701920537527
94.23254901937722
94.20712956642788
94.22085695677913
94.21065104942694
94.24610991602518
94.21140318862732
94.2192715034677
94.21945479188676
94.20712956642788
94.20689886861788
94.21691673057742
94.22599587524891
94.20660037073142
94.20981615471571
94.21295150981041
94.20712956642788
94.21073103575995
94.2076003019296
94.21625598880227
94.2079243343254
94.20993689555586
94.20967559540776
94.20712956642788
94.20752689160007
94.20686818086048
94.21126465969537
94.209599438009
94.20774559071702
94.20804636276318
94.20712956642788
94.2070456667377
94.20878919980655
94.2079877071921
94.20665585296516
94.20723050952043
94.20698462086231
94.20712956642788
94.20669860885545
94.20752211822163
94.20667702584876
94.2071610212501
94.2068249679514
94.20710851120313
94.20712956642788
94.20643049548418
94.20640563483101
94.20691598740709
94.20640145165453
94.20642631231021
94.20661994387383
94.20645702700324
94.2066189454821
94.206815278934
94.20758293468519
94.20702932372431
94.2065571159369
94.20680977808252
94.20645702700324
94.20641212555338
94.2069668377911
94.20648016117282
94.20639077775402
94.20660562442663
94.20659852222018
94.20644779250169
94.20639826308695
94.20648786318768
94.20762062238752
94.2063942000051
94.20641937940368
94.20679875016612
94.20644779250169
94.20652883519483
94.20659474991577
94.20664272282795
94.2067942097528
94.2070022846794
94.20647338776467
94.20644779250169
94.20648436428871
94.20666816982163
94.20657084851038
94.20667156295757
94.20648533274561
94.20645424522343
94.20644779250169
94.20640885009064
94.20639615658249
94.20653779251754
94.20643603221157
94.20640145540274
94.20644174932659
94.20644779250169
94.2064471405217
94.20642805982007
94.20645877248532
94.20641159029816
94.20640591066763
94.20641605888787
94.20644779250169
94.2063901684819
94.20640083196332
94.20640355346447
94.20639321669651
94.20641389294893
94.20642111831488
94.20640493765825
94.20641798654702
94.2064259599938
94.20641379408485
94.20639745626687
94.20640050093468
94.20646805419524
94.20640493765825
94.20639621577448
94.20640107116029
94.20639050628321
94.2064138119196
94.20642908120234
94.20639618753872
94.20640493765825
94.20639472080671
94.20638973390648
94.20640373661203
94.20640942561283
94.20639469529846
94.20639278488642
94.20639252409529
94.20640856212236
94.20639452851731
94.206402495905
94.20639729731381
94.20640077545909
94.20642413671786
94.20639252409529
94.2063901327731
94.20639030271691
94.2064050176496
94.20638933503993
94.20638916509606
94.20639610568738
94.20639050896887
94.20640076114488
94.20640331610252
94.20642578495335
94.20639341888676
94.20639442912682
94.20640192791478
94.20639050896887
94.20639266128717
94.20638935118157
94.20640663178145
94.20639096759098
94.20638897901087
94.2063955379964
94.2063898135601
94.20639613238927
94.20638886144485
94.20642681478118
94.2064098720838
94.20638909657612
94.20640172513679
94.20638862631438
94.20638815605216
94.20638721552868
94.20638533448091
94.2063815723863
94.20637404819607
94.20635899981568
94.20632890305063
94.20626870950673
94.20614832236149
94.20590754784698
94.20542599791622
94.20446289445164
94.20253667310618
94.19868417275072
94.19097894137377
94.17556755587665
94.14474109329257
94.08307339684131
93.95967887937573
93.71265303070172
93.21765155284055
92.54802913683827
94.37774902926381
4367.435194349476
1193.2956661935075
6460.021114232296
2588.235945800355
965.501020814195
3212.7359851380525
94.37774902926381
1834.853267779333
752.5708833193227
978.2552815789611
2628.2968969102535
900.496086073452
1206.7244418773068
94.37774902926381
107.33788757404609
1211.968212882406
811.9506887202807
119.9781311085535
983.3117687486751
680.9809197454053
94.37774902926381
370.99710844869963
92.99654875246836
589.9963089266563
308.8789620468422
99.32061123086463
499.884519773928
94.37774902926381
299.90829800535676
92.61193877329515
127.21771727967968
244.23315517649797
95.12603010426528
151.0582081981095
94.37774902926381
136.19164085642075
92.68369786459301
131.75935924742234
169.04891093585778
95.21506326488915
115.50093353792755
94.37774902926381
92.9967490284991
106.93383131083678
120.09542864944225
92.33155102405365
119.21428403348393
107.37258954265279
92.54639649908694
105.40456466777576
97.78198876482435
167.3849989572786
115.11984743654111
108.14821821559214
137.12515370555718
92.54639649908694
106.13543174089232
100.62551785672852
110.74163191999178
116.10148108727313
110.82632298552315
100.51753631096179
92.54639649908694
92.43136986560577
94.43886850486359
93.25790525957234
92.52126565203022
104.1001399067009
97.59709746378323
92.54639649908694
92.56764779000478
93.51314843860274
97.0382632038443
93.12867117468471
92.66224147468449
93.1786888681522
92.54639649908694
92.33441173538515
93.90875788334446
92.41887652897518
92.32869016372814
92.75605760934852
92.40989384041112
92.3229679960762
92.31152187268708
92.28862247280529
92.47904707140361
103.00720868985249
107.55947846480177
167.86662491751372
93.74384988192773
96.47483649324298
136.70419541831274
92.47904707140361
98.59542349040424
92.29260750300074
119.12661336160758
93.27971094449916
92.4033063941864
107.86409159139686
92.47904707140361
92.67800358436203
94.19144677298274
92.52285724850452
93.92871941110064
104.4169109028372
93.22600162560948
92.47904707140361
92.73467459976852
93.13535606367944
92.77207545805638
94.16685150801408
97.40920219034916
92.39779730258321
92.47904707140361
94.09857298229363
92.99094942891949
94.08791418669543
92.71251138441293
92.45845034534645
92.71418392702276
92.47904707140361
92.50133537718764
92.41328530016285
93.04040685182586
93.18872500315828
92.32086891940112
92.46732360929289
92.47904707140361
92.2896346436571
92.28900072359303
92.73510895880011
92.28761029624565
92.28824421776807
92.39518178349036
92.2862089206844
92.29044469103226
92.81872193135158
92.31066171083975
92.71070737766999
92.4111240658393
92.40543797410317
94.0936080082707
92.29044469103226
93.19145464340414
92.68835630245724
92.40514264190521
92.49836902832962
92.38191473467975
92.79668845165006
92.29044469103226
92.73796288264055
92.29809024798581
92.39250937711557
92.39219236350957
92.34244458950471
92.31056823853719
92.29044469103226
92.28824984749745
92.28709727317391
92.51227048527362
92.28644871071387
92.2914271705589
92.33889000914183
92.29044469103226
92.2971544393158
92.28812328686594
92.39927303386753
92.33480626554179
92.29777100508718
92.31223786118917
92.29044469103226
92.28623427093675
92.2871607266118
92.34274068829032
92.28857075990925
92.29247969272723
92.29891431356663
92.29044469103226
92.29201781858572
92.29225981310162
92.30093154366514
92.28697209393039
92.31440897521807
92.28901177032424
92.29044469103226
92.28639457197093
92.28766817437453
92.30033159470645
92.28973725272235
92.28595254370008
92.28891974852507
92.28668577242902
92.2865723124594
92.29397019001705
92.2926125336053
92.28638210167783
92.28817555964942
92.31304651320775
92.28668577242902
92.28738548278571
92.28928398066304
92.28615411736396
92.29078523109679
92.29889049593453
92.2857509694031
92.28700985055414
92.28600261937777
92.28972425418175
92.31383173736262
92.286542090702
92.30214239097585
92.29240634954243
92.28700985055414
92.2897560499263
92.29960132007405
92.28709157339324
92.28674972719163
92.28908834165176
92.29128622348682
92.28700985055414
92.28722123059168
92.28723132638166
92.29255932882123
92.28614443353632
92.28615876993551
92.28741875965483
92.28700985055414
92.28607296355122
92.28578555535896
92.28658436335894
92.28588545363566
92.28571638342277
92.28903428404723
92.28601854903805
92.28868944738213
92.28738208331109
92.28578881181333
92.286432182221
92.29274432602458
92.28593141642102
92.28601854903805
92.28622059731961
92.289192401088
92.28629506662926
92.28781927285756
92.28655185242894
92.28815286501603
92.28601854903805
92.28572721900962
92.28588814292667
92.28744006640893
92.28572716734514
92.28576372067626
92.28613315528631
92.28601854903805
92.28592496947134
92.285887536036
92.28578031741344
92.28655596342574
92.28640662572145
92.2859410361522
92.28601854903805
92.28575418192648
92.28611352318393
92.28611473235364
92.28573475195564
92.2858191269077
92.28582079323544
92.28601854903805
92.28576840074513
92.28583823149262
92.2857388017455
92.2858960374619
92.28575529327588
92.2857710864636
92.28601854903805
92.28571852540048
92.28574249011241
92.28577919524733
92.28571424144414
92.28578482334686
92.28574080631489
92.28570995748755
92.2857374107192
92.28588540043921
92.28577562233536
92.28614449142945
92.28575404670387
92.2859791149013
92.28581393735371
92.2857374107192
92.28576209560572
92.28572512611348
92.28577807471191
92.28592206360895
92.28576755373811
92.28572787239051
92.2857374107192
92.28575962402063
92.28581190434912
92.28571299008121
92.28572354873526
92.28573601948887
92.28571532741474
92.2857374107192
92.28572791769079
92.28571386754277
92.28575682981136
92.28571605359977
92.28571291198182
92.28572298498636
92.2857374107192
92.28571648036444
92.28571645438706
92.2857091799675
92.28572918839029
92.28572937566726
92.28571073500768
92.28571209899287
92.28571689368036
92.28576025501249
92.28571100120226
92.28573803243276
92.28572221430885
92.28571326972
92.28571209899287
92.28573286715744
92.28572049046332
92.28572930274561
92.28571567268153
92.28571284127875
92.28571490227606
92.28571209899287
92.28571118840289
92.28571052623872
92.28571898138122
92.28571062641004
92.28571087783834
92.28571243120669
92.28571209899287
92.28571205091117
92.28570949799337
92.28570997699177
92.28571080821771
92.28570886194208
92.28570852368146
