10391.62922665447
10361.897476928558
10361.80849734198
10332.35666563154
10358.563884742072
10358.661458060957
2.2176676456636953e9
10329.445596420192
10257.427245236227
2.173193393527527e9
10335.252333100689
10407.286086026857
10391.69838530063
10109.689760508572
9959.183377249137
11069.552576911634
7.408146805303189e53
9963.788601883934
9.607841735099957e53
10396.99999959523
9954.375350328532
10397.000000038997
9944.042279461399
9949.593572059934
10397.000000000002
1.0398676126022096e202
1.3602187917827788e210
1.400152425910442e190
10397.000000000002
10397.000000000002
9949.593572059934
11019.845605166298
9954.375350328532
10397.000000000002
12497.489825572953
9946.143426907074
4.452915021884011e101
9949.593572059934
2.2583114123558325e52
3.209300744339342e52
10354.539608954596
10397.000000941027
10396.999995596254
10991.826047974497
9949.593572059934
8.898728182906265e26
10268.280955088867
2.3827030995090737e27
10396.99673058252
10076.500813150244
10396.999370250067
9949.593572059934
10012.828255221519
9943.393342255466
6.140558101385452e14
9973.856887218153
9945.392779090938
10396.727112686332
9944.156225060224
10079.075467949766
9944.156225060224
1.0714882854215457e27
10271.39998006185
9945.392779090938
10396.99501581649
9944.156225060224
10010.874297849432
5.583831567157975e14
9944.042279461399
9975.265465426257
10396.70774812399
9943.772614184565
9944.156225060224
9943.582442764102
9953.560456185383
4.789991394295516e8
9943.360078137765
9976.773712799268
10393.914002105075
9944.71981840161
8.358827569332706e14
9944.71981840161
10396.597029996465
10396.838242156116
9943.582442764102
3.355351299492175e14
9944.71981840161
9977.607371719814
10393.962746730609
9943.393342255466
9953.41257245763
4.916138761152839e8
9944.042279461399
9944.71981840161
9960.104235733768
9948.392800193265
520971.41852989345
9948.22530449023
9960.861900124255
10380.078352614257
9944.71981840161
9951.921901533278
10320.669319768927
11894.012941949823
9945.757117438303
25672.405369904154
10167.639475048307
9944.71981840161
11000.771197848859
9911.406386174653
10163.143713732166
10091.855568808956
10110.373401132723
11841.79110542738
10083.234654340427
9907.15678444773
9911.473804480678
19703.31863162134
9915.655987901575
9911.339080961272
10336.705276052628
9898.657580993897
9881.659174086213
9893.791769049334
9893.791769049334
9880.923794744276
10396.63895057523
9915.655987901575
9882.404497706477
5.2128843133613175e14
9879.481649142843
9876.70403025204
9875.875373323635
9883.29975802743
14329.567048020763
11701.111427863707
4.517435339521934e208
11222.388942038602
13704.828392510875
10397.000000000002
9883.29975802743
10436.12096466266
9879.740024842735
10397.000000000002
11762.09198033298
9876.70403025204
2.5441037945585357e105
9883.29975802743
10396.99999996205
9877.849942704419
10620.661088995346
6.174155579500439e53
9874.055543385193
10045.930887567905
9879.481649142843
10397.000000000002
10397.000000000002
10397.000000000002
4.260014355247833e104
2.2020201977717917e102
6.863291496644853e106
9879.481649142843
10033.04061626152
9876.70403025204
2.0490084670886516e53
10615.827574108942
9875.875373323635
10396.999999900168
9879.481649142843
10057.445796379108
9874.853272133814
6.183973920330493e27
9930.273801665406
9875.364543330888
10396.998616133471
9879.481649142843
10396.821280439957
9874.33289463242
9910.416517294489
1.3122184791166445e15
9874.706336444568
9902.03991978276
9879.481649142843
9887.922978841436
10394.25184015211
9874.380025706128
9892.236030339842
7.216953604186237e8
9874.070288962826
9879.481649142843
9880.864508370776
10379.464489177893
10379.364525780538
9883.145786862517
619016.2868131599
626153.4747175063
9879.481649142843
11776.779230508266
9875.638160783381
27332.65391438519
10150.37966092889
9876.40748166643
10318.71213166964
9879.481649142843
10158.414377170428
9874.015110435254
9862.048781665106
11871.048365772705
9874.09600452236
10027.347877753546
10091.62150740409
10898.858186975749
9861.976496655268
10333.760902784237
10230.759233311765
9862.121178375957
19915.698647117457
9861.832260156742
9861.545110291274
9860.976017224555
9859.857997819323
9857.697742192597
9853.646663197393
9846.416191891589
9834.399373594426
9816.061962352853
9794.810950794892
9796.825170649334
83704.36081582432
10397.000000000002
Inf
60000.039106303
Inf
10397.000000000002
9796.825170649334
9795.929266836229
36009.097075627426
Inf
9816.061962352853
48615.247517126714
10397.000000000002
9796.825170649334
Inf
10397.000000000002
19657.546984871824
10397.000000000002
Inf
29952.603728097598
9796.825170649334
13953.713256604176
Inf
10397.000000000002
19227.496355018095
10397.000000000002
Inf
9796.825170649334
9794.967754041269
11214.825355343213
9.815571436746135e253
9794.647951561608
14329.53782799999
10397.000000000002
9798.83855802146
Inf
9794.967754041269
10397.000000000002
10397.000000000002
9798.83855802146
Inf
9798.83855802146
14220.119922107999
14329.53782799999
3.3727747079993178e252
11214.825355343213
11134.103926604843
10397.000000000002
9798.83855802146
1.7687697832251643e128
10397.000000000002
10210.335443863089
10397.000000000002
1.3518118594814701e127
11870.542070064885
9798.83855802146
9880.017636659426
10397.000000000002
10397.000000000002
10652.536456079957
4.3683011832967615e64
6.768546607450924e64
9798.83855802146
9802.06866385854
10396.999999990958
2.949140123581926e33
10049.255084575432
1.2058095688465468e33
10396.999999995014
9798.83855802146
10396.999468669084
10396.999601604548
10396.999721021733
6.24654618505464e17
9.016422520847101e17
1.2221048854964818e18
9798.83855802146
2.177664987413763e10
1.886819769106147e10
9796.500675698682
10396.875395621142
10396.851485205389
9824.485631496098
9798.83855802146
10392.513147805776
9808.678275159198
2.894098561730048e6
3.14657205792789e6
9795.568499988636
10392.160470773544
9798.83855802146
52637.76914919846
50067.56984616272
10213.523182920837
10356.68698546387
10354.184871648507
12949.958265526286
9798.83855802146
9996.883100711255
10006.73487386786
13072.540039565289
10338.836585530858
10360.717043696515
10218.770103573559
9798.83855802146
9820.6788589613
10342.06666372855
9802.036914848159
9799.002550884676
9998.352515846638
9851.578074148829
9798.83855802146
9830.094991444988
9798.70082920515
9827.356722715493
9935.77989786406
9827.673751480766
9797.32998048144
9798.83855802146
9851.72399725182
9799.257842389012
9793.23807241273
9802.43656743368
9835.13504289017
9796.069521884612
9792.219875780505
9791.239953640585
9789.587267280165
9787.426938243756
9787.05445880101
9870.268319241166
1.2588403900089169e10
1.0942847474352333e10
9759.007130123886
10396.858889337194
10396.838564048076
9829.164283527018
9702.976317633666
9671.725933218479
9676.909459297483
9676.326406027218
1.0583300618260697e65
1.0447484151357816e65
9828.316956379575
10397.000000000002
10397.000000000002
9676.909459297483
9640.772425813086
9702.976317633666
4.441706548004851e33
9702.763095597555
9640.3934623355
10396.99999999078
9716.710746687275
9640.772425813086
9702.763095597555
1.2016699147986513e65
9640.018466793892
9716.026703924945
10397.000000000002
9639.280014715401
9640.44166281026
10397.000000000002
11763.925788767832
1.5592376768601348e254
1.3864506536321196e256
10319.84861711079
10397.000000000002
9640.44166281026
10397.000000000002
9639.541709972487
2.710796061062962e127
4.056131164305535e128
9640.018466793892
10397.000000000002
9640.44166281026
10397.000000000002
3.2452225683662203e65
1.5591734612199035e65
1.0322773152668413e65
10397.000000000002
10397.000000000002
9640.44166281026
9678.340614475204
8.701448484555074e33
10396.999999992115
9670.70831709701
10396.999999991296
7.83908595289319e33
9640.44166281026
9658.4821281213
9639.371497517202
1.9435337423510454e18
9654.994165906206
9639.188763244816
10396.999206844477
9639.006949074412
9639.427958861961
9639.371497517202
9701.982980367186
2.6334203687228323e65
9639.427958861961
9718.555559733944
10397.000000000002
9639.427958861961
9679.042523302693
9678.481709849611
8.92963109853614e33
9670.6370202542
9670.353620011194
10396.999999992307
9639.427958861961
9658.86645929662
10396.999243945002
10396.999225675168
9654.750956897606
1.9960131368975365e18
2.0495653318827523e18
9639.427958861961
9648.978904454998
9648.857570571403
3.671362571630482e10
9646.921840607058
9646.836119116215
10396.68506299342
9639.427958861961
9643.944184187287
5.832600397610698e6
9638.99884449393
9642.942951030209
10387.253220485698
9639.029625882522
9639.056294035283
9648.948599753317
9639.029625882522
3.677730380824777e10
9646.857529341656
9639.056294035283
10396.68550802233
9639.056294035283
9643.973722123625
9639.027578335674
10387.265478106434
9642.92090791144
9639.006949074412
5.832600397610698e6
9639.056294035283
10311.137630632762
9639.013213684184
85973.60339911407
88195.40618596518
9638.995616002207
10308.758089461093
9639.018285700351
10387.528590532056
9639.013213684184
5.670377872180018e6
5.9893078127868995e6
9639.018285700351
10386.996243371179
9639.018285700351
10047.188779142429
16640.58830307116
85962.55316480249
16512.678828566644
10051.95963056915
10308.742476797488
9639.018285700351
10036.984791162435
10046.581720819635
12938.792245828436
9578.92732910548
16499.233970078865
9882.503618399363
9892.191097539768
12931.87566209122
10154.022572195454
53783.60659553878
10158.964782544524
12836.87988349108
10334.069464531694
9892.191097539768
9577.523168967866
11001.09987482943
10157.330152755385
9580.331489243097
10049.56821640538
12899.362790025338
9574.71484869263
9569.098208142166
9557.86492704124
9535.39836483938
9490.465240435668
9455.165526524645
9533.486934258708
10397.000000000002
9535.283939317453
1.661689280938539e128
2.0290926585518022e128
9581.041995935535
10397.000000000002
9533.486934258708
9455.163178826015
9454.734415606632
2.7959275769963086e65
9455.167880243755
9490.465240435668
10397.000000000002
9617.015029155515
10397.000000000002
1.1897135201565759e129
5.337924684946789e128
1.7047089600802085e128
10397.000000000002
10397.000000000002
9617.015029155515
9533.486934258708
3.452985267172775e65
9454.731516186479
9455.165526524645
10397.000000000002
9454.737322462119
9454.725742230607
9455.106990358467
9.710992767722418e255
10397.000000000002
10397.000000000002
10397.000000000002
2.2620680310675876e254
2.7590699132133463e256
9455.106990358467
10397.000000000002
3.8097190231723905e129
9487.995413337774
3.5870527168908706e128
10397.000000000002
9618.062779790469
9455.106990358467
9537.043142559465
9536.168158483286
6.2846803871107185e65
9455.160837682277
9455.15850357802
10397.000000000002
9455.106990358467
10396.999999989484
1.8207189673969357e34
9454.940821825643
1.5061025805163615e34
10396.999999989535
9493.784096100026
9455.106990358467
9473.006827939656
2.916185946078811e18
3.1397407095093156e18
9454.833247548027
10396.99868644141
10396.998716426495
9455.106990358467
5.262932367299673e10
9454.725382540591
9462.706017538636
10396.446121150551
9454.726102064997
9454.779837399035
9454.724663597675
9454.723227487524
9454.720362577598
9455.018276419312
9622.019163523182
5.593584028626146e129
10397.000000000002
9488.055605094742
10397.000000000002
1.2153634350099214e129
9455.018276419312
9536.934267480534
9455.156467357483
9.037944273568196e65
9455.151836038034
9538.659558477997
10397.000000000002
9455.018276419312
9454.72179379501
9454.937255089917
1.9008376610128241e34
9454.718933889866
9495.69242849406
10396.999999990758
9454.716084308115
9456.075587250112
9623.50851049452
10397.000000000002
9454.72179379501
9487.338319000195
4.640011632702507e129
9456.075587250112
9456.075587250112
10397.000000000002
10397.000000000002
9455.152990774994
1.1732878503650518e66
9.943812564569318e65
9539.930704953746
9456.075587250112
9496.873856579297
2.1944881816344316e34
9455.018276419312
9454.933383869653
10396.999999991955
9454.717507783645
9456.075587250112
9475.954767902544
9475.580922743377
3.6612173500883543e18
9454.825411652038
9454.824057163261
10396.998913201665
9456.075587250112
5.7526965079646675e10
9465.306474565326
5.871212539061038e10
10396.484559135546
9454.770756359441
10396.498181958746
9456.075587250112
9454.716262097076
9454.743246753313
8.553318029143512e6
9454.715906561
9459.938749187359
10380.505229874256
9454.796004252168
9465.260848204158
9454.796004252168
10396.486650692197
9454.770235679249
9454.716262097076
5.743747176773424e10
9454.796004252168
9454.751465975434
9459.983873933168
8.560416724926189e6
9454.716084308115
9454.743071120121
10380.515578260447
9454.796004252168
9457.34538679768
19948.550547870276
10254.438268768872
9454.729488840561
9847.154994873878
123148.06904461703
9454.796004252168
19956.14364131628
9454.718043871011
9297.714794901634
9847.586159923374
9454.715950993852
10126.78869357785
9588.94657518432
9294.837618380267
9297.701506462785
10291.364384593133
9300.591971423008
9297.728087809559
74735.3221711423
9289.083265337526
9277.574559252045
9254.557147081086
9234.641779706297
9199.005158763914
9185.460702824672
9260.988095300456
9260.087518967108
4.2741400707869764e256
9186.062428696452
9298.936194882715
10397.000000000002
9184.832212176449
9183.484057837122
9180.317798953794
9170.121157400135
9175.055870842907
10397.000000000002
9186.062428696452
27377.548464450105
Inf
9175.055870842907
18014.690872544874
9175.055870842907
12134.403008755384
9180.317798953794
10397.000000000002
17454.72942372961
9183.079460090956
Inf
9175.055870842907
10397.000000000002
10397.000000000002
10397.000000000002
Inf
Inf
Inf
9175.055870842907
9426.998951962667
Inf
9173.507194304413
10012.615143189238
10397.000000000002
9165.444891592631
9190.424282370923
Inf
9173.507194304413
Inf
10396.99999528515
9190.424282370923
10397.000000000002
9190.424282370923
Inf
10397.000000000002
Inf
10397.000000000002
Inf
10397.000000000002
9190.424282370923
9235.978935800735
1.7765848408493574e213
9168.007409546319
9362.093824537702
10397.000000000002
9169.171608927809
9190.424282370923
10397.000000000002
10397.000000000002
9.730721854191677e105
1.7379510179371446e109
6.930744263328627e107
10397.000000000002
9190.424282370923
9195.675757841631
9166.139047267385
1.2506779995613027e55
9182.160432333798
9165.166454541024
10396.99999996542
9167.765814337801
4.006077315981572e108
10397.000000000002
9195.99159363156
10397.000000000002
1.1928356391434044e105
9226.489231748219
9167.765814337801
9196.751542713617
9165.444891592631
4.933786988734714e54
9181.342798879125
9166.433026137052
10396.999999918165
9167.765814337801
9173.024953580989
4.175508619862538e28
9165.081819207644
9180.958998627319
10396.996323056625
9165.791855414203
9165.797074878603
9182.550732348689
9181.758064694824
7.908322651628033e54
9197.309256571272
9196.207245516589
10396.999999947091
9165.797074878603
9173.419941951233
10396.996323056625
4.175508619862538e28
9180.381672079917
6.662503045977863e28
10396.997605175726
9165.797074878603
9169.438772922407
9169.060001178585
5.364927913582062e15
9172.764018607608
9172.177245362815
10396.245877117359
9165.797074878603
2.1434758314766307e9
10381.633479673214
9167.072542095459
10381.642540852665
2.0245699519905133e9
9168.364206717686
9165.797074878603
10297.05854519417
10299.037285248329
9166.609280037637
1.5608745318348904e6
1.5698788799461212e6
9166.170400164328
9165.797074878603
14879.49477171082
9502.631924432482
53559.69036877279
9505.368006486127
14849.548880180111
10033.540352834645
9165.797074878603
9636.548014462227
14876.71786610454
9250.447115034432
9037.141742593438
9505.542222424658
12109.165780416755
9256.003726458268
9035.861407947517
9034.623308623664
36785.24805936713
9038.422049104278
9039.660240972002
10096.94462867272
9029.586634255409
9019.514062229633
9007.869704799059
8984.787202783475
8938.651427803583
8852.507398825554
8804.755335556396
8863.935258951107
Inf
9037.7169730598
Inf
10397.000000000002
8858.681419642813
10397.000000000002
8863.935258951107
8804.174516441228
8779.21842206522
1.205367893452473e205
8805.426229950092
8852.739509751098
10397.000000000002
8958.323346602197
8958.323346602197
8782.220597134421
10397.000000000002
8852.739509751098
8772.357856994046
Inf
8777.75471684638
10397.000000000002
8782.220597134421
Inf
Inf
8777.75471684638
10397.000000000002
8777.75471684638
10396.999999017826
8779.21842206522
Inf
Inf
8765.355507995115
10397.000000000002
8781.404043949837
9403.204111718818
8779.21842206522
Inf
9353.663267671242
8781.404043949837
10397.000000000002
8781.404043949837
10396.999999017826
8772.357856994046
Inf
Inf
8777.75471684638
10396.999997826651
8781.404043949837
6.482756886919819e160
10364.111877678944
8850.357419111595
10396.9768479624
1.007763428107713e186
8805.235755458843
8781.404043949837
8746.926200086858
8807.856463553355
4.864744052738749e81
8771.26369538255
8781.29955478248
10394.195166959837
8767.69948510881
8823.846468664346
10396.999999969305
1.7105466495076727e176
8796.768551895406
2.7493710166253736e166
10396.999526570475
8767.69948510881
8783.450164478332
3.6906104595192995e71
10296.452902653946
8771.847375991132
10394.195166959837
4.864744052738749e81
8767.69948510881
9884.396291060824
8734.229423154065
8759.386788038993
5.355157449471964e32
8759.060081555812
8763.252012385325
8763.355773790274
8762.31186121795
10388.0005809692
10354.073147423767
8760.348819447725
1.7678217661388468e75
3.069226253884884e79
8763.355773790274
5.6078459419260886e32
8.416715323552657e26
8775.59387937783
10187.764628186096
9423.213792928716
8759.386788038993
8763.355773790274
2.0919474424479164e13
1.539791050946552e18
8756.090637233372
9754.070320045303
8915.891279792582
8732.833158662335
8770.896360529661
8722.252082315006
8.870708941044062e23
8754.790542576116
8746.275895485429
9199.7649658734
8758.703855273725
8759.799426251697
8746.275895485429
8770.45244201659
2.2791031348191853e45
8759.799426251697
8773.298758055198
9362.550047877967
8759.799426251697
8756.090637233372
8741.02575428335
9.299396289813893e23
8763.742833186032
8732.833158662335
9141.907187420162
8759.799426251697
8881.752903992792
8733.381762487128
9199.286481055866
2.0919474424479164e13
8753.15293633882
5.357437849222794e17
8759.799426251697
8743.083189076857
8722.751106045014
1.2788511432056113e8
8691.18903033763
8726.945500307094
8665.774776578903
9049.31799345741
9307.103998431165
8887.143414675595
1.2493763340486172e8
2.0135486588970432e10
9441.050320673685
9018.254997088367
9049.31799345741
8898.822091892687
7867.992645568417
8932.96046769247
8722.751106045014
9155.33625134035
8726.945500307094
9281.455496982091
9281.455496982091
7809.7010412532945
692629.0960572916
9155.33625134035
7926.284249883537
8255.580817335813
7693.117832623052
7459.951415362566
7025.34917411086
6448.380617829865
5788.509677746717
5990.809799769183
5990.809799769183
10396.624971447538
Inf
7926.28424988354
10396.629764493784
7984.246941353999
5990.809799769183
Inf
Inf
Inf
10397.000000000002
10397.000000000002
10397.000000000002
5990.809799769183
5681.684878936704
6968.311915358989
10338.294386961014
6055.482396592194
2.0507107484655617e98
10340.625119406119
5833.631137231703
10397.000000000002
8.361336291763685e196
10392.553007078
Inf
7909.719222902635
10389.216854534016
5833.631137231703
10332.146534144591
5676.452474694223
2.359130486909931e98
10329.465267675298
5788.509677746717
6452.649195463674
5990.809799769183
10388.410234938356
5.761712118615649e196
Inf
10391.765801963596
5708.231405144953
10397.000000000002
5990.809799769183
5833.631137231703
Inf
10397.000000000002
5681.684878936705
10397.000000000002
Inf
5990.809799769183
1.5914379556914447e49
1.108142283104426e162
9945.12742962777
5312.651171817202
10396.999993784253
9972.824726732813
6312.961627075661
4769.357582367809
1.5914379556914447e49
10397.000000000002
5900.498973460673
6312.961627075661
10397.000000000002
4311.012642792732
4016.9886786024526
5914.5361449532775
Inf
10397.000000000002
5914.5361449532775
5956.28623414362
10397.000000000002
5900.498973460673
5914.5361449532775
10397.000000000002
10397.000000000002
Inf
10397.000000000002
Inf
10397.000000000002
5914.5361449532775
10397.000000000002
3948.998953692682
8.09011769863011e147
10397.000000000002
4142.208349600547
3899.8151264424596
5524.54782386017
3278.89353834082
5524.54782386017
10397.000000000002
5560.5339725711665
8.090117698630517e147
10397.000000000002
4841.861748688273
Inf
10397.000000000002
4841.861748688273
5245.157699198609
10397.000000000002
5560.5339725711665
4841.861748688273
3816.7084647416673
10397.000000000002
4279.120255882473
3899.8151264424596
10397.000000000002
1.0157999587630625e148
4841.861748688273
3672.02263931865
10397.000000000002
10397.000000000002
4142.208349600547
10397.000000000002
10397.000000000002
4841.861748688273
10397.000000000002
3221.0179019607413
3540.2518821636527
10397.000000000002
3413.347269941032
3500.8601916300945
3638.7180890792674
10397.000000000002
3413.347269941032
4427.617297654095
10397.000000000002
3638.7180890792674
3867.537163125865
3638.7180890792674
3608.4076827408408
10397.000000000002
3429.8008563976073
3392.4968558284913
10397.000000000002
3278.89353834082
3638.7180890792674
3233.9948860751724
10397.000000000002
3292.8132279082097
3325.3422400567774
10397.000000000002
3442.4735364233616
3638.7180890792674
10396.999999999989
10396.999999999745
3209.3748889119643
10396.999999941072
10396.999999996007
3310.471929964665
3309.819175145901
10397.000000000002
10397.000000000002
10397.000000000002
10397.000000000002
10397.000000000002
10397.000000000002
3309.819175145901
10396.999999995243
10396.999999995112
3257.210778153929
10396.999999941852
10396.999999943411
3273.1129318863623
3309.819175145901
3180.853041691882
10396.199924377997
10392.079844274112
3238.844951181111
10390.05560427279
10395.780223254826
3267.6735382409524
10396.999999998876
10396.99999977663
10396.99999997878
10396.999999985068
10396.999999999944
10396.999999998961
3267.6735382409524
3184.1446406102637
3205.0439325584643
10396.194488812971
3207.4140418214515
3246.9982778011545
10393.442171916626
3267.6735382409524
3194.8642138019322
10144.996525784665
3201.392340933981
3227.725893489632
9846.88904169555
3193.808826631291
3267.6735382409524
3174.645979667674
7755.471493099873
7709.682563784462
3187.4932917242745
9009.831965896034
9042.811336316556
3179.876428705748
3199.1648011927823
10129.35528954016
10158.110568860286
3221.1425053507196
9867.387898257417
9825.505820985794
3179.876428705748
7751.015254565262
9042.811336316556
7709.682563784462
9007.491823954952
7700.6155955630575
9038.242324329385
3179.876428705748
3173.4741108489757
7347.0268479107945
3182.775758927009
3177.5329166756865
3908.143130590963
3177.159980830673
3177.7423227534905
3177.7423227534905
9006.321752984411
9023.009789486227
3177.5329166756865
7748.787135297956
7726.025203568229
3177.7423227534905
3177.884361930708
7332.370082740369
7347.0268479107945
3177.159980830673
3915.701161222861
3897.2149141388713
3177.7423227534905
3175.1880902983976
5693.693669546529
3173.870278957951
3175.900017708806
7097.781395053231
3174.541163825104
3177.7423227534905
3173.40013523636
4482.587403618514
3173.4577592372993
3173.798210566553
4709.746999154981
3174.954675889836
3173.8978407562554
3174.466932700083
3175.4298093184443
7102.729772132933
3173.1662696233448
3175.827991497527
5700.436925624377
3176.1174918205506
3174.466932700083
7334.530536234378
7358.586774848832
3176.1174918205506
3918.6852337614405
3892.5748786902054
3176.1174918205506
7098.84301364534
7086.820701262547
7098.661048810343
5698.209258206501
5688.049951811531
5702.412277031419
3176.1174918205506
4482.87036041376
4485.750422535898
3594.0119515426472
4705.385666731232
4706.976904300691
3753.040968877333
3176.1174918205506
3272.479442296457
3751.177608372193
3272.6492945591685
3353.6703261000766
3590.8762841915336
3354.267388611454
3176.1174918205506
3199.2533118854285
3510.0140637065165
3173.385002971535
3220.3401302887582
3347.8386688461455
3173.205933008236
3176.1174918205506
3184.8141590474283
3354.7654873867355
3219.0076107548193
3179.1573971231446
3272.971119128697
3255.5455870601395
3176.1174918205506
3175.8209918761318
3267.190554855621
3173.1906573914625
3178.937355814293
3225.467912191542
3173.141876634692
3173.2985104915574
3232.948330459759
3354.7716711391276
3184.908846223521
3206.1806757409176
3272.8204023616563
3179.0332593321596
3173.2985104915574
3179.148680514284
3267.346791211429
3173.1859685269146
3175.758616421086
3225.3773769641825
3173.0977786795615
3173.3388133560447
3209.5361480117
3354.8367621254224
3233.0863863643985
3192.8392009774293
3272.7517530891496
3206.1259203292534
3173.3388133560447
3225.326755232803
3203.369175108063
3191.178745579561
3267.487878383843
3189.3644480369244
3182.4507508332717
3173.3388133560447
3174.7864631356333
3196.665415310441
3199.3895864884103
3177.6885776993204
3185.5614608023525
3221.1261666349124
3173.3388133560447
3173.3246733219316
3197.348303813521
3173.1684937869218
3173.819494661267
3185.9493055251473
3173.305972010984
3173.3388133560447
3179.098577697984
3176.688692206329
3174.7565953660596
3185.2756287632496
3181.037287261866
3177.639951911694
3173.3388133560447
3173.407196210123
3179.198601103559
3173.549240849601
3174.134095171847
3175.6434933904484
3174.600708827651
3173.3388133560447
3173.418913684834
3173.2397938753284
3174.0060334566824
3174.174444330927
3173.5659578901145
3176.146982246474
3173.3388133560447
3173.317841870689
3173.9632627536694
3174.6188980268093
3173.8321851797045
3173.3571379669033
3173.552574008831
3173.3388133560447
3173.472410516318
3173.853436533988
3173.6181476188403
3173.2117049162875
3173.3249584286477
3173.254553922853
3173.3388133560447
3173.1678994967874
3173.4722898473924
3173.1069693764757
3173.3250172377448
3173.211425630081
3173.1204229441023
3173.3388133560447
3173.134404268959
3173.280714697502
3173.249123517177
3173.1111599171404
3173.154593233832
3173.145112827143
3173.3388133560447
3173.185332418732
3173.0991104727495
3173.1851941113496
3173.1262441801473
3173.0964468771126
3173.126153089356
3173.103484559845
3173.106358634193
3173.1718777038677
3173.153264142259
3173.1001205212556
3173.1195250902824
3173.2854181035723
3173.103484559845
3173.1482325841926
3173.1899194075468
3173.108415698288
3173.112484800795
3173.1249073299596
3173.1346534365584
3173.103484559845
3173.098110715088
3173.1421166491846
3173.105895322658
3173.0976103933813
3173.1106749370388
3173.12606534966
3173.103484559845
3173.108186678713
3173.118136751582
3173.108877521605
3173.1005885500526
3173.103551355557
3173.1007821459166
3173.103484559845
3173.096051694079
3173.106220307861
3173.097893423087
3173.09698373474
3173.1000024149484
3173.099143698919
3173.0996305129256
3173.096381985165
3173.119959159276
3173.0961332468137
3173.0959984517503
3173.1030175244564
3173.0959701413826
3173.095959219944
3173.0960248221536
3173.1214957243574
3173.188853542403
3173.124342259814
3173.103635113682
3173.1236323868447
3173.1913735956705
3173.0960248221536
3173.1101611402632
3173.100210173727
3173.1036979188407
3173.1436107332443
3173.1100406045102
3173.1218145785756
3173.0960248221536
3173.1059340849833
3173.1197139148535
3173.09684191394
3173.0989602720265
3173.1030697942124
3173.0987983197956
3173.0960248221536
3173.096467501543
3173.0966550125495
3173.10775800242
3173.0961604098047
3173.0981485603807
3173.0995119015925
3173.0960248221536
3173.100736121508
3173.0968023468836
3173.097737505919
3173.0974270206575
3173.098649805837
3173.101792403826
3173.0960248221536
3173.0965911578337
3173.0964887567543
3173.096848283264
3173.09793673511
3173.096161168699
3173.0987950957883
3173.0960248221536
3173.097082881616
3173.097300306661
3173.0961638714025
3173.096337906407
3173.0964035421075
3173.096064864087
3173.0960248221536
3173.09602629498
3173.0965538907294
3173.096081537329
3173.096032928671
3173.0961811598245
3173.09604112876
3173.0960248221536
3173.096070166516
3173.0959619070313
3173.096039788775
3173.0961804005246
3173.095956532735
3173.096077744299
3173.0959511583346
3173.095940409681
3173.0959349396603
3173.096071370369
3173.0961457114213
3173.0963803253567
3173.0976963967028
3173.0959839942702
3173.097487222965
3173.101914143577
3173.096071370369
3173.0959541441393
3173.098923483682
3173.095932869583
3173.096049379041
3173.096807331674
3173.0959370097275
3173.0959287295577
3173.095922834023
3173.095927316204
3173.115811866412
3173.110441467392
3173.119621166158
3173.1018419420247
3173.100247990132
3173.1029591224465
3173.095927316204
3173.1078629445956
3173.0984615541297
3173.0980357872663
3173.099477820254
3173.104476164608
3173.1030325107927
3173.095927316204
3173.097116349754
3173.097699900486
3173.096455933174
3173.099943227817
3173.101892168581
3173.0977129588096
3173.095927316204
3173.0969533898533
3173.0989098474115
3173.096227191611
3173.0962299883786
3173.096811996636
3173.0969482937444
3173.095927316204
3173.0974124267846
3173.096392383169
3173.0963670718056
3173.0963667369233
3173.0960637320313
3173.097416538774
3173.095927316204
3173.096118570547
3173.0962583705973
3173.096667028227
3173.0965796669975
3173.096023068732
3173.0961450459413
3173.095927316204
3173.0962946950726
3173.096293700484
3173.0960326166232
3173.096033957242
3173.0960339171347
3173.095956065053
3173.095927316204
3173.0959233092035
3173.0961070353774
3173.096063546009
3173.095922359063
3173.095978304063
3173.0959653773084
3173.095926007566
3173.096295611229
3173.0959816972427
3173.0959653873747
3173.0960334375263
3173.0961224055095
3173.0960671543785
3173.095926007566
3173.0959405814797
3173.0961090685487
3173.0959284151686
3173.095927717025
3173.0959778886036
3173.0959241164524
3173.095926007566
3173.0960137242805
3173.0959693239924
3173.096015682651
3173.095949557256
3173.0959363752704
3173.0959500827576
3173.095926007566
3173.095969051186
3173.0959520872184
3173.0959448023386
3173.0959362510616
3173.095931232809
3173.095929033874
3173.095926007566
3173.095923102094
3173.0959456264723
3173.0959417229046
3173.095924833707
3173.095929291921
3173.0959281361706
3173.095926007566
3173.0959306768677
3173.095929548265
3173.0959258266857
3173.0959248529125
3173.0959245161653
3173.095933980635
3173.095926007566
3173.0959230561757
3173.095923010762
3173.095928134384
3173.095924655362
3173.0959244910687
3173.0959240935194
