4881.683091261819
5839.852751664966
6539.398879305907
28529.0763687676
7449.689320786507
6545.896824635759
6494.316220968719
7884.290790323411
4877.946894194087
25736.94394342773
3730.020371405852
4885.419288329552
3999.948474034488
2984.534697755587
4494.2991623656535
1.9753505207790604e16
4494.2991623656535
3.86393385932694e14
5318.331882240145
7884.290790323409
6129.527948442785
4494.2991623656535
6289.344563144733
4.156004655964629e7
9.365187306799628e7
1.129158659944231e7
5171.542253362734
3447.7396746303266
4494.2991623656535
2984.003295254636
3126.142697870403
4303.9876524814445
2985.066100256537
3162.556564671077
32457.42077172866
2982.9404902527363
2980.814880248935
2976.5636602413347
2968.0612202261323
2951.0563401957274
2917.0465801349183
3009.73674799176
Inf
Inf
10046.674417635428
10135.212251151712
10397.000000000002
10087.061356004577
3009.73674799176
Inf
9555.526612106834
9.831011571749239e229
10397.000000000002
9230.572613672708
9612.376367751347
3009.73674799176
2900.041700104513
7582.540619080188
1.1641960383587896e115
2934.0514601653226
8328.852836684742
8789.262992356182
2905.3304505299484
2905.3304505299484
9263.523063849936
9.553294963939937e229
2934.0514601653226
9475.129624069854
9537.41098241294
2905.3304505299484
2883.0368200741077
1.1990527946907906e115
8266.931219229296
2917.0465801349183
8741.126342449363
7498.27394781979
3009.7367479917584
9230.572613672708
2917.0465801349183
9.831011571749239e229
9448.330628057533
3009.7367479917584
9512.422520633469
3009.7367479917584
1.2687663073547926e115
8205.00960177385
8644.853042635727
8741.126342449363
7414.007276559393
1.1990527946907906e115
3009.7367479917584
2874.5343800589053
7624.92379901501
4410.756796092482
2891.5392600893106
4.3754899107922175e57
6491.649983637012
2957.533599260854
7287.607269668799
7456.1406121895925
1.251337929188792e115
8235.970410501573
8112.127175590679
8668.921367589135
2957.533599260854
2905.3304505299484
7585.769557688577
4326.203993770081
2883.0368200741077
4.437291598576866e57
6436.488795445094
2957.533599260854
8.72731736082408e28
4662.762332899154
6343.187110535441
6399.257318288988
3391.810072196607
8.606605697287688e28
2957.533599260854
2872.4087700551045
9727.44718554979
4.6932778157451825e14
2876.659990062706
3196.9085850441766
5169.351044681924
2892.2796633472226
2892.2796633472226
4642.796011207628
6357.204662473829
2876.659990062706
3410.1488349571687
8.697139444939982e28
2892.2796633472226
3196.9085850441766
3146.767886403734
4.70961956858101e14
9822.744273162663
9727.44718554979
5151.148638923424
2892.2796633472226
2872.703482573133
2582.3633395556803
3987.20107886416
2873.471575057005
4314.444984111293
5.0763953198800795e7
3983.24769474577
6507.870352524454
3983.24769474577
2590.811204605145
4.594382613231431e15
4314.444984111293
2573.9154745062156
2557.0197444072855
2523.228284209427
2455.6453638137086
2532.143097855247
10066.631645021926
10397.000000000002
10397.000000000002
1.0512297846605517e250
Inf
Inf
2532.143097855247
2484.645106939043
6957.395938761774
9.83113323410876e124
2523.228284209427
8192.65129683372
9491.83947495911
2532.143097855247
2489.436824011568
6543.336563608784
2.928763555989393e62
2460.8961114809413
3215.961140895646
8635.425013566926
2532.143097855247
7529.006318949637
4923.2859948217265
2472.541093912638
1.6580326825316003e31
6559.365442677904
2449.02161375189
2472.770609209992
2472.770609209992
8623.804953189769
3168.5921070729796
2472.541093912638
2.948082863775392e62
6517.916242504664
2472.770609209992
2460.8961114809413
9705.097343496836
3379.0111941410023
2455.6453638137086
9.546190333311235e21
1.4599473472993382e36
2472.770609209992
9.526142458321029e16
3582.660097144788
4.881336740223203e15
3113.1117082011147
4696.710221311303
6291.9541596531935
2472.770609209992
5083.747747413982
2785.948137921842
2446.052989319627
1.216553823845748e8
3088.041471088115
2451.990238184152
2451.4214312889753
4.873365792251209e15
3616.042396944869
6271.712016571512
6298.701540680419
4708.656009973803
4.841482000363234e15
2451.4214312889753
2785.948137921842
5083.747747413982
5.36705583647047e7
3074.9906839053897
1.2125675481350273e8
6139.0903683369015
2451.4214312889753
2526.510003710323
2447.537301535758
46173.645700379566
2685.181054746124
2445.0855325018774
4014.922812833163
2449.30946502661
1.2155572549180678e8
6142.5839460921
3084.778774292433
5105.509422788184
5.362651889249404e7
2803.686980380432
2449.30946502661
2446.052989319627
47723.503424482515
4588.897278050545
2447.197498764244
3358.0079263727857
44326.929335163295
2449.30946502661
2454.891557911663
2445.310833211561
3965.7227806483984
2489.230277997099
2446.14151563306
3178.4512015776245
2449.30946502661
2510.3798192336694
2344.495506799865
2573.8348294176053
2836.8514928361456
2555.367023794687
2467.7654597552387
2438.662080753396
2508.136161547512
2295.7386986047927
6459.617865651941
2293.5029464917493
2510.9321329818795
3081.5486882100968
2328.890705739969
119019.66385441752
4782.332961212856
2513.728104416248
3678.123299577642
103891.33444397175
2336.745492863671
2328.890705739969
2292.3850704352276
3570.756958091061
3079.8916323392355
2294.620822548271
6463.895185945307
5922.106035792748
2290.1493183221846
2285.6778140960973
2280.3489143981683
2291.075236260448
4457.181741797527
4986.526006195024
6.531632240891274e17
9910.453153497238
1.1325863598348333e37
9778.023219584013
2291.075236260448
6613.848920602128
8182.840545452902
3559.8380410378577
2.986284304596702e16
1.7131188296832212e14
5.137435862362497e17
2291.075236260448
4.67241230266325e8
8.526386216852603e8
2548.458700150105
5396.187526951347
4099.187455621903
2856.3325535143204
2291.075236260448
3631.202111389418
2309.4741400408416
112312.41601891391
119675.320447299
2534.6978901740135
4228.463112426009
2291.075236260448
6249.933588296371
5982.930130037822
3525.9269854338527
3259.1048999802506
3055.0357942763058
6523.777670052413
2291.075236260448
2438.0602467351964
2440.818628199003
2525.892379957342
2241.4225427662786
2307.0572933255153
2780.723312924996
3175.253671320009
2242.7021595289743
11212.113920036687
2113.1245939444907
2240.142926003584
3062.5753264415525
2370.8436059787855
2089.7036691825447
2432.1642615075993
6121.859446637309
2432.1642615075993
2094.4808538931056
2.53268253990551e9
2370.8436059787855
2084.9264844719846
2075.3721150508627
2056.2633762086202
2018.0458985241353
2045.7201987595784
1.0924098009594698e176
10396.999999993253
5065.504801754431
10396.95291396089
1.623495994211202e160
7267.145472745528
2045.7201987595784
2.0223193673108786e64
2.3986999491921214e81
5458.527646065228
10392.885520648924
8714.75255213788
2426.9303002570864
2045.7201987595784
2019.461212450211
2.744915620314266e20
2.1924745302283454e38
2037.1546373663782
9930.565153885002
4352.517291011953
2045.7201987595784
3332.134134439548
3294.639990874081
4.080409118062124e17
2958.098358137696
2910.5476651931385
7300.247617251651
2045.7201987595784
2450.7887313355036
2022.8230832346965
2.594680591224839e9
2286.269192299239
2013.2687138135743
6017.207574505258
2017.2729635910976
4998.993374943333
2946.2106849015563
4.0739092293035584e17
4.842217313651618e18
3341.507670330914
7285.448699727727
2017.2729635910976
6017.207574505258
2278.574078411358
2.594680591224839e9
2.602946998067417e9
2456.118406359285
6003.253991554318
2017.2729635910976
5177.54939307528
343763.2068126489
370812.70575477683
314827.4235939983
4758.298885658627
4265.456935363223
2017.2729635910976
2013.4435280876476
10811.16605142667
3858.562489941757
2014.463009991215
3395.8824059783356
11186.747115139158
2017.2729635910976
2022.33065406317
2058.741958956309
2825.7526387883613
2019.482242526844
2436.818200681344
2744.2037525112914
2017.2729635910976
2083.8101423203766
2014.9945218774715
1990.5240663606203
1946.1548890651866
2015.354873561318
2377.015118727765
1923.3249423227608
2139.6505148045085
1824.9355747572083
2026.2516617178878
18773.191060342502
2023.9297541531946
1826.2550489392383
3511.892321839616
1806.5837238732397
2091.2887128907328
1801.484286721616
7281.208998452025
5859.807330436844
1811.6831610248628
5.966800881706057e9
1.7645988409772385e10
1791.2854124183693
1770.8876638118777
1730.0921665988915
1757.1648016619188
6467.837723006024
3803.065029476333
2.3207108707674085e140
4122.4985450713275
6658.180230946126
10237.783946901995
1757.1648016619188
1738.5428337359685
6.96082970394001e82
4920.898014251626
1770.8876638118777
7639.458532916895
3813.7687570502835
1757.1648016619188
1731.790731288878
6027.1107870031465
8.095924896036075e35
1750.4899152053842
3518.074357027945
8955.015618429998
1757.1648016619188
1728.414680065333
2522.897889234383
7860.725581933907
1740.2910409021379
2768.4727539819337
3.779300084867509e18
1735.1667825124237
8959.48992017507
3496.7298893610623
8.070804228050152e35
8.17128689999384e35
6057.306478616026
8941.592713194783
1735.1667825124237
7860.725581933907
2498.465510308951
3.779300084867509e18
3.802753499732464e18
2785.040487007511
7844.986081284977
1735.1667825124237
7197.073720220861
1932.1833326418482
1.8094451768105175e10
6.12792169661507e9
2102.87461135275
5730.083243677346
1735.1667825124237
1729.2586928712194
4808.295498069397
836310.8496343021
1727.570667259447
991151.205859543
5568.541503955515
1727.54244802308
1737.7413223263263
2492.3574155775937
7850.888394028324
1.6015891347795763e17
2756.046954212749
3.770505054293152e18
8832.98439395095
1737.7413223263263
1727.570667259447
1.8080437288157276e10
7204.49742124126
1732.6418851747032
5748.100477949499
6.113705154123099e9
1737.7413223263263
5583.4772781494585
1774.4355127399642
911144.5719063133
835011.2577588777
1891.3394292044266
5216.494740167097
1737.7413223263263
1753.1063252831989
1726.304648050617
19123.489155413583
1792.9966309038234
1728.8173073109854
3964.146406604828
1727.1486608565033
5577.87636282673
989996.9002353903
988457.826069854
834686.3597900217
4823.421997546952
4814.778283559779
1727.1486608565033
1726.7266544535607
19132.434209576542
1751.8413735091751
1727.54244802308
3961.6532955001253
1794.0383885239228
1727.1486608565033
1945.2784760360382
2328.9579925910257
2872.881669336894
2280.1879958348427
2022.9247900174635
4191.1576254463935
1727.1486608565033
2291.3731534545386
1915.574234530719
1842.109029762574
1963.3052414047886
2260.391476525299
1739.5578034097891
1727.1486608565033
1813.5260015615172
1721.0733762191435
1713.201488080163
1724.564005130407
1837.4838076358274
1947.1825305555537
2807.234409179451
1980.5510076754185
2784.9716503385785
1728.3654669900063
2865.604506757155
1934.2566164588598
1728.2189394008583
2807.234409179451
1768.361828686203
1944.017124861292
1915.3950941225614
1699.716121492703
1729.4563504113598
1728.150100938127
1846.3663820700988
2255.083282339025
1677.3675779947023
1736.0497149847822
2144.887913492319
1722.197241889001
1840.933173331229
1642.1585302072206
1649.9223848094484
1641.4445536536489
23384.11789838884
4213.386485069164
1642.872506760792
3842.096372385794
23413.529581512194
1640.0166005465046
1639.9356721986019
1647.7713519753502
2728.3150458814994
2695.6548259971005
6.938695673505272e18
2334.551042591109
2284.5532044081456
7981.940028048723
1647.7713519753502
2008.6775179591184
1640.0166005465046
1.7010603012138496e10
1790.286434346081
1643.853512086976
6684.603771713704
1647.7713519753502
1641.8945921427887
5317.944945839864
1820.725225356808
1638.588647439361
1.2565043154305134e6
1667.281097890178
1641.4445536536489
5908.957834194064
7299.556062678948
2001.9459012197253
2.7525251541279617e10
9.542705965011292e9
1786.1701147269405
1641.4445536536489
1639.9356721986019
1.255530269881053e6
1669.8696571332107
1640.0166005465046
5321.869882615316
1818.6265968333198
1641.4445536536489
1642.0952943818393
1728.281164453404
23451.53103848677
1726.2531902652697
1644.7043245243754
4019.9309713165003
1641.4445536536489
4877.368851907676
2258.1099133138064
5012.6272144915165
2826.825623595573
2221.999866159273
2971.3544545905343
1641.4445536536489
1737.9951031861144
1746.0305012972524
2147.756780049769
1626.2591737343716
1651.768488623986
2216.847840660174
1718.48472498331
2066.008672210311
1586.0994619870967
2792.4835080328608
2638.228953953814
1666.8588857701668
5971.289150978141
1553.5313054291703
1572.1208822389751
1572.1208822389751
1552.0376079029527
1.7974002265298737e6
1666.8588857701668
1555.0250029553874
5563.080513446847
1549.0502128505168
1543.0754227456464
1535.0432308779452
1564.7667382897052
1564.7667382897052
4385.805070791583
9941.24172819944
1555.0250029553874
5686.903739178393
3.654831505786779e72
1564.7667382897052
8.817278157264026e36
3039.7472860611465
1549.9049845838254
9223.240549743858
5122.542876129773
1543.0754227456464
1564.7667382897052
1542.4741077308856
2106.560151851424
8190.7943859343095
1537.1006326407755
2549.6876914448753
1.6161818367371424e19
1564.7667382897052
1889.7147227731252
2.920599367358635e10
1623.6588741808741
1632.0579719620287
6896.487471969509
1883.9674126876569
1564.7667382897052
5507.005981154693
1532.159524614212
1533.1855116647098
1.818296367694356e6
1696.577013930489
1536.9009500911798
1832.6309659970198
1526.8313435975765
1832.6309659970198
7198.941794380634
1537.487705630847
1696.577013930489
3.715511687362547e10
1516.1749815643063
1494.8622574977662
1452.236809364685
1489.3052627795848
10347.975923891556
10396.999999999805
10395.697246128688
9.361540024909116e145
2.9673186668786375e155
4.1284422612646797e179
1489.3052627795848
1461.4609646776232
4.2702986345146863e73
4385.756500362947
1494.8622574977662
10046.948966343178
7340.960824273812
1489.3052627795848
3.5615545201058926e40
3076.034341465153
2.954282180021772e37
6204.983526178042
4420.5344263279685
9390.700466499095
1489.3052627795848
1.8445928473272425e20
8389.825956215947
2.2911682281890483e18
7113.730290957801
2.865410474737438e19
9148.314564275888
1489.3052627795848
1655.573340142265
3.8064055889806335e10
1663.724243529181
1752.05085316309
7130.485960036756
1756.0132702511328
1489.3052627795848
5394.856916570384
5725.926785072523
1.8586955739456888e6
2.179838606475764e6
2.0211655193511304e6
6017.59719854196
1489.3052627795848
1453.5688546188437
1480.0042137870082
30327.861538296052
1450.9047641105262
1511.1367807025297
4344.000666475004
1449.2837472449169
1450.4964921924895
5.84944717087381e10
7636.62308739137
1762.9475001552075
6483.265702918562
2.3072422362716766e10
1665.76196937591
1450.4964921924895
1450.9047641105262
1502.8745931084181
2.0219216818818287e6
1449.890119718703
1593.5613860948483
5717.193057103597
1450.4964921924895
1449.5869334818105
30366.295216489503
1476.0392055670666
1449.572718856368
4337.215192710437
1513.8340844852987
1450.4964921924895
2342.3738837288065
2329.931769677867
5706.626117292624
2367.3444566669373
2303.402936045234
3102.5020829139607
1450.4964921924895
1449.3595438041398
2239.246797387309
1527.6274021213342
1449.2079506856937
2270.8427782150784
1839.2525859803518
1449.239707542828
1461.9419176964443
2174.856286734063
5744.834590996614
1474.0980533783631
2212.192992258566
3145.517446304784
1449.239707542828
2270.6974936837883
2302.0810244442423
1589.6371903534875
2240.5789388283197
2327.732235577097
1433.1997061869235
1683.060395693962
2938.1206217034087
3022.6355760188
1467.979058125098
6987.625036358067
7065.376242554044
1398.846774175514
1356.9969662730045
1376.2152921170293
1378.9301098776705
1355.4089977608155
2.902897068609125e6
1469.7436883709277
1358.5849347851938
5905.084119948364
1352.233060736436
1345.8811866876777
1356.3715105349843
1356.3715105349843
9.259358511633075e40
10202.923787648726
1358.5849347851938
6820.3817832736695
3.289995279583005e32
1356.3715105349843
1901.7895201420506
2215.923004850009
6.193120001424232e19
2187.5787052172695
1952.0913092120477
8561.76583208792
1356.3715105349843
3.941423514824219e10
1469.6113496584212
6.363531015535372e10
7782.39394986807
1647.7092304040107
7311.186076004847
1356.3715105349843
1359.9263855531854
1344.7414858644577
2.9180812335756477e6
1482.0961000917357
1347.4691551998667
5881.620268606463
1348.064350056037
1348.064350056037
1457.0156822568308
7304.303623201199
1347.4691551998667
1645.0980344728243
6.358814069592973e10
1348.064350056037
5881.620268606463
1357.2115677925447
2.9180812335756477e6
2.922419566423225e6
1483.8607303375657
5874.916311080204
1348.064350056037
4289.920195654677
1328.955175286144
38556.525232969325
38749.85526689833
1413.401869184026
4441.34720815297
1385.3463088686378
1331.0229314792257
1385.3463088686378
3.0356216969748987e6
1327.355829069472
1413.401869184026
6021.127412190863
1324.1571366361288
1317.7597517694403
1304.9649820360655
1327.8912244242974
10161.516419561465
4058.929010176423
1.2005728968261211e75
1.2290926322593639e75
11143.196590157151
10155.92248234138
1327.8912244242974
1.7813615508820513e38
10218.947576244336
1314.996291212282
9575.796927992209
1.0886161286541924e33
1317.7597517694403
1327.8912244242974
1947.1855747846823
1308.5488246062746
8.029297212365778e19
2098.492057638555
1311.3623669027527
8645.772548851426
1327.8912244242974
1305.3250913032712
6833.043779081328
4.5305932696969215e10
1308.163674469409
1.0685676487263791e11
7862.112209537361
1327.8912244242974
1303.713224651769
3.3040998164314544e6
6243.076435488571
1306.564328252737
5676.925015958632
2.8366008562723463e6
1306.9369579547729
7398.51585969579
1466.6910679913713
1306.564328252737
7.171327098285507e10
1585.14054654066
1306.9369579547729
1306.9369579547729
1305.3250913032712
6240.028978964936
5673.462211918361
1304.9649820360655
2.8386847840181077e6
3.306526716967593e6
1306.9369579547729
39092.84258726076
39240.70995564549
1312.4170747419741
4671.7633976653615
4524.268965970733
1370.4936833491943
1306.9369579547729
6902.643191180506
2612.5928771714744
2649.5079031697483
3280.9483020393905
2192.10818300148
2234.1177673319544
1306.9369579547729
1302.8863420464656
2665.684503151637
1736.594743329847
1457.2479755831052
2251.987274989985
1532.9885042569422
2009.1491238732908
1287.3567647350405
1272.9207638448895
8500.541472659203
1319.7221864753376
1341.09798717702
3028.406841596321
1217.3240778894758
1199.6830579645768
1404.8502702969702
1411.432723178856
1196.334801671415
1.41773572752573e11
1343.4556939645045
1203.0313142577393
7775.989564409987
1189.6382890850907
1176.2452639124429
1149.4592135671467
1191.7945444457805
10389.391141500508
5223.3720538013295
10396.999999999987
1.0666871527993748e152
1225.3263658475873
7.130374696147569e150
1191.7945444457805
18633.50022322131
1176.2452639124429
5.906665219908785e76
3681.6753417217724
1168.398000888094
10258.097650488215
1191.7945444457805
10270.45098803848
2432.7321563453297
1.406645955555684e39
5.2704293547938485e34
3422.939474227115
9774.461324500979
1191.7945444457805
8918.929380499623
1682.341107241258
8927.38105916694
2.5634068272363156e20
1896.3070453695186
2.5781488057148542e20
1191.7945444457805
1247.0230882908143
1147.9260252751178
1.4488929567432605e11
1414.186897589035
1152.8074698603086
7718.3882672508
1153.7751611645404
1153.7751611645404
1902.7114246100932
2.5744633110952195e20
1152.8074698603086
1669.8476788884159
8921.042300166453
1153.7751611645404
9.588735845646219e10
2.0899998964505975e11
2.0959923892340826e11
8114.759441976579
7223.219096416193
7232.293012101842
1153.7751611645404
1149.388309247474
6265.412994686246
1264.3553092120464
1147.7850854205658
4.8537438247653125e6
1149.9961387658682
1151.133341713728
8113.1258616375135
1.4520086796650134e11
1251.2307191850205
9.56814559016594e10
7720.308310489438
1421.2600179514882
1151.133341713728
1152.7640597269592
1147.9260252751178
4.8502667835163055e6
1262.8096875790472
1149.4592135671467
6268.370298760653
1151.133341713728
1204.5878599681025
52014.12992413397
52324.65340799725
1141.8762737782208
4750.526771135807
4616.993924022086
1186.0870811829905
1140.1973118842195
5.375047636901861e6
6623.238445153543
1143.555235672223
6142.132732375327
4.674858723526178e6
1136.8393880962155
1130.1235405202087
1116.6918453681942
1134.0754943382053
1.5275759330615176e77
1.6716384802577628e86
3594.080219279943
10278.484316483724
4673.557345869821
14364.26360854891
1134.0754943382053
1122.6968005916142
2.2594963759413678e39
2479.738919185353
1130.1235405202087
9825.67678064547
3288.5222547208887
1134.0754943382053
3.2264729543690486e20
1695.6873350950925
1117.0074537183195
8990.208121057534
1815.717720709705
1123.407692944201
1134.0754943382053
1243.8538389405157
7325.139356153412
1.0793445959658875e11
1355.3257731246729
2.2982324855244135e11
8182.4309650038795
1134.0754943382053
1225.6351712792266
1118.370807262196
5.077163758453308e6
1142.135026226669
1115.0128834741924
6349.377187402439
1115.5851169999953
1115.5851169999953
7795.149731698803
1362.2057410084203
1118.370807262196
1.613148990525778e11
1248.0115863957947
1115.5851169999953
5.080765911372293e6
1139.388022791899
1114.1627802816708
6346.507710957683
1227.1385506585925
1116.6918453681942
1117.0074537183195
1117.0074537183195
1243.8538389405157
7793.306511782581
1116.6918453681942
1364.4990636363352
1.614291788239789e11
1117.0074537183195
6340.768758068166
6577.26902825745
6093.3516292594695
5.080765911372293e6
4.731852899615165e6
5.444425359817259e6
1117.0074537183195
1171.3225688328046
1114.1734025271917
52989.8359472915
1108.5225369960226
1114.873948640833
4817.991660059183
1179.700993983519
1175.4933630893129
1106.8395732961087
5.26015584817999e6
1169.8602848604496
1111.2452453105814
6464.173369294274
1103.4736458962802
1096.7417910966233
1083.2780814973105
1101.546649488361
10296.145216769202
3654.51446296582
1111.2452453105814
3.845802923265585e77
12505.926104508588
1101.546649488361
1101.546649488361
1090.4783886765158
3129.7014138364675
3.562761154678404e39
1096.7417910966233
2475.605858555455
9869.942066379966
1101.546649488361
9552.892406958646
1702.3421223100975
4.0149428155896857e20
6.158292642187431e19
1740.7528372945173
9049.58470811855
1101.546649488361
1.2130230428119083e11
2.526658419853592e11
2.533750402183902e11
8243.252820790687
7416.667347520849
7425.009315863231
1101.546649488361
1128.8483613524936
1123.3954348035218
5.316074603819314e6
1193.2568284181357
1190.3322604734253
6422.396382805416
1101.546649488361
4887.527913807162
5013.670069444921
1134.0754943382053
53844.302565701924
53574.39030000463
1095.4359678355768
1101.546649488361
2450.816276920908
8440.375470232731
8322.383347685312
3148.320267220919
3548.841167447357
3416.189538223381
1101.546649488361
1576.3100603207545
3074.5779288600693
1339.2900983945135
1665.8775885398138
2369.354504866918
1158.8010495715566
1101.546649488361
1570.5017650842885
1074.9048327268629
1321.8434197378504
1659.021535426569
1118.767335606634
1138.227687882829
1060.002849052799
1321.1423225536353
1060.345332377247
2113.8340201404935
9922.64608801465
1059.6603657283529
3702.227626132942
3386.30480962584
1058.975399079458
1057.6054657816699
1054.8655991860937
1049.3858659949412
1042.3103837700487
1070.0027487205252
6.954752718574853e77
4.252922990576874e86
10396.87451775061
10304.206541725214
3508.1611031873067
6.7372864060557785e44
1070.0027487205252
8367.130281924254
10297.519658045729
5.011211263489728e35
1.636061343454341e42
5.068346395883985e35
10296.385436754841
1070.0027487205252
1043.9061328037883
1438.2048645070645
9088.19031177423
1049.233475007668
1857.868818538973
5.549205197476489e20
1070.0027487205252
1041.1662662082115
3.32904985190578e11
1060.485490781837
1045.7719293888586
7475.37572569133
1374.8893416825995
1046.6459993993644
9082.626152809416
2.4503853276267414e21
1450.9004103697189
5.541341395701768e20
8315.312927579684
1879.9793370672369
1046.6459993993644
7910.420511523305
1054.8786976083848
1042.3103837700487
2.3541817405830646e11
1380.481077886928
1043.9061328037883
1046.6459993993644
1042.5361995060002
1034.5437367516613
6452.639997718065
1040.5796109606442
1187.8778921818623
6.745660816430545e6
1209.1716188421788
1031.076098988948
8100.587467245102
1.9484846402439246e11
1038.0113745143747
2.814663035230711e11
8432.75678185341
1024.1408234635212
1010.2702724126684
983.416821810032
1025.0631436973244
1025.0631436973244
1.410256825557517e183
10396.999999999998
1038.0113745143747
10350.707740700977
6.823604704584657e146
1025.0631436973244
10094.259737209599
4194.948394226456
4.293273079003631e51
3407.2964359102302
1.100578580695255e87
10396.918926771044
1025.0631436973244
2.9857525380868314e42
2140.2432859452056
1.2826136435224383e40
8636.457705344701
2999.1553662468764
9970.74901245078
1025.0631436973244
9203.54605140042
1444.564527388464
989.4644458363887
8.470243326938883e20
1700.4906549306472
988.6226120459439
1025.0631436973244
8055.092357981202
1043.1298536426932
2.870425405986187e11
2.878391458951255e11
1267.6656471390522
8048.593056657789
1025.0631436973244
984.7182693690102
981.6041252010655
6595.8377621864665
984.2629891923189
1089.5066085742678
7.3718735364290625e6
1235.076130704588
3.3998140100677094e11
1235.076130704588
3.409249231155967e11
8226.025451617199
1089.5066085742678
8232.033702357303
1235.076130704588
983.3385849932606
1043.1298536426932
7.860521409835038e6
979.8696654088703
983.416821810032
6806.031905994463
976.40074582448
969.4629066556997
955.5872283181391
928.4484986661233
968.0260675081453
983.3385849932606
4784.767568184247
1.1560724055144126e157
968.0260675081453
2432.9003016844927
10396.15740649625
968.0260675081453
10349.529855249148
3298.9758355175586
955.5872283181391
2.093062378808923e79
8558.698882770967
948.2372830871341
968.0260675081453
2770.8486656532486
941.7115499805785
2.8991290853960424e40
2177.609138189149
938.3428908766288
10035.915345707179
968.0260675081453
933.3956947713766
9310.212916187655
1559.0224261157723
934.7737108117979
1.2644804299926578e21
1455.5687154937564
968.0260675081453
8185.469759121493
1043.460686514626
3.472936973501703e11
3.482372194589961e11
1163.8537779459996
8179.461508381391
968.0260675081453
1025.0631436973244
1022.4602485793689
8.029573991991548e6
947.0604273709666
941.5356057472486
6728.9046386129685
968.0260675081453
5131.59344750363
928.5794491590833
928.7031015391149
69206.60537004191
975.4072051214592
929.0668981792801
968.0260675081453
2388.85154321576
3623.7205166720228
3614.4339094712036
3533.952503405181
9931.250819974723
2479.4705379106535
968.0260675081453
2615.0166623227233
3548.0744623592495
1196.624178188495
2052.6552203176016
2404.9990568613507
1153.2903301032045
968.0260675081453
1615.0777323911907
1424.159706501697
951.466125591218
1799.7276138160364
1358.2219246239372
932.9147495215977
968.0260675081453
962.9807395536451
933.978131162694
1130.7397558976438
926.5075305379376
931.6262960740277
1180.0762015904108
1092.4086808082327
1253.2645526919973
1463.235890605352
1481.0096669190345
1655.3546813730215
1150.3884262087636
2039.1582412158325
1092.4086808082327
966.9703975465884
1192.4386965236486
1258.5431813010673
1104.8372400320222
1010.8157896773592
1037.9939680151617
1092.4086808082327
926.05336080357
945.5843491799006
928.5147032019609
926.865866788606
1046.1006928250124
958.1641081085575
944.0735840018752
1333.873578096744
935.341384746586
1041.7244324272547
1042.45871981974
1044.5471014969778
935.4189159168476
944.0735840018752
956.2196443255486
925.4064907637494
941.2336960162415
927.0358213143357
1003.1244419900979
1062.7901006829788
1031.7549877426945
1169.4470719897758
1031.5256344639506
923.792735154539
1150.3787339176242
1066.8655145983719
935.2990123710264
924.6691188340652
1723.0350536739254
974.9170968169414
1536.0448683925083
1422.7437391612423
1004.8208785329957
1906.3641809585974
924.6691188340652
1049.49308100576
920.959841721904
1211.2804324806543
1113.590596223174
926.6308198821444
1122.294729702043
915.3096065974121
910.6554011811414
911.2805181373117
3662.4066217252575
3700.9883738509457
2362.5047678909264
2394.503864409701
10335.88355352336
3634.723821214708
911.2805181373117
1135.052076267397
1588.0952960716165
3699.973029349191
1145.6129824075638
1860.9151932213024
2437.5059505987706
911.2805181373117
1495.6095491971555
935.6903588405256
1868.4876245795542
1349.5742927515716
908.4435321423764
1596.9444211098762
1079.9696625692686
908.5964365710959
3983.3982312223366
1315.695833159489
908.2906277136561
2321.93852358985
1033.0544030079343
907.984818856216
907.3732011413363
906.1499657115763
903.7034948520563
898.810553133018
910.7784827531373
1960.5877202472202
10049.327318573738
1.4326078269370839e37
2859.909102690008
3.9172866347190015e40
10332.62631071359
910.7784827531373
8716.988364060711
9340.598758566579
1632.249242252583
5.976052662585343e21
1.5783885080310978e21
1268.2322451271866
910.7784827531373
8531.057516823137
918.118245822911
4.129224819738215e11
2.927157873065533e11
1206.1964844224644
8215.040553466963
910.7784827531373
9.27008053826359e6
900.8388792372821
900.0337885627774
6762.097314670908
1044.110637102245
898.4231868191443
901.9532713717135
7848.850441857184
8222.470030612069
2.917191027290714e11
5.65237515167853e11
4.1376837605098474e11
8527.235032642671
901.9532713717135
898.810553133018
6764.576027788442
1041.6454205797525
900.1882290954294
9.263751994310012e6
902.6010705866443
901.9532713717135
899.305707957287
900.1800589550235
77011.16470128925
898.1989354181378
962.4684481493013
5149.604993587381
899.4221708478979
6956.5954616078825
9.862819155583598e6
903.4821662613249
8.679174672258144e6
6555.371249025564
1045.3432453634916
899.4221708478979
898.4162155426501
5033.263494946714
76529.6581501143
962.4684481493013
77510.91616425222
5256.917372709335
899.4221708478979
909.4446196377909
2301.444624263107
10867.869632089234
898.35686151857
3880.703041797516
3633.365662493129
899.4221708478979
3925.2532398709163
1097.7067566118817
901.0792101233974
2353.004514493555
1335.5215972940769
897.8509446726829
898.4796510138073
10790.90446807178
3639.970268302758
3978.409058699744
3554.6352235326463
10858.095266330558
2428.5283231074145
898.4796510138073
3951.2162514421616
3911.0933606614367
1279.458995387419
2398.4505643279604
2353.1759905230747
1068.764109338325
898.4796510138073
1536.398021154199
1016.0418550823451
2029.647124377617
2045.937551800302
950.3522669742205
1517.1473692296076
898.4796510138073
897.7957890127774
1141.289169626105
1088.748422975006
897.9061003325878
1003.8547145505132
1308.561815212552
897.6854776929674
897.4648550533465
897.0236097741049
896.5072375515738
897.7286160008416
898.6437138065645
1042.383572183391
9.290568166952254e6
1037.4600061906217
902.1678610778138
6767.580477192579
897.7286160008416
5153.508502797189
897.9422653948395
77089.30150671145
77144.57449617899
960.8482605236827
5149.932479648568
897.7286160008416
3664.687653286468
10825.419006505252
3876.7991548943214
10893.162031669548
3579.9563128219456
2302.225091488785
897.7286160008416
1993.510281090839
2018.5054798906863
3916.2936512188185
2925.8088196098943
1493.5888861538008
2347.8602336079653
897.7286160008416
1031.353097565926
1644.7350281938905
1528.2085437426256
948.7835586857606
1263.57832125787
2047.9923230558443
897.7286160008416
1302.8082725488819
1084.1577235597197
903.19062058419
1078.4643453918627
1311.1992287426897
895.9112189087168
918.7351959882959
1056.0858160327793
2084.8832560831
1330.9201534411568
942.9295300104725
1498.514768998233
1052.5333005284901
918.7351959882959
1177.948601592608
1021.9418953634637
1003.0496510628146
989.0985371263959
1265.4353695866807
1211.5855359820214
918.7351959882959
912.215747387606
893.5749153407492
1051.7751977135974
896.258646934776
898.2500806971372
942.7883858051725
889.0856292231483
889.3114625832108
1367.3341431099243
1508.3619555038988
1519.3210277723485
1862.3081341123043
2074.1325823121324
1173.7778870583986
889.3114625832108
1071.7685809455188
1097.3124489298204
1245.9815776108385
1340.1719798953309
959.5643892649904
1021.6660572001307
889.3114625832108
977.1409961885428
923.988473822773
1045.787994820444
927.223493028963
970.1617608089635
942.911636083876
889.3114625832108
917.3868586081775
904.8988557027441
905.7447699847695
953.7730791268908
896.866641825732
896.8665245082072
889.3114625832108
900.4793326741822
897.911322351857
903.6057170338732
914.1809358380749
893.4590246495767
921.4014157247675
889.3114625832108
905.0150907003311
889.7016351187882
891.7764250535063
896.4321541581639
890.5242022474074
890.3948203069468
889.3114625832108
895.728620500628
892.4048582398103
891.6636798752187
892.2375688069308
896.287913729736
894.3886368557994
889.3114625832108
889.4079307312319
890.433935099041
892.923384141555
889.6791060205164
889.7628442699088
890.9395506260437
889.3114625832108
889.262872628545
889.5468321211567
890.9403795612219
889.2623355316775
889.8773745345359
890.0145850920387
889.3114625832108
889.3990626367564
889.4545584835741
889.5508245115907
889.5936143904552
889.3446060492452
889.9317303071506
889.3114625832108
889.414786117403
889.0713594502405
889.2991898311595
889.3181943213698
889.0998983462358
889.3741218569911
889.0698299219807
889.0883817830558
889.7751269329009
889.2892020371871
891.002415280537
890.5319248955313
889.5456535935572
889.9716117285972
889.0883817830558
889.9778498225609
889.9759432460821
889.0672467240663
889.4982685184482
889.5072742246358
889.0795590141083
889.1160978545714
889.3937419425723
890.1038598758091
890.9030086792584
889.6497368051527
889.6121422456525
889.9954154300248
889.1160978545714
889.0733402882487
889.9289803550577
889.7027485300147
889.1214949083046
889.5322521939631
889.4421589425316
889.1160978545714
889.2737722794931
889.1806106149211
889.4152553977367
889.345847829117
889.1596958447856
889.2997213947881
889.1160978545714
889.1196294167913
889.100082960471
889.1551493859922
889.0731718243046
889.152504827068
889.1834013167809
889.1160978545714
889.0812153444512
889.0654153872262
889.073294270789
889.0638211798163
889.0895097972812
889.1253572808571
889.0712629225849
889.0705834901021
889.1923820678318
889.072494089663
889.0814493372709
889.1695522858851
889.0953447308457
889.0712629225849
889.06441457046
889.066988237112
889.0835669216589
889.0632277823975
889.0648562792775
889.1114064848298
889.0620409672381
889.0668792424419
889.0888519643996
889.4265026798798
889.093943083964
889.1271654691509
889.2915139517274
889.0720632274817
889.0668792424419
889.1627804962168
889.1718288303945
889.0846796965168
889.1711199765417
889.1707009709079
889.123133372981
889.0668792424419
889.0954004785314
889.0616968291304
889.0755922947847
889.0703912299085
889.062385106011
889.1172259543563
889.061008554907
889.0596320144351
889.0568789653872
889.0513729948646
889.0403615640339
889.0183407426193
889.0016592426174
889.001695557333
899.1580029480031
903.4131715833313
904.190894149787
910.898652910297
920.9875597616087
895.6827837705454
889.001695557333
904.9372425264436
889.5201550540161
904.8534351980888
896.2400401366014
889.3769036797889
896.2448824813789
889.001695557333
892.1610823062273
896.6900496292932
891.4479663595291
890.45160109185
892.5863894625902
894.447385568624
889.001695557333
888.989810578189
889.2981550408399
890.7458132761116
889.0135078735885
889.144556165572
892.784586468927
888.9664311927289
888.9559275969151
889.0133410988657
896.0993402820018
892.9829322603135
921.0390869020125
892.6342751652365
897.3944849963631
903.4679877262824
889.0133410988657
894.8123147681757
896.3019957516346
889.6541748764661
901.2639094589109
904.84414819794
889.3006249375205
889.0133410988657
890.5141669555161
889.205793498671
896.6881188280836
891.9621549838296
889.3077418141269
892.645727109763
889.0133410988657
888.9493777225491
888.9744768623551
892.644392706503
888.9624776220498
888.9604170905559
890.8027470505294
888.9521307530445
890.9669236750888
892.3996046064806
896.5889145296853
889.9838904939288
890.674007963025
892.6467378525705
888.9521307530445
890.3462186328886
891.9470624585024
892.5611855355718
889.730153941318
890.4790494522849
890.8033430667211
888.9521307530445
889.3188231321257
889.7249246385517
890.6264757002857
889.3632574634381
890.2439035317636
889.8786013702485
888.9521307530445
889.5929402540551
888.949823221806
889.521373146822
889.4138385575528
888.9681906312863
889.3825339307139
888.9521307530445
889.0429983411163
889.0139607131084
889.2025108616172
889.059415483597
888.9907993433442
889.1817286551266
888.9521307530445
889.0653872385171
888.9526280092538
888.9629652781505
889.0541092640678
888.9675698736103
888.95267869994
888.9521307530445
888.9666449136298
889.0072690421796
888.9722030315013
888.95333697177
888.9804015484704
888.9541870006237
888.9521307530445
888.9526054877315
888.9493020619238
888.9560480840556
888.9629428138447
888.9498292998278
888.9781701889177
888.9491507387688
888.9488480848476
888.9482427465548
888.9470319481637
888.9446098641184
888.9728468986868
889.0997435516348
889.095700595395
892.6458720691046
889.0076656960939
889.0216059260207
890.7577021675312
888.9728468986868
889.9132814229306
889.5950737023398
890.669169289798
889.5162990986638
890.1238227935377
889.8326835242443
888.9728468986868
888.9912366581892
889.1868274991674
889.6347629965045
888.9453252717549
889.2941287885958
889.3675326864961
888.9728468986868
888.9496400716428
888.9443414411302
889.2346474149475
888.941319609097
888.9448782763244
889.1348833599534
888.9347389837809
888.9407267512119
889.3875180672791
889.1468651567488
890.5796682222236
889.3064432272988
889.206633394082
889.8482638956323
888.9407267512119
889.3095511202783
889.3527877386232
889.3849363541685
889.418874780427
889.2713348248917
889.2986153583267
888.9407267512119
888.9695899863582
889.0058652765681
889.2046551347846
888.9692309181439
889.016652786657
889.1513839964128
888.9407267512119
888.9571001362312
888.9415574096988
889.0560062728615
888.9548954627085
888.9405049879916
889.0350797291032
888.9407267512119
888.9385736861216
888.9362218386691
888.9817064093817
888.9332474960504
888.9332560161856
888.9769311920733
888.9621931346414
888.9970559062167
889.0495705892266
888.9443275231772
888.9686830628314
889.0362856516941
888.9756924592901
888.9621931346414
888.9383487264605
888.9676656548742
888.9913745770142
888.9320870230039
888.9393060020507
888.9620226467262
888.9344531442624
888.9379094867213
888.9478857828875
889.044416650497
888.953770693039
888.9376133322311
889.0426252891344
888.9344531442624
888.9343368429691
888.9318236423966
888.9690467596063
888.9373342329103
888.9323504033011
888.9863053694127
888.931296880257
888.9302433522723
888.9281362814756
888.9239220805595
888.9217814798317
888.9487970507947
889.9331188653041
892.564327112495
891.0875156194876
889.5279703420407
896.5619183164054
889.9800692154826
888.9487970507947
889.9084935201234
889.298261775438
890.7217377194074
890.7898878982267
889.5368846041731
892.5464000051347
888.9487970507947
888.9493104979692
889.3898806931696
890.5339434289874
888.9101079741495
889.2238046009306
889.7950243430137
888.9289712585316
890.7421937641143
889.1449616483912
889.1456625973308
892.5071406733096
889.2486804842878
889.2177444923504
888.9289712585316
889.64044294683
890.4953678016045
889.5052923470824
890.1512303953415
889.8165379186441
889.3749121777124
888.9289712585316
889.1184101329555
889.3521809193354
888.9140796385929
889.1856802225929
889.4942993524587
888.921742732793
888.9289712585316
889.0504797268643
889.1887916590516
888.9117986364594
889.1042255128198
889.1196044082079
888.9084168760273
888.93425651549
889.2812708289298
889.2531734176582
889.3892265384948
889.3518601374192
889.325024684676
889.3002752650536
888.93425651549
888.9127159735494
889.1722888513535
888.9471062598705
888.9108659124964
889.135298238697
888.9371821341858
888.93425651549
889.0251851466334
888.9070249152335
888.907496412766
889.0190696795758
888.9103876587186
888.9093373092035
888.9155490846392
889.0056255811359
888.9946980662385
889.1673278696037
889.0160986501343
888.9829938178618
889.139729709859
888.9155490846392
888.9293441267486
889.0173544845063
888.9457716354148
888.9531339650632
889.0232711009779
888.9213406117677
888.9155490846392
888.939154520843
888.943479377536
888.9370526181602
888.9143412915982
888.964360829757
888.9601339335317
888.9155490846392
888.9361153171674
888.9101682920382
888.9065338916897
888.9132485016211
888.9243348717619
888.90792179669
888.90670954329
888.9368294906585
888.9642764413036
888.9133952655333
888.9583643863539
888.945470584794
888.9339267795133
888.90670954329
888.9096878257989
888.9107112723793
888.913041189214
888.9188056943442
888.9240264775468
888.9351983366286
888.90670954329
888.9069030180818
888.9068370837526
888.9098782332122
888.9081396470278
888.9068250874557
888.9206701776726
888.90670954329
888.9078560819439
888.9068952898515
888.9134011011632
888.9069355760109
888.9079711722724
888.908220005246
888.90670954329
888.9079787201501
888.9091504820657
888.9073984766558
888.9069290897212
888.9072175740621
888.9097653314772
888.90670954329
888.9069480824404
888.9064599948532
888.9067186753655
888.907944982809
888.9066077884063
888.9069256206026
888.9068891152325
888.9070977546802
888.9069015131113
888.9072735950958
888.9090229121522
888.9083631409159
888.9100163825608
888.9068891152325
888.9067955816632
888.906675723386
888.9068671307638
888.9077748403337
888.9073560010128
888.9081991217686
888.9068891152325
888.9072904659786
888.9065040200585
888.9068217122655
888.9066702253357
888.9066073046702
888.9065628166272
888.9068891152325
888.9065619781101
888.9065481741135
888.9065288388938
888.9068358026503
888.9065022059348
888.9066759527517
888.9068891152325
888.9064518343528
888.9065199736507
888.9066088282141
888.906468155352
888.9064936801983
888.9065109512736
888.9064882464371
888.9065561807217
888.9064515257588
888.906822159034
888.9068718437952
888.9064521429465
888.9065452082751
888.9064509085689
888.9064496741868
888.9064472054048
888.906442267775
888.9064323922487
888.9064126401339
888.9063731316495
888.9062940976684
888.906135961652
888.9058194173913
888.9246299212094
889.2223205685747
889.5840998773325
890.5188940862839
889.3266383229183
889.9942646961505
889.804396876479
888.9246299212094
889.3285114713403
889.1174979777782
889.4860766052227
889.2082893622048
889.051698371506
889.3397189939501
888.9246299212094
888.9429932904064
889.1273150449315
889.1074578956791
888.9103148152865
889.0580529441405
889.1961735613206
888.9246299212094
888.9075906230378
888.9909278465437
889.0465782670096
888.9041892417216
889.0437677474528
888.9905527340926
888.9009285381649
888.9307471003938
889.4239922716523
888.9107209541576
889.4594867365289
889.3361069156118
888.907654023181
889.3639122955618
888.9307471003938
888.9898336660635
889.1660039366071
889.153215120011
888.9869827619206
889.1315259884478
889.1255207818774
888.9307471003938
889.0150986694694
888.9023730576582
888.96589678434
889.0164718590117
888.9093681372872
888.9755839943033
888.9307471003938
888.9481329753233
888.901936323378
888.9569252404086
888.9312124473462
888.9052812122154
888.942378505278
888.9307471003938
888.9129152159368
888.9117431692962
888.907738821519
888.9039383771233
888.9039542081706
888.9278210286178
888.9307471003938
888.9010694732069
888.9014917342848
888.9042531105157
888.9007876028405
888.900635979562
888.9132736340239
888.9044403436272
888.9071708758283
888.9017015587442
888.9049046116907
888.9297222879901
888.9075097973374
888.9207354585161
888.9044403436272
888.903787463194
888.906155408402
888.9037490739215
888.9009690232789
888.9015601642326
888.9151801826365
888.9044403436272
888.9022597520908
888.902199204831
888.9020496975289
888.9006763551935
888.9007257486218
888.9079072780532
888.9044403436272
888.9007364752481
888.9010768376982
888.901174686089
888.9005354838393
888.9035995886859
888.9042686521852
888.9004462304403
888.900554090368
888.9019328673861
888.9022384554758
888.9148707459542
888.906848357905
888.9010074777132
888.9037698788173
888.900554090368
888.9073749188684
888.9048803954754
888.9018607518391
888.9020009915587
888.9015343260995
888.9063069644388
888.900554090368
888.9005428498502
888.9007190696232
888.903970823642
888.9007586337679
888.90165693611
888.9012929943657
888.900554090368
888.9009152402894
888.9021525188101
888.9004780657353
888.9005754276199
888.9008644364917
888.9004143951372
888.9005453575373
888.9030718216859
888.9012521913598
888.9012563987304
888.9009950163255
888.9006388038092
888.9040398909932
888.9005453575373
888.9005760640475
888.9004691708423
888.9008300629891
888.9004694082195
888.9006284279282
888.9022221948723
888.9005453575373
888.9006169239389
888.9013137978562
888.9004363352472
888.9013134233508
888.9006275673264
888.9004142007919
888.9004138120955
888.9004130346863
888.9004114797968
888.9004083697309
888.9004021484528
888.9003897013172
888.9003647887238
888.9003148902447
888.9002148001064
888.9223469492711
889.1213438994203
889.5528179909754
890.4965062776122
889.2045043649623
889.9133896016177
889.7977646988267
888.9223469492711
888.9905549173533
889.0279917802741
889.4835738369267
888.9388321849242
888.971209412462
889.3330760465409
888.9223469492711
889.1006557013449
888.9070750650276
889.0209638253407
889.1898049088472
888.8992573607915
889.0883594509186
888.9065378135589
889.1623090806636
889.3203306018962
889.4664731244877
889.0970402205564
889.2245453001386
889.3457001224341
888.9065378135589
888.8994852796609
889.1135197350188
888.8999214455488
888.8990294386296
889.1768473402876
888.8985932401613
888.8972648912782
888.9086966631121
889.7928416289859
888.9368448041573
889.1661768821019
890.4660194459733
888.9992721133704
889.2754578429026
888.9086966631121
888.9051924561358
888.9637008401469
889.485478581072
888.8957979173052
889.0133428973644
889.3288473863158
888.8968336661202
888.9143400723806
889.6348997339257
889.8045563809761
888.9319859650515
889.4455626482409
890.4708639983943
888.8968336661202
889.1902953900029
888.9235728632171
889.471117314842
889.1159409661012
888.913589812448
889.3398377790869
888.8968336661202
888.9255927160201
888.9418981393047
889.1755811094511
888.948767220749
888.9231484086552
889.1072955804468
888.8968336661202
888.9443336072474
888.9082000258863
889.0291049727917
888.9260405710968
888.9242612837462
888.991142896449
888.8968336661202
888.9142545716536
888.8986361516789
888.9545551013225
888.9318111099103
888.8929592894129
888.9329128371478
888.9185924087587
888.9361767029178
888.8944655673076
889.0110267207599
888.922142019366
888.895107079478
889.0056760680806
888.9185924087587
888.9475445673479
888.8965038286422
888.906087611905
888.9368517330911
888.8950856422878
888.9230235548731
888.9185924087587
888.9184465501959
888.9044780604335
888.8975682959917
888.8997861445832
888.8966646570234
888.9088815491043
888.9185924087587
888.8928164540797
888.9039243431885
888.8923930302793
888.8931021240234
888.8963251749695
888.8935255318781
888.8983963387794
888.893908929281
888.8970479048319
888.8989436327458
888.8982220604561
888.9115317694169
888.9214570467799
888.8983963387794
888.8958252478633
888.8956590869202
888.8923905735986
888.906941841396
888.906914302733
888.8929365735197
888.892385658891
888.8923758240903
888.892356132946
888.8923166644888
888.8922373828755
888.9205485991746
889.786539491006
889.1361125989831
889.3650307431303
890.4465962018422
889.2568935845226
889.5294161832334
888.9205485991746
889.0608382474231
889.322885587607
888.9495788797976
889.1460082676217
889.4831590153855
888.9997049495312
888.9205485991746
889.1463519411453
889.0080863928536
889.0587573379086
889.0605301829586
889.084301413074
889.1426739352053
888.9205485991746
888.911741568485
888.8905393957231
889.0380144391681
888.8889807492399
888.9307088853691
888.974013047188
888.9135124658661
889.1643238673946
888.9436603394433
888.8898417358757
889.1089215797147
888.938520822468
888.8881196914576
888.8954398099694
889.2581009346275
889.347900297648
889.1330684156492
889.1974934309969
889.4577298352185
889.172508380057
888.8954398099694
888.8889556616613
889.1582449335989
889.0143497889273
888.8897473025921
889.1153623829994
889.0061504447639
888.8954398099694
888.8902660677471
888.8936173464674
889.0083689096978
888.8908144000617
888.9024780727043
888.9989631443966
888.8954398099694
888.9408009948448
888.9012883492607
888.9106517072661
888.9345388677334
888.8928871436557
888.8960639857343
888.8954398099694
888.888184731265
888.8879498769148
888.8978112161403
888.888054650969
888.8882895006819
888.911747619014
888.8879529669749
888.942590998698
888.8890331490647
888.8924214772182
888.9329827905383
888.8913098237949
888.8898220362198
888.8879529669749
888.8871128219166
888.8887510503806
888.8959040216897
888.8887869198697
888.8876983270741
888.9135057049241
888.8920892555318
888.8871785927399
888.8887010146998
888.9292447739513
888.887047051113
888.887006646385
888.9451447491465
888.8867942837716
888.8863695123403
888.8855197846445
888.8966612062554
889.691614225164
889.7095407687813
890.077856289897
890.2400592525815
889.4731098748039
889.6444262517069
888.8966612062554
889.1690508006259
889.1994860014704
889.3257046639899
889.0935831624188
889.3119452008159
889.4601543728239
888.8966612062554
889.1692780587098
888.9177775916386
889.0456900874302
889.0936406636091
888.9506447540468
888.9947560428151
888.8966612062554
888.9775310811945
888.9531764100492
888.8835446737583
889.0238382475507
888.9238258229857
888.887494813911
888.8812410620812
888.907988229068
888.8905661777436
889.1188930093259
889.346018760291
888.8819004021178
889.1562825889811
889.4348775703977
888.907988229068
888.8834454220308
889.1138608993106
888.9283413120446
888.8989455435358
889.1438795936597
888.9041250501926
888.907988229068
888.884968959044
888.8917210404576
888.9955157949288
888.8796542535338
888.8809715426531
888.9975617140142
888.8797742809575
889.1101691394268
888.8781539380773
889.0294734840015
889.1465676070914
888.8811545841869
889.0178795688876
888.8751533527569
888.8691523644686
888.8571511172413
888.8331515396816
888.8069182353437
888.762195542842
888.6730706522461
888.4961006371445
888.147262017836
887.4698498127306
886.1949704322152
883.956224013913
880.6549829300542
878.7173888761547
998.2669130630014
1111.978670293261
8219.380611270402
7.332584330534216e11
879.7075831945872
9.794000248573243e11
8525.160227686118
998.2669130630014
878.3872257577964
7111.164653386563
950.3124411594863
879.0475519945134
1.3244894855471779e7
839.6182563576872
1053.1471068045694
836.9602465899671
1053.1471068045694
8660.912707907608
842.2762661254072
950.3124411594863
8.495346247263977e11
831.6442270545265
826.0841656386689
815.4637751154073
799.0546804252723
968.8602282300037
Inf
5740.993004335286
968.8602282300037
10396.999998365121
2964.485702407291
842.2762661254072
968.8602282300037
882.2330948295063
4874.642682547232
3.7395959592707187e161
815.4637751154073
4140.416111071804
10396.931884873613
968.8602282300037
838.9195281292577
7.138613828151251e88
10396.987492498738
804.9567845256246
8292.888489242547
1.9846342083834646e65
968.8602282300037
817.2627447791334
10363.24093975266
9508.987756644556
802.0057324754484
6.8045534191432796e38
4.865793708916556e43
968.8602282300037
9166.915838051422
9913.033057421684
1503.7094039185838
1.971297640690429e22
1.5011509679152085e21
1004.5997526510853
968.8602282300037
6.55975394898623e11
8.842852019112766e11
742.2927203010357
8839.809235402132
8585.162956048347
1112.457459028773
1333.279712780787
1125.0116368435438
749.4594587693675
1.1228926415265298e22
1356.9016359741647
735.1259818327035
9781.647672760986
723.9298563997804
702.5134936062387
684.0001621187957
835.0695941987706
10397.000000000002
5432.990411118905
Inf
Inf
2759.056482739788
10396.999999926915
835.0695941987706
754.4325156618696
9439.58521375241
3.8410331457625414e129
702.5134936062387
4.384842807027989e186
10397.000000000002
835.0695941987706
10396.994667395047
2555.365206510757
6.262871318510153e82
6.1571570071676305e68
5294.764452609804
10390.70481099213
835.0695941987706
10374.57577175531
1.8568730948779696e42
1.3089550019886237e44
4.855048201825383e39
10265.550790962112
9743.513681995688
835.0695941987706
692.1847338962418
1314.301597241587
1.1669046909497453e22
680.0605349617924
1002.5727880734942
9757.528789051576
685.7521954992633
1650.0431449211846
692.1847338962418
1.8429360767306036e42
2220.9766679906134
685.7521954992633
10265.218596439088
685.7521954992633
684.0001621187957
10000.206074413838
9381.657444446453
682.9063652305277
3.2400280143244626e21
3.4538705086207173e22
685.7521954992633
9.190357790961558e11
1.560384775901181e12
1.212668156748201e12
8999.686334830953
8516.514743425892
8780.65467621682
685.7521954992633
7354.738436869437
7506.66390445316
800.688496416876
1.6906699370577507e7
1.6043965829910971e7
660.4337545167181
835.6828589601369
1.3815818614052778e12
847.711200886658
8890.703081414382
8894.492989041617
805.9144942068738
1.3781057421827095e12
835.6828589601369
659.0931770584101
674.3728394847476
7504.842414859994
661.774331975026
679.3490773946078
1.781229890090967e7
656.4120221417951
651.0497123085642
640.3250926421015
628.7004293953546
692.0525776873515
8980.8898383341
10397.000000000002
661.774331975026
1.3184438408218627e187
2.8246597424845734e125
692.0525776873515
692.0525776873515
9325.668366121523
10396.99652062403
4905.5783317561945
7.743665948807587e89
1.7759050957151963e70
2529.423249836414
692.0525776873515
644.5131515404034
2.117140418488239e44
10379.01533797627
631.98155946846
9846.88107029929
1.2040687819697397e40
692.0525776873515
1.5790574856675938e22
1005.9839982617694
1.5868804205867755e22
9817.170147482944
1215.7658842805936
9820.028567778256
692.0525776873515
632.653609931617
661.2719010255764
8863.226251116936
627.597328473753
886.9174599518462
1.4067837257689e12
630.5201491368916
4.632881223715042e21
1017.5864537081417
1.5849246868569802e22
10037.496793813742
1209.6870952070203
9820.743172852084
630.5201491368916
628.7004293953546
881.691462161848
1.4050456661576157e12
629.0587388053222
673.3002429520974
8865.121204930554
630.5201491368916
1.724807139532222e7
1.8126592958615668e7
1.9060230315562803e7
7597.150361399414
7450.197727065009
7301.089721961468
630.5201491368916
680.0995630940133
627.9626810566456
111775.49851139185
620.8377046971675
627.231975890861
5745.40039641811
632.4276929147749
1.7675371147082984e7
634.1920272698582
1.860337672887755e7
7662.118109650653
682.1103891252118
7526.627523438461
632.4276929147749
5912.863588539275
622.153665671791
112433.04303329362
111813.28075022144
627.9626810566456
5829.565142568893
632.4276929147749
620.5024491091239
13409.82113203796
620.6965946781158
621.1729602852114
4118.134259560539
621.1229582416543
619.8319379330356
618.4909155808595
615.8088708765083
610.4447814678055
602.0077692683444
632.7785661837986
4.0992059775805e83
10396.997160955898
4897.8105513540295
10393.633741992115
8.331780385613123e70
2670.7048413751977
632.7785661837986
10299.4125618088
1614.1533024396422
4.620949032790974e42
4.666460266206761e42
2009.7245637369565
10298.451433554312
632.7785661837986
985.7462787235952
5.543680136115667e21
1.83559317892767e22
1156.1446847064085
10056.841495474602
9847.184086789393
632.7785661837986
605.5710483265644
668.2348255616218
8905.878932455866
603.4864298769003
849.7121103208909
1.5110167854430215e12
632.7785661837986
1.878459028647101e7
1.9697631088652276e7
602.8750924671314
7498.648552239268
7347.405984890565
710.7974499595259
632.7785661837986
656.8668407162221
654.8902504480909
113629.58901093352
600.243174411692
598.9020638639407
5785.071583242289
611.7163995067145
654.8902504480909
615.2331671294625
1.92399975432522e7
611.7163995067145
658.8434309843533
7567.259616757411
611.7163995067145
5783.659089295414
5948.299852623503
113629.58901093352
114970.91270929575
113705.560184117
5945.574848476949
611.7163995067145
4121.641064006246
4166.645524263865
599.2388406040056
13494.88206224514
13532.53149078109
598.7019056605257
607.2669064988725
598.0313917506362
5826.005314658905
114015.5254918333
599.4269291773909
115349.45137418369
5985.737870988928
596.6903639308572
594.0083082912993
588.6441970121829
577.9159744539502
584.5628976557972
584.5628976557972
4533.964938028458
9.86189676135187e83
599.4269291773909
2596.767321899217
10394.507930217484
584.5628976557972
1674.059958090373
1588.9994946829079
7.201893986728286e42
1917.1717459903095
1860.4438006924706
10312.9440983066
584.5628976557972
1086.6351148117851
583.2800857330668
2.274581008983807e22
1037.2461400371546
572.5518631748342
9888.987881298466
577.2710445404781
1610.2646105347737
577.2710445404781
7.219365851351642e42
1902.98975966585
583.2800857330668
10312.740177874295
577.2710445404781
572.0488055753428
7.120979543115247e21
6.218604063909234e22
577.9159744539502
10081.572319575353
9581.735674268251
584.5628976557972
1588.9994946829079
584.5628976557972
7.236837715975001e42
1917.1717459903095
577.9159744539502
10312.536257441992
584.5628976557972
9581.735674268251
1014.539286444117
2.280099164560251e22
6.24870382906535e22
1121.5044077030725
9885.29055432531
584.5628976557972
810.0407858924126
1.3053240240399673e12
2.1256631954272937e12
668.4203321584873
9156.273648542141
8738.128506363844
584.5628976557972
7559.708829990644
2.070069646912045e7
7698.952608343534
1.9742923374256324e7
7416.772642999939
1.8830492949583508e7
584.5628976557972
567.8603007849797
572.7015854459848
116466.69626234984
621.9371801098608
571.3960257047006
5841.633567831903
587.7108863533733
7762.205086996833
566.5196788981374
2.0214312004578605e7
1.9285709102391917e7
569.200922671822
7628.751924479537
563.8384351244522
558.4759475770833
552.8291357921745
576.2302341481285
576.2302341481285
1.771303820144115e84
2541.1350357113074
569.200922671822
10394.962152054368
4443.8554165038195
576.2302341481285
563.0879306902195
1854.0248022542692
9.656265133266417e42
558.4759475770833
1578.5200030957294
10320.65630934337
576.2302341481285
9617.174676419243
9912.813153723397
1057.797049418427
7.0485223476962106e22
2.64129326674237e22
964.5905384014994
576.2302341481285
9190.77388674912
1.8043451427948345e12
2.265834830914117e12
1.4071328462224668e12
9004.776100534542
8781.709298209154
576.2302341481285
648.9176084722601
562.416722653022
2.040974365655814e7
558.9182946834841
652.7719553811746
7605.374243731493
576.2302341481285
117615.2704464622
118886.36931330885
118963.72437931215
5961.000465528791
5799.016315469299
5801.765815621725
576.2302341481285
553.1497231327382
4171.901227426105
4084.9358787470874
552.508548451611
13857.366274008673
13788.006999970981
551.8673737704828
550.5850244082269
552.7783045580027
553.1497231327382
665.8116704028462
9192.036536699703
552.7783045580027
769.1290507711046
1.4056598916807332e12
552.7783045580027
7606.626619485853
7608.296453824997
645.5450549269605
2.037615384137416e7
2.0388368319622878e7
561.9794191568297
552.7783045580027
5887.832743218726
553.4672275659942
118100.97607793561
118177.94180391468
594.5140778759287
5885.131912107824
552.7783045580027
4489.314281598142
2712.712817639218
4112.987771012515
2668.9293317892498
4526.380753165183
13785.289116179367
552.7783045580027
560.2482121607761
555.2068106251029
4488.0500889006435
550.4309096694741
550.0505941001356
2667.772295049497
549.9812534532518
550.6624261665758
575.7707436437074
550.6514485799398
118413.12890692857
556.6340730815075
549.3110583265639
5915.405858205117
547.9706680731881
545.2898875664363
546.375128520128
550.6514485799398
1004.9390640460089
2.771779059540509e22
546.375128520128
1044.6352962847202
9921.772365970475
546.375128520128
9021.86563110531
675.4925527875049
1.8429158428168716e12
1.8473249353927656e12
753.2616654656929
9018.575684509986
546.375128520128
1.965085079769966e7
562.605199901502
2.0627378846924447e7
7757.467488372858
636.7608165685766
7629.071906504095
546.375128520128
5904.674219416451
550.4983334701949
545.9600826931243
118644.4657480192
582.3641019812061
544.6196924397484
543.2793021863724
545.738217561731
545.738217561731
1.4444447220733193e12
2.321187750969324e12
545.9600826931243
9204.342297548868
8802.271650228233
545.738217561731
2.0621218033712573e7
558.2380013661508
2.0645861286560085e7
7623.280995528736
637.7184011147914
7626.590087514656
545.738217561731
118798.6903087463
547.8687307796318
543.8274846865407
5901.991309719283
585.1898269829915
543.9494973130601
545.738217561731
4148.089225162572
543.9051642272124
4485.448917542344
13836.420360603734
562.2754822083389
2675.605887402702
545.738217561731
543.349801467743
2654.2154332594846
4505.692954129505
543.4468509680444
4467.84440479329
2699.1727040159394
545.738217561731
1015.6422631758187
862.0153864624039
2088.6115997262664
1177.4252817796946
988.6251063120158
1654.212579871202
545.738217561731
979.4354990861934
860.7523401099147
988.6165718392864
1130.6628084598426
987.7284390418387
861.8435100733893
545.738217561731
543.6252957479786
695.4755393624766
579.9206005752385
547.8734414878118
794.1954463634108
637.557568893238
545.738217561731
548.3926888676342
565.4773538812833
630.9386502379963
557.3305302126545
552.3212881974639
575.4591763282043
545.738217561731
543.2860769436919
574.0055396879558
546.3039411662193
543.3363809773579
556.2580752283809
543.5378634670956
545.738217561731
545.3789310998776
546.1259536063988
554.0124474727922
543.4464364365718
543.5058179762274
547.07382128842
545.738217561731
544.5783313787203
543.2829689766214
547.9309906753333
543.3887674796208
543.2831026161256
543.6477401938371
545.738217561731
543.3219555572134
543.4672768044825
543.3038755748311
543.7254636285573
545.5700752410917
543.4715125576598
545.738217561731
543.328495747409
543.3742427750007
543.3649380071492
543.8019536498601
544.3795161622495
543.2922486771829
545.738217561731
543.7931409491986
543.4162101241277
543.7806976353332
543.3270567764439
543.29777521349
543.3269369422712
545.738217561731
543.3032730654515
543.2758610268411
543.438613052103
543.4893384774886
543.28274081044
543.2992049220426
543.3091137541057
543.2759650716944
543.2763546976709
543.8238484898206
543.2757569877092
543.2753673518056
543.3234909242645
543.2743799891117
543.2758487621363
543.9503574387942
543.2872421555527
543.4619270921056
543.331171709015
543.4328360670584
545.619846374512
543.2758487621363
544.4420873155539
543.7645594990441
543.3278870683097
543.3695771725788
543.3165659592398
543.9265504319077
543.2758487621363
543.8419731741861
543.2803770129374
543.3901672396811
543.3219384034518
543.3302611350914
543.2857827715277
543.2758487621363
543.2741390825233
543.2748277637081
543.5467024293356
543.2746208808348
543.2739321361922
543.2982587198939
543.2730361953744
543.2801368839968
543.3142753356116
543.2830950857117
544.4514015280529
543.7661192732185
543.3973856971785
543.3678154519622
543.2801368839968
543.2748177813222
543.2784327478416
543.8572098937731
543.2811401939813
543.3220785293614
543.3207077585577
543.2801368839968
543.322742594025
543.296831090027
543.4207752412356
543.2780239859811
543.5575842735439
543.2855449545104
543.2801368839968
543.276077143384
543.2765478540871
543.411013386546
543.3015028106513
543.2742968313453
543.2849796006484
543.2801368839968
543.2726301469589
543.2861391717715
543.2790279612932
543.2734422142194
543.2749805883112
543.3373594082498
543.277172729312
543.277695867711
543.2846156288491
543.2732681505918
543.3303279039196
543.4164889126927
543.2738208321784
543.277172729312
543.2728292797686
543.2761490117322
543.3424636219028
543.2724310040885
543.3104431884886
543.2786316618419
543.2753655617574
543.3151976284493
543.417519459037
543.2773328704852
543.2760763417346
543.2843478400598
543.3325816866083
543.2753655617574
543.2890445968069
543.2883043859707
543.3441033972307
543.2738959960693
543.2738754489945
543.2784098108839
543.2753655617574
543.2761515124423
543.2725805854977
543.2754207037341
543.2729238294222
543.2723779070441
543.3072472341453
543.276817822796
543.3037522065719
543.278263056333
543.2724828458993
543.2748521782676
543.3468157221711
543.2742405884431
543.276817822796
543.2740895022948
543.3089566658869
543.2743919470547
543.2950256777176
543.2752609391989
543.2988370175359
543.276817822796
543.2723217605567
543.2748276932364
543.2909063079669
543.2730283306217
543.2724666543978
543.273776722401
543.2724024418904
543.2752988286456
543.2748106322966
543.2732306610616
543.3085610153317
543.30290354515
543.2826035001789
543.2724024418904
543.2751581627648
543.2903709410798
543.2900399261207
543.2725964145242
543.2738072450713
543.2738117953941
543.2724024418904
543.2730698871954
543.2784906697439
543.2726510567376
543.2810665090454
543.2728754510092
543.2758499942166
543.2724024418904
543.272350699393
543.2726942385868
543.2761637245214
543.2722928215333
543.2763015054306
543.2726756732274
543.2728224018574
543.2758509899609
543.272760235381
543.281468611961
543.2726045349552
543.2778926581481
543.273045021859
543.2728224018574
543.2726664124862
543.2724054462232
543.2737122495666
543.2767045724693
543.2735289770972
543.2724211930703
543.2728224018574
543.2733215457981
543.2744008719757
543.2723158937699
543.2723917458975
543.2724793022
543.2724049097143
543.2728224018574
543.2726566210733
543.2723371471069
543.2732492013544
543.2723371727436
543.2723130503492
543.2723863786151
543.2728224018574
543.2723393079174
543.2723399289648
543.2722870372808
543.2726657534264
543.272679589806
543.2722986057795
543.2723283664127
543.2723425046357
543.2733244075217
543.2723010832242
543.272867850872
543.2723805048643
543.2723546748657
543.2723283664127
543.2727597772162
543.2724872367256
543.2726751732132
543.272334009896
543.2723128124157
543.2723280828254
543.2723283664127
543.2722946395352
543.2722966617722
543.2724631633492
543.2722972315173
543.2722918052184
543.2723105206734
543.2723283664127
543.2723157980016
543.2722894163755
543.2722927022976
543.2722987406748
543.272284658185
543.2722813722578
543.2723822861391
543.2723290965904
543.2723046408435
543.2724490586191
543.2722886366081
543.2725291453157
543.2722979050609
543.2723822861391
543.2723850880081
543.2722924901246
543.2722806335983
543.2722930383554
543.2723811515083
543.272282110917
543.2722791562792
543.2723098147305
543.2723203000668
543.2723145055305
543.2728495647258
543.2727810243149
543.2722831784646
543.2723257584432
543.2723098147305
543.2722791563976
543.272292475172
543.2725604855854
543.272279156161
543.2722806838793
543.2723025316136
543.2722791559244
543.2722791554525
543.2722886599904
543.2727301823097
543.2724650892703
543.2743376788316
543.2723168909463
543.2745717062836
543.2724434599407
543.2722886599904
543.2723296819195
543.2722912814522
543.2734410632854
543.2728954283089
543.2724390026397
543.2723726030384
543.2722886599904
543.2728621488768
543.2724937838838
543.272279650192
543.2723260346726
543.2722968719984
543.2722891534914
543.2722886599904
543.2724034507224
543.2725055471781
543.2725657834338
543.2722890127885
543.2722972234362
543.2723024708766
543.2722886599904
543.2723010938475
543.2724229837191
543.2722848261865
543.2722809535368
543.2722908096556
543.272350942442
543.2722886599904
543.2723278706711
543.2722827703874
543.2723525150292
543.2722831460603
543.2723244036636
543.2722850450097
543.2722886599904
543.2722899101697
543.2722803393051
543.2722820681236
543.2722800364653
543.2722941638351
543.2723151277974
543.2722886599904
543.2722795177797
543.272279385524
543.2722972807774
543.2722834056482
543.2722820146486
543.2722806169332
543.2722886599904
543.2722792261557
543.2722876497724
543.2722798905897
543.272280028916
543.2722798505887
543.2722883182803
543.2722886599904
543.2722795194298
543.2722793711615
543.2722822033222
543.2722835939545
543.272281826455
543.2722794010778
