1.5562591941792702e7
2.2285757564404076e6
2.2131157955374043e6
8.85692808592102e10
2.1934230767714134e6
2.2088929378855824e6
2.1582372682331335e6
2.0877825388795692e6
1.9466662910673616e6
1.6648165376683234e6
1.1167772588935986e6
339406.622950623
2.8573523117622968e7
2.589968952129847e7
405463.4229374838
Inf
1.9668228702947472e6
307357.1158657592
2.000558174e7
345279.9804020228
Inf
3.412794614544573e6
Inf
2.000558174e7
489829.210401566
2.000558174e7
345279.9804020228
2.000558174e7
Inf
Inf
Inf
2.000558174e7
1.6852229774453048e7
345279.9804020228
304085.09716157627
839008.5230744962
2.000558174e7
319130.95779544156
2.0157343352820221e6
Inf
323046.5294297079
Inf
Inf
1.3932032189735977e6
2.000558174e7
1.6893759343523815e7
2.7218055312558096e7
323046.5294297079
Inf
839008.5230744962
Inf
2.000558174e7
2.456138410730209e6
2.000558174e7
323046.5294297079
305637.2715190469
661782.786948766
2.941406816435304e195
304658.3786104802
429538.1229839122
2.000558173971894e7
323046.5294297079
304595.50236451474
393623.0021285272
7.169580992887845e99
304106.05591023155
329453.43710275216
2.000550882733624e7
323046.5294297079
304273.8792690961
1.1541770790601009e52
305332.8263036216
304029.15604195464
1.9968333182028923e7
331210.725318577
304315.7967664065
389308.5608704361
304315.7967664065
7.143321128267367e99
332723.7026534211
304273.8792690961
2.0005508960986294e7
304315.7967664065
1.1541770790601009e52
307039.17178913415
1.9968333182028923e7
1.9968469615191054e7
329161.19782945665
1.1457300776704272e52
304315.7967664065
304040.5214782782
1.914526015011663e7
312685.18692278233
304051.0008526056
1.726577210525836e28
302386.8901631372
317343.24183696276
313706.6933354809
311800.0030221148
1.7468250585977283e52
319977.8591481794
314831.96435967984
1.9974789189601745e7
317343.24183696276
301944.7451005839
1.9226271632175356e7
304029.15604195464
302861.41618336266
2.098023784347859e28
307039.17178913415
301157.5978484929
299971.8748363759
299154.71478039795
303737.5385414701
Inf
743352.7005673585
2.000558174e7
2.000558174e7
2.0817196336204768e6
Inf
303737.5385414701
300409.93601542956
631296.1961263869
1.7461853847285025e196
299971.8748363759
423460.42017608864
2.0005581739861604e7
303737.5385414701
299523.27773653774
325634.239224921
2.000553056165081e7
299304.2471470107
381457.75494926894
1.742787369158783e100
303737.5385414701
303224.6377661828
299928.84048668493
1.795274067351669e52
325713.2715017009
321761.74350787274
1.9974365404548805e7
303737.5385414701
299198.28408292506
297321.6084409836
1.9215732005218416e7
299143.52643554314
307686.71351914085
2.156213453767596e28
311132.7726383951
1.9979649337870374e7
311132.7726383951
298206.61318164447
2.69632435693055e52
307686.71351914085
296562.96381491475
295424.7549065554
294664.6584649472
299209.75108217204
2.000558174e7
2.000558174e7
2.0005581739976004e7
Inf
Inf
Inf
299209.75108217204
295926.32385681936
608560.0764326772
9.898333681621812e196
295424.7549065554
414583.7847214241
2.0005581739930995e7
299209.75108217204
294791.98645656614
320348.1758379091
4.1443737325099904e100
295042.77093169815
372579.92369738885
2.0005545575113986e7
299209.75108217204
1.997932072056135e7
297094.2688073784
294665.14240346034
2.765136958178449e52
317842.1139670264
294790.5346410264
299209.75108217204
294711.8015386627
1.928008490158669e7
302711.3521639278
294649.10541987966
2.6727806841460126e28
293001.604662594
306378.8150665158
292278.75477734575
1.9990254411875363e7
1.9973969879610598e7
293847.79438177537
1.841091061961322e52
8.801824752842458e52
291203.07450864994
290531.79197845986
295109.53894688515
Inf
635770.6046226969
Inf
2.000558173999561e7
1.6744675289371335e6
2.000558174e7
295109.53894688515
2.00055817399652e7
405854.20468787366
291203.07450864994
5.3613319391726756e197
588294.6782442322
291833.94679120474
295109.53894688515
9.703909076087459e100
315210.6740603518
2.000555594701061e7
2.0005556128635876e7
364689.6483845858
9.567727048047225e100
295109.53894688515
291434.23251342523
1.9983387020976916e7
1.887485358420422e52
310811.32788950263
4.1972215163506765e52
1.9990062565441985e7
295109.53894688515
288958.0016588062
290586.63897536125
3.295511324115579e28
298199.35410394525
290507.7799400417
1.9338283132734507e7
301800.1250752263
6.21692218132304e52
1.9992536963313803e7
299209.75108217204
1.99870986126671e7
2.8348166097927917e52
304104.69221351424
301800.1250752263
288602.6906130835
4.70042629777377e28
1.9451787676253438e7
289343.42615699064
1.9338283132734507e7
3.289691932326802e28
287982.4088790221
287103.2068404371
286790.24848141643
291946.1146359737
681475.5722196286
291946.1146359737
Inf
1.773853527920928e6
289343.42615699064
2.000558174e7
291946.1146359737
2.825077696410397e198
394695.99697017646
2.000558173999989e7
2.000558173998236e7
574466.1043027089
1.6607405653385866e192
291946.1146359737
352166.75302408583
314580.46834475396
2.1967228078519357e101
303500.27306209
367534.3901229927
2.000556335462435e7
291946.1146359737
1.3417327903257203e53
1.9992341140013207e7
310815.45707151166
1.9978686973243445e7
2.900295507410758e52
289624.81817016326
291946.1146359737
286886.6392226152
1.9445032445854556e7
1.932957784121688e7
286723.97119267884
3.383419317705835e28
4.825810495920023e28
286681.7569725883
286958.6899619443
307448.92136375315
2.000550501831012e7
7.883022622317461e99
346951.85818707664
4.359469071327792e102
2.0005576924738813e7
286958.6899619443
1.99868370445224e7
1.9992398734910678e7
1.997875738866022e7
6.30494080522352e52
2.8952321267742965e52
1.3347360849483302e53
286958.6899619443
4.035779370045491e28
4.800601626164535e28
285529.20720832306
1.9392568066810712e7
1.933131861444716e7
292831.0316609597
296327.17595377064
1.9983171862180326e7
300743.9141823675
9.199832822483332e52
1.906195592483043e53
294592.1675727333
1.998985701765114e7
296327.17595377064
4.817400204327847e28
5.70581170607611e28
1.9494476216993947e7
1.9446479816068288e7
1.939151051016058e7
4.028733644165796e28
296327.17595377064
285418.7385158088
1.6491714513869822e7
4.497619369598438e16
286952.3872759234
4.672190050081846e16
1.6575247419711621e7
289406.8096774609
285253.8964812361
4.407880672146595e28
286952.3872759234
285613.3451706996
1.9419492518710516e7
289406.8096774609
285013.5062730455
284889.9013004839
286071.3931306369
2.000558173998728e7
395611.8006564096
285613.3451706996
6.226300676659661e198
557788.9688275397
286071.3931306369
286071.3931306369
6.351468252944615e102
2.000557759832057e7
360214.96904152806
2.0005517667387437e7
1.2267758786675254e100
315035.5081154154
286071.3931306369
3.583358609724035e52
1.6093532717906295e53
286274.35495273845
1.9993397957132116e7
1.9980848027943894e7
303180.7964717636
286071.3931306369
284933.41160813917
3.7426757466469996e28
5.305261864353792e28
284876.15561314696
1.94683454521142e7
1.9358082291122876e7
284937.95809942775
305766.54794647323
302381.29563196586
7.73892681152127e52
289996.51229617593
286961.9002163359
1.998835217368672e7
284937.95809942775
291321.50670597935
284892.1745461281
4.4541939357199845e28
284086.66244460247
284889.9013004839
1.941646272579404e7
297404.0802362413
1.9985031189021844e7
299674.6159885211
1.118109383784303e53
2.3046636408435093e53
292203.50021585106
1.9991094745183818e7
297404.0802362413
1.946880647664685e7
288422.32005116576
5.2868583431158505e28
5.305261864353792e28
284876.15561314696
1.9467884437480796e7
297404.0802362413
1.6639915662372554e7
4.897984315269466e16
5.0702360361038136e16
4.713062996272576e16
1.6559952146767069e7
1.6471808995254084e7
297404.0802362413
283989.98346213286
7.056377165878972e10
1.1027812538497387e7
284185.15952457883
1.0908775936185183e7
6.97176604446376e10
283802.07978971425
283448.0896149593
282827.3779457774
281935.0293287272
281546.6309798795
286355.0298231963
286355.0298231963
1.635769182933058e6
Inf
284185.15952457883
659379.7405336527
2.000558174e7
286355.0298231963
545692.2033651092
281935.0293287272
3.04352714280595e199
385330.3940506602
283019.96447803586
2.00055817399934e7
286355.0298231963
298221.0919044168
355671.77036896313
7.246339570399312e101
341177.7268685259
308874.5016007141
2.000557052841273e7
286355.0298231963
281740.42699376197
1.9995165967770368e7
1.998471390503231e7
281469.1932064347
5.433376576254557e52
2.3599548830248436e53
281663.3923808588
300724.49148174684
351856.37433645
7.221520090266995e101
337874.02458908997
311804.4421026952
2.0005570547629632e7
281663.3923808588
281546.6309798795
2.3518717877236434e53
284806.9134914819
281508.1136734277
1.9984749655099522e7
299846.6285581408
281663.3923808588
281493.36731310235
287674.2138138027
5.423335989655214e28
281474.10865987657
280679.60306417756
1.9462007368636955e7
293400.22889682546
280001.36854933656
293400.22889682546
1.9993263161656123e7
281471.6099891987
287674.2138138027
1.6508979345619167e53
278986.216750195
278321.18207407504
282452.1884104854
2.000558174e7
649659.0607322941
Inf
Inf
1.5431901615688077e6
2.000558174e7
282452.1884104854
2.000558173999657e7
381953.6805161975
1.4061853773721893e200
1.4448799434269943e200
524413.4945966214
2.0005581739996526e7
282452.1884104854
2.000557949467964e7
296197.2895492744
2.631026104275691e103
6.956608921635399e100
332913.11724300677
2.000554970982256e7
282452.1884104854
278439.3544304956
1.9987936988366902e7
8.116556081572553e52
278316.78212783486
3.403593345289606e53
1.9996675384810098e7
278649.29946589476
298689.76462368603
2.000557361732985e7
6.933024140585159e100
329800.5198412717
1.5490980727103806e102
2.0005579498488996e7
278649.29946589476
278321.18207407504
3.3920542456022487e53
1.9996690491880756e7
278426.15459177457
1.9987966911356654e7
8.08903876671092e52
278649.29946589476
1.9547354022886336e7
277734.6811221951
6.543272482031755e28
5.545063274676929e28
283335.0341857978
1.950368878175308e7
288275.40479207225
290298.9458291694
277063.99831536564
2.404659770615488e53
284052.4422816502
278516.6580469689
1.9995067801779766e7
276056.5150555396
275377.07795122045
279360.32140391215
2.000558174e7
Inf
Inf
Inf
2.0005581739999995e7
2.0005581739999995e7
279360.32140391215
276478.34673401114
6.449808397935308e200
376121.55068369344
276056.5150555396
2.0005581739998173e7
508846.1850869017
279360.32140391215
3.347836349678337e102
2.00055800723876e7
2.000555894475397e7
2.000557585889759e7
1.595517279371192e101
5.248858092735658e103
279360.32140391215
1.999792735108185e7
4.894186422291798e53
279757.22807402996
1.1988177643258476e53
1.9990633199756656e7
293980.60370422795
279360.32140391215
274292.9195549812
275417.35419586784
7.928045417237218e28
280736.8023653014
275364.6252360587
1.9541184516062863e7
283435.74895627296
1.9999074520610284e7
6.822303061721665e53
287271.82251518423
1.731218767363079e53
1.9992988287307817e7
282452.1884104854
283435.74895627296
275485.45397000137
7.928045417237218e28
1.0921288183502885e29
278373.49842391006
1.961491424003708e7
1.9540798980455387e7
283435.74895627296
6.492661091265308e16
275464.1512186878
274145.72603640094
1.6917169670957882e7
274259.3359165883
274446.92038703366
273871.760939656
273405.51850783045
272799.78469083604
272895.3212434746
272895.3212434746
1.075654586324864e206
2.000558173999999e7
274446.92038703366
2.000558173978463e7
8.624379511688578e195
272895.3212434746
327015.3510484688
315297.18362565036
6.894609690227206e102
306203.22332000546
295280.1238887077
2.000557743979632e7
272895.3212434746
285553.9202766028
273048.1930915572
3.528876122597997e53
278843.29328802915
272660.2933056674
1.9996512984491814e7
272708.0615819865
272708.0615819865
2.000557743263138e7
323907.2214708546
273048.1930915572
6.917604233663821e102
297860.4347330014
272708.0615819865
1.9992845565517977e7
1.9999022704324197e7
285553.9202766028
6.885255139343835e53
1.758903927366563e53
275999.4313294954
272708.0615819865
272631.3914939152
9.479023023414539e28
272858.40202204627
272716.42437130766
1.957657308916756e7
277187.67705313815
272655.27563207474
275353.74291883415
289120.30796033534
3.546537456179262e53
286210.3116082593
278093.1615510123
1.9996490324082855e7
272655.27563207474
1.1114403148030702e29
272141.1425666943
9.510584336915866e28
1.953675127258884e7
277187.67705313815
1.957657308916756e7
281939.2841474776
277880.3471911274
272858.40202204627
4.980654747114839e53
283827.01483854186
271530.51834250503
1.999786004241046e7
270629.17558761523
270106.1128517903
274178.47847595735
274178.47847595735
607083.2851191037
2.000558174e7
272858.40202204627
1.345460584026144e6
Inf
274178.47847595735
363446.30684103473
271289.2138145708
1.1932270533247871e202
483884.9241700127
270629.17558761523
2.000558173999947e7
274178.47847595735
270484.3928708548
290803.55050906725
2.0005578565483283e7
270154.3737573769
323615.1588918447
1.4286250898165179e103
274178.47847595735
5.097123663891441e53
272761.9614130346
270241.9352457411
1.9997770297853306e7
285845.2734594944
270076.92568900203
270338.4570569147
270241.9352457411
293257.3128304332
2.0005578570694473e7
270338.4570569147
320541.4964271281
1.4239385649898112e103
270338.4570569147
285845.2734594944
5.063709475773047e53
274035.6745578297
275411.723960336
1.9997770297853306e7
284373.5444958945
270338.4570569147
1.9607617860056087e7
269974.48528642807
270102.3203192942
1.1355842721798583e29
274733.53004494926
270078.18986650096
281904.75501238095
269335.87925482815
281904.75501238095
1.9998946343716267e7
270717.5346443839
274733.53004494926
7.0700323182091685e53
268371.99717069475
267697.5529186948
271361.9440797626
2.000558174e7
2.000558174e7
2.000558174e7
Inf
Inf
Inf
271361.9440797626
268694.2018883842
4.881447851183547e202
359941.35636205896
268371.99717069475
2.000558173999971e7
469084.2141955649
271361.9440797626
3.829200343021933e104
288807.2386554338
2.904270681872632e103
2.0005573249320246e7
317618.4098333933
2.000557940420753e7
271361.9440797626
1.371661130451652e54
1.9998859074792545e7
3.719536533566317e53
1.999628638151062e7
7.2102208351522315e53
2.000069397832556e7
271361.9440797626
266977.27225358714
1.3575537833037804e29
267268.743956208
272172.74700416037
1.9636266043653373e7
272520.57568293833
275535.5015838444
1.9997686963967577e7
1.999986122933959e7
5.189579269575833e53
1.8731306105897868e54
1.0043910727542115e54
2.0001374917117964e7
275535.5015838444
267268.743956208
270263.70437364274
1.5783567636827356e29
266711.38461539435
267730.7461293448
1.9665453842394866e7
266256.36153229186
265653.32413922175
265675.2844456207
4.010168383132801e207
2.0005581739999995e7
468645.31765457377
2.000558173997319e7
1.4320935702604637e198
383710.7049550158
265675.2844456207
266256.36153229186
291681.9980342587
5.704644113074576e103
265459.63177699817
306683.73958243424
2.0005580007325538e7
266300.28214508964
266300.28214508964
1.937632471604221e203
356385.85857657355
266256.36153229186
2.0005581739999842e7
455637.84680545825
266300.28214508964
282314.14008477755
265675.2844456207
5.7415569387305815e103
306683.73958243424
265653.32413922175
2.0005580001728803e7
266300.28214508964
265516.2899824537
1.9997616450939827e7
5.299916352463128e53
265505.30982925434
1.9067466134223693e54
2.0001344222121775e7
266300.28214508964
265013.39222798863
270165.70952107914
1.6066826290222012e29
269498.77397323435
265637.6708963795
1.966243897716228e7
273706.914900292
2.5958223149249622e54
2.000193196814391e7
270937.0883952792
1.999880998618348e7
7.363644795941946e53
277203.0341717276
273706.914900292
1.9661890864753947e7
1.9714364032680187e7
265459.63177699817
2.1514722648293435e29
1.61185985198624e29
267855.23898658593
273706.914900292
266257.7391962923
264872.99589563377
9.152977609512618e16
264738.2954203733
265160.05789424054
1.7326870884002306e7
267268.712164855
264619.6724238618
2.0055190740376134e29
1.9702069265908673e7
264882.24668196903
1.964750341580615e7
1.4930743988227935e29
264458.4112260916
264439.82801156165
265618.4183065448
334441.96439496474
482189.1708866003
3.8307470453532295e203
431140.4031807901
367727.82126452134
2.000558173999988e7
265618.4183065448
5.209883219494301e102
288179.1313714559
8.133046444890508e103
2.0005581275821853e7
318570.6928534471
2.0005580242636915e7
265618.4183065448
266961.8174706837
264582.5059948022
1.2102804663745408e54
278581.7975243904
264398.46308865835
2.0000203115722906e7
264619.6724238618
264582.5059948022
285808.19999333704
2.000558024023411e7
264619.6724238618
309665.00020884053
8.055425822514689e103
264619.6724238618
2.0000220320342187e7
268134.5682597005
1.202549202837829e54
1.2102804663745408e54
277202.27087309165
2.0000203115722906e7
264619.6724238618
1.9646360805194665e7
264372.5641041816
1.7442983527636712e29
2.024921792132038e29
268551.316647347
1.9674543212539304e7
275374.4032391106
265052.14071378193
275374.4032391106
1.650129870260446e54
263792.31206423993
268551.316647347
2.0000984113144074e7
262929.78169333196
262396.615787419
266097.86331920355
2.000558174e7
567161.9628000184
Inf
Inf
1.1602229344687473e6
2.000558174e7
266097.86331920355
1.4566742810629045e204
2.000558174e7
263452.64299604285
2.000558173999993e7
1.6189645430178186e199
262929.78169333196
266097.86331920355
281564.4810757044
262725.98025241395
1.5741687195940043e104
307722.859287243
262464.54960105853
2.0005580617887754e7
266097.86331920355
262511.63573508715
1.9999223670144327e7
8.958920203278585e53
262380.92040940956
3.097463426148777e54
2.0002149447702654e7
262647.50336236594
262511.63573508715
1.8425826073369685e105
2.0005581388680264e7
262647.50336236594
2.000557789179971e7
1.0801200187230208e103
262647.50336236594
2.0000939922374893e7
266380.77411776345
262464.54960105853
1.6820068141985894e54
274265.7443560661
262396.615787419
262647.50336236594
262376.35252720694
1.9721825053581666e7
1.9671650581318915e7
262410.31943402666
1.7808464145015047e29
2.377497950567829e29
262441.7101900457
8.97311990271495e53
1.6846769916731485e54
264669.919356421
2.000215760396824e7
2.000093623981502e7
273647.39525064285
262441.7101900457
1.7836734993512888e29
2.377497950567829e29
261970.91889530647
1.9721601357663922e7
1.9671124689688593e7
266166.34853113274
270217.050360652
261480.03682586428
2.293202052474543e54
271837.69254048925
262559.2107818307
2.0001591735761024e7
266815.59181605757
260790.50213822597
260580.35056793445
264835.7186472914
262559.2107818307
551173.3085259813
Inf
264835.7186472914
1.1280041232067458e6
2.000558174e7
264835.7186472914
339331.37901429704
261928.75607095627
5.407755556413354e204
438982.02671269514
260790.50213822597
2.000558173999996e7
264835.7186472914
2.0005580894000214e7
277488.35858732875
2.0005581471718237e7
3.0159305062246226e104
306118.7254666283
2.2245545044934326e103
264835.7186472914
274197.06049996434
260486.7737348842
2.34434944121401e54
262462.70642711816
260771.33721806685
2.0001547489061736e7
260591.84952002997
2.0005581471296526e7
275470.0152577494
3.006456480994529e104
2.203753799046169e103
298181.1242697347
2.000558089532173e7
260591.84952002997
2.0001547489061736e7
263520.63170824404
2.0001560130966235e7
2.329678338322409e54
272838.6257926813
2.34434944121401e54
260591.84952002997
260236.40940761394
260521.38592427407
2.4306100803589158e29
264576.60401830624
260476.51399976492
1.9718693519367006e7
270059.7890488251
259740.90258951284
264576.60401830624
3.156632976209312e54
260827.4811179811
270059.7890488251
2.00021168226722e7
259036.58363010705
258774.7244184838
262838.1208239907
Inf
Inf
Inf
2.000558174e7
2.000558174e7
2.000558174e7
262838.1208239907
260041.90348311182
2.0005581739999976e7
428927.14936552325
259036.58363010705
1.9497623138728066e205
335819.20431106095
262838.1208239907
2.0005581533023458e7
5.793707059343832e104
279785.2428522394
4.400492360026533e103
2.000558110630943e7
307699.0081804948
262838.1208239907
260826.84188388268
258948.17184624213
3.226371657261733e54
271639.1915404721
258696.84188299102
2.0002078760201212e7
258827.77148880262
304834.083029486
5.704392116618725e104
6.134088211185747e105
282029.89293891145
2.0005581103349056e7
2.000557964134235e7
258827.77148880262
258774.7244184838
5.7661633775794464e54
2.0002976004561506e7
258714.5242397641
2.0000844176029697e7
1.7521197025228644e54
258827.77148880262
2.8491016233594227e29
3.268607025949205e29
258320.54480833732
1.973815915713289e7
1.97160097048409e7
262206.89280305133
265985.27410633053
257872.2295008155
4.3254921216159886e54
267506.34138628916
258862.64626564438
2.0002563865283884e7
262836.223630053
257256.95733512784
257151.84680117498
261443.36092296094
Inf
530034.1831785281
261443.36092296094
2.000558174e7
1.0509788833646674e6
258862.64626564438
261443.36092296094
316281.71836125356
2.0005581739998545e7
1.596945781219255e201
400609.4117756758
6.201320510430489e209
2.000558174e7
261443.36092296094
299725.7838069273
257016.82976858073
1.0805918574110966e105
272661.15613290353
257662.0084329099
2.0005581258429233e7
257872.2295008155
257662.0084329099
2.0005581739999987e7
411390.6452138264
257872.2295008155
6.824466674875657e205
337988.41052607604
257872.2295008155
1.0739591499559364e105
276706.47790908266
257151.84680117498
2.0005581259909455e7
294577.40094427596
257256.95733512784
257872.2295008155
257037.44520998525
260805.1432585343
2.0002540424390864e7
257090.00047696158
267444.02502129273
4.392953259272112e54
257872.2295008155
1.9756029076764233e7
1.9774754796967935e7
1.973609289423696e7
3.319624580681262e29
2.8980373090046826e29
3.810061215793988e29
257872.2295008155
258269.1524973741
257026.32999413364
1.2301800507931693e17
256799.17372683474
257013.1911773895
1.760598137826426e7
259310.41026016875
258861.9622322067
256645.42873228854
3.554814720489174e29
258138.45707903357
256976.14885258273
1.976579258652326e7
256407.62913680158
256210.7915202498
256932.16258483418
2.000558173999999e7
335199.3572686634
256976.14885258273
1.2691487235288582e206
408606.165212155
256932.16258483418
256932.16258483418
256385.6360029274
293540.8001061701
1.4646715838309168e105
256407.62913680158
275193.08738129906
2.0005581321461845e7
256932.16258483418
2.000345486736615e7
259735.765700287
5.1148164155611106e54
2.8541633100863384e54
266670.0245345673
2.000273687605353e7
256932.16258483418
3.1363100818426387e29
4.099882085378403e29
4.1124792093336255e29
1.9782297012636956e7
1.9744800154716074e7
1.974519751377566e7
256932.16258483418
255940.71494037643
255799.11351922338
1.2789874487686912e17
257499.2982188067
257360.03454214986
1.7644352659530263e7
257071.63364599855
1.9773338888250552e7
1.9790521959537163e7
257360.03454214986
3.839463215194098e29
3.360723076752153e29
257071.63364599855
257071.63364599855
256095.49073631718
1.2809500704617978e17
1.3550436504820566e17
256210.7915202498
1.7739957335150313e7
1.7643490270630237e7
257071.63364599855
255767.30965563585
1.1505452118845724e11
255909.47876821976
255832.35597949132
1.2429097752905695e7
255898.65719055355
255708.01771850197
255606.6970043977
255473.10821684447
255482.14120435857
1.9970025005542931e105
276023.15444345784
2.0005581374255028e7
2.0005581376485016e7
289878.2388349777
1.9727248363126806e105
255482.14120435857
255431.58961683148
2.000202506504781e7
3.326048667962724e54
255606.6970043977
1.0458380848400119e55
2.0003590383033887e7
255624.76297942616
2.0030951160391429e105
1.949790085152074e106
2.000558161712623e7
2.000558137592752e7
2.0005580575442307e7
1.6851736303424212e104
255624.76297942616
2.000201962757163e7
2.0003590383033887e7
3.326048667962724e54
1.0490385759053204e55
3.346421076951548e54
2.0003584293997105e7
255624.76297942616
255445.3566371524
255539.32323980922
1.9772498235773817e7
255440.84014339538
258755.0737269015
3.879335178156846e29
255624.76297942616
255435.59593363135
1.367016971296543e17
255073.308457807
255433.33768675275
1.763357517311285e7
256647.32288444633
256797.82209366153
1.9781061743116237e7
4.725525279810341e29
257209.08843673355
4.1393122562048305e29
1.9763356051477537e7
256801.37712832438
256797.82209366153
1.772959365281789e7
255539.32323980922
255143.5738353243
1.367016971296543e17
255431.58961683148
255008.7452520106
254896.72535558065
254741.11162337076
254703.5884015537
255723.3589283284
255723.3589283284
328321.84540733905
2.000558173999999e7
255143.5738353243
405502.53863733885
4.317620447581628e206
255723.3589283284
255031.0041698729
2.0005581420731593e7
2.358969652538506e104
254741.11162337076
2.7036075516875455e105
2.000558163204699e7
255723.3589283284
254821.6789119463
1.2171659850383764e55
2.0003711731341172e7
254676.73263869516
2.0002256179962378e7
3.913149089943805e54
254896.72535558065
295112.2145210349
2.0005580735380586e7
2.351813653786658e104
277692.9649752946
2.6010730418479562e106
2.0005581632210854e7
254896.72535558065
1.2097869815080394e55
257285.87705583294
6.975936860386238e54
2.0002256179962378e7
263449.4129563556
2.0003106188759662e7
254896.72535558065
1.9780295059141356e7
254936.2887620197
254697.51778759135
4.1805198082793474e29
257782.0940993983
254678.7561766828
254896.72535558065
1.7721306118531037e7
254402.20402385067
1.3774713647221064e17
1.3795670222100413e17
255792.15037130035
1.7719648975575443e7
256248.00989046082
254268.91631009788
256248.00989046082
1.9788676156876687e7
254558.09519440474
255792.15037130035
4.464705922884727e29
254070.15125299466
253943.86262039983
254776.25128165525
7.778164437820033e206
328336.09954403096
7.968653307532105e206
2.0005581739999995e7
399181.38841674826
2.0005581739999995e7
254776.25128165525
254070.15125299466
271491.90240901406
3.6472067889582705e105
254179.22929662
289916.32669875043
2.000558146112273e7
254776.25128165525
253961.8000230952
257023.49051994077
8.094246359194896e54
254016.33904490795
264159.39116109896
2.00032616330706e7
254776.25128165525
1.978752773590526e7
253948.1664991043
253941.52959334708
4.512343769691177e29
257258.06355321014
253968.7991042533
254004.67390964442
263592.22817604674
254004.67390964442
8.082011051061057e54
257538.4830020594
253968.7991042533
2.0003263387179535e7
254004.67390964442
253943.86262039983
1.978769179235894e7
256979.59474371062
253961.8000230952
4.50552288557449e29
254210.10498264062
254004.67390964442
1.7757796530055087e7
253678.38603134674
1.4296781586613226e17
1.4318433602304558e17
255031.0041698729
1.7756171931813255e7
255506.47461074145
255169.8798291615
254914.9371974678
4.808850537288258e29
255918.3122504779
255116.64561869585
1.979573972531746e7
255506.47461074145
1.780219223068331e7
254210.10498264062
253752.40883157568
1.4711432839433197e17
253941.52959334708
253609.96367245007
253489.92027865333
253317.03878704624
253240.09698777826
254161.49812502757
254161.49812502757
2.0005581739999995e7
396996.86324371875
253752.40883157568
1.430916254233266e207
325622.559615519
254161.49812502757
4.947357637374727e105
4.529554671920607e106
266379.56334297295
2.000558149661641e7
2.0005580981540356e7
284551.5788998577
254161.49812502757
2.0003407083091214e7
1.6285123444012902e55
257039.65234865044
9.372142897342858e54
2.0002690584871385e7
264760.78955827013
254161.49812502757
256341.40123329184
253365.99073991846
4.8635854328589544e29
252894.45382349897
256938.47416823823
1.979455455884458e7
259649.59340710062
2.0003691153037522e7
2.1214759191897692e55
2.000415058447675e7
1.2366426130425082e55
2.0003075095385693e7
7.130320514834528e54
259649.59340710062
1.982328419387183e7
5.547213133997016e29
6.2744037888394306e29
4.8635854328589544e29
1.9809695794573706e7
1.9794238525273696e7
259649.59340710062
252790.3249992011
1.787601448059419e7
252691.36520402847
253004.08480971988
1.574223435006645e17
253856.46547707924
254681.8455088251
5.901300003660982e29
253526.91794776815
252618.1566755445
1.9786297351656742e7
254509.98655576515
252786.77725663592
252538.35019094875
252645.17951124336
252645.17951124336
2.000558166610604e7
2.0005581082256403e7
252786.77725663592
6.164839468141843e104
5.9495570677764325e106
252645.17951124336
2.000404395074869e7
1.872420821995444e55
257369.218773043
6.192901710237813e54
2.0002885360911634e7
262681.0291903817
252645.17951124336
5.2270002719764704e29
252933.27404896048
1.980153220750788e7
1.980183669875579e7
255333.04310881
5.211339985896998e29
252645.17951124336
1.7829011024243683e7
252352.21330655154
1.5375555984561542e17
1.5398640742675728e17
253521.58343377206
1.7827448981516242e7
254252.80990060404
5.572245722907489e29
1.9823011417339966e7
1.979376448346097e7
1.9809255606919494e7
4.892904026089043e29
6.302760583732196e29
254252.80990060404
252538.35019094875
1.7872182677189153e7
1.5387096199036826e17
252933.27404896048
1.582519125418299e17
1.7913469996699646e7
254252.80990060404
1.2579684817833641e11
252548.66607272706
1.2589141745015698e11
1.2702031641707266e7
252347.54157418408
1.2704381947391052e7
252928.4136633803
252308.7712983884
1.5599243783461165e17
252548.66607272706
252391.83826761614
1.7849967078506045e7
252928.4136633803
252247.809999707
252192.20441398237
252346.26128908677
266311.28679261886
2.000558153943606e7
7.225338805155822e104
281095.59762074944
7.589180255031316e105
2.0005581670527656e7
252346.26128908677
2.0002966504707165e7
2.0003620155380968e7
260390.70623214933
1.9993482064607195e55
1.1731472393522543e55
254680.93779704138
252346.26128908677
1.981930192970948e7
252203.09823507888
5.40940189561634e29
4.768466432374498e29
254848.86605117357
1.9804765243624765e7
252346.26128908677
1.5681261936830723e17
251941.89470676577
252192.11906164256
1.7844552512733422e7
253234.33659086737
252197.8161839587
253699.61619089846
1.97973039188234e7
1.9812339667995244e7
5.072752984396048e29
6.546476892362091e29
5.782292501411709e29
1.9825698511649005e7
253699.61619089846
251877.125528355
1.788726993517194e7
252192.20441398237
252012.14199650107
1.6113633925894634e17
252453.83615202433
251764.0215055067
251603.55079570378
251545.5587196728
252481.37194191013
252012.14199650107
321107.690874086
6.210944042301316e207
252481.37194191013
388935.90777274437
2.0005581739999995e7
252481.37194191013
2.000558167834696e7
9.038240685933242e106
271483.4406886862
9.850655353346684e104
2.000558120733055e7
290793.238972404
252481.37194191013
253296.16292580494
2.0003134412784968e7
7.79135024510114e54
260358.9272766915
2.3067298970185635e55
2.000418157999947e7
252481.37194191013
255114.7054333509
254527.30128317073
5.8386267237377696e29
251648.682357645
251200.6787406396
1.9811115239314962e7
257650.59872134283
1.778060692975846e55
258966.97933318216
250838.81768696246
2.0003976065683343e7
255114.7054333509
251648.682357645
250373.523269593
250476.64519479361
8.7473202834655e211
2.000558174e7
1.2180829623268001e204
2.0005581739999916e7
1.9256409643794047e208
2.000558174e7
250476.64519479361
1.8363802523208187e105
1.796130875751416e106
266617.33610220824
2.0005581692177493e7
2.00055816045912e7
274420.4793426667
250476.64519479361
2.00043529668454e7
254201.10071830233
1.7886514857157932e55
1.044326836922987e55
256557.14035993305
2.0003966516257625e7
250476.64519479361
250311.03876733084
7.567855084751322e29
1.9836527386351913e7
250457.5434126872
1.981010693758877e7
5.899599756742102e29
250250.67668530272
250388.38021123133
263958.7528677455
286022.17382881406
1.814846068181199e106
277307.09742912627
271451.2331254883
2.000558160469112e7
250388.38021123133
2.0003967709935598e7
253699.04911003186
1.7966152178686843e55
1.8072610442031136e55
258861.983942327
2.00039629352241e7
250388.38021123133
1.9836028807258397e7
7.612731577192369e29
250843.1599325079
5.917078796450173e29
1.9809818859892648e7
253193.85724766456
250388.38021123133
1.7983769068710066e7
249987.67743085703
1.7437250337262432e17
1.69901748305147e17
251145.5463520188
1.7943095649186876e7
251263.38605455644
249875.83986230075
8.084729391282673e29
1.9842029300432667e7
250120.86690580487
1.981666324760597e7
6.3164197631444056e29
249716.22044436395
249653.2044851918
250552.06407365465
1.4491984521432469e212
2.000558174e7
399291.5435588219
2.000558173999994e7
2.3178278046076685e204
330552.37011611887
250552.06407365465
249931.8190282888
2.4157607706513304e106
265202.59903740336
249716.22044436395
2.0005581620837633e7
282099.0995307798
250552.06407365465
2.0871815798927204e55
2.0004421291698482e7
2.000357753333792e7
2.000406598364106e7
1.2138080352255485e55
3.49149277101438e55
250552.06407365465
249636.93061539717
249582.48176204905
7.22801042987748e29
249690.8302613784
252702.12673147646
1.982898874456362e7
257545.70093159174
2.0003837971086383e7
2.0004257720590938e7
1.5885244313131787e55
4.49920187941072e55
2.7135801797012277e55
2.000456276292477e7
257545.70093159174
1.985239034124388e7
9.225486013714341e29
9.198423806724017e29
7.22801042987748e29
1.9829117923246816e7
1.982885956664022e7
257545.70093159174
1.958792794899093e17
1.80495644952213e7
1.8612732675682502e17
1.801213936740237e7
1.9075225497342707e17
1.8088078837166272e7
257545.70093159174
1.2995338207439017e7
250005.01512704653
249637.43043244435
1.3777357542609338e11
249332.79639204984
249528.84517934598
249364.85699269373
1.803062346689687e7
250005.01512704653
1.803201642039345e7
1.882926052269723e17
249364.85699269373
1.8856938483231533e17
249364.85699269373
1.3718457487183893e11
249582.48176204905
249294.1840622946
1.2958187435806628e7
249259.1652110009
249372.72634246267
249653.2044851918
1.8612732675682502e17
1.8050254569800694e7
1.797230868272473e7
1.801284232369679e7
1.8117338457195722e17
1.9075225497342707e17
249653.2044851918
249294.1840622946
249356.76319796065
1.3659553376701837e11
249374.2796107621
249372.72634246267
1.2920737187607056e7
249653.2044851918
249281.3317817231
2.6956651513338485e6
2.664082860004573e8
249289.78728433957
1.7097455330414746e7
6.825173658549205e6
249653.2044851918
1.737388406111905e6
3.1606490437972243e6
2.714859947311137e6
7.873715766706066e6
899202.8401953692
1.713850372586175e7
249653.2044851918
3.167420736047211e6
249258.63002872828
730750.7992793246
903636.4709895586
249262.50223257378
2.4395866226092656e6
249265.93944441437
1.733690431654732e6
341844.23194043466
1.711901513818228e7
7.857362840794612e6
990905.2780218244
2.714336481372929e6
249265.93944441437
3.166636538198229e6
3.161890948656281e6
249258.28016937178
907487.7559891328
904501.0881713869
249261.4298099013
249264.90723591088
342702.83900755894
3.1647927025132463e6
1.710052143715841e7
989087.9515182987
910265.0368293433
2.712492589082723e6
249264.90723591088
337794.61870808084
3.1631341347775934e6
1.838444212745023e6
211519.101283938
909371.4672565222
578386.4607105011
263232.11016184284
2.9655202775680586e6
1.1020606287767575e6
1.4206165178223455e7
1.4187455611591825e7
2.437940078168836e6
2.9760235030384897e6
263232.11016184284
449515.55443905096
1.3634439819739282e6
2.4308352011066517e6
697702.5364244585
735983.846988793
1.0962434683581486e6
263232.11016184284
218165.4565086078
286697.72631910304
696460.9010256293
249261.780257058
235964.2239511464
447813.9113990818
263232.11016184284
224477.0641114299
337592.01681728684
235376.10904553896
209602.8734073954
262670.07857193484
212324.79067817135
236011.627185056
209167.3553180895
216490.5487120224
581200.0892647628
212637.08941491717
226074.31306115806
511467.04062768194
216457.8628942083
310469.1722445968
2.2725580346797486e6
226287.38765656346
279447.4402932589
1.1469413646853056e6
235262.26927086848
216457.8628942083
581033.9663367709
479156.4733276712
337785.1268221914
447261.70232495444
636990.1588459013
298301.03460746794
216457.8628942083
235714.87189213483
209269.79695964765
310384.0411209096
249260.64648563328
209065.0666809714
279101.4504494173
208860.94879728422
208454.5532359798
207649.1441380528
206068.0244377201
203025.95500172846
197433.7123914177
188309.99962012557
179110.5573481258
204444.03790498618
2.0005580809639648e7
2.0005581446136046e7
200850.85615989717
2.4648871923975234e106
2.642690262106685e105
204840.70135635327
204444.03790498618
6.127383320358152e54
188354.59871514703
6.163493809897466e54
2.000318301814636e7
183715.38346973518
2.0003190054844186e7
204444.03790498618
178919.33857405366
4.0096937731252534e29
1.979938169182057e7
179322.87206787392
1.976550164460154e7
3.087803908388169e29
178600.1888629377
178215.04078882016
178457.35003303984
178457.35003303984
266733.0857890221
2.000558173999999e7
179322.87206787392
324286.6564293609
5.1606994123480766e206
178457.35003303984
201614.06709406927
178167.4278455208
2.6543152281824537e105
211944.1783425288
178600.1888629377
2.0005581443754777e7
179084.80735137736
2.000558173999952e7
2.000558173999999e7
314204.67181795125
3.482924160099042e210
5.2516036292569414e206
245475.68327204062
179084.80735137736
178215.04078882016
197586.58400066447
2.6698548691042544e105
178457.35003303984
216661.99685113807
2.0005581442888863e7
179084.80735137736
178270.19704792797
188991.1015005677
6.245130312179091e54
178149.04242581813
181728.32566846305
2.000316718558492e7
178365.4229345266
219157.6827393368
178365.4229345266
2.6620793791927673e105
203745.53546490317
178270.19704792797
2.000558144332182e7
178365.4229345266
188991.1015005677
3.500658648586539e54
1.0812862712509333e55
183853.21502604173
2.000376205128597e7
2.0002355133047927e7
178365.4229345266
181338.9333258271
1.9764098643618856e7
3.128762663287776e29
179089.17622393632
4.068812445176147e29
1.9798025005522937e7
178365.4229345266
1.1529459235827562e17
178046.91022786978
1.1546297064213069e17
1.7714036968053382e7
179142.27544144593
1.7715631181130562e7
180379.78275622142
180379.78275622142
179984.36383705074
3.8094862836177915e29
179142.27544144593
179027.57708124278
1.97900689976738e7
180379.78275622142
1.776130860766908e7
178801.49124968302
178122.57289040735
1.1860267954025234e17
178149.04242581813
177976.47261877006
177851.27256088445
177663.57308636745
177538.97670235086
178292.9941943872
178292.9941943872
2.0005581739999995e7
328677.1671325124
178122.57289040735
9.431904971551628e206
259256.56907678393
178292.9941943872
177663.57308636745
197609.35263674974
3.595474931379253e105
177748.7837383573
214203.4256846333
2.0005581480290286e7
178292.9941943872
187627.56029382278
177559.4744668564
7.240466896898888e54
181543.47099674406
177602.07979285126
2.0003324780180458e7
178292.9941943872
4.378096042217698e29
1.9788738890831113e7
3.3846303900641385e29
1.9771772380565375e7
3.845707951511347e29
1.9804689031393666e7
178292.9941943872
177546.91489481909
1.7702880634735774e7
1.1664505875474752e17
177536.26356332048
1.2322322565818205e17
1.7795043577865902e7
177546.51244557317
180277.66444297013
178315.05294848734
3.848501332612286e29
177790.9609897982
180826.48890645153
1.978897360969515e7
177546.51244557317
177436.29394058115
177303.91820434196
1.1981735551908272e17
178653.09162927367
178517.32324536552
1.7750366619564243e7
178969.2501264963
1.981186077567244e7
4.113435367528593e29
4.657073909533589e29
3.608920991014127e29
1.9797045228791125e7
1.9780365388113417e7
178969.2501264963
177546.91489481909
177536.26356332048
1.2322322565818205e17
178042.74751223292
177790.9609897982
1.7795043577865902e7
178969.2501264963
177328.362887614
177552.93335512417
1.0219392586488246e11
177459.30205684103
177300.33592420936
1.2561161425711922e7
178048.48021416378
177965.12628292022
177552.93335512417
1.2160042169183234e17
177370.82400731227
178048.48021416378
1.777208076656039e7
178048.48021416378
1.2475370306082575e7
1.2519601601855393e7
177542.2926669054
1.0219392586488246e11
1.0182168503956984e11
177274.05987940723
177851.98397223625
177218.22596048843
1.7838919531939484e7
1.7749194577855095e7
177335.07077292647
1.19947866417719e17
1.2664813703979683e17
177122.08904645234
176991.93891358576
176980.1334286751
177950.50158214392
177950.50158214392
255130.76669538408
2.0005581739999995e7
177335.07077292647
328640.4734253324
1.7099356290689394e207
177950.50158214392
176991.93891358576
195471.00412641576
4.844577662239324e105
177299.65431819443
214506.93363308965
2.0005581512385976e7
177950.50158214392
177098.47807663115
2.000346757936245e7
187614.74259348528
176944.62037432686
8.41057882035746e54
180261.9856155861
177122.08904645234
2.000558151205746e7
197380.97582797767
2.0005581513371516e7
4.802715662269989e105
212148.82481421405
4.858572028998463e105
177122.08904645234
176980.1334286751
186470.5765489243
8.386318507299193e54
176991.93891358576
181241.22155439248
2.0003470630557895e7
177122.08904645234
1.9796027814731795e7
177496.27968722425
176957.92569475525
4.141822422137803e29
179843.15303252378
176952.0229523
177122.08904645234
1.7829899789515283e7
1.2434355661243469e17
1.2756872871803288e17
1.2081975456056653e17
1.778699781865769e7
1.773982043316218e7
177122.08904645234
176944.52965334489
1.2534665550837073e7
177335.299294919
176946.00533895867
1.030503732116837e11
176769.47219352465
177049.31279701303
1.785167483875748e7
1.260407882069338e17
177150.94405215632
1.2248432207851312e17
1.7809349171652406e7
177369.68323481642
177049.31279701303
1.2534665550837073e7
1.257714285090775e7
1.0301306204267348e11
1.0395000227861667e11
1.0353772491102872e11
1.2615846578620894e7
177049.31279701303
176761.04099814684
2.2366412442266202e8
176761.4268092178
176778.22546695
6.533765266707558e6
176830.36532133518
176745.14484153234
176717.2174648695
176676.82245780705
176657.87142873675
176867.32531081347
5.601621528410873e105
196298.63657242135
176867.32531081347
2.0005581527142897e7
212309.789038035
176778.22546695
176867.32531081347
180589.22891369945
176721.37237973898
9.06019006573854e54
186463.3928432744
176676.82245780705
2.0003541069377102e7
176867.32531081347
176679.31540672889
4.3003883252163926e29
177036.22548587204
176657.0404457629
1.979933778476498e7
179708.36981459416
176717.2174648695
2.000403258309617e7
9.047154727716817e54
1.5426413121406866e55
5.140136567344459e54
2.0003542542079143e7
2.0002859546074197e7
176717.2174648695
1.9799485725921467e7
4.880065370482763e29
177569.3716730559
4.294192231845548e29
1.9783543085630093e7
179708.36981459416
176717.2174648695
1.3001941695859827e17
1.7803469299008973e7
177668.32102191096
1.7759896425851896e7
1.2638247722285211e17
176636.29876204996
179420.97276851357
177544.94360172658
4.5658888469705556e29
5.182921596652838e29
179009.9373894889
1.980694185454297e7
1.9791692050271418e7
179420.97276851357
177569.3716730559
177292.67782884967
1.2983201455911653e17
176657.0404457629
176676.82245780705
1.784888373597029e7
179420.97276851357
176599.5257650807
176931.83220710736
1.2646849886105942e7
176674.34836180144
176545.80835205963
1.0475908191679846e11
176996.0136123726
1.7781827053185657e7
1.7827833269088168e7
1.2459070980785272e17
1.3148494036542218e17
1.2819201270325107e17
1.786965970740821e7
176996.0136123726
1.043078897217787e11
176636.29876204996
176525.18198120367
1.2606148572096473e7
176664.3548274078
176567.71715502968
176487.77653583247
176428.3548304546
176371.06816115745
176502.72178839607
6.168044412131726e104
6.438983824640221e105
5.79221520808289e106
2.000558167081432e7
2.000558154026672e7
2.0005581130737122e7
176502.72178839607
5.560875903010634e54
1.6557623231139396e55
1.66532043150335e55
2.0004083253560532e7
2.0002950224332806e7
2.000295778651739e7
176502.72178839607
1.9802674032448586e7
176992.18256531205
176389.4520388964
4.447472907237116e29
179139.0896162955
176373.2031972379
176502.72178839607
1.3229277764312438e17
176208.0213023489
1.2888633192956824e17
1.7776848913189404e7
177255.62433510707
1.7822198259249147e7
177936.1716090947
176091.08744371636
1.9823952890238866e7
1.9795029287636917e7
176345.2883379511
4.181577909472237e29
5.378823957988311e29
175918.2192573615
175816.4810082904
176588.99700470513
5.562458281439504e207
253738.33445423841
2.0005581739999995e7
2.0005581739999995e7
319004.80041448685
5.43652108436748e207
176588.99700470513
215456.14287651776
2.0005581209502157e7
8.448770248176957e104
198757.3002017704
7.61302432097927e106
2.000558167879756e7
176588.99700470513
6.455040475520937e54
180585.6154449681
1.127330361606595e55
2.0004172115898583e7
186599.87365719746
2.0003731723857015e7
176588.99700470513
175841.87938844756
5.433122006187358e29
1.9823042214321997e7
175811.41580510332
1.9793974289613273e7
4.223790021385549e29
175862.28492963873
175841.87938844756
2.000312518537606e7
6.464296031078833e54
175862.28492963873
1.9112474374886153e55
2.000417513783031e7
175862.28492963873
4.782195892705257e29
176399.26445679046
4.7959147019966116e29
1.9809149056098007e7
178557.68174693326
1.9809428960009053e7
175862.28492963873
175640.51731266783
1.3009426079121088e17
1.3712780189763904e17
176691.66208493206
1.7898475229279898e7
1.7811683313320357e7
177319.1562319227
1.9816450183281716e7
177678.96820301702
5.095058967245995e29
5.1096700555490766e29
176816.91060392905
1.9816180351893876e7
177319.1562319227
1.789630676364782e7
176273.03404194876
1.789775238453389e7
1.3712780189763904e17
175811.40675957565
1.373242817292332e17
177319.1562319227
175623.6149809415
175671.7889966259
1.0772906452392148e11
175858.2521396537
175610.50504167762
1.2717698105996367e7
175554.2587386004
175456.87908805913
175322.57160942972
175295.76394198372
176209.37776634182
176209.37776634182
318038.84142152156
9.805053394097361e207
175671.7889966259
250547.99572770455
2.000558174e7
176209.37776634182
1.1524621281340064e106
193235.5091045851
1.1656651138404678e106
2.0005581585923105e7
210553.9695634836
2.0005581586798172e7
176209.37776634182
186406.59067071928
184138.11258019495
1.2997580891229043e55
179531.08175028028
177708.0500047738
2.0003844369604886e7
176209.37776634182
178483.30604784674
175272.23994761865
5.1591369277905784e29
175408.17955073316
175339.43854383312
1.9815269695477422e7
175285.64378134158
175339.43854383312
7.512260766297456e54
2.1995505123622534e55
175285.64378134158
2.0004260072753806e7
2.000328281167389e7
175285.64378134158
175295.76394198372
175634.3775544218
1.9815404605152227e7
175268.86656073807
178199.03594674895
5.151793465947275e29
175322.57160942972
2.0003284449467685e7
2.000426289755158e7
7.480182177347792e54
2.196417465267241e55
7.522968881958316e54
2.000425913115463e7
175322.57160942972
175272.23994761865
175880.3702199483
1.9815539515657257e7
175285.64378134158
177935.2847594707
5.144455234130421e29
175322.57160942972
175268.03442824277
1.788871875475089e7
176176.66450968606
175274.7363451044
1.3835810854219552e17
175180.2404695273
177340.01984420518
1.9808554272157133e7
177726.37214869598
5.466221718446002e29
6.1965171482764526e29
176308.81206893525
1.982222914277482e7
177340.01984420518
175880.3702199483
175116.4198282959
1.4204897568864747e17
175268.86656073807
175249.0538926476
1.7930242871841654e7
175003.7568914994
174838.34440057256
174747.1729493829
175523.4441696591
7.661930347997755e211
2.000558174e7
333106.38105538534
2.000558173999992e7
1.0812265077319054e204
264477.511520731
175523.4441696591
213112.06802245474
2.000558133717512e7
1.5660313028830624e105
196987.6903606597
1.3021579048154225e107
2.0005581692059826e7
175523.4441696591
184069.40565155595
174752.81641986704
1.4972423134342616e55
178391.53551884572
174821.41398911993
2.0003953739051227e7
175523.4441696591
1.9821253496705048e7
175067.80131372417
1.9821513664746393e7
5.5248781866073855e29
177663.39239269713
5.540572779688185e29
175523.4441696591
175860.07066534608
1.4347037450490366e17
1.473677433375601e17
174574.1094598586
1.7918901155921377e7
1.787788311566969e7
176913.23703247154
174466.67942719746
1.9828010188402876e7
175715.64302607471
174701.33415435778
5.879754561417157e29
176545.00627143346
174311.20334738857
174237.7871298255
175041.09846291793
2.000558174e7
248441.16962792442
174701.33415435778
3.058830119389347e208
310322.92610914184
175041.09846291793
175041.09846291793
174481.08550166865
207576.77460914673
2.045355657775721e106
174311.20334738857
192252.1511225606
2.000558162125965e7
175041.09846291793
174319.84699207122
2.896836515772806e55
2.0004414531615287e7
174234.90591493133
2.000356749622332e7
1.0083263969165632e55
174466.67942719746
2.028066126713888e106
194079.09964324074
2.039584326834224e106
2.0005581621092007e7
205404.19245170092
2.000558162142729e7
174466.67942719746
178694.1439584133
174237.7871298255
1.7202053158411547e55
182454.54731889223
174311.20334738857
2.0004056569907136e7
174466.67942719746
174995.60971736987
174744.08185678293
5.921540864336381e29
176639.2872972753
176414.2572280665
1.982738285936302e7
174466.67942719746
1.7994391331039436e7
174166.14950242225
1.4820500133733917e17
1.4459215201938144e17
174975.53953907837
1.795330067026436e7
175944.48842538137
174307.23758997212
176304.12302889972
6.2984721929855494e29
174044.68255222787
175082.55900539053
1.983362837150826e7
173860.61206390447
173727.9247355213
174404.36467180788
2.000558174e7
248199.63282847675
5.298679452202101e208
5.4192631500434045e208
305524.2541407682
2.000558174e7
174404.36467180788
2.000558143214609e7
2.00055817024463e7
2.6899683967209206e106
2.193260241423559e107
2.8825630301071243e105
2.000558163520971e7
174404.36467180788
173779.30789546124
2.0004149199597225e7
182421.13871099657
173755.0261250024
1.9823879522662623e55
177559.33892951068
174404.36467180788
176657.67532787967
5.619379649751742e29
7.174970670958058e29
174435.554880144
1.9844560171725206e7
1.9819822627648704e7
174404.36467180788
1.49992049287617e17
1.576975147169195e17
173528.00036811185
1.8023026534800343e7
1.7942873319844924e7
174591.39674922408
175021.08589103832
1.9838678620451987e7
175352.73339327046
1.9838912217958786e7
6.752717895877125e29
174721.50265861742
6.771731639879245e29
175021.08589103832
173477.6070610264
1.802168726238788e7
173733.41259899797
173583.25629604948
1.5791945257649373e17
174076.87764508824
173391.40830941184
173277.36225640815
173282.67595130313
3.581766609936006e106
2.0005581706626724e7
2.000558147046616e7
2.0005581648308866e7
3.851000920204872e105
2.8216225453230484e107
173282.67595130313
177145.97656566283
181649.43393912865
2.2706344086765206e55
179782.08450304286
179151.60627602728
2.000423888678268e7
173282.67595130313
6.795536410410858e29
174275.6062644683
173249.51495501914
1.9838386627064053e7
175332.75630346758
173324.66004120564
173252.1718024666
2.2801976719311913e55
2.000455091141585e7
2.0003814066404242e7
2.0004239828380935e7
1.3417328325250618e55
3.7741266842645915e55
173252.1718024666
173241.11813703855
6.026653939558619e29
7.667996466129767e29
173277.36225640815
1.9849706321031373e7
1.9825814615243945e7
173282.67595130313
176255.93311448782
182704.0123020776
2.2770076845610002e55
180675.4580061171
178111.20095284254
2.000423700358629e7
173282.67595130313
1.9838036240125366e7
173765.2513816232
173249.51495501914
6.805070013454733e29
175790.91474063325
173252.1718024666
173282.67595130313
174181.87913914712
174058.08187240077
1.591429004466354e17
173194.62962328538
173076.02791339564
1.8014322654449537e7
174606.14084110165
1.9843940127443004e7
174938.29660814753
173194.62962328538
7.240710080707554e29
174181.87913914712
172976.70883499624
172835.91857266842
172785.72962589603
173610.91804388544
243561.936689298
173610.91804388544
1.6267828393548584e209
302221.433975067
173194.62962328538
2.000558174e7
173610.91804388544
173044.0627829684
204654.1570720723
4.714677676372442e106
172835.91857266842
189860.36321014483
2.0005581658706084e7
173610.91804388544
2.0004610161294147e7
4.3507340846236694e55
4.3265566117938213e55
1.5518838178857418e55
2.000392660863632e7
2.0003921990696866e7
173610.91804388544
172821.3889679286
1.985417926820218e7
1.983102614048256e7
172769.3529153536
6.482281463926867e29
8.219187978551881e29
172794.44738873985
2.6142062617463245e55
176505.22832494395
2.621500378293077e55
2.0004318405703016e7
181161.16771859885
2.0004320166889608e7
172794.44738873985
1.984326373546616e7
8.219187978551881e29
172772.25883630168
7.301658699539029e29
1.9831268195466995e7
172785.72962589603
172794.44738873985
172775.13094168858
1.8081050036029484e7
1.8005622060333718e7
172768.39554689135
1.605948798767669e17
1.6893301162286282e17
172780.94278358438
172775.13094168858
1.9843320100668427e7
175213.49193647757
172780.94278358438
7.296569891455387e29
173346.00888283408
172780.94278358438
173660.64435324815
173542.61302907323
1.6461430371598608e17
172756.07420484762
172634.7193698416
1.804447680568908e7
174195.96532503198
1.9848998867546875e7
174528.2156466121
7.738006426424557e29
7.759611959178312e29
173660.64435324815
1.984878119413564e7
174195.96532503198
172775.13094168858
1.804447680568908e7
1.6893301162286282e17
173346.00888283408
1.7332790741738067e17
1.8081050036029484e7
174195.96532503198
172607.3677728403
1.3013621888532694e7
172609.1691270324
172663.26581154275
1.194704276886242e11
172842.65435786548
172556.24911293853
172468.34992953684
172349.9041083402
172342.42264837548
173245.10045816028
173245.10045816028
241272.5750082853
2.000558174e7
172663.26581154275
300719.41533656814
2.814388371093314e209
173245.10045816028
6.236766572284815e106
188712.12085442813
172640.8214316489
2.0005581668400023e7
204222.16417502725
172349.9041083402
173245.10045816028
172453.38700960742
181347.14429635592
3.0031074226994176e55
172307.92834795313
175333.871101986
2.000439331544056e7
172468.34992953684
172453.38700960742
4.761631769444424e107
2.0005581713685025e7
172468.34992953684
2.0005581533603434e7
6.994068187828924e105
172468.34992953684
172342.42264837548
2.0004668005654283e7
2.0004030964413278e7
172349.9041083402
1.7834013465668246e55
4.956100479230787e55
172468.34992953684
1.9836722338917103e7
1.9858975524765033e7
174486.91380712652
8.783793497724626e29
6.941649980547745e29
172650.27098578252
172468.34992953684
1.6616756314212173e17
1.701717173956876e17
172175.5112662141
1.8110693189119253e7
1.8072989073077377e7
173070.45250326465
173710.13878947223
173188.06302913107
172294.4224937694
8.290959831563302e29
174037.42479886775
172075.5551088359
1.9853627488443356e7
171932.50800461002
171873.874638282
172666.45127411978
2.000558174e7
228854.59987200456
4.784884958275432e209
5.227502826370926e205
279165.75187000126
2.000558174e7
172666.45127411978
172118.5223947852
2.0005581559323825e7
9.31517202415005e105
171932.50800461002
6.186763762566653e107
2.0005581716501057e7
172666.45127411978
2.0004721588340655e7
174323.538177497
3.4257520415468327e55
2.0605092263391973e55
179405.8716423501
2.000446348810274e7
172666.45127411978
1.9863022901964124e7
8.383283078864926e29
9.39204266633771e29
7.426888623255546e29
1.985299689997303e7
1.9841657388026018e7
172666.45127411978
171887.86992143994
172831.58072558613
1.764214257125577e17
171864.61812266818
171651.24959508755
1.810056498318026e7
173308.65341577164
173308.65341577164
171568.03612402358
8.875507496182174e29
172831.58072558613
171753.25830015252
1.9858112633492567e7
171457.99488389955
171463.45521166592
171463.45521166592
2.0005581719122402e7
2.0005581581301663e7
171753.25830015252
1.2366406604048357e106
7.885391871382154e107
171463.45521166592
2.350132343505643e55
6.384912183528998e55
3.922540079973973e55
2.0004771964965712e7
2.0004213699045032e7
2.000453520122478e7
171463.45521166592
1.985770657873487e7
1.986764244995673e7
173152.83775404422
8.90004500793722e29
7.925344600091993e29
172186.94763576644
171463.45521166592
1.8172240780429507e17
171603.27228144917
1.8131899154706538e7
1.81331419703205e7
172028.92785039401
1.8147207493054806e17
171463.45521166592
171449.5258884468
171442.69874214366
1.309110541431363e7
171467.63858147716
171652.32860999252
1.2416686498771536e11
171936.60635940777
1.8114757305422444e7
1.8185093338576354e7
171491.79549994142
1.8840015821833888e17
1.7948981633293664e17
171398.28105315706
171323.4828816174
171230.03536427222
171267.73563251915
2.000558159121379e7
2.0005581720342517e7
194650.82758470107
8.945066879347287e107
1.435296408936782e106
186602.59385775874
171267.73563251915
171211.45294790613
6.834463251298911e55
2.0004796452272695e7
171323.4828816174
2.0004257471631162e7
2.5261244954889755e55
171398.88341811104
1.2075054903991874e107
188247.28130275497
1.2208447992384166e107
2.000558168712296e7
200339.20290651766
2.000558168741263e7
171398.88341811104
171267.73563251915
174747.4752028547
2.000456354869772e7
171230.03536427222
179155.13981178548
4.1956007646759386e55
171398.88341811104
8.213575683118354e29
171644.50204589477
9.2572830785614e29
1.9869371506218523e7
173644.52276425163
1.9859894405492105e7
171398.88341811104
171218.5050158427
172056.88105961814
1.852430480282682e17
171209.079948781
171082.31678674373
1.81432881504396e7
172873.9498212418
8.733958161821535e29
9.780321340971308e29
1.0991436973334928e30
1.9874100644498404e7
1.9864632704017054e7
1.9854754784515668e7
172873.9498212418
171211.45294790613
171136.7791758934
1.8983127489290464e17
171644.50204589477
171032.49445744883
1.8177836013538267e7
170946.7699784236
170831.00173863163
170822.18813208074
171695.4524111114
2.3883478115470168e206
249380.23181445312
1.864144670189296e210
2.000558174e7
309709.71401337185
2.000558174e7
171695.4524111114
2.000558172243632e7
183396.81303678325
1.586432264287019e107
1.915212744380787e106
196876.27837374213
2.0005581693260916e7
171695.4524111114
170929.14276532183
4.7994486781783635e55
173720.1946962941
170789.4744565173
2.000462262554842e7
179276.960875486
170946.7699784236
1.5907701945397318e107
2.0005581722412255e7
202896.2582796071
2.000558169345249e7
1.8995874178082332e106
191635.7144498487
170946.7699784236
2.0004625246294346e7
174560.75698009058
4.773255268634614e55
4.7994486781783635e55
178297.85069963094
2.000462262554842e7
170946.7699784236
171147.34615572757
8.800006167271937e29
9.867879945515614e29
172812.5621891121
1.9873605237139523e7
1.9864198871707484e7
170946.7699784236
170790.69278562584
170736.39971075318
1.8171185448415685e7
170792.8961872636
171546.37447982247
1.912678065120983e17
172645.10854361663
1.046342046192241e30
1.1699980820333466e30
172321.70675242948
1.9869045389658757e7
1.9859245875624254e7
171443.3680365369
172645.10854361663
170790.69278562584
170792.8961872636
1.9596573745283046e17
171477.3350515867
171252.77858075564
1.820499803974354e7
172645.10854361663
170691.7383042135
171009.1669176913
1.2855691231747687e11
170924.2678635282
170662.42396907162
1.3222650412702639e7
171124.72312935692
1.8153654880323645e7
1.8221885735907197e7
1.8888237567724768e17
1.984108503495616e17
1.8914092454377517e17
1.8220708655600484e7
171124.72312935692
1.3150671376985068e7
1.3222650412702639e7
170789.4744565173
1.2855691231747687e11
1.2764610878480615e11
170681.4549497622
171124.72312935692
170673.00601585495
2.7725406753110546e6
2.5210630255223507e8
170666.45355626545
1.6420631500015553e7
7.012409083957386e6
171124.72312935692
170659.0845762629
170677.85519140074
1.6450584185591867e7
170665.83556167677
170657.80545853823
2.786076722054699e6
170680.81672375495
170686.8509297075
170653.84391599044
2.5207327072542268e8
170675.3944661991
170669.31935407838
7.012409083957386e6
170668.43776984655
170701.05950980296
170674.34856989956
1.2837335489783743e11
170778.18895346034
170634.4920639949
1.3203749575582841e7
170599.24676574487
170542.58979220723
170484.61033698404
170589.9893939441
188039.17642326103
170589.9893939441
1.9268060121412536e107
197695.17354038244
170674.34856989956
2.0005581697382618e7
170589.9893939441
170500.4102042296
3.202554799277384e55
8.56439268753211e55
170542.58979220723
2.0004871827660944e7
2.0004393682646453e7
170589.9893939441
171157.71192197033
170483.2878552982
1.0359348281932845e30
172591.2360766971
170504.377649287
1.9867394456210114e7
170535.97738377826
2.000439449304659e7
174873.90380405882
5.27251914718183e55
8.599481320023672e55
179138.460294142
2.0004664731898066e7
170535.97738377826
173066.22134296878
9.232316231042016e29
1.1617972037766012e30
171157.71192197033
1.9876279796936244e7
1.985745954521112e7
170535.97738377826
1.818991450119978e7
2.0094030054174854e17
1.8224392004442e7
1.9601866231916515e17
1.815637636711658e7
1.9157087837989018e17
170535.97738377826
170342.61456410444
170485.83923966056
1.2921032789967154e11
170798.18568544448
170481.8892728493
1.3184547920064546e7
170571.88835868269
1.8240147153365254e7
170320.8734797658
1.9840148054943488e17
1.9378689670671066e17
170368.94781061137
1.820667078178631e7
170291.16779759267
170286.86237926484
170498.67532668126
170498.67532668126
2.2011686696637343e107
186527.05258203778
170368.94781061137
2.000558169983154e7
198675.43298225393
170498.67532668126
170356.03155562762
178094.98418931972
5.648181839712126e55
170291.16779759267
173578.66800731
2.000469281237721e7
170498.67532668126
1.985955130416028e7
1.986940600577493e7
172469.47583712585
1.1989091642245842e30
1.0738953411600753e30
170446.199214649
170498.67532668126
1.823608313280532e7
1.996209748357834e17
2.041955583646516e17
1.947126999603086e17
1.820371596134001e7
1.816873734194342e7
170498.67532668126
170606.3744012694
170133.39516826865
1.3033370578459058e11
170113.66129690653
170642.602821661
1.3205256013811328e7
170195.8548204754
1.9715647753171523e17
2.067177012468151e17
2.0699900317904224e17
1.8251971695148587e7
1.818544276881583e7
1.818663514701876e7
170195.8548204754
170105.5093360181
1.327314395892949e7
1.3204250805500526e7
170122.95657432333
1.3037810970003564e11
1.3138795474003265e11
170092.63536382734
170080.60721778878
170111.43011908335
170111.43011908335
173800.49734753396
2.0004911826530788e7
170122.95657432333
177339.05473510205
3.666929732213208e55
170111.43011908335
1.987133583868937e7
1.98714266710514e7
172025.6477915044
1.104811636349617e30
1.1063137885087007e30
170450.33031453364
170111.43011908335
1.821794903512985e7
170040.5498521005
2.0231239817289978e17
2.0258737794059594e17
170805.71555330895
1.8216777776752837e7
171922.68742554676
1.1721156212478686e30
171922.68742554676
1.9875796766466558e7
1.987597241268283e7
170805.71555330895
1.1689358647592634e30
171922.68742554676
170080.60721778878
170099.26990280964
2.0735089956501782e17
170662.10837283247
169986.3657169127
1.8249957837919936e7
169891.6051931003
169756.51513172954
169704.05895400478
170470.04237862033
283545.2940418236
170099.26990280964
7.770127844983884e210
234097.43509813893
170470.04237862033
2.000558174e7
170470.04237862033
169756.51513172954
185317.0238711321
3.253576803426931e107
169941.90136963502
197758.4728020484
2.0005581706415717e7
170470.04237862033
2.0004769824567523e7
172778.51763148705
6.848331953950404e55
6.885450933034006e55
177491.60967893119
2.0004767627232675e7
170470.04237862033
1.0543893002254931e30
170177.22060697657
1.1840781736208146e30
1.988358040916668e7
172401.4803265045
1.9875313746603806e7
170470.04237862033
1.8240753835563503e7
169512.4393351256
169694.74027189618
2.0932704219134957e17
170573.48755207282
169717.91355163447
171071.45541612004
169435.6355536064
1.1176124582528275e30
1.3967823489107656e30
169607.2396868819
1.988763448985907e7
1.9870745437481187e7
169336.01770128007
169352.74083947463
4.169466898947637e107
187203.6930578068
4.214695557479129e107
2.0005581710150108e7
194060.43878812026
2.00055817103107e7
169352.74083947463
7.777209475695007e55
173651.38115458196
169308.38612990268
2.0004817020503346e7
175615.74531665925
169435.6355536064
169469.08182999564
2.0005581710270554e7
185567.4924501221
4.180751189577972e107
4.226040845449565e107
195914.2406542145
2.000558171010996e7
169469.08182999564
169352.74083947463
2.0004592909056492e7
4.7884459176913307e55
169336.01770128007
1.2505477150496197e56
2.000498468382086e7
169469.08182999564
171473.73270588287
169313.20363047277
1.2590071132569377e30
169805.50390266994
169321.56519957015
1.9879104289436646e7
169469.08182999564
1.8235578172303427e7
1.829946448911104e7
2.1074431068015107e17
2.2109320949134474e17
2.1102833818205354e17
1.829835409022075e7
169469.08182999564
169309.99371885989
1.3351964333272876e7
1.3284702705389166e7
169307.9033265856
1.3498023475692514e11
1.3600885039392429e11
169310.31207687058
169261.86967560631
169309.99371885989
2.1587722959974733e17
170018.81522065392
169310.31207687058
1.826791347096192e7
171075.51958476944
169162.9278223466
1.3304317509570599e30
171075.51958476944
169378.66326607083
1.9883272340750594e7
170018.81522065392
169018.59932744032
168944.1631840826
169652.1742831855
278360.27456658805
169378.66326607083
2.1684678540529522e211
232167.8275195869
169652.1742831855
2.000558174e7
169652.1742831855
169018.59932744032
184423.3636218203
5.432216740926419e107
169155.35483599766
195784.84945474277
2.0005581713487916e7
169652.1742831855
169014.05553563114
2.0004859358164895e7
176328.11698994183
168945.67778135245
8.867904671637031e55
172088.47542205403
169652.1742831855
1.9874106243352268e7
1.9882697291246653e7
171228.8246642122
1.4967396735027422e30
1.3430064678261126e30
169288.348908912
169652.1742831855
2.1777155661856115e17
168845.6505067858
2.232573442895383e17
1.8321525633515295e7
169811.669179429
1.829197031326151e7
170855.76778530615
1.9886819801856034e7
170542.0659123975
1.4161970437581283e30
1.4200009007511016e30
169686.0115457788
1.988666084185931e7
170855.76778530615
168937.84743194832
168896.98192884529
2.2822579564825984e17
169387.45490390522
168798.74636291974
1.8322616550733235e7
168718.2199097673
168610.2943417816
168606.9525590874
169450.3064068073
169450.3064068073
229562.72589972123
2.000558174e7
168896.98192884529
278206.2393024643
3.606063177791195e211
169450.3064068073
7.04607250419396e107
183108.2918350465
2.000558173075024e7
2.0005581716461074e7
195926.68419858842
9.245894968525241e106
169450.3064068073
1.0077740794778081e56
171311.33606927126
168711.53634437887
2.00048998840648e7
176307.49721904655
168573.2052248883
168718.2199097673
181630.87152176577
197877.2295864856
6.989918339592845e107
190529.00488968348
187939.96210819785
2.0005581716429576e7
168718.2199097673
174544.5964219381
172949.75978341687
1.0050861840798499e56
171311.33606927126
176307.49721904655
2.0004900793966733e7
168718.2199097673
170824.47485749715
170393.19388782364
1.4285782319514843e30
169346.10739769597
168927.8672042546
1.9886303186064444e7
168718.2199097673
168575.00114114815
1.83166171307368e7
2.246059017621934e17
168575.83658682182
2.299124090920788e17
1.8346633881089598e7
168718.2199097673
168490.70341249258
168463.87401414994
1.3974033156963284e11
168844.64870528324
168818.39883622216
1.3405598790635265e7
168643.4823562018
168441.45426917888
168718.00504999683
1.833144566665778e7
168490.70341249258
168844.64870528324
2.3267413186091072e17
168409.8437393526
168399.53852016258
168590.5914436321
168590.5914436321
2.000558171775047e7
194359.11328403125
168490.70341249258
7.936417625071403e107
183787.52790857406
168590.5914436321
168459.7877549224
2.0004730836826865e7
6.643493322731357e55
168409.8437393526
1.7025317929974364e56
2.0005063629777092e7
168590.5914436321
168420.84383079878
1.475592642291514e30
168797.62052118065
168395.8718230139
1.988795932201972e7
170570.2218179561
168441.45426917888
175046.46101548112
168441.45426917888
1.0699989181762441e56
172000.1735609218
168420.84383079878
2.0004920401002247e7
168441.45426917888
168399.53852016258
169001.15224131395
1.9888037504110962e7
168409.8437393526
170351.23804249972
1.4736264590874445e30
168441.45426917888
168395.50034490225
1.832874268385218e7
169042.5736205703
168400.65295449743
2.3345193055393984e17
168389.1396084057
170211.42288572498
1.989175383236916e7
1.7328195469769265e30
1.9899052784612928e7
1.553982616015816e30
1.9884092639411878e7
1.3968235084996263e30
170211.42288572498
168897.21614403525
168395.50034490225
2.389018348790256e17
168400.65295449743
169109.4288130163
1.835845099509588e7
170211.42288572498
1.3491479205312848e7
1.3525368268383553e7
168328.81842922966
1.4177921790592108e11
1.4135012752712674e11
168579.3481949386
168606.9525590874
168299.98702693172
2.305272625442427e17
2.4157743219134566e17
168362.0419935711
1.8372776500320293e7
1.8313890626457416e7
168255.50070846642
168219.23401605696
168357.5244093234
2.000558171895835e7
5.902151012517806e108
187341.15169195097
8.940910668295935e107
2.000558168384279e7
197077.25276461535
168357.5244093234
168253.2419163425
2.0004756228561867e7
7.079615711588281e55
168255.50070846642
1.8076138323721625e56
2.0005078260382336e7
168357.5244093234
168572.2323696439
1.9889625301057976e7
1.3628862371614016e30
170007.69443000673
1.518909985839252e30
1.9897011476125106e7
168357.5244093234
1.834020290010034e7
168187.2969011998
168221.71244609397
2.3719136047445536e17
168886.95658076255
168221.14774806311
169947.46829585428
1.6078072497470554e30
1.605669523262063e30
169947.46829585428
1.9893502817627765e7
1.9893428373135433e7
168886.95658076255
169947.46829585428
168221.71244609397
168875.5724199592
2.427066959289518e17
168669.02221717
168221.14774806311
1.836961601576591e7
169947.46829585428
1.3479112259534512e7
1.354484582849332e7
168138.86956886112
1.4344689448333594e11
1.4249065223817242e11
168364.7495232665
168438.11096617457
1.8354731984537132e7
2.398587356188625e17
168524.87649916034
2.3969911934532083e17
1.8355263235931035e7
168485.87419704194
168438.11096617457
1.4186992130769147e11
1.4287370540242468e11
1.429690005676294e11
1.3513050164986776e7
1.3447781245690875e7
1.3449691173801627e7
168438.11096617457
1.714877089691942e7
2.904136745874525e6
2.6742804311591384e8
2.8915287537700874e6
1.7175753634262085e7
7.249925879719012e6
168438.11096617457
1.7177982155905865e7
318585.0786008847
950991.6810913851
2.9034223065203736e6
873699.8706719293
3.045531475904445e6
168438.11096617457
381866.1653060084
951185.7185185648
1.7232864814336118e6
162695.747600346
3.0460083727347604e6
591071.3177090635
587282.0243404758
1.172907429489426e7
3.458023208166664e6
161686.20150757398
3.447814379530929e6
1.1746727577214815e7
163710.85495736785
159683.86879433127
155746.77464281625
148147.19363395794
134081.9414860772
110786.09008189254
86193.04293454405
151554.296195906
2.000558174e7
191660.68886681896
1.0150836429917359e209
1.0368196167135064e209
194929.22929430654
2.000558174e7
151554.296195906
85438.08363955324
105149.77906402432
3.130829745359315e106
87222.69425304615
119544.03589312347
2.000558165560811e7
84752.24112010587
86676.86036334732
86676.86036334732
2.000558174e7
Inf
87222.69425304615
Inf
2.000558174e7
86676.86036334732
2.0005581739999972e7
184490.8142960367
1.0422895878549783e209
3.5242912871647346e212
239741.34457851658
2.000558174e7
86676.86036334732
3.180776461214399e106
107629.31193036083
84821.35789564924
2.0005581654937617e7
116157.09672420961
84957.8163680739
86676.86036334732
93623.18909145074
1.0734612667978958e55
3.0010507406004075e55
91358.71023242876
2.000457704233529e7
2.000386548185398e7
86676.86036334732
84743.7679367875
5.1450048202074206e29
85999.78754787469
84777.88255489373
1.983873669863993e7
86872.9164734773
84778.32632455925
3.0049946190270117e55
2.00042718582336e7
1.0805333670575678e55
2.0003864354546763e7
1.8107779319266322e55
2.0004579019548927e7
84778.32632455925
84752.46300493868
85757.0489510947
1.9838627517900508e7
84752.24112010587
87109.0131353907
5.1517662098902666e29
84778.32632455925
85429.82683395766
84904.92945044943
1.1785813829680219e17
84786.576450718
85550.97856692747
1.8000851214281864e7
84778.32632455925
84744.33218025004
8.78660106868383e10
1.2879659421982674e7
84744.27670904183
1.2802652214778531e7
8.720001834847418e10
84778.32632455925
6.690818294375633e6
2.6478727469053464e6
1.3843032188377172e7
1.9880955295354244e8
1.3868438286862468e7
2.639066561956964e6
84778.32632455925
246802.79699090045
1.3845179655317524e7
1.3817243089238627e7
652093.7644676248
2.6383244470601254e6
2.6268452583164116e6
84778.32632455925
834619.5729857293
2.4376200424220604e6
71376.34048151906
2.4418800467829066e6
831742.562588947
143270.40287358814
158759.2107601905
362106.01146210503
5.068728671479274e6
2.896961973813291e6
416557.3052554552
1.8964935224165558e6
1.1493350714130325e7
158759.2107601905
952766.6007334316
501807.25430387823
1.8381587204283357e6
657701.6450124924
648977.2132952041
1.0286749438738228e6
158759.2107601905
362692.32707647345
84718.02370019653
164459.39400942932
417032.982273126
96669.40836238228
176318.09054156384
158759.2107601905
83064.7302099638
156681.06508433275
79003.26366974947
74839.37992301595
142445.51132146406
89582.98071586066
158759.2107601905
88900.67705727987
70881.81442366076
84725.60620420563
78604.84428242664
72327.47857688606
96965.39562206918
71289.2541143583
140219.10122856084
151649.03746070742
91300.15081427942
141238.10890730834
148709.0347830671
94891.20528899062
71289.2541143583
92487.3638913486
73031.04508593712
70884.96727166872
88766.04006777395
71539.29244908932
71661.10378067278
71289.2541143583
77068.22384454828
71580.70935817838
72197.92879061199
74559.02077989427
70843.99485496462
71130.11196369892
72796.61735359761
87683.23041926039
73845.01486947067
79542.78326199009
94238.66922930864
72138.09694392077
76280.20470251236
72796.61735359761
77178.08084371321
73900.13403640768
71254.12356015797
74558.07935045093
72198.3125000291
70784.68851067233
71701.43548628701
85964.64568311966
74316.87039396177
90191.24355290571
87006.503264461
73332.88528282008
91108.71769209631
71701.43548628701
71115.00922989282
70831.60150232715
75195.20485230396
71579.47454828938
71027.64725758012
76285.50170735303
71701.43548628701
71469.55854792503
71003.6826753804
71707.47076792864
72009.03518630407
70791.31184965683
72341.42154625921
71701.43548628701
70935.65552459336
71258.08873000831
70762.08292105055
71251.91674695477
70931.1181665919
70891.3090463468
70970.94013397285
71116.36697518072
72155.12911849898
70909.4159117394
70993.55652368994
71858.8666914007
70997.04684421574
70970.94013397285
71141.40020992195
70848.98708495981
70801.24544175704
71005.50225171431
70923.97802049926
70871.02820158575
70970.94013397285
70758.36346501662
70808.73281277735
70769.39859606302
70775.07196858025
70871.43523301325
70813.3521257752
70778.65936335205
71080.39247190363
70790.60242999192
70776.59893858891
71058.73896376381
70789.52849816212
70778.87502421104
70778.65936335205
70829.90859382121
70764.00649058109
70798.58934651598
70842.45367849182
70762.50609902582
70805.76711625085
70778.65936335205
70774.83653984875
70760.49743140771
70772.58373841629
70780.77900700539
70760.16709799707
70767.68049232023
70778.65936335205
70758.76065938982
70761.98159123174
70759.47706483363
70758.2414402329
70764.45743885452
70757.7929250828
70758.28206714954
70763.20243355847
70761.0569734255
70778.58226710133
70759.57784718511
70762.87730342014
70775.9350476081
70758.28206714954
70758.09361489264
70758.3022942128
70763.57982097637
70757.71833314831
70757.28360672852
70761.72808646612
70756.26512234827
70754.22876290629
70750.15848133709
70742.02766779758
70725.8050418275
70693.51581602522
70629.56164262058
70504.15179836837
70263.33724694839
69821.81784868804
69099.93338913373
68306.54248524873
69367.94945274116
68111.57115246537
1.802951599791427e7
1.795025231986282e7
68505.68024632234
9.671007859052936e16
1.0163451675173402e17
67734.1277717687
67029.23814985664
65819.44746395737
64199.820323857726
64160.382970453786
76880.77597082804
2.000558174e7
949005.5558214053
68505.68024632234
Inf
5.503595229839905e6
76880.77597082804
76880.77597082804
833637.991616756
64199.820323857726
Inf
349358.28773444006
68387.36818611056
2.000558174e7
76880.77597082804
5.60604984862335e208
140728.44198258655
65740.57275714957
2.000558174e7
227323.62615058874
63646.79882602307
65819.44746395737
Inf
371580.04308628064
65740.57275714957
2.000558174e7
786733.3306138907
65819.44746395737
65819.44746395737
1.949412147373124e212
140728.44198258655
5.60604984862335e208
2.000558173999996e7
190044.89876530928
2.000558174e7
65819.44746395737
2.194174303386259e106
87347.98565432733
63770.265192955296
2.0005581643566925e7
97118.13497522891
63789.983869657284
65819.44746395737
1.4240183467875656e55
69383.2682510037
63675.20058316845
2.0004184495395683e7
72119.33684023388
63685.05992151942
65819.44746395737
64638.86351332291
63652.66684801564
4.315462252787801e29
65734.30652117601
63657.59651719102
1.983248824639949e7
65819.44746395737
63831.49134487915
63647.649622874334
1.022351873360583e17
64348.53389835481
63650.11445746206
1.7960596775457602e7
65819.44746395737
63646.70342091242
63884.76837351237
7.795279884669725e10
63647.93583820635
63630.41575799893
1.276867158530959e7
64245.97764911661
63601.17659628077
1.794037240254483e7
1.0097094594906387e17
63663.801905170956
1.0608957365222202e17
1.8019715218347874e7
63555.13922920623
63512.82832050363
63627.26180488532
2.519275846427528e106
87163.51691483063
63627.26180488532
2.0005581649452735e7
96557.70461546372
63663.801905170956
63627.26180488532
71845.19238149046
63555.13922920623
1.525556277225176e55
69271.52811892911
63536.86917906342
2.000422780205864e7
63627.26180488532
65783.0213609698
63525.689803947105
4.465745768577745e29
64760.24736454769
63516.55477887568
1.9835187626176156e7
63627.26180488532
1.8015402103843857e7
1.0663896130652515e17
1.039115711536186e17
1.0142839272333104e17
1.793653455047064e7
1.797553734751209e7
63627.26180488532
7.862555582484319e10
7.889317401675607e10
63489.587342687504
1.2794865479161974e7
1.2754649015035545e7
63726.803911241324
64000.95548808397
1.7995599742006633e7
64087.84866383353
63521.759490564524
1.0530318518465683e17
63754.73649197805
63461.54290324582
63417.83714966873
63379.95814373961
63502.33013678175
3.2168662881339663e105
2.8769138581888394e106
2.2682656120301713e107
2.0005581709098008e7
2.0005581654727545e7
2.0005581493026e7
63502.33013678175
2.0004573410122674e7
1.6385993146734617e55
69995.81225195281
9.686589529335179e54
2.0004271094405197e7
72730.10524766902
63502.33013678175
1.9825398234624065e7
64835.91711675407
4.61616426797993e29
5.2028799687329566e29
65909.83891247894
1.9837700761518206e7
63502.33013678175
63380.8076633459
1.795140968676124e7
1.0319578166747802e17
63383.236332568755
1.0840412671515309e17
1.803006568690804e7
63502.33013678175
63350.73645508388
1.2777923399694718e7
7.927632737739146e10
63598.44317024899
7.95449453344727e10
1.2817889100607222e7
63845.892885353496
63931.204418575304
63323.92247051934
1.071208393944675e17
63627.26180488532
63381.65903486145
1.8010473826754e7
63282.62028702926
63249.31906260562
63379.92918398397
2.0005581660089023e7
2.000558171086498e7
91982.51710851648
3.3174304247573365e106
3.726563796981754e105
82976.1932565409
63379.92918398397
63281.755361590505
1.7504857572937792e55
68815.87269151857
63282.62028702926
2.000430958734863e7
71563.4722281626
63379.92918398397
1.985156633848478e7
4.789430194642142e29
64664.83360217443
4.242919784461061e29
1.9840484940193538e7
65790.64638788287
63379.92918398397
63251.265244532224
1.800616245635078e7
63945.10784004876
63251.481475892026
1.0760380378014186e17
63419.511582804764
63379.92918398397
63243.50178884535
63213.86362625057
7.995611831596735e10
63502.33013678175
63472.58665812748
1.2841737272563417e7
63692.359943115895
1.0639257632800066e17
1.0896287810382768e17
63692.359943115895
1.8063703288135506e7
1.8025183925786376e7
63472.58665812748
63692.359943115895
8.03033142909285e10
1.2917282051183965e7
63251.265244532224
1.2880151425268656e7
7.998185182956375e10
63419.511582804764
63692.359943115895
6.746576266308443e6
63275.89489274944
6.748066520376892e6
1.8762283377193418e8
63204.99273334775
1.876942398592112e8
63348.722356067025
7.985966169380869e10
8.04252313629639e10
63255.28299718599
1.2899243995806282e7
1.2821425896894936e7
63340.818982393386
63348.722356067025
63219.40842799957
1.8773903398565584e8
1.3190583297807178e7
63207.93976538337
6.736945015945272e6
2.6327549184011994e6
63348.722356067025
63206.301328226284
837084.3704426045
1.32326970810467e7
63205.04811952244
2.2937612018466457e6
2.65119600297896e6
63348.722356067025
86375.30774225295
368242.0130147899
842395.022024239
213546.520168867
149379.47976443003
2.3018059805618105e6
63348.722356067025
217059.81951793793
171319.58468315532
325184.7882078259
526807.6172098794
418292.0817154303
131821.66029002678
63348.722356067025
69229.24801167572
86366.35217081112
93066.47927918306
58696.50405341921
213539.37506967268
53879.062185396084
89990.35299469299
430970.7215070447
163026.24345397737
380596.97555395897
323568.3339990026
145180.43208192225
292512.98654568644
89990.35299469299
55008.139976226885
139390.10261588838
133667.15070077725
55232.274615981754
127446.45711275513
122735.50564872618
89990.35299469299
55911.29501596716
58899.050934946456
74087.89606384098
56071.81373750872
58715.61996146862
73248.5160844207
89990.35299469299
54952.91724994713
58913.148316555846
54937.69573757631
55114.949242797906
58713.34955356148
55146.7883001831
89990.35299469299
53983.359419998276
55210.46045758475
54261.86213280576
53933.562544499924
55018.4788464641
54169.68287725733
89990.35299469299
53952.81871789743
53928.17072264588
54135.738425441705
53915.57502529764
53891.88913639779
54239.680048745424
89990.35299469299
53882.017715234855
53875.42474002691
53930.21645697163
53876.40471650938
53884.26236206957
53982.107418259744
53872.84306064058
53886.48772388776
55018.12425855274
53922.263105403705
54313.6829453013
55203.04637908684
53883.01455987366
54213.984550197536
53886.48772388776
54137.433614726804
53901.96248590959
53999.91043294548
54225.94788923575
53924.07762322309
53954.085748009114
53886.48772388776
53873.403099819385
53875.717468798066
53970.7609901886
53874.74232147067
53870.36719086102
53929.511153572836
53866.6103854579
53863.871748337035
53877.45632397942
58953.59279092531
55086.469215389116
54692.69457802224
58631.052495299744
54819.3590826876
54926.81732360428
53877.45632397942
55225.7130866398
53966.04555410091
53897.042114714815
54970.63172593063
54044.82905024734
53952.522218189646
53877.45632397942
53920.2358815624
54106.14362102594
53898.126173694865
54000.24722420218
54237.61744267064
53860.46646934993
53946.64858164022
55249.11638557377
53934.14598102441
54359.59369161748
54948.20872319624
53869.2599318388
54558.689485932926
53946.64858164022
54057.46621337139
54240.75211304728
54058.61773583336
53966.98090748104
54099.00041521326
53955.61650898552
53946.64858164022
53881.13455630545
53879.1233967145
53973.056888686304
53859.787015478316
53856.70248605817
53902.48638699967
53893.70351040076
53871.04902646517
53862.48637879695
54140.164278612094
53864.39033982155
53852.45712399037
54190.56980620781
53848.58679429835
53859.36138047869
54235.739015085426
54677.82600386619
59171.75718278511
54125.0518133684
54472.708328344765
58421.37739747503
53859.36138047869
53860.83904946242
53841.322241935224
55230.818950971065
53839.95581225582
53884.86035223558
54942.03001979783
53833.538960704354
53863.95508468256
53933.874293514935
53890.404641373556
73833.05627671212
53967.23644850228
53816.84020695084
73341.78702755529
53904.58526365376
53926.96470239049
90872.3859266193
141579.76709476442
53863.127651762195
85378.14657343716
125148.10735185455
53904.58526365376
62014.519437538846
72141.97097621096
57135.573061393625
63461.78825571959
75162.0822060734
56575.288130187255
53904.58526365376
58326.498188909754
54793.411559876775
53807.157881554645
59205.45635942333
55099.82225247936
53847.92013823662
53851.72405696404
53893.326152507485
53834.60462192485
74169.21962888936
53811.71292094202
53866.990757691914
72987.35955555305
53851.72405696404
54752.033238226366
55104.077665423894
58721.80668499611
54628.23672638008
55217.53456989236
58756.53539339637
53851.72405696404
53937.16400395634
53857.05047721435
54989.53299471103
53884.93137216661
53883.7014457698
55092.01408584596
53851.72405696404
54114.069395638544
54085.82152111932
53823.5006834213
54050.13131962624
54144.851181709026
53805.71888289448
53847.70101916899
55182.630018542724
53809.7570759949
53954.96493872382
54902.95423300924
53811.67444050621
53880.54963181766
53847.70101916899
53805.90450685689
54182.033383044676
53981.38406355673
53831.55836962332
54046.894971094254
54083.92630664163
53847.70101916899
53804.56911117898
53851.15486996583
53810.01092063682
53807.03803080958
53914.89539051135
53804.574192120475
53802.777513930974
53801.22482792639
53806.23128990297
55041.43818597656
54209.988912443165
58813.465955056345
55020.276176894855
54177.61577555177
58677.61019661046
53806.23128990297
54551.45811705309
55041.495603071
53865.16979082677
54555.49204974438
55031.633459282486
53888.20133629776
53806.23128990297
53930.163627874725
53827.60937154491
54102.395689391175
53926.454534750264
53815.61751538134
54117.75968740485
53806.23128990297
53807.333076688716
53856.57994055882
53875.37816031917
53803.22252078461
53867.817650589626
53881.20961880703
53806.23128990297
53818.81140105033
53823.46767940199
53801.61267093823
53822.1860474042
53817.64314604204
53802.48980267084
53806.23128990297
53801.77686547518
53801.71162798726
53807.25449081501
53802.96284709048
53801.392302782544
53804.84833690592
53806.23128990297
53801.96678308131
53801.63614279109
53801.82057086974
53802.54553336281
53800.952893850146
53803.04252876514
53800.827302919024
53802.250174381305
53821.58457153327
53810.94930409847
53812.474586756085
53811.239510379004
53818.41643808026
53807.64655922173
53802.250174381305
53803.624190615235
53802.29677625679
53808.22116845934
53807.7015785381
53800.114737176606
53803.08014335557
53800.95859878505
53799.23703536802
53800.323782193154
53818.81422551023
53800.99514741692
53799.90712904498
53820.01254141277
53797.489757347445
53794.02770580423
53787.2336375964
53774.165775821726
53750.112232262705
53710.342523263964
53664.221990972685
53706.21318754806
956275.7929163572
314429.140512187
203343.8977056463
1.9311066276463263e6
447103.09711235994
266089.0436417184
53706.21318754806
445333.4545786908
106067.94073542808
199499.60698636383
312493.96193705103
124344.79556842877
159382.5199265207
53706.21318754806
56437.9050850999
83145.28905082204
145892.66128437791
54821.441916937
74873.4826595303
121525.60234676514
53706.21318754806
77090.35526617689
70182.69387708226
53834.07822346605
70089.26041820057
77115.23329537374
54879.874920288945
53706.21318754806
53578.339405429186
56930.12496718126
57203.40808901556
53992.85970749134
59618.91465523567
60068.65516948995
54125.070799112844
61203.14312500982
63794.337842229936
73723.62333557928
61316.99683100772
63753.090342188865
73006.74672826659
54125.070799112844
58382.165031140066
53614.99206182268
58333.32914408057
58638.55057376938
53564.34127677868
58077.09376289627
53604.58022101666
62371.10398165347
54641.898844808085
74702.72154699537
63527.98539256097
54362.72484963325
72022.45041694785
53604.58022101666
58148.748573487275
58184.681474368044
53747.63185678443
58859.45929813735
58854.48162843714
53884.302130989185
53604.58022101666
54513.77466615086
54934.61036597274
53995.340833062866
54315.2187586883
54665.70863594882
53849.189165956384
53604.58022101666
53561.99680887567
53813.97796736145
53602.56535254585
53567.82181083762
53933.493040189525
53667.03657108957
53560.712907292494
53571.74312110518
53994.95948979117
58527.34988591933
54879.25894802074
53951.814018475794
58455.466200271774
54798.3607833017
53571.74312110518
54817.72694510694
53587.28387025561
54729.96269673022
54769.816068470354
53564.24350956176
54783.004085529705
53571.74312110518
53850.889333270665
53565.09412627215
53575.584481904705
53887.5245828018
53561.63104519348
53567.98925274951
53571.74312110518
53576.280114239875
53629.762216212905
53629.77486681848
53568.338324054654
53645.56212599175
53609.22652736672
53571.74312110518
53562.11473484939
53560.84583655777
53575.14414642987
53559.53831894755
53560.672235644524
53584.83114921339
53557.871135991045
53557.26667882666
53566.9928870724
53572.968764385994
53620.29952682185
54934.36447770584
53563.815450069735
53581.82361148859
54652.369228722404
53566.9928870724
53622.99123534401
53664.14053083763
53933.06577215369
53687.87836368803
53600.01457406995
53798.87822716562
53566.9928870724
53616.91765254277
53564.5994047936
53666.55569500326
53573.91680031408
53552.61561078962
53602.49296415693
53551.3468330448
53580.86157245372
54681.11263370542
53638.39430997591
53582.929390204845
54885.220985805434
53575.0560247275
53638.026041293924
53580.86157245372
53555.22906535903
53551.580235420995
53802.4905531436
53547.47996080364
53551.1221656553
53916.41388348038
53539.792300259774
53524.60134096246
53494.95707787641
53438.62084114668
53337.770875161754
53183.46793785763
53065.30844177483
53597.68531670675
1.7084465190999648e8
2.7880762151877326e6
52671.66386640922
6.830234552068454e6
1.196028909463818e7
53475.70185293749
51934.93186438584
50665.89210022385
48963.397666913224
49049.20258175934
1.985071033035502e55
58441.92791665997
1.1998940042468886e55
2.0003686242193006e7
51939.29707048612
2.00041464035081e7
49049.20258175934
48810.536664789994
1.981682841640626e7
3.74555585054692e29
49132.453629420714
4.2156335687033654e29
1.983009621573979e7
48553.399541696286
48233.46482011981
48370.953475410264
48370.953475410264
146597.30260084133
2.000558174e7
49132.453629420714
190830.33662993592
3.898461523043555e208
48370.953475410264
48172.64946469111
2.0005581703059163e7
2.0005581437233705e7
48553.399541696286
1.8813917343900112e105
1.3895045741834555e107
48828.3768522773
48828.3768522773
3.918389981164068e208
139966.8304085249
48553.399541696286
2.000558174e7
200154.6106910852
48828.3768522773
48370.953475410264
72079.26430825863
2.0005581637226857e7
48233.46482011981
83764.87466094487
1.7563914188280794e106
48828.3768522773
2.0004474443509422e7
2.023478974561432e55
54699.54948094465
7.168634640540406e54
2.0003677747924693e7
58447.21556760999
48828.3768522773
4.275295176902796e29
1.984101387562929e7
3.372274293115695e29
1.9815503182323392e7
3.3636987928374574e29
1.9841222472251095e7
48828.3768522773
48926.99088602235
48326.22181088458
9.161312078774957e16
48223.0324110009
49067.252061854764
1.7935035556896176e7
48828.3768522773
48177.45207768096
7.13032977279955e10
1.275868984675402e7
48168.85903672524
1.2678956367319837e7
7.078011494223315e10
48164.31473586566
48167.372354434636
50580.62459790027
48167.372354434636
3.794938628225433e29
49430.88778951319
48177.45207768096
1.9828947787646025e7
48167.372354434636
9.152566777167344e16
48354.52566561787
48168.85903672524
1.7935982635203894e7
48894.480432633936
48163.819175102115
48174.97427386325
3.797355817087402e29
1.9841248546968535e7
1.9815533300387796e7
1.9829115846529264e7
3.362627622931554e29
4.2630575613524944e29
48174.97427386325
48164.31473586566
1.7936614042723756e7
48832.52533454046
48167.372354434636
9.146738896142518e16
48414.14118079924
48174.97427386325
48163.56086297191
1.2763626281811414e7
1.2683935024238236e7
48165.08967225641
7.066719359600592e10
7.118954283501651e10
48166.080793783476
9.14965260465024e16
48383.83212225606
48166.080793783476
1.7936298336765684e7
48862.99191547329
48165.08967225641
48166.080793783476
48146.54375662016
48412.158371367565
7.095111716123761e10
48381.103944732065
48176.269966364016
1.2722949561902527e7
48698.83938697066
9.490730271515552e16
48698.83938697066
9.266388918873915e16
1.7914751470836762e7
48381.103944732065
1.7956308610621233e7
48698.83938697066
48326.22181088458
7.12577848703146e10
7.149611029245844e10
48163.56086297191
1.276263888907686e7
1.2721958007448196e7
48698.83938697066
48139.74181213048
6.677100968911928e6
6.636171065418445e6
48153.597544288365
1.745343915964499e8
1.7439349493124667e8
48126.89345268676
48104.218851941754
48070.95812302096
48052.790555456726
48209.8709814376
48209.8709814376
2.0005581456969127e7
2.1928457976692654e105
48153.597544288365
1.5975991996616094e107
2.0005581705119837e7
48209.8709814376
48099.09484159562
2.0003737000455447e7
7.694799377097368e54
48070.95812302096
2.1567642157017278e55
2.0004508201462742e7
48209.8709814376
50739.75662670792
1.983179295436198e7
3.4853385406342294e29
49520.607376353335
3.933845420517947e29
1.984370121847872e7
48209.8709814376
48058.3223907068
9.312180399953994e16
48228.240174512546
48051.28821106313
1.7951461621753413e7
48790.766140045074
48060.37199484528
50352.327526604415
48060.37199484528
3.9263564494751336e29
49399.963999987434
48058.3223907068
1.9831737934523217e7
48060.37199484528
1.7951461621753413e7
9.537645331640016e16
1.7992644365200542e7
9.30035243860987e16
1.7911086910098366e7
9.084325924845374e16
48060.37199484528
48051.53569690287
7.154247867902356e10
48057.018162447785
48052.04809793756
1.2748327634741075e7
48273.559629157106
48060.37199484528
1.7536208367265436e8
48025.92162963281
48051.28603239375
6.636718739235844e6
48133.653812442804
48051.54223291102
48144.04713519139
1.272750374602465e7
1.2769067813723985e7
48126.845566434655
7.191279352249045e10
7.169644335086867e10
48121.832154237774
48144.04713519139
1.2572916001609491e7
1.7532877262585777e8
1.7523750266831207e8
2.6261070618481534e6
6.676831172591062e6
6.637087664244816e6
48144.04713519139
538600.5390371291
2.6178307120902706e6
48031.264049892816
237203.44620309563
1.2551547032475647e7
48035.16801185228
48144.04713519139
818263.139471733
1.1721935839514793e6
2.1647463629442975e6
358037.8587102874
496854.4692462676
830577.0389671391
48144.04713519139
41919.658349690166
55113.26010383219
237729.1867228206
77560.21875490804
43455.35495619537
539208.3480189092
91589.0214770202
65949.45069707606
66233.90760391507
1.74620239685744e6
55069.84154955489
55109.68394714201
974260.5885467294
91589.0214770202
324350.4533236536
57367.85697443942
93061.58742496613
377371.4312633384
48025.4355526494
107179.45515265338
91589.0214770202
111428.28091199437
75176.68794081522
77967.66013330482
124441.70108204268
62306.113203994166
64947.3400114095
91589.0214770202
41370.90969144313
66531.96295859499
42586.16993145483
43390.0044399049
55154.450893548994
48023.72412245302
43113.381200046024
42425.789333029614
50398.043857291894
124478.18906588679
42767.209005524994
50708.79759840036
113392.27780031197
43113.381200046024
42736.82327692755
43107.00190500177
60968.07949639862
42438.462775042564
43410.420223806344
60394.51303245205
43113.381200046024
41375.97446037586
44264.986175411825
46028.24410252874
41368.19255288069
44622.51607831206
46349.24038187953
41369.81055100655
60182.289617008944
59406.3479881353
43608.85835236888
61306.51299983908
58403.14599585646
43669.95118027638
41369.81055100655
46204.3012745193
45951.456579774764
41360.580745600324
46180.637486316606
45874.10327482452
41385.70301970372
41375.131022604655
41779.91213912882
41575.19671169172
61943.114102265
41718.58352965151
41482.87355518129
59536.593560437876
41375.131022604655
45901.13032157848
43408.90013422687
41589.58122622973
46492.01181784104
43696.67276745145
41696.4070667775
41375.131022604655
41359.854948619955
42673.96090994404
42113.090133043064
41361.342313897185
42471.010462266226
41951.088272842695
41358.51065085368
41356.25111583923
41353.44729425787
41354.69270307066
46150.8092196352
304556.7054307482
96267.07653322471
46198.52906075981
410309.0462590539
104675.97406971588
41354.69270307066
41348.36890872862
41995.95777971278
125326.99832009817
41358.527718379555
42037.99878434253
112804.84829661246
41338.21825357501
41317.941407778155
41277.485581356435
41196.96544624702
41037.491703460844
40724.813981536616
40124.566854871686
39024.74047191304
37229.64404838075
35272.88529088627
38016.885954866695
2.000558174e7
Inf
428563.9719792916
Inf
2.000558174e7
878110.8882137946
38016.885954866695
35136.147122911905
2.000558174e7
177134.3985239485
36414.77726142146
3.056488684254509e208
141043.6493858131
37878.13219464607
404346.9971918237
315097.43424143805
Inf
927722.17874096
737898.392716543
2.000558174e7
37878.13219464607
115365.5739542815
215731.20712345617
3.0873304209655107e208
177134.3985239485
141043.6493858131
2.000558174e7
37878.13219464607
1.1899756205731305e107
2.000558163288853e7
1.5999695990911357e105
2.000558142443232e7
1.4767694182212657e106
2.0005581701684438e7
37878.13219464607
40293.28139570398
1.0649876670258894e55
1.762921417056492e55
45340.4242154917
2.000410268400973e7
2.0003627079180256e7
37878.13219464607
38472.65493121408
3.382016387220962e29
3.8110101652759126e29
36138.977836683676
1.982612512625874e7
1.9812625346187364e7
37878.13219464607
1.7873501879979674e7
35115.32218541284
8.252199815662779e16
8.467978181647478e16
36241.405925311374
1.7914319710105464e7
38168.694295173904
38168.694295173904
37535.58801047086
3.591029954256797e29
36241.405925311374
35918.609426544725
1.9832665751281053e7
38168.694295173904
8.671262024387373e16
1.7955938146031898e7
8.257367528114464e16
1.7916199337198086e7
8.452089571380154e16
1.7997079823119037e7
38168.694295173904
35427.87958021825
1.2718573948138813e7
6.511622388718007e10
35004.14013974569
6.556349328388328e10
1.2798895623536736e7
35401.72760758525
34992.71424028098
1.789499209539095e7
8.14827393196523e16
35019.47343234067
8.558519906802138e16
1.7976949258211933e7
