-12                       10                      1353.000000
-13                       11                      1594.000000
-11                       11                      1112.000000
 -8                       14                      509.000000
  1                       23                      220.000000
 28                       50                      7367.000000
  5                       50                      254.000000
 14                       59                      1383.000000
 -3                       25                      164.000000
 -7                       -2                      518.000000
  2                       37                      331.000000
-15                       31                      1956.000000
 -1                       10                      92.000000
  5                      -35                      604.000000
  1                       34                      330.000000
 -5                       12                      136.000000
 -3                       -3                      124.000000
  1                       -5                      60.000000
  4                      -14                      303.000000
  3                        8                      12.000000
  6                       14                      225.000000
  5                       -7                      324.000000
  1                        6                      50.000000
  3                       19                      102.000000
  2                        1                      31.000000
  4                        3                      133.000000
  2                        5                      11.000000
  3                       12                      32.000000
  2                        4                      1.000000
  1                        1                      0.000000
  0                       -3                      31.000000
 -2                       -8                      123.000000
  1                       10                      90.000000
  1                        0                      10.000000
 -1                       51                      502.000000
-19                       -5                      3680.000000
 -0                       10                      101.000000
 -1                       21                      202.000000
 -9                       -3                      850.000000
  1                        2                      10.000000
 -4                        8                      85.000000
  4                       11                      53.000000
  1                        3                      20.000000
  0                        6                      61.000000
  3                        4                      52.000000
  2                        2                      21.000000
  1                       -1                      20.000000
  0                        1                      11.000000
  0.11999999999999999556   0                      1.024000
  2.8799999999999998934    5                      34.824000
  0.81000000000000005329   1                      3.629000
  0.5                      1                      8.000000
  0.8499999999999999778    2                      12.925000
  1.5100000000000000089    1                      13.311000
  0.5                     -1                      13.000000
  0.81000000000000005329   1.25                   6.129000
  0.80000000000000004441   1.4499999999999999556  8.300000
  0.81999999999999995115   0.5                    1.904000
  0.5                      0                      3.000000
  1.3200000000000000622    1.5                    2.744000
  1.1200000000000001066    1.1299999999999998934  1.364000
  1.3000000000000000444    1.6299999999999998934  0.900000
  1.1799999999999999378    1.5                    1.256000
  1.1699999999999999289    1.4099999999999999201  0.581000
  0.86999999999999999556   0.78000000000000002665 0.361000
  0.69999999999999995559   0.36999999999999999556 1.500000
  1.0500000000000000444    1.1499999999999999112  0.525000
  0.81999999999999995115   0.63000000000000000444 0.604000
  0.98999999999999999112   1.0200000000000000178  0.409000
  0.88000000000000000444   0.76000000000000000888 0.264000
  1.0100000000000000089    0.97999999999999998224 0.411000
  0.91000000000000003109   0.82999999999999996003 0.109000
  1.0300000000000000266    1.0700000000000000622  0.121000
  0.98999999999999999112   0.98999999999999999112 0.109000
  0.92000000000000003997   0.83999999999999996891 0.144000
  0.96999999999999997335   0.94999999999999995559 0.121000
  0.9000000000000000222    0.83999999999999996891 0.400000
  1.0800000000000000711    0.80000000000000004441 3.744000
  1                        1.0100000000000000089  0.100000
  1.0300000000000000266    1.0200000000000000178  0.439000
  1.0900000000000000799    1.1799999999999999378  0.171000
  0.95499999999999996003   0.92000000000000003997 0.124750
  1.0500000000000000444    1.0300000000000000266  0.775000
  1.0147999999999999243    0.9000000000000000222  1.312990
  0.99939999999999995506   1                      0.012596
  1.0100000000000000089    1.0026999999999999247  0.184000
  0.99939999999999995506   0.98999999999999999112 0.088604
  0.99960000000000004405   0.99499999999999999556 0.042402
  0.99980000000000002203   1.0049999999999998934  0.054200
  0.99970000000000003304   0.99750000000000005329 0.019301
  0.99970000000000003304   1.0024999999999999467  0.031299
  0.99970000000000003304   0.99880000000000002114 0.006301
  1.000299999999999967     0.99880000000000002114 0.018301
  0.99960000000000004405   0.99970000000000003304 0.005398
  0.99990000000000001101   1.0008999999999999009  0.011100
  0.99980000000000002203   0.99929999999999996607 0.003200
  1.0200000000000000178    1.0147999999999999243  0.276000
  1.0059000000000000163    0.94999999999999995559 0.624248
  0.99970000000000003304   1.0003999999999999559  0.010299
  0.99719999999999997531   0.99860000000000004317 0.044722
  1.000199999999999978     0.99960000000000004405 0.008200
  0.99980000000000002203   0.99970000000000003304 0.001200
  0.99360000000000003872   0.97999999999999998224 0.078810
  0.98999999999999999112   1.0128999999999999115  0.338000
  1.000199999999999978     1.000099999999999989   0.003200
  0.99719999999999997531   0.98999999999999999112 0.046878
  1                        1.0003999999999999559  0.004000
  0.99985000000000001652   0.99960000000000004405 0.001150
  0.99499999999999999556   0.99509999999999998455 0.055750
  1.0024560000000000137    0.98999999999999999112 0.151636
  1.0043470000000001008    1.0076000000000000512  0.015476
  1.000299999999999967     1.002067000000000041   0.014969
  1.0000500000000001055    0.99990000000000001101 0.002050
  0.99986299999999994625   0.99975000000000002753 0.000377
  1.0000130000000000408    1.0001500000000000945  0.001253
  0.99989099999999997426   0.99973800000000001553 0.000549
  1.001994999999999969     0.99499999999999999556 0.091935
  1.0020000000000000018    1.0049889999999999102  0.011850
  0.99996004999999998919   1                      0.000839
  0.9999099999999999655    0.99973996357999994622 0.000890
  0.999971999999999972     1.000011999999999901   0.000708
  0.99991099999999999426   0.99980700000000000127 0.000239
  0.99966299999999996828   0.99799999999999999822 0.013598
  0.99899999999999999911   1.0006729999999999237  0.027720
  1.0000150000000000983    1.000011999999999901   0.000195
  0.99993112510000004001   0.99988799999999999901 0.000326
  1.000104000000000104     1.0002050000000000107  0.000134
  1.0000890000000000057    1.0001930000000001098  0.000239
  1.0000335000000000196    1.0000569999999999737  0.000134
  1.0002512699999999146    1.0009999999999998899  0.005225
  1.0004999999999999449    0.9994969999999999688  0.015532
  0.99999248730000001029   0.99999503000000000696 0.000108
  0.99996952425131002684   0.99990102217499998716 0.000411
  0.9998884873000000173    0.99979002999999999624 0.000242
  1.0000501218249999713    1.0001012574999998961  0.000060
  1.000057634525000072     1.0001062274999998891  0.000148
  1.000008774106249998     1.0000228293749999775  0.000062
  0.99980000000000002203   1.0002554599999999851  0.006754
  1.0001021800000000628    1.0004999999999999449  0.003058
  1.0000132254420699418    0.99987616827534997466 0.001516
  1.0000890000000000057    1.0001530518349999177  0.000339
  1.0000413477187499733    1.0000784281249999186  0.000084
  1.0000169175093800433    1.0000367290625000738  0.000046
  0.99990000000000001101   0.99995529999999999138 0.001653
  1.0000223500000000598    0.99980000000000002203 0.002469
  1.0000548172353300735    1.0000950321132699994  0.000201
  1.0000187656999999231    1.0000357240322299557  0.000037
  1.0000018481906201018    0.99999899496972999291 0.000049
  1.0000131501796900579    1.0000272955393099128  0.000023
  0.99999438447969002386   0.99999157150707995712 0.000034
  1.0000004797847699134    1.0000026096383700658  0.000017
  0.99998732960507996648   0.99997531409906004196 0.000019
  0.9999937847487300191    0.99998830945911998391 0.000014
  0.99999330496395999468   0.99998569982075002915 0.000016
  0.99999509866916003187   0.99998992727515001455 0.000008
  0.99997510850000004279   0.99990000000000001101 0.000527
  1.0000500000000001055    0.99995022000000000073 0.001548
  0.99998954579906995654   1.0001083567507900174  0.001303
  0.99999768283204004682   0.99999410658078002889 0.000015
  1.0000013139204300128    1.0000016178160300306  0.000011
  0.99999943162751003811   0.99999829072680002096 0.000006
  0.99997999999999998      0.99997165389999997931 0.000137
  0.99998866159999999503   1.0000500000000001055  0.000738
  1.0000003405911899179    0.99999966348290003637 0.000011
  1.0000001866703100983    1.0000026096383700658  0.000023
  1.0000043329583498952    1.0000083634516498954  0.000007
  1.0000020243860499036    1.0000037544075299767  0.000005
  1.0000025927585400876    1.0000054636807300668  0.000005
  1.0000018024757799662    1.0000036704422499145  0.000002
  0.99999686799999998321   0.99997999999999998    0.000140
  1.0000100000000000655    0.9999937360999999747  0.000273
  1.0000030319999999584    1.0000200626389998959  0.000143
  1.0000023895163900889    1.0000042091962200175  0.000008
  0.99999977808972995152   0.99999991603472004886 0.000004
  1.0000003396638099673    1.0000008756279199496  0.000002
  1.0000014628119699989    1.000002794814329965   0.000003
  1.0000006204508500307    1.0000013554245199554  0.000002
  1.0000050000000000328    1.0000084316999999778  0.000021
  1.0000042158649999902    0.99999000000000004551 0.000189
  0.99999990784134995536   1.0000000156830000098  0.000002
  0.99999943162751003811   0.99999948954852002636 0.000007
  1.0000020000000000575    1.0000010162520001078  0.000032
  1.0000004065009999721    0.99999499999999996724 0.000059
  0.99999997593499001525   1.0000000398374799815  0.000001
  1.0000006204508500307    1.0000009688766600124  0.000003
  0.99999817345921004907   0.99999636939522995593 0.000002
  0.99999908071334997484   0.99999819465699002485 0.000001
  1.0000008952216399294    1.0000018451804899566  0.000001
  1.000000441594570022     1.0000009325496099777  0.000001
  0.99999942057799995343   0.99999800000000005351 0.000009
  1.0000009999999999177    0.99999884115500004    0.000033
  0.9999999834212000005    1.0000026906725500986  0.000027
  0.99999991577214997207   0.99999966348290003637 0.000002
  0.99999953434041999323   0.9999991072878700038  0.000001
  0.99999950000000004113   0.99999957037200004617 0.000006
  0.99999978518586996046   1.0000009999999999177  0.000015
  1.0000000071481400798    0.99999999429627994818 0.000000
  1.0000001059476799625    1.0000003476028200833  0.000001
  1.0000000312131500646    0.99999995445879996669 0.000001
  1.0000000173936101078    0.99999997580346999815 0.000001
  1.0000001999999998947    0.99999989996033999962 0.000005
  1.0000000400158599589    1.0000005000000000699  0.000004
  0.99999999759984004033   0.99999999600040001546 0.000000
  0.99999990784134995536   1.0000000398374799815  0.000002
  1.0000000095482999285    0.99999999829588004374 0.000000
  1.0000000065611900357    0.99999999772200998116 0.000000
  1.0000001000000000584    0.99999984519303997121 0.000004
  1.0000000774034800699    1.0000001999999998947  0.000001
  0.99999999822596996601   0.99999999954806995106 0.000000
  0.99999999357406998968   0.9999999971481400296  0.000000
  1.0000000005869600361    0.99999999657426996702 0.000000
  1.0000000233354899848    0.99999990000000005264 0.000001
  0.99999994999999997081   0.99999995332902003042 0.000001
  1.0000000266645099334    1.000000146670980028   0.000001
  1.0000000054838400487    0.99999999790173998981 0.000000
  1.0000000146254599542    1.0000000499999999182  0.000000
  1.0000000200000001005    0.9999999634363500034  0.000001
  0.99999996537453994527   0.99999998656364996741 0.000001
  1.0000000099999999392    1.000000004904189943   0.000000
  1.0000000024521000785    0.99999998000000001053 0.000000
  0.99999998754789998223   1.0000000150958099354  0.000000
  1.0000000001169599972    0.99999998999999994975 0.000000
  0.99999999500000003039   0.99999999976608000551 0.000000
  1.0000000048830399724    1.0000000102339199337  0.000000
  0.9999999984994100144    1.0000000049999999696  0.000000
  1.0000000019999999434    1.0000000037514900075  0.000000
  0.99999999950059004217   0.99999999124851002286 0.000000
  0.99999999900000002828   0.9999999999734899836  0.000000
  0.99999999998675004331   1.0000000019999999434  0.000000
  1.0000000010132499284    0.99999999802650996195 0.000000
  0.99999999937386996329   0.99999999645232995338 0.000000
  0.99999999908689995998   0.99999999722626997656 0.000000
  0.99999999949999995863   1.0000000006860501056  0.000000
  1.0000000003430200568    1.0000000010000000827  0.000000
  1.0000000001569799846    0.99999999831395003369 0.000000
  1.0000000015869598968    0.99999999660077998342 0.000000
  1.0000000009402199019    0.99999999744395995371 0.000000
  0.99999999979999998345   0.99999999967443997662 0.000000
  0.99999999986976995103   1.0000000005000000414  0.000000
  1.0000000003302300655    0.99999999982555998201 0.000000
  0.99999999915698001285   0.99999999968605002287 0.000000
  0.99999999945349005159   1.0000000000145399248  0.000000
  1.0000000001000000083    1.0000000000175399695  0.000000
  1.0000000000087700958    0.99999999979999998345 0.000000
  0.99999999989123000699   1.0000000001824600471  0.000000
  0.99999999993023003242   0.99999999917444004627 0.000000
  0.99999999991512000808   0.99999999950582996178 0.000000
  1.0000000000500000041    0.99999999995632005145 0.000000
  0.99999999997816002573   0.99999999989999999173 0.000000
  0.99999999997183997014   1.0000000001436799568  0.000000
  1.0000000000912299125    1.000000000217539986   0.000000
  1.0000000000706199543    1.0000000001131499339  0.000000
  0.99999999997999999835   1.0000000000152700075  0.000000
  1.0000000000061100014    1.0000000000500000041  0.000000
  1.0000000000138900003    0.99999999993472998838 0.000000
  1.0000000000718400894    1.0000000000563200597  0.000000
  1.0000000000484199347    1.0000000000172399872  0.000000
  0.99999999998999999917   0.9999999999896900249  0.000000
  0.99999999999485000846   1.0000000000200000017  0.000000
  1.0000000000151501034    0.99999999999030997344 0.000000
  0.99999999997388999695   0.99999999996527000334 0.000000
  0.99999999998194999407   0.99999999998644995003 0.000000
  0.99999999999499999959   0.99999999999185995581 0.000000
  0.99999999999593003341   1.0000000000100000008  0.000000
  1.000000000009070078     0.99999999999814004337 0.000000
  0.99999999999514999072   0.99999999996969002325 0.000000
  0.99999999999508004667   0.99999999998226996034 0.000000
  1.0000000000019999558    1.0000000000018700597  0.000000
  1.0000000000007500667    0.99999999999499999959 0.000000
  0.99999999999724997757   1.0000000000031299408  0.000000
  0.99999999999906996617   0.99999999998185995498 0.000000
  0.9999999999982900345    0.99999999998888999819 0.000000
  0.99999999999900002212   0.99999999999959998664 0.000000
  0.99999999999980004883   1.0000000000019999558  0.000000
  1.000000000001199929     0.99999999999839994658 0.000000
  1.0000000000012498891    1.0000000000068700601  0.000000
  1.000000000001129985     1.0000000000038999914  0.000000
  1.0000000000005000445    0.99999999999989996891 0.000000
  0.99999999999995003996   0.99999999999900002212 0.000000
  0.99999999999955002661   1.000000000001100009   0.000000
  0.99999999999919997329   0.99999999999760003089 0.000000
  0.99999999999934996442   0.99999999999870003986 0.000000
  1.000000000000029976     0.99999999999949995555 0.000000
  0.99999999999980004883   0.99999999999991995292 0.000000
  1.0000000000001700862    1.0000000000005799805  0.000000
  1.0000000000005500045    1.0000000000008999468  0.000000
  1.0000000000003999023    1.0000000000004301004  0.000000
  0.99999999999998001599   1.0000000000002000622  0.000000
  0.99999999999989996891   0.99999999999995003996 0.000000
  1.0000000000001199041    0.99999999999985000887 0.000000
  1.0000000000002300382    0.99999999999958000263 0.000000
  1.0000000000001199041    0.99999999999967004172 0.000000
  0.99999999999982003285   0.99999999999972000175 0.000000
  0.99999999999986000088   0.99999999999984001686 0.000000
