2.531217067023873e6
1.5947223402686346e8
1.603079345485945e8
5.221629802186561e12
1.612439081088491e8
1.6039713401710162e8
2.6987380730325696e6
2.5289304529401553e6
5.076989339555317e12
2.383672140064413e6
2.533506297434023e6
1.1621390526633283e7
1.0615033092191323e24
2.1430195824203244e6
8.71808379661769e23
1.6974952877705704e7
2.6987380730325696e6
1.733459298344725e7
1.987350558559309e7
1.10240516591502e47
2.7660314665709396e47
4.077693166973875e46
1.979816445438966e7
1.9674652143583775e7
2.146258576304145e6
1.9667209319765763e6
1.7647169992604364e7
2.1397900401511034e6
2.383672140064413e6
1.0624204755644574e24
1.763080866033943e47
4.298243057478219e47
1.775707685696479e6
1.9840476627291493e7
1.974397321020482e7
2.375485673485401e6
6.658371071897266e92
1.8451486844439458e6
3.7857634788330594e94
2.0005492567130774e7
2.4084742355215866e6
2.000514393194486e7
1.77803192950991e6
1.9716526489541738e6
4.305669038976683e47
1.7734145619496973e6
1.7469333312182564e6
1.9899759651817817e7
1.7473688970646253e6
1.9716526489541738e6
2.3489758393319334e95
1.746607796197584e6
2.0283121477164268e6
2.0005386508019984e7
1.7473688970646253e6
1.422804483625003e190
2.5898884587101173e6
1.7462868186333256e6
2.0005581738419082e7
3.0875189531852496e6
1.1362297743541498e7
1.7469652334131564e6
Inf
4.048326552491602e6
1.7473688970646253e6
2.000558174e7
1.422804483625003e190
2.6095836007714495e6
2.0005581738419082e7
2.0005581738430012e7
3.038761238668187e6
1.403198803419942e190
1.746392292002607e6
2.0005387518600162e7
1.9425931192212962e6
1.7462913760897396e6
2.3247206362994984e95
2.0459696728398714e6
1.7645532676290546e6
1.7603093408686246e6
9.846234389741533e47
1.8532531708303322e6
1.8499380841948818e6
1.9937315051054865e7
1.7463028715857367e6
1.872650400919274e7
1.7367852237361071e6
1.7462776426075206e6
2.5857858696710763e24
1.7859857587113527e6
6.530865786231461e47
1.7859857587113527e6
1.9920876395908196e7
1.9921022884543017e7
1.8288466589935513e6
6.508250488079218e47
1.7372968394072542e6
1.7624157442155157e6
2.1852189877167636e24
1.7362809181337669e6
1.7462868186333256e6
1.856504929762538e7
1.7372968394072542e6
1.7864201577175586e6
1.9920986262287065e7
1.7352942371355009e6
1.8271722283428428e6
6.513900635325591e47
1.9477698432669928e6
1.9381513375585654e6
9.42493508786035e94
2.1142939601229415e6
2.0894027834291896e6
2.0005291958979618e7
1.7362809181337669e6
1.7873083871874618e6
1.992105950686381e7
1.7343367964124577e6
1.8238482389045393e6
6.502602792360642e47
2.000529221060631e7
1.9453306224106015e6
1.7325096357920393e6
9.408574098574464e94
2.0955688679150266e6
1.7362809181337669e6
2.0005581736585323e7
2.000558173999022e7
2.0005579166542552e7
2.1327031289072313e189
5.329073389231134e181
1.7709094552672344e195
1.7343367964124577e6
2.0832745054017555e6
9.375894759218506e94
1.7307994362725099e6
1.9502321270762414e6
2.000529271385969e7
1.7277299205361186e6
2.482443435621153e6
2.1401625875601725e189
1.7343367964124577e6
3.4338065425533913e6
2.0005581736603096e7
2.000558174e7
3.9321521612133533e6
1.7229944222740105e6
Inf
1.2964620953461897e7
1.7343367964124577e6
1.7343367964124577e6
2.000558174e7
4.4139484908969545e8
1.719137558592487e6
Inf
6.889089145085612e6
1.7343367964124577e6
2.000558174e7
2.000558174e7
1.7338803626002094e6
Inf
Inf
Inf
6.889089145085612e6
Inf
1.2322528783515377e8
4.13051662437746e8
2.000558174e7
2.000558174e7
4.102362139849171e6
1.7200161931730714e6
Inf
1.1847065863387192e7
1.720130301626134e6
2.0515085713816279e189
2.6204564125732617e6
2.00055817366742e7
2.0005581736697897e7
3.0559521907929075e6
2.0223739539435664e189
2.02853963259498e6
2.0005299759408362e7
1.793847277108615e93
1.907131418559303e6
8.860757240657542e94
2.000552302420687e7
1.8311546898987002e6
1.7191593105084149e6
6.135275202885659e47
1.7327607410501319e6
1.7191450469517822e6
1.9923476723382816e7
2.0582557221303575e24
1.876362766264617e7
1.708256387811168e6
1.860729102643884e7
1.72867789766251e24
1.7622522745803806e6
1.7093358289586506e6
9.274158969022933e47
1.9939265586411886e7
1.7072080667303337e6
1.98458777903663e7
1.6405608310199051e47
1.9245612281356722e6
1.7093358289586506e6
3.510558174389979e94
2.0877639205214293e6
1.7052047847686107e6
2.0005158687804773e7
2.949339602272194e188
2.469628534721415e6
2.000558173998098e7
2.0005581732766304e7
3.528023414325871e6
3.763131248287814e180
2.061732635795776e6
1.9348071440640853e6
3.4980106477687264e94
1.9245612281356722e6
2.0877639205214293e6
2.000515944451582e7
9.241040626428998e47
1.9939442916914888e7
1.7949868563125853e6
1.9846446416420024e7
1.6317691661539247e47
1.7651886814991483e6
1.7056939352340477e6
1.8609707641557038e7
1.822695122719174e7
1.7047234143198354e6
1.4385491755634438e24
2.0472354987281284e24
1.7636895318700376e6
1.984623317980675e7
1.6332328033309748e47
1.786439315314145e6
9.199726003302592e47
1.9939531582735576e7
1.8430995686830964e7
1.86103118426684e7
1.8228475182175715e7
1.717877281030436e24
1.4372605833709562e24
2.0472354987281284e24
5.967074688071981e12
6.109788084761232e12
1.7079228026490977e6
1.3978229527158821e7
1.3770864558932597e7
1.7102579260358473e6
8.515499125981068e6
1.705101471236877e6
1.3366831696179037e8
1.3308138850580302e8
1.7066649603980281e6
8.621809210627781e6
7.477528573764051e6
7.33153112878591e6
3.073374947044244e6
4.925759568144564e6
4.866136667826107e6
2.0804817300891487e6
2.2591313255259986e6
2.26575209215262e6
2.0522027873056422e6
1.5277754293525128e6
1.536451121449859e6
3.05537412275215e6
1.5280932604092627e6
1.4775553298445972e7
2.286008298043265e6
1.5274577498865973e6
3.951283801798905e6
3.743601238995639e6
7.768868700041693e6
1.4952840097048497e6
1.5268228457272681e6
3.2867984109125435e8
1.5623746180003877e6
1.5280932604092627e6
3.114924896045367e13
1.3791939585477984e7
1.5637320699237434e6
1.3384936131987704e7
2.9440157626644625e13
1.4377809611010433e6
8.823399709773382e24
1.262916311437397e25
1.355685170320518e6
1.8619134814741433e7
1.825342066255693e7
1.5583170246636579e6
1.3586153972803697e6
1.9881896195702062e48
1.0497181320387893e49
1.3527901233794938e6
1.9955901381240055e7
1.988997116523973e7
1.9630995078892175e6
1.929215211090166e6
1.0103566932521458e96
1.3275384512564747e6
1.3239805132316467e6
2.000536010810233e7
1.9630995078892175e6
1.3275384512564747e6
5.905049992196937e193
2.0973395863023587e6
1.320878024279149e6
2.0005581739901055e7
2.0005581739943605e7
3.323184061868964e6
Inf
Inf
7.172522070200998e6
2.000558174e7
2.0005581739901055e7
2.0769137002678367e6
5.905049992196937e193
5.989952389652858e193
1.9976919716405692e6
2.0005581739900347e7
2.0005570327201203e7
3.0575513932195378e97
6.395041143315333e98
1.0176201821303441e96
2.000553384108517e7
2.0005358517644946e7
1.3201735659585756e6
4.679585998507243e49
1.9982938174082987e7
1.3216109481667425e6
1.995563431661969e7
1.0591469530371357e49
1.3188500460184913e6
1.373794232362035e6
3.052107532494583e97
1.3216109481667425e6
1.6016276070656755e6
2.000553371264731e7
2.024101054016529e6
1.3216109481667425e6
5.97930644871388e193
2.06179905426916e6
1.316544592942571e6
2.0005581739900433e7
3.1617377230897774e6
7.3896430658699e6
Inf
6.898740315621971e6
3.2732621176120113e6
2.000558174e7
1.31469458893898e6
2.0005581739999544e7
2.0005581693680726e7
1.3188500460184913e6
1.842720607298544e187
1.0402965660726725e199
3.1344181259019393e6
7.515354204143546e6
Inf
7.019674732756955e6
3.2450441181158205e6
2.000558174e7
1.313300034007719e6
1.0476889350065286e199
2.0223514092438817e6
1.316544592942571e6
2.0005581693516444e7
2.09647273280458e6
1.3118772713621866e6
7.3896430658699e6
Inf
1.316544592942571e6
3.1617377230897774e6
2.000558174e7
1.314497134939081e6
5.525735777263135e6
2.000558174e7
1.316544592942571e6
1.0214366593694735e8
Inf
2.000558174e7
3.1073231292911908e6
Inf
Inf
7.642259522701856e6
2.000558174e7
2.0005581739899013e7
1.965520153445577e6
6.150777775405697e193
6.237422456086139e193
2.2103415031289053e6
2.0005581739898305e7
2.0005570113745376e7
1.5296043661175407e6
6.660678446945047e98
1.0636063969058003e96
1.4433045773954892e6
2.000535394508064e7
1.311827521083088e6
1.995461060074959e7
1.1030625098615418e49
1.3119554872083052e6
4.87361632096896e49
1.9982473763118345e7
1.5268958725477569e6
2.000553264233186e7
1.0654669829333077e96
1.4471494848448473e6
3.167447237633234e97
2.000557010358081e7
1.3118062363710096e6
4.882141826697965e49
1.99824535715726e7
1.3118772713621866e6
1.9954566092509646e7
1.104992117185535e49
2.0005570113745376e7
1.5242107769622176e6
3.1729929613496485e97
1.0710584967557478e96
1.4510295723130326e6
2.000553259951924e7
1.3866543181530735e6
1.311813417225952e6
2.3737888792341316e49
1.326628360891581e6
1.311827521083088e6
1.99714232430443e7
1.9190858097197887e7
3.0060473467762185e25
3.000804862295346e25
2.2005834918796186e25
1.899237115176002e7
1.8991507813299038e7
1.311805362937837e6
4.2451966327570516e13
1.323047813587784e6
1.311808888902121e6
1.5356239263948914e7
1.3061390378849676e6
2.3843795997860346e25
1.9145632317965876e7
1.8933538258288898e7
1.904678753973076e7
2.030480034479297e25
2.7806387937158175e25
1.5355339573777795e7
4.247049414334047e13
1.311808888902121e6
4.043122550827452e13
1.5061725542415727e7
1.3066507140877354e6
1.3082770755980364e6
1.3061905665372266e6
3.3608437704130286e8
1.3054390803343414e6
1.30608796552756e6
9.607286726739664e6
1.5284754249417374e7
4.1956402844087805e13
1.3081792845866582e6
3.994597215269298e13
1.4985075572417023e7
1.3090881715354277e6
1.3064377052721516e6
3.371206462112755e8
3.359987424251218e8
1.3060373494650032e6
9.607286726739664e6
9.425854965970017e6
1.1742570115751345e7
1.3055740524963955e6
2.1966727265163115e6
5.190727731155033e6
1.3056895093686066e6
2.926341039616232e6
1.583261305336424e6
1.5209806826543151e6
2.934724465314203e6
1.168268214949218e6
2.4098586023959075e6
2.2103710179010113e6
1.1766060094032718e6
1.176232606030506e6
1.74911990432559e7
1.1603866085948367e6
1.1607287475206312e6
4.6098893519261135e6
1.176232606030506e6
1.1600449930190772e6
5.700673710307175e8
1.14627477273966e6
1.1607287475206312e6
9.073672612268876e6
1.146898420026219e6
1.500595147160595e7
1.176232606030506e6
1.1456531935117315e6
9.545425126786705e13
1.123041800857628e6
1.89543321619392e7
1.915823975193845e7
1.1747442904877064e6
7.229867307656648e25
5.271901784965984e25
1.0957129300815912e6
1.0968756706810023e6
8.540576031726064e49
1.1034219129244846e6
1.094580984613304e6
1.9976690737221587e7
1.1777293982905308e6
1.179098169954643e6
1.3802495772974978e6
1.8464523915613662e98
1.359517373903516e6
1.1860513669086923e6
2.0005547584031705e7
1.731480425229409e50
1.1034219129244846e6
8.540576031726064e49
1.9962863235248633e7
1.1717930895537836e6
1.997674111921169e7
1.122037151211923e6
1.0940265600533318e6
7.229867307656648e25
1.0893964730898372e6
1.0951431079560572e6
1.915860219461033e7
1.089717815242041e6
1.135578505895011e6
1.9981740372801345e7
1.0891045194075226e6
1.122037151211923e6
1.220490019360514e50
1.245152707959522e6
1.089717815242041e6
3.988449839674544e98
1.2520591319957878e6
1.0886087774525613e6
2.000555793847706e7
1.089717815242041e6
1.60001331934279e6
2.0005581739976186e7
1.0879699551813111e6
1.9236244539056777e6
4.610296721889553e195
Inf
2.602683339041555e6
1.089717815242041e6
2.000558174e7
6.334739201864433e6
1.0881029571935004e6
1.0886087774525613e6
1.61708060807724e6
2.0005581739976272e7
1.087801348428291e6
1.887044031471262e6
4.5780593394974014e195
6.447816985658974e6
Inf
2.6288744746524454e6
2.6819968921136395e6
2.000558174e7
6.222790066961708e6
2.0005581739976354e7
1.6344810592056664e6
1.0881029571935004e6
4.545935062432771e195
1.8511659134152385e6
1.0879699551813111e6
1.0878268748650225e6
1.2697270343095027e6
2.0005558146517012e7
1.0878933758711172e6
1.2139402656339689e6
3.919031502422969e98
1.9981948460952457e7
1.9989324398631807e7
1.9970889382796906e7
1.195043599904597e50
5.786415114584316e49
2.3930563926290567e50
1.0877967093612654e6
8.25736608648791e25
1.110328494130419e6
1.0878133346127889e6
1.9250435571819343e7
1.0841620631162631e6
1.6953801896837026e50
1.110328494130419e6
8.37741953601789e49
1.9963235915774427e7
1.1441459580040995e6
1.9977018222340178e7
8.25736608648791e25
1.916621498094672e7
6.07129762290827e25
1.9071960716563057e7
7.08537834385046e25
1.9250762597614586e7
1.0835614267195372e6
1.0096008551797752e14
1.083467535452684e6
1.0899156090619962e6
1.5475136784758503e7
1.0902151772875574e6
1.9120704013064407e7
1.921010872955001e7
6.556379997328416e25
8.897338472088651e25
7.662844154091816e25
1.928843986985519e7
1.0833755241996336e6
1.087801348428291e6
1.0343018461124492e14
1.0835614267195372e6
1.0841620631162631e6
1.5606231966191202e7
8.901261603992764e25
1.9288595229230568e7
1.0905167163998275e6
1.9121276987204887e7
6.553488434237357e25
1.0971518900367252e6
1.0832853929603866e6
1.0878064231308561e6
1.0338458771451553e14
1.083467535452684e6
1.0839685750990177e6
1.560709999377798e7
1.083467535452684e6
7.6493423421885905e25
1.097050328672109e6
1.083110770523303e6
1.921010872955001e7
1.089618011723143e6
1.127953320316911e6
1.083467535452684e6
9.999630914393246e49
1.1156688863331098e6
1.0827840858147768e6
1.9979633054379508e7
1.083467535452684e6
2.000545674010681e7
1.023016233873735e97
1.0822209570602875e6
5.024910155697705e99
2.0005574756342612e7
1.5818946346892656e6
1.9814446195962382e6
2.0406205375894395e195
1.9054029945290226e6
1.616158800738454e6
2.000558173996664e7
5.024910155697705e99
2.0005574756342612e7
1.2520300711988308e6
2.00054571817686e7
1.0157997426995655e97
1.2492586132938978e6
1.996736987653282e7
1.9987833299274396e7
1.1096865294608048e6
1.9986055911681744e50
4.770051125076677e49
1.1313299585914805e6
1.098635526742556e6
1.082350459166089e6
7.602179756197742e25
1.0856585920835705e6
1.0820989750096994e6
1.9212518951577906e7
1.082350459166089e6
2.0003760961247576e50
1.998782544296004e7
1.081877571074163e6
1.9967420505186703e7
4.757407793921368e49
1.243193767337506e6
1.2458967794410388e6
2.6449993544831152e98
1.2299432478417412e6
1.2529728842919644e6
2.0005553646852348e7
4.740576118515862e49
1.1355815340698108e6
9.937950286404308e49
1.998782544296004e7
1.110662908353208e6
1.9979758931450065e7
1.099422593365595e6
1.0819845130143238e6
7.582011864901873e25
1.0840799511548255e6
1.0817781491892154e6
1.921355199080359e7
1.0819845130143238e6
1.1349535838921592e6
1.997974748804852e7
1.0816018655849611e6
1.1077585883795752e6
9.911574146140516e49
2.0005553733975668e7
1.2517285136739227e6
2.6286192779478605e98
2.6473435186668965e98
1.2319054689323693e6
2.000555363440616e7
1.9967538639192328e7
1.1362163449981872e6
9.876460479404832e49
1.9950669328696447e50
1.105863736236449e6
1.997974748804852e7
1.0815250038656539e6
1.1002742776014863e6
7.561870760940415e25
1.0816862473594816e6
1.0825722621475796e6
1.9214585082186073e7
1.9979804705119237e7
1.1368580166772893e6
9.867691798485682e49
9.902789887997735e49
1.104928718516674e6
1.9979758931450065e7
7.55516301236091e25
1.929310116102917e7
1.0816018655849611e6
1.921492945757064e7
6.469910536418756e25
1.0814556622015615e6
1.137506549107116e6
1.0816018655849611e6
9.876460479404832e49
1.1040019730314242e6
1.0813395390390155e6
1.9979793261692498e7
1.0816018655849611e6
2.0005457513014946e7
1.0104041370515754e97
1.0811975333764881e6
4.962961330930439e99
2.0005574799524575e7
1.0816018655849611e6
2.247042597315037e200
2.0005581739999823e7
1.081274484701684e6
2.000558172703244e7
1.216502466296502e189
2.000555378376042e7
1.2618593266081268e6
1.081175848597377e6
2.6192820770893878e98
1.2164634630816209e6
1.0813395390390155e6
1.0813395390390155e6
2.0005581739999823e7
2.000558172705554e7
1.0814934416894084e6
1.2121736014462848e189
2.2390466055386518e200
1.0068150488732194e97
2.6099614892316127e98
1.2618593266081268e6
2.000557483653769e7
2.0005553833545174e7
1.2016060580863573e6
4.686079172822286e49
1.9668705439839274e50
1.142941795571842e6
1.998795900070778e7
1.996767365030714e7
1.0935262615014338e6
1.0811699897093342e6
7.481574218438688e25
1.1043271906735674e6
1.0811892275406336e6
1.9218717969284102e7
1.077251025333592e6
1.076474522186927e6
1.1043271906735674e6
6.8060145646152e49
1.07805906266759e6
1.1379701991818426e6
1.997444810639658e7
1.2013074965442922e6
1.07805906266759e6
1.191926267391286e98
1.3071163176616074e6
1.0750161184555965e6
2.0005541644889347e7
2.0005581739933018e7
1.545398836596452e6
2.000558173999967e7
3.928568173201453e194
2.1077207498089103e6
1.567092995530328e188
1.2975110508514899e6
1.0736838514735992e6
1.1876735058245443e98
1.2055391044839132e6
1.076474522186927e6
2.0005541716482345e7
2.000558173999967e7
1.5371657276453064e6
3.9144757231298734e194
1.5503786985323443e188
2.0446848299231855e6
2.0005581739933137e7
2.0005541716482345e7
1.2098756954379214e6
2.0005541859668344e7
1.1791907839985602e98
1.2880595932596908e6
1.1876735058245443e98
1.1084943890573774e6
1.0743342178709311e6
6.745440694652489e49
1.1251498748241665e6
1.0730650192635993e6
1.9974586858098984e7
1.0743342178709311e6
1.2833915429206593e6
1.1813086142916188e98
1.0719219574056007e6
1.2120833595453212e6
2.0005541823871844e7
1.5420551553583436e188
5.744581420404071e199
5.82775350506573e199
2.000558173999967e7
2.0005581711255383e7
2.0005581711461235e7
1.0730650192635993e6
2.000554189546485e7
1.2741707991563366e6
1.070905032296935e6
1.17707485381446e98
1.2165774250209115e6
2.000558173999967e7
3.9356238937841207e194
1.592263266225497e6
1.5254752796603255e188
2.000558173993391e7
2.0759882174301608e6
1.22117647351089e6
1.0719219574056007e6
1.1728486937731346e98
1.2651038646103297e6
1.070014243937602e6
2.0005541967057843e7
2.0550716096619791e6
3.8653515543638106e194
5.744581420404071e199
1.6010717680485498e6
2.0005581739933554e7
2.0005581711461235e7
1.070905032296935e6
2.376075788122269e99
2.0005572125031058e7
1.0692495923276017e6
2.0005401242104433e7
4.099725077059785e96
3.879355379331183e194
5.723881802021106e199
1.5749118285202726e6
2.000558173993391e7
2.00055817115127e7
1.9533495366329046e6
1.070014243937602e6
1.1644191749979834e98
1.2306895195340104e6
1.0686110774669345e6
2.0005542110243846e7
1.247431423173267e6
3.8653515543638106e194
1.6010717680485498e6
1.070014243937602e6
2.000558173993403e7
1.9733124891304777e6
1.0677124579935975e6
2.589767994180023e6
2.0005581739980783e7
Inf
6.542517522012491e6
Inf
2.000558174e7
1.9335773151894556e6
1.0673183855175914e6
3.8374198688040964e194
1.6189543376355334e6
1.0686110774669345e6
2.0005581739934273e7
1.0686110774669345e6
2.000558174e7
6.664103680964019e6
1.0680438815575729e6
Inf
2.6711326344062295e6
3.80958946907776e194
1.6371909951436908e6
1.0677124579935975e6
2.0005581739934508e7
1.8946050654649213e6
1.0674288600389166e6
1.0674523533809278e6
1.2563093373435999e6
2.0005542468208846e7
1.067310554403588e6
1.2059419809011614e6
1.1434783856871884e98
2.0005581739934392e7
2.0005581739999678e7
2.000558171192441e7
3.7680337804258397e194
1.4925843708642185e188
5.641456939619051e199
1.2059419809011614e6
1.0674288600389166e6
1.1393130291325292e98
1.2672921455681517e6
1.0673183855175914e6
2.0005542539801847e7
1.1338368926287123e6
1.0672987028669228e6
6.493987156144959e49
1.0807921974305015e6
1.0673539401275858e6
1.997516962536502e7
2.000554250400535e7
1.2590156707693425e6
1.0673539401275858e6
1.1413947573553797e98
1.2020045243491367e6
1.0673696023555931e6
1.0673183855175914e6
1.0825569335368455e6
6.50585282957807e49
1.067310554403588e6
1.1323429173539109e6
1.9975141874172278e7
1.923629204944083e7
1.0910568633968486e6
6.124181505397228e25
5.2369907577862945e25
1.0635354330984189e6
1.9149372531534627e7
2.0576805119385063e49
9.340166394888374e49
9.374314273759011e49
1.9980479878446102e7
1.9950195332818396e7
1.995029616889666e7
1.067300686861839e6
1.0673046024188406e6
5.232216113336319e25
1.0834523341242322e6
1.081670221305602e6
1.905242540487644e7
1.5195663351401737e7
1.5339248499825502e7
1.069684302694435e6
8.73433595511965e13
8.514378314648953e13
1.0628570622399442e6
1.0765540432818716e6
4.832759993329032e25
6.627372573411828e25
1.069684302694435e6
1.919433441108274e7
1.8998875156603932e7
1.062964740666067e6
8.969097922493233e13
1.0673006671995276e6
1.0627514024654666e6
1.5338303981938967e7
1.0637496047759582e6
5.671422643112225e25
1.0768396922929713e6
1.910217290739957e7
1.910297918303343e7
1.07000992255284e6
5.661083556032339e25
1.0628570622399442e6
1.5196632137918444e7
8.738321766168747e13
1.0626477613426344e6
9.194432439241494e13
1.5477025066347372e7
5.66883698702156e25
6.621328919104591e25
1.9193971332967807e7
1.910318075695174e7
1.8999323327176213e7
4.819550727873084e25
1.5197600982839707e7
1.5478866735755404e7
8.73035105330221e13
9.19023858529461e13
8.738321766168747e13
1.5477025066347372e7
1.0626993295725947e6
1.064328996328135e6
9.672913421841737e6
1.0625966977755853e6
1.0622978200838498e6
5.149762620571641e8
1.0624550759740178e6
9.075236648206822e13
1.064328996328135e6
1.0621426073391712e6
1.512444037768506e7
1.0657698322022117e6
1.907788459434664e7
6.36726568676966e25
1.0716773570885393e6
5.435712279161119e25
1.8971638001461074e7
1.0754995462800013e6
1.5270468579490248e7
1.06427976103301e6
1.0619894377399832e6
8.843248414480425e13
1.0655037110280297e6
1.0622978200838498e6
1.0622978200838498e6
1.0716214182614395e6
1.9078505462821443e7
1.0616892279780754e6
1.0743529281898432e6
5.438194433364275e25
1.0622978200838498e6
1.997037265778518e7
2.2681208984394428e49
1.0611133262001367e6
4.91089507164163e49
1.9981676695176773e7
1.0622978200838498e6
1.3439420989611822e99
2.0005569455510493e7
1.0600595936277676e6
2.0005342615993183e7
2.0361053967452511e96
2.0979610721912314e6
2.0005581688529547e7
3.0518994865777944e187
1.59624449442172e6
2.0152096681678864e199
2.0005581739999488e7
1.3341308458690824e99
1.2104966321244286e6
6.237116781116306e97
2.0005342615993183e7
1.2502715379444205e6
2.0005530306368817e7
1.9970469054298855e7
1.1041494977389195e6
1.0595817628333366e6
4.884018840738477e49
1.1032019455577915e6
1.060570114750034e6
2.000553035356278e7
1.2176427180580287e6
6.180226395099705e97
6.225717852218969e97
1.2548687154694134e6
2.0005530164786924e7
1.0600595936277676e6
1.105245074254441e6
1.997050118656947e7
1.059136622366742e6
1.1008359675588605e6
4.875076485045692e49
6.168879595437413e97
1.2200790198223607e6
6.214329349168641e97
2.000553021198089e7
1.2502715379444205e6
2.000553040075674e7
1.058724172227983e6
1.1063703822802021e6
4.866142323323702e49
1.0595817628333366e6
1.0985060692837778e6
1.9970533318889778e7
1.0579973429339721e6
1.222542458146593e6
6.180226395099705e97
1.0595817628333366e6
1.2457143417898812e6
2.000553035356278e7
2.000558173988914e7
1.6007619699484743e6
1.0569359682799818e6
1.0790169979560217e194
2.0017311514178254e6
1.0595817628333366e6
7.038425051474e6
1.0563823547081233e6
Inf
2.663952284046344e6
1.0595817628333366e6
2.000558174e7
1.0595817628333366e6
2.000558174e7
9.14527736920151e7
1.061551670508895e6
Inf
5.007784025570897e6
2.000558174e7
2.7202131022469983e6
Inf
Inf
6.782033930537438e6
2.000558174e7
1.919576291201972e6
1.8406052871162726e6
1.055321150230388e194
1.6761462716101578e6
1.6377236047243488e6
2.0005581739890363e7
2.0005531014278278e7
1.2598799334753104e6
1.0565708545935177e6
6.022319951905374e97
1.1861116395239313e6
1.056324616134073e6
1.056601422920002e6
2.0005581739890162e7
1.8995350536683463e6
1.0565708545935177e6
1.0592521884531529e194
1.6471922996854943e6
6.0672275615921536e97
1.3024925124885987e99
1.248669352183398e6
2.0005531014278278e7
2.0005346332358286e7
1.1861116395239313e6
1.997091891060957e7
9.894355005115106e49
1.1252465032159481e6
4.741924426149733e49
1.995396354913661e7
1.0733615084428622e6
1.051745777749466e6
1.0814234250941277e6
5.256045392543054e25
1.0806270758011353e6
1.052626689355094e6
1.9093826249617618e7
1.996333154327167e7
6.87638584437808e49
1.9977131545610175e7
3.236942439662086e49
1.994219349870509e7
1.4677719644280553e49
1.9093826249617618e7
4.471844091276551e25
5.2462878870981174e25
3.7803256048385757e25
1.8989827695569165e7
1.8870159426815454e7
1.051962787542356e6
1.5052970258905502e7
1.0580413990970429e6
1.0515309133622518e6
8.103318398243423e13
1.0512988612279836e6
5.683730842079019e25
1.0662716334361746e6
1.051510813355357e6
1.8931864376072854e7
1.0573792265601533e6
1.051095282701159e6
1.051510813355357e6
1.997973424773835e7
1.99484172831635e7
1.0507132464491562e6
1.7930349361362448e49
8.239006936756019e49
2.000556736978133e7
9.024015983636059e98
1.2268075583505488e6
1.245229766776771e96
2.0005295643968448e7
1.2451724470257135e6
3.9247635313267713e49
1.1026636721962166e6
1.9967390336787667e7
1.9967461270479124e7
1.0863285857274672e6
3.910184639578341e49
1.904516544098825e7
1.0671462964877612e6
4.82830226513037e25
4.837294908303305e25
1.0560812723594224e6
1.904429181255541e7
8.298630962009903e13
1.5350071788498715e7
1.5058027299937759e7
1.5208060370038878e7
8.08074760292996e13
8.507476037155106e13
1.0498977047118915e6
9.553604623459222e6
4.9466334993989956e8
1.052889594805404e6
4.94397679489071e8
9.641399652121566e6
8.183621192754269e13
1.052889594805404e6
8.19123880066244e13
1.5132697478918057e7
1.0525337077829384e6
1.5134695258798761e7
1.0499712442128158e6
4.9466334993989956e8
1.0507132464491562e6
1.0498246950057931e6
9.463353758890366e6
1.0504887725113458e6
1.0529085296450101e6
1.5133196900463317e7
7.9728715859689e13
1.0521448004281877e6
8.18171734448394e13
1.5279679357833216e7
9.3732605109801e6
9.4650970619148e6
1.0502867805581966e6
4.9401053834258807e8
4.9466334993989956e8
1.0507132464491562e6
5.08066426102934e6
1.050088152466684e6
1.3425523609374342e7
1.3531929285264576e7
1.0499057574875674e6
5.044250579857324e6
2.1605165930418572e6
1.0018235378188818e6
1.3294629990625721e6
2.7132301606153236e6
1.7118733435706594e6
925398.6922009652
2.166600702954598e6
2.1850641638809303e6
2.049573694667941e7
3.428489096431648e6
3.4811582492766757e6
4.459083952514306e6
925494.855866748
2.182534290237509e6
1.0203562666015443e6
925302.5663935068
3.4734392109070267e6
1.0498602276672916e6
925110.4283535636
917737.8813864468
2.0434527332435336e7
925494.855866748
933271.0824878212
4.442899416343809e6
9.093794928114075e6
8.786545401352108e8
903458.7801344212
8.779665047083738e8
8.91800032116361e6
933671.9043669469
880771.3134490646
1.4845042016511695e7
1.8608857001316322e14
932072.2724140277
1.9655539217933703e14
1.5141657035633732e7
935281.2844894199
932072.2724140277
1.2557128820586414e26
850488.819418297
851794.5591668037
1.9058849008439653e7
1.6985822462482814e50
851411.7198635634
851794.5591668037
1.997625419744959e7
932072.2724140277
849218.6735228328
6.970439687284418e99
2.000554616548419e7
1.2444415661034635e97
2.0005422911638062e7
3.4527501031754406e98
2.000557303995402e7
7.974504981578836e49
1.6922635392126986e50
851411.7198635634
1.9985515537253574e7
1.997625419744959e7
925771.2262978891
1.923959461400201e7
841640.119472939
1.4683109495867613e26
1.2533772615733212e26
876412.3243955602
1.915465574698027e7
842091.9179665521
4.912032089871971e50
1.998886860957993e7
841222.37311034
1.9970009813750267e7
1.1687038039939746e50
968021.0476369376
1.0128573608025403e6
7.537614509448265e98
996021.9191169827
977286.0677907435
2.000555697386036e7
1.998139410376488e7
878598.6822842581
2.431323815320476e50
2.440406323008209e50
876412.3243955602
1.998134899420772e7
1.931404776712671e7
1.999851865882013e26
852110.5446255844
1.4669425600343782e26
1.915582068366691e7
849218.6735228328
1.5804981046750082e7
844454.0770234552
2.178329792828328e14
2.123426075360299e14
842307.8095633878
1.5681550977050979e7
841272.72917975
8.764183350612235e8
1.0036893684327867e7
841172.5491054766
9.874111900207035e6
8.761894364759117e8
2.2365196898338997e14
1.5804539758847218e7
842610.3021691217
1.5557098225414822e7
2.121941772803503e14
844449.467705382
841222.37311034
8.760834840934545e8
842264.3105860701
841123.257165161
9.956709825739535e6
841208.7185436604
2.1793454457482122e14
1.5805863656227898e7
1.5555706574308334e7
1.5684265739825087e7
2.122436482660782e14
2.233914703902799e14
841074.4972893917
842239.7210617923
8.758627609185379e8
841172.5491054766
841134.1981762338
9.957573702577101e6
1.555617044527763e7
1.5684718242117759e7
2.1209525260739038e14
2.2333938888721088e14
2.1788375896982103e14
1.5805422345876975e7
1.0039476278427461e7
8.759768049315735e8
8.75535387597171e8
8.755273508315704e8
9.877579256896466e6
9.875845432279784e6
2.3851532772225854e6
2.6735116199179133e6
1.78042405421088e7
2.6408369464018187e6
2.4404935434905156e6
5.265973559096278e6
2.6656245470536035e6
727698.332417896
730302.1693925039
2.427494507949401e6
1.1333327524733501e6
1.1358465649830003e6
4.593145911758735e6
4.0929172893594573e6
4.609817881220447e6
2.74933309138884e7
2.0736830600096313e6
2.756735229208892e7
4.143077692475298e6
724135.9909015059
874368.6137239943
2.0913864960961626e6
731342.247536394
841247.5802649014
2.738037065866679e7
4.640700817853664e6
2.082244085908755e6
4.594044314256567e6
2.7558714084322285e7
4.0664187709676623e6
841834.1096194956
872375.0092655112
4.111545241467013e6
874008.7648267811
841734.192291077
2.098078678669536e6
756415.7865263798
841369.789605654
1.3736774537611173e6
754211.0613441316
862393.411450426
1.144500206612531e6
781895.2932788974
764834.4584865815
841556.9104497695
788652.1574453161
763883.2244540708
867624.7151210738
757127.1220860856
723739.7742296954
750186.1527448912
755593.6163821548
724752.679114422
751005.2739245621
797861.5091836625
729602.3170379921
875348.9508420427
820503.6645999928
734646.9672269765
834747.9749962959
759118.7191906557
760430.4612848891
723266.8562322679
749816.1784503283
751853.988918708
724498.952267451
741280.3497076504
765523.6093794641
863153.7982738519
742192.4794665227
763079.3721219627
841541.7752015585
723706.5246761875
756217.1696152181
743549.9056368809
723848.4776887044
755082.638279729
745045.1325949552
730338.6233670908
725337.8044356515
730878.7478940145
728827.8829197086
725019.0733770366
731785.058945429
723753.391359404
724118.2248497469
724813.841926209
723618.978985289
724589.5590437377
725710.7608738717
723288.9323573424
723291.8068539827
723555.1566240443
723303.6620839965
723390.4093014722
723979.4391632531
723260.4296737548
723302.6603338429
723220.3616030273
723288.1733578694
723482.5350590823
723345.7543355598
723240.9650342951
723293.1127915169
723701.6298816762
723200.8362473344
723189.1926184283
723745.2072299571
723261.410299163
724757.5929507053
723192.3907387696
723454.7688250763
725627.5300660698
723279.1909720199
723390.137756509
723847.1461735262
723279.5513617857
723914.7282873718
723476.241650203
723407.7104424278
723303.9918854721
723160.6403283611
723204.583818454
723171.8554408742
723217.7610003316
723424.5785764074
723606.8416859471
723874.9630796115
723222.9595911668
723205.3890560099
723449.6434778477
723311.5222677502
723184.5214205455
723126.3688556324
723176.9441711439
723388.0240379331
723195.9525753335
723395.0570229542
723152.1904162726
723400.8413412332
723440.4532030406
723280.0512432059
723849.5690041484
723297.7674564143
723127.6407230186
723088.6951019843
723339.3417068348
723125.1053339613
723168.4679286486
723164.7043175375
723035.2747856547
723162.2009031288
723495.7045011467
723202.9982255594
723090.2114541265
723689.5712096523
724166.624164778
724732.332219436
723162.8739802535
724453.4362006675
725392.9831831091
722918.1092034052
724356.3152423673
722722.082383848
731350.8974160432
724333.9465127643
723185.5403518735
730641.5921780786
722583.9180371806
723162.7712720104
754797.1846985323
722860.3772574981
722282.6747513685
755008.172273078
730604.566229747
746844.6841706627
861159.4133494125
730540.5362303617
747382.6112506047
841675.7329936763
727377.0261360725
743060.030410772
753554.5788100751
727999.6374570278
744172.168652229
754962.0929732007
724228.3964473412
728657.3822303566
729664.1394722089
722933.4006809301
726853.7089101778
731053.9452064615
723789.968673056
722155.066336708
723533.172736612
724791.7484892989
722415.2397637123
724499.5603679607
723317.9510801214
722890.8156515816
729700.821476171
724464.5424926126
722712.5160599033
730727.9750036397
724523.557274325
722030.4884360136
722209.8185335097
723810.0973101847
722372.8782912686
722156.174104878
722657.4144142966
729393.4073419838
723281.1011863888
722820.9991575121
730916.4265289301
723199.6638608952
722607.6529615938
721924.2921431832
724293.3266032323
722373.6287988881
722138.2363989964
723812.3629352567
722221.4941474177
722015.0321031805
730821.3270054753
721698.669257744
721897.6213105819
729222.668094865
734853.1562709755
739786.8281905665
755516.8964667879
735988.0763697493
739936.491985451
752961.3811259138
721652.4549957693
725118.9636823356
729660.3648142398
721882.6600906648
724182.7520770808
729927.1037861191
722200.2744287241
721401.0882671158
758033.001805295
721185.0501189708
721904.2093544404
750355.8857708173
745578.7825202217
728788.0895603752
866087.7770978279
745422.320653019
730043.916874009
837502.4364541895
743109.0544029173
739698.1466185953
742684.3204770347
745738.8195397246
738897.4005270747
741997.2207672817
721807.6983484033
722453.2246222416
729455.3437852225
721307.0132578642
722163.9204648051
729111.5373367501
721526.3534502134
721208.7186596321
723187.6876992856
721268.0541864465
721319.1680822335
723224.31776408
721263.8167454508
721151.5575539646
721654.3789949719
721171.3274576202
721236.6638209139
721723.9136271724
721712.1584258848
722947.0940815798
721617.3940961485
721789.3018620904
723402.1521157179
721243.1067298137
721149.1574222308
721212.6491846786
721581.5299834243
721162.0919048643
721447.250370802
721728.8106760713
721252.7998366281
721096.4685988408
723133.2135566605
721238.8909566207
721326.7449799688
723199.9977375435
721126.6730538683
720858.9783937872
727978.0772230927
721462.1296953269
721336.1967112637
730264.9814620599
721465.6627974923
753658.4373406719
723831.4533250466
722492.5442335634
752322.1222494475
724322.7400839279
724039.7710952221
721371.6051433181
729886.4604085677
722754.8521304142
721258.8066267885
727870.0077346506
720861.9099773957
721043.1795159347
722258.0929549293
720858.3589013647
721275.4255434434
723463.6316697304
730052.071131047
721001.8074670209
721232.7847937774
727702.8196821586
721050.4537969052
720799.1528108325
739602.4928356941
756898.667517854
730590.8986085609
745342.1475483828
749755.2551993537
729073.4171748082
722441.8535499431
727763.7407181001
720993.372559914
723187.6284457493
730110.931313136
720660.7703242017
732794.2281846822
758725.2508276788
720539.6606422006
739637.5278841854
747901.9773070287
721005.7371256968
788103.4705850986
777476.88099987
847095.9052914325
826503.7551491996
813372.5533792693
799028.2253548357
720334.3117670427
762832.8784604298
719851.3807180894
720809.5312436237
744250.5483259409
723644.2938100639
853306.2139673616
720180.8849900694
721029.0419944295
844164.0939410678
720651.6494929437
719661.0675638568
868308.5048664848
782472.3530669366
1.3961203852465835e6
830280.6699653504
805091.3124099205
1.1293993403387305e6
741512.0404471448
871429.0767692904
729424.4172398273
734764.1437963232
830345.5157132997
736042.6292519243
727598.2146753866
757582.154056963
749998.0335361916
732663.4254777886
747315.8942595043
742535.6748849008
725948.124430416
723252.2649068845
719590.2238182173
729754.1164239227
721746.1270060233
719745.7181986182
750878.3809332345
746405.0213739837
729473.3519189665
741664.007424258
758447.1428282197
724331.2837861537
722327.4468214522
723973.3921862087
729850.4253207168
720039.9853487058
721295.3263788946
725608.0338821637
719678.1042945262
719435.6442346681
722688.5255598082
719579.5420761685
719755.3329468741
720581.6019535913
719498.9143690332
720112.7192516696
725699.8546461966
720268.9894778371
719746.8468386959
729533.3431636591
719652.7133249079
720172.2971447955
722433.8394928536
720254.1700841327
721489.692105397
720546.332652977
720341.4241336739
719332.6461809919
719721.6178539287
719547.9074839507
719559.9479736913
719345.4823602668
720917.8051195808
720167.2093409966
721833.2019161067
719917.9516468713
719705.6929303642
720879.9266796407
719889.8294186565
719582.9469926168
720067.692762612
719377.6215212077
719371.0434865538
719609.6416653784
719325.4964065145
719344.7637654551
719291.3301285328
719594.31265336
719335.9243323907
719433.891141498
719776.5436291208
719301.6567402099
719536.4507685336
719812.8142376912
719420.3021005875
719473.6260407976
719295.3651158905
719306.8679328623
719427.1268406317
719293.4484249848
719370.3229506919
719407.22932222
719326.8851329042
719277.6566526355
719313.2407276814
719319.023956664
719305.0654787035
719319.6931794358
719319.4319328523
719359.4100020262
719434.3202652849
719270.6957329809
719342.5085716462
719375.2952968722
719738.9953452448
719377.2752881715
719970.9081593005
719327.132050121
719310.4505799956
719583.6183227126
719291.800471493
719403.5825205276
719271.184281415
719255.5081068667
719294.3537770273
719525.7552071527
719259.5726462464
719678.1850848196
719953.0548871856
719256.3792438594
719839.2676009865
719572.2441894286
719426.9032338989
719226.1361064898
719450.226788058
719308.6116882686
719285.0989963388
719314.4504153235
719215.4133938808
719890.604812112
719766.6319009005
719394.022678061
719580.5615847807
719644.7519376479
721740.0004282587
719071.3288370164
719721.4173892062
720720.6201744999
719391.9614139679
720480.4563053305
725020.8339809844
718898.8341498529
727296.5153317767
724627.5553510188
719423.452236466
727029.4954289466
725839.888078216
723766.8611025143
756372.8045880626
728011.3526621134
726562.2441541301
747019.0088046076
719053.5578918653
719421.8055907452
728556.6799695684
718761.9350022301
718646.6423875347
725533.1399152535
751545.5378413055
719797.5065986201
733288.0473895933
750632.2602513477
721400.6554231156
734447.5228642721
719407.6349134294
720161.282726308
726257.960594548
718629.4200489263
719375.0438965664
727213.8089894953
719400.406847568
718956.9673811774
758985.0727896651
720891.5380085984
721455.4124169021
744227.5528283607
718540.7241711026
726668.4566223809
729552.1425000369
718734.3726179954
721541.0830663337
724035.3808970232
726890.7785197682
718073.2739212998
745170.4119701834
722735.4955225545
720097.1623830342
757496.7543351956
840869.5400819739
769594.2214631037
805629.0899424397
852177.6198160328
768115.1077996257
801909.8726966563
718109.8554015957
720674.5312280848
752303.577790231
719042.3843056406
724305.3415540074
748318.4867304477
719533.0782686359
727839.9359967712
718232.2553971783
718166.1650681932
724357.4130919573
717934.193766637
737697.7924696765
720184.5622469957
746843.5678840785
730898.151390768
718859.0929702778
753238.3500807871
718039.8309833813
717805.7306037535
723582.1335650194
717981.2027032747
718317.1156447929
728269.803028517
750482.447498386
749314.2412009555
718308.0984496016
749549.3332530403
751350.3898952886
717351.581604832
725456.135148387
783670.7075799211
865726.9150430668
725043.1224973087
796659.3357517397
832373.6849118617
718756.2519633266
719260.8881325253
752320.030009032
717614.731431151
718590.5636519508
747386.8595857593
724877.5841589936
717181.0989934697
720526.7293584225
726077.861974773
717577.8600489924
721179.773446331
726370.586014441
738513.4595072035
753836.8038516428
722590.9781587145
732736.9364711504
745580.9059397677
717187.1149343221
723790.7243490368
717371.2433373757
717175.083202489
726909.249707969
717003.2207920003
744445.0010534935
716471.115538648
719062.8580961651
755136.8369866656
717824.2977634924
721326.49724998
716276.2097051202
721916.8964507413
860611.5171352413
716666.2814179803
719756.0013538705
834141.1053205279
716322.9879997176
943463.2691753708
1.1393030217585627e6
716229.440963172
894556.7519552959
1.3733561267824578e6
1.375254486212101e6
712756.7834598495
4.1418734110110435e6
1.1399556225329237e6
719783.1605185361
2.1000591524439845e6
706096.4913159523
712940.3446883218
2.767633235912108e7
719735.5042703194
712573.3746832049
4.636401546629001e6
693713.4851185048
694038.8516069314
1.6783344173015118e9
719735.5042703194
719354.5990620764
9.562953376864986e6
1.5733525113751534e7
673120.5437398421
5.4077386463301594e14
5.26769616945042e14
718974.3067915983
1.5611372781748025e7
672036.3191102182
644247.9304022916
5.061038983724844e26
674214.1849965698
720499.1535000996
1.928819136328154e7
1.9988531305567175e7
634354.2163064145
1.3020127836308908e51
1.3068772307669898e51
720499.1535000996
1.9988499497266985e7
2.0005557365568995e7
2.0005580035482135e7
4.026512647516617e100
5.803099620623693e101
2.181723817332535e99
2.0005575547283746e7
634275.9389659566
1.9993625603006616e7
644247.9304022916
634465.9895841158
2.547209385070011e51
677414.095371576
729854.180840072
2.1695596192528577e99
5.8139249349832e101
765093.7723822157
2.000558002752182e7
2.0005557342845127e7
1.3093128556186853e51
4.825869062134698e51
674780.1637384874
1.9997110686730206e7
1.9988483593135126e7
644247.9304022916
1.9470218180966526e7
649264.2021005582
1.9470710403640408e7
7.877990262002277e26
632536.1929562057
7.892679302914471e26
633194.128792193
1.999130447888591e7
675317.2428804026
631913.0638983847
1.833465020251375e51
649264.2021005582
2.0052828547198304e100
2.0005579402400922e7
2.0005546833799444e7
2.000557311794398e7
9.991569913865493e98
3.0353323015534494e101
649264.2021005582
675317.2428804026
1.8300511758290023e51
670961.5111076985
650754.0899023415
1.999131777239225e7
6.817180514528094e26
634354.2163064145
632220.2775800241
1.941676874996983e7
644247.9304022916
631614.5519112869
1.831757700391603e51
1.999553643673116e7
1.9985092814492453e7
1.9991337712667692e7
9.21250304603988e50
3.508900789512305e51
631913.0638983847
5.8789608602690276e26
7.863314902688621e26
631324.7416187306
1.9471202637852564e7
1.935643277446414e7
649993.017533859
673120.5437398421
1.826640512595315e51
668840.1449839717
651547.4192060052
1.999133106590709e7
1.94170394624072e7
634465.9895841158
631043.6330207159
6.798127206980428e26
642904.2958104591
631614.5519112869
672036.3191102182
667793.5868627647
1.824936373924228e51
651956.1802085297
650369.5216012028
1.9991337712667692e7
1.9417580897797238e7
634534.4371994329
630771.226117243
6.798127206980428e26
642246.0516250368
631324.7416187306
651547.4192060052
631324.7416187306
1.8232330305503124e51
668840.1449839717
630252.5173939219
1.9991344359430414e7
631324.7416187306
776731.2074175202
1.9866661326468417e100
629319.5202817792
721206.0522407743
2.0005573125997197e7
2.0005581739999976e7
1.2146212914841489e203
1.1965541286221261e203
5.565028966478359e192
2.000558173913828e7
2.0005581739131797e7
630252.5173939219
2.0005579413297445e7
2.0005546996208895e7
628525.7502823033
9.898637239460034e98
3.007047731641045e101
2.5318956653156025e198
978126.3326140079
2.550938943273304e198
2.000558173999684e7
1.2624103875421418e6
2.000558173999685e7
2.000557315821006e7
3.007047731641045e101
627871.2073954934
1.9718352659681597e100
2.000554712613646e7
629319.5202817792
629319.5202817792
2.0005581739999976e7
2.000558173913828e7
626979.8029598725
5.523407215130839e192
1.1965541286221261e203
629319.5202817792
2.000558174e7
4.2058887261222545e6
626867.7194406257
Inf
1.7523556251839928e6
4.2743263461943254e7
3.855396454735903e7
Inf
3.7211037920498187e6
3.4441053194231237e6
2.000558174e7
2.000558174e7
1.8049625743497068e6
Inf
Inf
4.021052189554077e6
2.000558174e7
1.18143493790298e6
2.0005581739151243e7
2.4658060542829596e198
1.0536539060438531e6
1.1786223466009801e203
2.000558173999688e7
626686.8996514376
2.0005573270955093e7
713336.486989874
627187.7663424797
1.9203648094507346e100
762024.6683599973
626742.9414110613
1.0275392797749658e6
2.0005581739996873e7
627187.7663424797
1.1658238290540387e6
2.475193916638165e198
1.9350011975258776e100
757009.6709631975
626645.3069749165
2.0005573270955093e7
719726.157218006
626867.7194406257
626979.8029598725
1.18143493790298e6
2.4845996158765227e198
626867.7194406257
1.0190430195651004e6
2.000558173999687e7
626742.9414110613
2.950875796861244e101
2.000557944380772e7
626686.8996514376
2.000554745095537e7
9.714074520989792e98
626676.7208039054
1.9995690995781694e7
1.9985445856674325e7
626648.699924094
8.931126829859636e50
3.4145435091297495e51
1.9366274238028638e7
1.9479572384814736e7
625959.972585422
7.623146754802754e26
5.7048008707484235e26
640481.7683634708
6.264532115102805e50
1.2598357672047458e51
640481.7683634708
1.9993831755302127e7
1.9988777821542315e7
670611.2901070223
640775.5748300181
625600.3368308683
5.694002817616055e26
626642.6526022345
626328.657080305
1.936657253683387e7
1.999383732701413e7
640809.8094924233
1.2586409134435079e51
6.2586019545167664e50
669449.3025552694
1.9988785773719173e7
625959.972585422
1.9300360563453432e7
4.8926045277548156e26
625249.7498166441
6.596550974750203e26
1.9426516605930574e7
1.9993842898727622e7
641146.2246056864
1.2574466265628777e51
6.252674602078141e50
668297.1220077527
1.9988793725899067e7
1.9426516605930574e7
5.688607626912195e26
6.5778087387547e26
4.8833306354991234e26
1.936746745888601e7
1.930003157209249e7
625423.912231215
630220.8033873826
5.660297620969382e14
625077.8495871555
624135.5326129771
1.6024237837572867e7
632630.3911116935
624299.9429865708
6.119766269702574e26
630220.8033873826
623979.9949489816
1.9397821319941886e7
624299.9429865708
1.9994817903426107e7
1.998352028647951e7
623695.537749787
7.456409232589264e50
2.8913629599965282e51
6.474273960839644e98
2.1068595296272102e101
1.3493905995358678e100
2.0005579051032774e7
2.0005540692624528e7
2.0005571717315365e7
1.999026122027494e7
1.9994828116696443e7
648026.9540962725
1.486655187377113e51
7.442262261549152e50
654644.0957495761
6.108160802788278e26
633243.1482082737
1.9398389721126612e7
1.9398958137784842e7
628643.9265241944
6.096566350569429e26
623763.324783486
626759.9061569487
1.6136793011346687e7
623629.9688934871
624252.2812159471
5.792075956505966e14
1.9335817629801877e7
1.9455331921044253e7
623505.4857130871
7.053998907510048e26
5.260550288830174e26
623763.324783486
1.998355690934486e7
1.99948459899316e7
646685.5205693282
2.8817663085847186e51
7.445797744946676e50
655441.2645332685
623629.9688934871
7.047297629710482e26
1.9455590133448202e7
623389.8752422858
1.9336130874055896e7
5.255555154519031e26
1.4831231352154919e51
657091.0664819382
1.4887764350503445e51
1.9990279389391027e7
647577.4073634814
1.9990308460009776e7
623505.4857130871
633812.460762637
1.9399384460433003e7
623283.1374810828
627393.3185775847
6.087877739799176e26
7.403427356126623e50
657657.4343555791
1.487362101903502e51
1.9994835776652485e7
646685.5205693282
1.99903157276708e7
623389.8752422858
626909.2278622978
6.0820887747113355e26
623185.2724294785
634055.1229292491
1.9399668680367246e7
7.424597438186588e50
1.4803005180505834e51
2.8790273382303685e51
1.9994861309859656e7
1.9990293924695324e7
1.998360922783577e7
626434.3671260725
623096.2800874729
6.0763025632973566e26
634306.3206072127
623283.1374810828
1.9399952904169872e7
7.389330759586714e50
660005.075303899
1.4845354519860755e51
1.99948459899316e7
646685.5205693282
1.9990330263000473e7
1.9456623014848795e7
634306.3206072127
6.0705191055572365e26
5.235598344088839e26
625512.335590806
1.940023713184087e7
623139.6671697756
5.761851712205752e14
627140.146497024
623055.1111825691
1.6146007283760376e7
622635.1030865354
5.642851754556923e26
1.942908971434975e7
633986.665680078
1.9370003280197337e7
4.848631893465673e26
627237.5616115705
1.6039683865096122e7
623096.2800874729
5.6120738021034325e14
5.617421816294724e14
625968.736368909
1.6037966983525855e7
622449.1453285414
1.6148700298010848e9
1.6159865909611728e9
623723.0910083267
1.0339754688468141e7
1.0264188933578815e7
622539.3663844488
624682.1763076783
1.6092434323482629e7
622361.1642941809
623905.1675878264
5.689399909135374e14
5.854826102351651e26
6.77048260508382e26
630310.3667493734
1.938555162892702e7
1.9320596631847735e7
628435.7675819941
623905.1675878264
623543.2991029092
5.686690994299072e14
624689.4802463514
624682.1763076783
1.609328241730869e7
622501.6600034465
623055.1111825691
1.6170948030628934e9
623096.2800874729
622635.1030865354
1.0339754688468141e7
5.315292817705625e6
2.587978811479224e6
2.3791493186476603e7
2.364200016528942e7
2.9109570361627936e6
5.362305182296984e6
2.558413555179248e6
2.5745190895110974e6
622313.2144418883
2.856964231149018e6
2.8863121509236647e6
622463.8364438866
622361.5937393169
2.535295570776984e6
2.3846871162834354e7
622328.748911851
2.8527143803623314e6
5.347131686232572e6
622325.499694432
622334.0838332445
2.8899815474083554e6
622300.9642757857
622350.324166401
2.556114623393088e6
622426.2984520121
622361.1642941809
2.3791493186476603e7
622413.3506329316
622293.082770583
5.331460398889303e6
622947.126168748
622238.9071070686
1.615934777080662e9
622573.1191743711
622347.8211998509
1.030336468589613e7
623752.2498943473
622347.8211998509
5.647296476743244e14
624460.8339450922
622132.2440773018
1.6067233275181085e7
622347.8211998509
4.935981570430628e26
6.64275222863243e26
621925.6712068119
1.943638709195192e7
1.931230549090352e7
649391.852932622
622347.8211998509
1.3015084683067158e51
654290.9159326319
621539.53822201
1.998926769730439e7
2.000553507976142e7
730951.3090726755
1.0110661371655706e100
1.641517951430696e101
765854.0771105611
2.000557035879703e7
654290.9159326319
6.436669448193033e50
2.5316334968873577e51
651408.2984380169
1.9994144448791716e7
1.9982059483806543e7
1.937845923072309e7
6.623773124176597e26
1.9437457709777776e7
5.714551851725015e26
1.9313280569993973e7
4.926577552018227e26
623691.2271600445
621632.694873688
5.6284788930239625e14
623097.9713254989
621448.6326333467
1.6073207449534588e7
1.9437323879556898e7
621632.694873688
5.711823842147424e26
4.919530422670578e26
621273.5746450638
1.9378606609667126e7
621632.694873688
1.2971686004990385e51
651148.9502284018
620950.4714246764
1.9989294908882983e7
650826.6471164983
621632.694873688
751378.1395818733
1.0115496071497462e100
620412.3160086112
730389.2966072602
2.0005570399453472e7
2.000558173835821e7
2.00055817399945e7
1.2113982155446955e6
3.84318304272478e202
6.678428689756617e197
981968.8424768804
2.0005578733130906e7
1.0115496071497462e100
1.6173699444541554e101
4.7149074900449646e98
2.0005570442820344e7
2.0005535068606805e7
643357.1365732232
655548.5508887884
1.2897456891407427e51
653282.0760768498
647013.8365093273
1.9989341557386212e7
4.886710509613612e26
6.570146442830012e26
6.582744876054434e26
1.9439197580458246e7
1.9315393398656663e7
1.93160435430889e7
620471.7067150678
1.619183658585425e7
1.597664000648133e7
620355.1763651699
5.444306116450686e14
5.734226618542726e14
620471.7067150678
631007.9729091423
1.9439331422649745e7
620247.6502673314
624325.7120005717
4.884370433296437e26
1.9989337670006953e7
1.9989353219528362e7
642026.1213795687
1.2854254936970753e51
1.2878932893326744e51
654116.3772996682
1.9381701808166884e7
631254.7981758964
5.665547328735492e26
5.67641898624036e26
623835.2910574932
1.938111221112384e7
5.582909789022935e14
624030.9705352621
1.6087724402953938e7
1.6089433047675952e7
620110.0770246326
5.5775608949312125e14
631652.8652227059
619824.0096203663
5.2628952062407656e26
624030.9705352621
620405.3285991761
1.934973883146305e7
659436.8003204414
619279.4273226657
1.083505323900446e51
642147.533884543
620405.3285991761
1.99878227486724e7
618300.4727705887
715656.1875524414
6.956977675233733e99
620405.3285991761
772922.4937092799
2.000556832829499e7
2.0005581739992347e7
976745.898710306
3.066449555610375e197
3.114001765987249e197
1.3053214702182827e6
2.0005581739992287e7
3.105358425187599e98
724309.171123711
6.956977675233733e99
2.0005578215218764e7
772922.4937092799
2.0005568379791316e7
1.9987856795694605e7
644861.0751641057
617866.1005162135
1.0752086701228691e51
652961.9974500162
618771.5817060729
618771.5817060729
3.111346042895992e98
1.1511975139153153e101
617107.5660507872
2.0005578225369222e7
2.0005526058522675e7
3.048711802764133e197
989152.4579945069
3.096126811620881e197
2.000558173999231e7
1.2786551070153317e6
2.000558173999237e7
6.890356923206731e99
726551.2089760541
617866.1005162135
2.0005568392665394e7
752895.7456776137
616495.9783097953
2.0005581739992384e7
997560.1315117991
3.036915217850001e197
3.084238759026663e197
1.2611367425926598e6
2.0005581739992324e7
617107.5660507872
2.00055262729376e7
3.087430173907484e98
616031.3372932373
1.1423486464016688e101
2.0005578238903172e7
1.24382574700676e6
615542.8954334228
3.048711802764133e197
1.006077112224685e6
617107.5660507872
2.000558173999237e7
2.0005581739999924e7
2.000558174e7
Inf
Inf
Inf
2.000558174e7
616031.3372932373
2.0005581739999946e7
2.000558173764092e7
615642.2404713439
4.061681447704042e191
1.9987577093466625e202
745622.1160119727
615713.643001113
6.78443040195384e99
723106.6754993161
615519.0945901664
2.000556849565804e7
615713.643001113
3.013390648781798e197
1.0322838975369014e6
615912.3330769553
2.0005581739992414e7
1.19313697326968e6
716092.816930197
615642.2404713439
6.758076979715676e99
750705.0106090553
615542.8954334228
2.0005568521406204e7
615562.2991902007
660153.5491466312
1.0505100302480692e51
615512.6266712403
629047.6943847337
1.99880951264099e7
615609.9008767135
2.0005568508532126e7
719578.0757659834
615562.2991902007
6.771247280431005e99
748147.804918609
1.9980219456574883e7
1.9988078102696847e7
630648.2267720698
2.0636715125255124e51
1.0525572891124419e51
658773.3321996434
4.382551462755288e26
631031.0943472073
5.112643274505855e26
1.941975265416909e7
615297.5483934338
1.935964578552013e7
1.9984564269420877e7
630328.701820848
7.409390003942763e50
7.438269173395647e50
666050.8643003828
1.9984523370627515e7
631463.4323024196
614900.5556518617
4.391088123886323e26
615523.1689671926
615704.1014244296
1.929093512836799e7
615704.1014244296
630675.483337559
1.9984554044715e7
614135.2510369892
664782.7703828414
7.416604530278817e50
3.217645672405206e99
700352.9142642692
2.0005576917467017e7
2.000556305830186e7
793039.1794438552
1.3231153259529336e98
7.40217898829149e50
631395.5348497924
614900.5556518617
1.9984574494131785e7
662277.7340961822
613408.1875798124
698361.6226343093
797587.5198685551
3.1989068725692986e99
779665.74096592
706523.0699841162
2.0005563040071543e7
657392.2677165599
632941.5917895038
7.387767489043274e50
631395.5348497924
662277.7340961822
1.998459494356866e7
628262.3675277485
626721.5924871422
4.369762044969038e26
615597.6777456338
615536.104805045
1.929264371639857e7
613586.3683355729
1.58139165795602e7
4.850337246761874e14
613232.3968964084
4.983502908850439e14
1.5929166137732003e7
615618.8110872041
615548.053976338
4.367632292294199e26
627873.4389334264
626342.6234506086
1.9292814582956675e7
613408.1875798124
612495.5778007692
1.5814838908457108e7
613058.9962853598
618020.1079450038
4.9810740049519575e14
612653.3833891869
1.9327749627669625e7
618020.1079450038
612347.1416589619
4.715058569849685e26
622264.1035969183
612653.3833891869
1.997781084741071e7
4.290636512395754e50
612078.3777151777
1.742409724390633e51
1.9992250396924183e7
612653.3833891869
4.639894047136876e99
730769.5864318102
611653.2831869319
2.0005566063451644e7
740715.5176761746
1.2469797951901015e6
611252.8275677274
1.3905007965374608e197
1.0117545526023244e6
612653.3833891869
2.0005581739989426e7
612653.3833891869
1.8299567624593594e6
2.000558174e7
612250.850078472
4.446692254387685e6
Inf
611653.2831869319
2.0005581739989463e7
1.212341513905166e6
611452.0165315744
1.3796376550939773e197
1.029485080693408e6
2.000556612468755e7
7.889595752299858e100
2.0005577696314193e7
4.56767959078628e99
2.0005516082213785e7
1.9887432310475528e98
653620.7143088423
628777.5590677768
8.67793383816562e50
625442.5493272151
656374.5947380217
1.998658584120023e7
1.93323037770535e7
1.9396594658090618e7
610418.2883985915
4.641781184668926e26
3.9869136259578995e26
626179.297966819
611231.9190047096
2.9055108660422367e50
1.2251016836551222e51
609643.6854602401
1.9989738073885813e7
1.9972209278531365e7
2.0005559597249184e7
3.959320059991354e100
702335.015273112
2.1398267934377034e99
2.000548639087656e7
800647.6855972979
610418.2883985915
1.9972242050443016e7
2.9055108660422367e50
608908.1101896553
1.2226948279741997e51
1.998976917353864e7
696134.9748219161
2.0005559618989512e7
8.514665985311278e97
777683.5224829254
2.1356104278785833e99
2.0005576125639115e7
1.9982783101446845e7
628397.4935346142
608211.562586837
6.058085165944762e50
655799.1310898907
609643.6854602401
2.1482719988891617e99
2.1398267934377034e99
702335.015273112
2.0005559727691155e7
2.0005559684210498e7
782183.8103839131
650910.4370671419
630056.3756209952
6.046159919876312e50
628397.4935346142
655799.1310898907
1.9982805539605506e7
1.9183286793563277e7
1.9335231971819878e7
620745.0882633846
4.6099027854763517e26
3.3808550877024884e26
611346.0026109517
1.573639744397862e7
4.744527685053629e14
607795.5410316493
4.742189614850672e14
1.5737344819305163e7
612948.6877666293
3.655233132291645e26
4.969468117773818e26
4.979276987511602e26
1.9367698658601098e7
1.9224675211787663e7
1.9225430710360322e7
611421.99950894
607863.7784590346
4.872386106121991e14
608043.5237592211
607729.6936766196
1.5856393803717593e7
4.274437113641313e26
618821.760259888
607863.7784590346
1.930101783591602e7
612132.9763956974
607605.1691836285
643082.4400193499
1.9975351308053654e7
3.4851600521969226e50
631094.0475892216
1.4375741221227466e51
1.9991170885685623e7
4.96701741142739e26
1.9367853552059576e7
612132.9763956974
1.9225619589334384e7
3.646229076888539e26
619333.3575440557
1.586009231547039e7
611519.0776618009
4.862782980918715e14
4.867583359410978e14
607554.0426517858
1.5858242962792253e7
607877.9241608407
619997.7676665646
3.947865132648546e26
607239.9180596727
611519.0776618009
1.9264417365327433e7
607877.9241608407
1.9972323980448168e7
2.8855370686788843e50
606640.9396262715
1.2118932640872965e51
1.9989823598042928e7
2.0005487000578366e7
712197.6418896288
2.129293675998164e99
3.939868938505281e100
779927.8823883013
2.000555973856132e7
6.016398206129388e50
631395.0818324025
607239.9180596727
1.9982861635108057e7
647355.2797070915
606080.9888606364
775450.7306677856
8.406014741586961e97
3.916590816635852e100
714481.0141056987
2.0005576139460646e7
2.000548690677809e7
606640.9396262715
6.004514081200299e50
632332.5739003038
605560.0657627687
1.9982884073351435e7
645038.2048751578
3.9088467696887955e100
2.000555973856132e7
8.456074775539859e97
2.0005487000578366e7
2.1124947435388472e99
2.00055761671037e7
606080.9888606364
633306.0829764412
1.9982906511619013e7
605078.1703326674
642763.5541030377
5.992641705168173e50
749559.5399245025
719147.7702604556
2.1166882394870672e99
709947.6069144319
766635.2443095843
2.000555980378231e7
605560.0657627687
1.204718845748071e51
1.998988579765069e7
604635.3025703328
1.9972487841427192e7
2.862794228586319e50
2.000548718817893e7
2.0005576178160924e7
8.356103325782407e97
3.893381666308812e100
8.422684906443666e97
2.0005576156046476e7
634315.6090608158
2.862794228586319e50
1.2023321061686924e51
636194.1461455585
1.9989916897524286e7
1.9972520613777995e7
1.933881143695543e7
4.560030086441771e26
613054.6280601138
3.331076786747772e26
1.9189246580490857e7
613083.8265345502
604742.3606670635
4.812521987957015e14
1.5879522207400793e7
604530.6837028373
1.5640467074106162e7
4.557188537905455e14
4.553250279780619e26
1.9268190454953495e7
3.336038003727756e26
1.9189047893048212e7
3.899324749337123e26
1.9339625037732653e7
1.5762943401909648e7
606860.2833165742
4.679279535963491e14
4.681602047838401e14
606206.8429443983
1.5761994637383962e7
604582.6882329308
9.99077901097831e6
604853.0207936572
604479.2889800533
1.4719043094893608e9
605209.571670789
1.5764366645170333e7
606858.1318206427
4.678118496113926e14
4.682763519863746e14
606104.1933205972
1.576246901321533e7
1.0069284338996623e7
1.4719043094893608e9
1.4725799986212728e9
1.4696828509199653e9
9.992629921686834e6
9.91160029246734e6
5.115925948750585e6
2.485029758590423e6
604429.9306065849
2.1976404569461156e7
2.7189270220267302e6
604585.0622162151
9.972436862531882e6
604898.7878218013
604373.1579077176
1.4709650706704054e9
604969.023515895
604487.3146750382
1.5867134800490314e7
606353.8984627194
4.660459163505881e14
4.5364098861381875e14
606223.6018687688
1.5748214854917515e7
1.46912654429984e9
1.4716424472537239e9
604898.7878218013
1.0052028548504997e7
9.893094638579931e6
604805.1189724915
2.195848527454984e7
2.474809474136886e6
2.212192646047899e7
5.084265125708572e6
2.732486548943057e6
5.13440225956331e6
536439.7047129864
529727.912262962
2.6908910419683014e6
891523.0193260742
885716.5890219235
2.451019721197389e6
3.4954570031436995e7
1.8768414575497585e6
3.515481759289367e7
4.4208167040126715e6
4.882650946355783e6
4.467697057645128e6
4.808303164599207e6
1.8640018828174653e6
764944.3128110203
1.8512735450303948e6
4.845231059112451e6
604447.1762090547
757728.1786233002
1.4089109709056767e6
562456.3905089853
604377.0732445132
889947.2390016906
668885.5393536859
755875.4680434696
547082.2258560731
536008.6006044387
604370.3828148281
630690.5065208969
597525.5453397526
524774.6212075853
535538.4947455971
525808.1672312671
539326.016810141
599059.4567860762
562508.0065741927
630160.3473286062
545031.5877185557
539126.0725107589
708703.3775330071
531824.8709813526
528117.9294155624
574052.7625999181
529324.9739701495
553902.9692527463
547347.2458276525
524562.5812392378
535776.7460615346
666827.8232413661
533551.7146618294
604380.4735983378
658915.5915799207
541689.0884752617
599940.4584467857
526324.9785561875
554514.1255581051
527925.7209609572
524476.7851971639
563019.8686383186
525597.1426568644
555694.3268931682
545962.1694383532
693317.1712504277
546296.1454920248
556867.7199727979
640571.6747996946
526061.2589131113
524093.1398778141
566442.7174267909
524605.7688248865
524861.5503218262
552953.8919795287
530772.7760416092
640673.1986283384
569793.7623640057
527281.8960664498
692594.5715856353
587339.0187230762
552812.0842737186
523710.6133998384
524239.95351945405
565795.5959228216
524476.7851971639
525663.4759706334
527875.1834200758
526957.4244836873
690315.1600529897
524189.11600613635
524847.174083725
640632.419929593
565265.7750300601
525889.490137941
526918.608235509
552644.5678651928
524784.5702083049
530417.8690181
534861.9047700881
523680.50717174716
524584.1915707126
530136.4713901315
523801.7968093893
523676.2146714441
556317.6604189835
525756.0909288239
556978.278395638
559701.432702172
525000.6744017428
559572.6291432211
530934.7203403979
523735.967629544
524452.1113551968
533702.3023251415
525097.7078013734
525951.853128413
524981.297685104
524018.8715697662
523866.5759661912
526670.1645891374
523702.2567047077
523569.6385605406
523591.0390168651
524649.6404790758
532058.6723944903
524134.88427830505
524162.3649790887
532455.9672450467
523650.108379747
523599.0354530936
525492.9716487023
523718.6382227786
523718.3723584985
525972.7906748845
523554.67401704483
523629.21250967594
523992.7538054266
523584.7261059121
523516.7308382495
524230.2383027514
523684.1489795016
525778.3517606633
524507.1327215761
523569.121085535
525579.2040766883
524415.7521590146
524009.89890668174
523511.66259430576
523529.2277156507
524106.7125993575
523583.21722573496
523513.1687355915
523619.4667964794
523489.8909168398
525077.1327364165
523793.6052364485
523836.6989997038
526256.189147075
524074.90506423666
523942.9503302262
533553.0376755003
523351.1682480807
523553.43806663255
530889.6757167965
559110.6385729065
531142.4933904986
540830.7159051547
557116.0471301386
534772.204435854
544504.2595335115
526149.6139885491
530435.9760510954
524051.790665881
528016.1226051957
533446.2582291091
523625.8828926888
526313.872952659
523380.75618382276
523642.91187050124
524694.3263127584
523376.5671471483
523265.0117464609
529112.185344719
532411.9801338423
526648.7213770058
528139.94336584
531508.9066638327
526603.7253727006
524277.0228399144
525580.0137503287
523450.4378302889
524617.6220640028
525298.96104957
523559.97706463194
523776.9028530306
523255.84554104
523721.6941482562
523835.3547531742
523385.5493234305
523591.8143163749
523302.31012463174
525030.1135780074
524946.0601433074
523218.64310993644
523990.27271385584
525909.051717633
523189.7552828258
526031.1781452321
531476.5680479312
523657.8652940991
524945.1310027905
532337.1509632783
522905.0814700477
524247.82455909677
564204.010526561
524634.6040503916
523232.2599585168
552493.5189541467
655466.288630583
579057.6008342558
524411.5008582938
666893.942073482
575710.9513655064
522406.77199944935
615008.7193157236
1.255554700995621e6
531118.5809871359
589787.4406620918
958380.5700559386
530282.1018208782
601402.4435996164
686862.4606767411
522543.7468553222
631013.2296879423
640889.3243658197
523244.6003064603
523015.8021514165
552138.006043558
526272.7587279474
522412.79809906136
563207.6781444395
528226.1584950709
522282.73156907014
522200.2081373402
533109.5344720826
522544.46104085987
522619.77629910153
529259.2752083419
547014.7438158338
561714.3902120378
522302.42447122536
540444.286583337
552672.8229373923
523885.85745613876
532458.5204135932
525199.0798763384
523591.48986967024
529423.0035240739
527567.5590970097
524615.90250147
523699.9829372211
522062.7686835263
523536.45998429466
525077.3980319067
522386.0408572909
524839.2448856974
528424.6037757078
531303.9306489622
522335.4993569367
527272.9788977042
530194.4251248875
522910.51065764687
522182.64111707546
524526.1087760729
522560.28921283566
522061.6808188979
523972.4170439204
522540.69495696045
522167.00859743427
525640.3177477359
530090.4482240479
521993.1646382258
524199.4156885109
531424.2900217478
524235.8932339121
527224.1880262857
555190.7942720514
524101.11693223123
528042.2710325785
558720.4816494399
529760.6683904349
527923.1410838919
525852.2813516284
529394.8952923162
528044.464522553
525691.0225838496
521990.42752974416
524270.6654732414
522298.8789261789
522022.2248758155
524051.6459323967
522188.3503459982
531661.3164033652
524508.2751346696
529642.1609726213
529889.4024410704
524328.7772657329
528616.1297353491
522082.35131539655
524527.3135293475
524179.5678798597
521967.8337777714
523842.510496907
523864.30052945233
522502.3151469372
524481.4930422559
530383.7005372631
523261.3139475506
523768.4957603329
530971.7537806749
522261.2615843155
524442.5208897026
522424.0980855567
522682.1162466843
523823.2791528886
522544.2376019431
522051.3136402518
522642.4664291046
522242.5123634813
521953.9030693449
522381.8065501173
521986.1966400422
522327.78109070414
522068.8256671369
524430.7110966736
522343.24791098264
522290.2362448472
523848.3263277156
521905.2589312317
522015.0146971511
522614.2939321737
522004.90098720987
521903.92684324365
522383.1577797445
524014.75277953077
521865.5156374472
522583.4270254445
524154.40110101504
522043.8377073748
522597.80756802193
529094.1883975461
522330.4989867633
525700.8044657842
532101.4549243362
523709.4815559943
523912.3766138708
521720.41644977825
521817.2002143315
524760.7363640264
522083.1201096056
521925.3481616726
523350.69174367824
530026.2761090606
523343.3585510582
523596.4048031154
530779.466728007
523986.4112589922
523202.7194107831
523723.39204249915
521910.1168858712
521816.74282810994
524086.50154994713
522012.17408262024
521830.2261356937
521944.0879758458
522304.43887069524
521690.2313443889
521838.472234985
522222.2052629057
521806.31338265864
523528.0205304243
521602.7643550842
522973.88702956535
524192.59164419404
521924.3746312116
522506.9554764162
526846.8722699492
531459.4665367145
526177.8693337124
525094.2124175475
529243.3702120058
525210.417261606
522137.2394128434
521926.9051325867
524210.23712410714
521643.98216890014
521703.2555624914
523357.02212837175
521606.3811552264
521546.97390438145
522367.10086861165
521636.79574884044
521661.3420042891
521931.4932713543
521871.51294603024
522022.8525154843
524036.4812012708
521520.8068163958
521715.10424159747
523412.99722309056
521319.32048092736
521978.16900216916
528789.8492148878
521755.7769462053
521256.5086567768
531539.2595821243
521027.42939330376
521042.5160432465
558662.1211411584
521727.6033302317
521549.30718720215
553770.2058399458
521097.8958678507
587408.0901371114
687963.0211896431
520956.99689543486
566452.2562820277
637641.280674872
700226.6190355739
954328.8719573513
617465.7349990606
784706.496600857
1.2621118998745207e6
586889.7499336199
637692.3199258469
549459.1938725541
521230.67210314644
688239.4419450157
564120.1256132752
521734.2412968582
520479.5115283654
521167.03199549066
562803.6980414754
521519.92260503693
520817.1775331603
549748.7163145116
543886.1470404421
559882.7004271317
681622.0856859087
551690.7917940912
551476.046216116
641337.4448402801
522331.34249572037
522513.31839264097
559546.3067399384
524312.9353443963
521771.59104746435
551549.7687719703
526940.4059090264
530369.7610704815
520353.56097666034
529497.0676273896
528046.5366086632
521053.2151905162
553426.2028308894
520373.5626544323
522724.7007261211
556511.1033068642
520635.33465866913
524746.3367904089
521056.76963840524
527270.2546541448
527970.0980407182
520364.87415460806
530614.9169027846
525608.8987430654
520389.3729819178
523376.281813129
520362.21820459265
520321.9040924462
521646.2935825586
520434.7131508634
521554.6473712325
521317.57645534875
527793.8970003299
523352.57605314703
520717.8037878767
530193.1529741351
520992.0344910684
523192.77787586465
520361.5708148535
522272.905345535
521781.23939720733
520543.5813409095
520823.79379630275
520407.40947677346
520500.61475287314
520258.96131899627
520308.1286473507
521225.98071091156
520169.0346364543
522699.33866080287
523046.1263479876
520578.6020695329
521326.6041182199
521837.305721115
528252.9206512992
529224.0032106363
520834.2874641309
529395.6772748195
528603.5749835145
520196.5717707805
520515.9817550597
520126.6083946407
522649.92209000635
520842.30922091455
520492.20002749236
522039.9343886178
528948.4634165026
520085.2285343103
530739.4875517407
526136.1660297863
521161.8469438148
527125.7384156596
544561.8940805454
547806.5748441296
533903.0076400295
551810.8453150113
541621.4417432671
539164.6590597383
530991.9244081256
519842.83203386754
526220.9878951394
526490.8276789555
521654.99793012446
531121.4007286273
520221.83891538635
519772.07567093766
561680.0272035078
519464.9277460099
519913.62486714043
548728.4624237345
636920.1581409997
541153.5004736616
535498.8250772414
686343.7258594637
552759.472645031
542853.2465350942
560622.194659
523961.05759755766
536589.789167366
548682.8530990871
528688.9684835989
530051.3444580782
520230.53405699175
523883.61195393244
530509.0812607204
519235.90656586736
521011.01013984607
526007.8470633195
553795.3121970164
553853.4252918176
521101.62805464794
554029.2399665179
554710.1138334817
519726.9945106622
519615.0190299837
527715.7699578995
528759.8095826741
519279.03936799004
526658.5526593493
526967.5259699657
519706.538804203
520662.812145145
521048.6651854074
520484.5762161348
520005.0380539766
521793.7721115556
519538.7916558813
519204.0638828944
519976.7687240063
520018.36655049433
519270.5125299832
519504.73658333515
520578.0723385997
519090.29592278623
520785.48080199235
519948.3832915759
519533.66726573056
521953.5457406595
526929.0221337125
526750.7938390949
519509.21249859256
528701.9137609901
529057.3047601874
519483.5900692402
521028.87483221386
521668.1356665542
519835.5042074372
520181.9273093112
520887.4423006698
519601.60159111844
519085.8855540844
519425.8041201445
519170.39442812616
519096.71008449246
519853.52955607144
519259.27702655137
519174.12604951556
521526.979382321
519417.9118703781
519364.5765134298
521003.75708854874
519898.20961815806
519501.72534222243
519031.0709672245
519764.2393864132
519761.4982323635
519154.65625070635
519468.5192802847
521289.7240759338
518960.7191311031
519095.4577151725
521140.7652641594
519136.9529079192
519120.53516307817
519924.87591192924
528605.5853270311
524617.7264213654
520678.94959188154
526737.481906063
526842.8663840266
518848.0144424665
518946.91802232526
521608.7004869656
519102.69248607126
518983.55496200867
520694.791287658
519131.23018922005
519320.6516984687
527951.1601498084
518730.4567385825
519006.12885350594
527207.0063434662
530867.1305978727
525981.8448724782
552051.5933380469
528815.7060309832
528751.4536760657
554595.95818502
522123.2891462278
518486.01539128105
526073.100695002
523948.9272544272
519230.288834084
528707.6521279063
556633.9842588119
519582.5313611637
520535.8746215232
550445.2262110179
520850.8265155586
519815.4409756565
518301.08205262857
518454.1757194594
528070.4362904705
518671.2278020256
518517.86382576305
526426.4951308519
556150.0478063568
529412.96156827
519536.39558094257
550415.1164367973
532195.7684866907
518817.01626140915
527617.7063634301
519173.67475193203
526247.5420806169
526404.8837115264
519937.0237132298
524792.7806686972
518304.0553000147
518833.92024864326
520826.8981718721
518319.15282677574
518916.2177448151
520169.1654490429
518306.92382380017
518250.95085892134
518720.5542913724
518296.3155239429
518353.5835620602
518975.7890102728
518807.51559005905
519400.0720782587
520328.2252832785
518685.46692686895
519849.53694800584
520519.01665007125
518246.91002406186
518876.07769441896
518205.92072019674
518281.84318555205
518719.21287465835
518296.05757676635
518363.3533012029
518535.47413285135
520232.22445278004
518288.5906678769
518884.7108171895
520539.49972476106
518625.392036171
518814.0173533528
518313.9614198868
518887.4957791889
518687.3814697624
518326.7411128121
518320.2758006329
518202.1167611084
518398.3445818457
518293.6496369203
518278.81758288405
518287.9919111571
518255.6132479981
518158.6651927081
518549.930299259
518314.23806892056
518302.2429721783
518940.45476561825
518227.4480726103
519414.05467584444
520136.28172907414
518284.7263243138
519391.28676555154
520578.7551635008
518289.19249194895
518281.5416298979
518746.579170937
518157.0535413861
518223.53567054396
518660.6375025317
519754.74467309174
518035.770267985
518093.76102327014
520907.77236548986
518509.52925081295
518296.0808526569
522128.23273471574
525679.1766827272
522439.9959574831
521122.7825030487
528064.8914652208
523405.9832363898
518546.63388969906
519819.02215531375
518212.3417770357
518299.94127617514
520638.45832175174
517931.68672731717
518330.09184574033
526700.7959628805
521157.3094532623
518143.31399118615
526690.4206047963
520465.82499491517
519938.3098356881
518048.8080463389
518252.3264179193
520280.2880338234
518130.44278008636
518077.473091838
517926.09470430797
518059.45405747526
518368.22462750226
517957.1508866391
518055.25354927784
518582.2167865827
518190.3809755046
518219.8048669053
519682.7476347701
518872.2917872099
518042.0010011946
520526.63817249815
518052.4396785938
517980.422751477
518204.6012252303
517958.6891796006
518221.8658842394
518729.9264238854
517917.62360779784
518163.39934544096
518146.7442123494
517936.14105133753
517962.1491168833
517899.045037043
517894.93966373196
518263.31370530714
518721.62599459075
517914.25326297904
518624.4751451994
518181.1802982644
517910.3795893079
519301.0683790608
520424.2294892898
517911.2652545647
519522.72437116725
519769.74571141234
518003.52300408203
518339.18938744825
518213.9437180117
518040.2881924652
518543.208175255
517987.0780149372
517899.3706763127
518081.5904119158
517866.9594041032
517891.11571228097
517981.4629402649
517939.70628036815
517913.49069386226
517858.55766542046
518393.1909490043
517821.52416801767
517876.22160495096
518432.6126217855
518807.9670099265
519849.2362172735
518866.9660227598
518906.73055922607
519931.9823757589
519106.070167491
517899.64580632513
518376.3496697729
517776.48854063975
517861.8840671776
518358.40591758024
517866.57675521215
519981.6383860286
517763.5306318463
517869.67939762754
519934.8238881312
517948.8956228383
517825.5757631338
523238.64665963704
527821.224373631
519024.83092287683
520780.0800757388
525049.0980347523
520116.9294981675
517765.3345554582
519226.78460742073
519051.61924157874
518091.5136668351
520659.51356190286
520782.44107336446
517703.14841893816
518713.9541720515
517773.26241874316
517854.2754014832
517895.9607862198
517764.90306584357
518272.00142186857
518530.634709869
519362.0448852113
518606.2062234919
519171.67545211595
520367.35129001597
517761.17926848907
517650.3124546037
518469.15999834443
517678.6857999159
517757.3596066502
518024.88964318484
517794.884918655
517844.8413410366
519495.5868690263
517541.12533816224
517592.7436647466
520163.3421383883
526039.3119830206
517723.1499030667
519167.7946418942
526499.9539027169
518106.0726418765
519036.50325456826
519740.2027722217
518215.4452850582
518435.2116105563
519703.9096795655
518426.05324910535
518341.0495386424
517546.03932418476
518092.5849695092
517688.9817619747
517561.3414991571
518079.41531155957
517591.03926935606
517563.328460723
517579.63353941496
517675.92487182346
517522.873482119
517533.00696267415
517679.0280979159
517528.93973317917
517565.53256462497
517998.2990663591
517589.1259325402
517584.5739002909
518136.31185347115
517523.1206771132
517609.8358398058
517611.7742791159
517522.6639496116
517610.7005478596
517705.26407958835
518084.32029973157
517921.8008222929
517534.7126783183
518058.5000430829
518092.49678264494
517640.47754937044
517698.3451924922
517652.16239683016
517538.4310258757
517618.6259052545
517649.0820063605
517507.24686439306
517553.2194524746
517488.219110982
517980.7323383391
517483.9423813469
517537.23438908986
518124.1220215641
520117.78654137667
518683.51800789544
517772.6734472673
519187.54520817596
518269.39935524884
517445.94075519085
517448.6103062291
527876.0924665021
523159.59010818717
517443.27122393576
524707.8744748316
521536.3084362157
517724.3303613172
548209.968122324
523233.93581999996
518255.97912860155
557424.6169777283
524909.7361371838
517457.5537987016
517585.1149542399
527705.3191992173
517428.9900713522
517399.38412033446
524789.7794549232
545730.1875035207
554395.670696382
517879.2323635542
560383.5139173844
542338.6715387932
517507.9587721366
517249.9987990447
523488.3379359599
517488.44904364814
517823.33821466536
529036.8508461453
517343.6989122569
517957.7116115762
516914.1881326286
555066.6161922528
518205.1632258945
517670.5047078808
549681.9126777394
519124.42133703077
553323.662002117
669839.3153424627
519222.86963643774
551344.896649218
644689.6502059827
529387.6051058464
527332.9110885974
552466.5017838241
531368.0431904916
526250.3528870249
551509.2228812225
519219.02619269065
519219.3269951893
524819.5815749733
518754.90487803746
520123.71129533945
526352.035667825
517269.834063033
517988.98129428795
518586.5730359274
517498.0441613711
518612.9707144407
519570.855973381
517566.63554629596
516929.4783562972
517245.02465493407
517112.9856466309
516937.0335247846
517673.1151073036
516980.54414716084
516879.3248723015
516934.5985943404
516908.81731371995
516953.88246666925
517165.6041769526
516926.0324068137
517585.7265511314
517069.25042396184
517173.77987627784
517260.687053812
517180.95506894443
516855.99103431794
517111.18436206493
516960.3642034304
516918.63519768766
516918.22043757275
517072.51014819095
516885.5533560571
517390.0873272392
517426.87307417806
516845.32053991983
517267.35921310255
517384.5946998932
516789.32046853396
517210.0708164137
519287.95487037755
516929.4526963153
516876.3753274158
518779.7933358867
521692.7978197671
520040.41038453986
525754.7574461176
521223.4617961892
520063.0297915062
525400.6501266711
518977.7222128679
518177.7201823461
517310.05855917506
518999.4495314781
518437.0293359002
517561.68800287857
516798.96349965583
516879.33562352636
517298.54028608097
516780.0671043325
516763.5796764116
517374.2544678443
516787.3860326844
516656.976054789
518505.2291765683
516980.81916131335
516881.35476365854
519413.9740948278
526222.1855413392
517037.88593550626
522168.53668898967
524699.6782361049
517210.16845112795
521402.69442990335
517641.40557619365
516841.8342434987
519127.97294469445
517539.9396939841
517122.3325637178
518582.07485762326
516741.25731509534
516878.4546294737
517136.51840792526
516820.82523708325
517137.57842774666
517266.2825776315
516651.5240354061
516634.27138475864
516845.6141523592
516662.42845906166
516679.6849815029
516742.29474991444
517083.2351637797
516584.1677211667
516810.01878023945
517280.12870266725
516692.4023774537
516707.6427499555
517320.5769254505
518671.36430911697
517256.23554430355
517344.61361084506
518895.48813222494
517094.51220736984
517093.9722010934
517099.08062192396
516544.2390491017
517173.1236610575
517156.3747899857
516624.1233840782
516546.96951376647
518041.89265285933
518741.4530538613
516541.5086263587
518305.1990907614
518696.9908643873
516472.0672144229
517458.1229857272
525652.7603823481
516807.6459802125
517130.80078137835
524969.7641864078
517547.8272535695
517672.2064661401
557727.8957917544
516065.73373206
516402.0521894488
546017.2519900898
560781.584480524
521440.23920729617
667155.721581541
558731.3421895042
520850.33773516066
646059.1477711006
520275.0962417942
549845.2002111204
516319.7039296159
518680.1662520934
551879.1585968798
516470.30656515394
516589.06594114215
517328.49483817373
526042.5399227911
516054.50563535385
516714.6659654115
523434.61283011694
521805.776370497
515892.76560779987
556581.6076762761
520051.9933811862
517380.46031487547
546323.6608898082
660785.7608824968
658004.3141766441
532265.6596519118
651011.0553638219
650644.5406239904
527067.0103722664
515621.7090231154
554454.352979649
522271.0563699524
517230.3899433035
546284.1363719993
527025.8161614854
518456.8068187924
635984.215066098
522651.4025673742
517172.1548755019
680076.687623692
518893.5004681656
556378.8460874817
519521.5842277689
555603.4737113602
546061.0576327888
518455.96317219944
546222.159506281
522766.0260971435
517439.69891669863
516833.1559841576
526183.8394985655
516665.385060321
516117.2008023214
515666.2353022183
515510.645302434
518542.82244849094
515613.16862529493
515740.70963624155
517111.3790166354
515509.58753276156
515343.8652083827
525560.6088238584
515863.3235430356
515680.0713636957
523074.74399224145
515464.76864605735
546102.6572412432
535766.6663507742
515292.2313790657
555677.0993278389
541144.726278649
640058.470945229
616157.7778409106
523329.6188117928
674835.6412801064
599253.2339256171
525182.6793748302
521931.1178820033
548220.8259620917
531644.5727421445
521927.6193501897
552486.7138888052
529493.4923355851
515592.9594370953
515771.335441319
524465.1654412524
515250.0251973261
515638.43333941675
523683.49057990214
528176.1192577376
557088.0453989177
515626.70211282687
522459.54946810316
544275.4819707776
518374.0289253228
515619.0467246525
521549.5550598685
516023.8794211476
517159.1158776172
526748.9644913747
517579.1800613801
518583.8444419554
515076.74564988277
515165.1359609742
516337.81133671
516195.7384523066
515452.02016366814
517196.41911020415
516103.24499377696
524996.7208666897
518769.26297099906
515620.678697428
522522.105426094
515110.024284167
515025.6833247676
516555.1678559082
515133.90625603986
515234.4118426952
517944.44509123045
524017.86252676597
514966.80570006283
515381.23386973934
523579.81101243675
515343.1292117247
515395.5339551857
519027.2224241314
524425.3418326216
544168.8039356397
516524.48252985586
520853.22543611866
557041.8106626832
515228.4948263401
515646.9867380159
521458.9498049845
516612.52651692985
515107.4160753315
526227.2562516782
518298.13691202144
515817.3689366271
514955.4010647379
516076.9199184338
515042.7329732864
514980.3665113002
516923.2324490125
526420.9848861002
521273.93804061855
520344.05354554625
521260.3262113765
518110.32733281434
515629.6692862061
516266.3003967822
518288.47490898607
514723.9595978535
514940.5932000087
516040.51831570966
514899.60300101206
514850.0798360531
523180.4167844046
515086.4161838191
515023.78223326785
523743.8993734408
516168.63645797817
516646.0483787758
514667.07295404957
515908.48371034034
517161.7486496899
514810.0521799421
514710.0262849969
516373.1868448704
522507.3459077823
514628.14634161914
515167.81344126334
524307.8717225186
527739.7908620952
549413.1927096783
517544.3294527837
526018.5161830671
550055.4110911626
515954.66833427583
522758.6374475729
514479.29812395084
522091.2777578073
524009.2832768221
515104.8638377665
523531.48547994747
515315.9844676288
545028.4929612611
555488.7320896394
516084.1185737539
554345.1791327833
544788.4469698957
516131.4031965375
524171.00648913987
519051.7788334938
517827.34270392865
521256.9895142031
522131.43993055174
515162.4932346476
515013.0620133065
517404.8091416252
514428.84647772944
514514.3990492095
515959.02034533897
521416.46543916775
516319.5368366947
514441.14395651995
524776.3972083901
515237.25921116193
514938.3403869004
517476.5148482368
514606.7301287501
515379.4211329653
515736.10231072205
515928.7803574066
514574.7280066743
514378.7372466215
514546.32348593307
514414.88504043507
514521.06153042614
515403.2643548131
515350.8807083275
515895.1157300606
514284.68651585624
517011.15141325974
516765.59902121546
514689.7835456178
516118.2102858328
519839.36705707724
514957.45459437737
524255.9555061874
517924.5000179365
514822.07385319803
521921.1708405846
515765.46105938085
515337.1601641503
516915.7715770594
514907.93107997
514819.97071079555
516037.52664418827
514688.02010924346
514214.29544731806
514605.08050346223
514372.5967424059
514396.9266525539
515063.8642995449
516384.84023765015
514268.41997008957
516516.3334090285
516409.2018910444
514478.1245242628
516309.04190880904
514503.97083491186
514172.7476122965
514740.0774051418
514534.77535947505
514267.9585888618
514784.55073196447
515194.5161393576
514084.51845209784
516196.7198241408
515044.53352841135
514296.6489188868
516523.0898269005
517177.2053595709
515368.61147412105
523668.04382161173
517447.1559929486
515957.26945966185
522146.6210353721
514086.1231363661
516558.3950420131
514295.0748625622
514180.5669226893
516015.82878356904
514337.066534743
514085.9381158861
514763.4895552208
514264.7286098803
514197.019403959
514507.47068816563
514238.08015143534
514164.19890809344
514084.40915635246
514275.7618767106
514211.60975360667
514177.8451219746
514145.0289048697
514465.50873655785
514128.79062927887
514234.63559748285
514794.2581778563
514467.9110334494
514623.78756199515
514137.1449697986
514102.8506658158
514041.6792795523
514306.48262353655
514337.9324906345
514166.8282413832
514627.9587627244
514573.3235390213
514095.30294445745
514544.8988974883
514609.68578507216
514008.41520045674
514412.7292733207
513939.6941491064
515925.8436888905
514763.04070218926
514088.25001558894
516466.13692248135
513903.60468091886
514157.4583917199
521880.30798093125
513975.7955832731
513735.37637839967
523467.1697175599
515899.92688904656
527674.3807917568
549451.8081455224
516063.48044739786
527444.8958837908
547959.7588533821
521084.15506045707
513920.52504895115
522220.0168622944
520205.0929938748
514088.937666555
522783.6236442207
516133.22250622616
515589.3953159498
513813.9455177529
515731.3444829465
516233.27452656755
513873.13571701315
513841.1249633069
513797.54517466796
514154.7234744361
513685.9587953723
513733.33427318645
514411.5896218329
516203.0086791426
513949.06627423
515260.40336498944
515588.1294812877
513979.50305263477
514950.0905899946
513703.79847070546
513636.9204796277
514348.69586851995
513725.1480606225
513741.63086921064
514122.99616845127
513804.0347351258
513817.77152961626
515940.59772100265
513954.8902645952
513864.65829633863
515733.7591771636
513924.92003247695
514186.8535753451
513601.5949986864
514008.6161720323
514180.7466465699
513700.283657842
513510.13680502085
513679.6964471702
515527.45593995316
513775.28849583224
513600.7373806298
516055.26061149
514418.83286433655
514000.14770464465
523233.1166666404
514456.8722523094
514420.2648116734
521439.3339704664
516092.1853701053
514253.49185222405
513617.7651456338
515346.3661756816
514103.7023385686
513581.24941713177
513918.83600987063
513471.87181141
513632.27727148373
514200.2025313957
513652.9328290997
513779.53593098506
513441.706936137
513553.7165615788
515290.261057533
513543.3546239499
513561.6059645092
516021.0066373343
513544.4155711435
515415.2037361407
520668.9838462779
513408.50876748166
516745.12606681435
523573.53824986756
531344.6836519613
549571.9577889957
518447.3361979643
531993.8508193466
547473.6324331515
519731.7641307661
518897.8513063237
514382.3572762354
521823.5513485932
518708.9060195338
515064.61123361636
522468.2979809176
513432.72496256576
515310.5985030863
514201.87801914953
513491.7100973482
515866.08130878967
514096.133752043
513413.8271391117
513862.65266200725
513535.88233421085
513422.7789876045
514053.7163026219
513799.021519747
513507.2243847956
513605.6107452913
513424.63505889097
513404.28361273196
513485.2899764915
513397.1779763355
513422.66078958614
514158.13734385796
513468.5996241742
513378.2790549379
513725.6217508278
513565.4846606825
513407.37790836673
515718.564709102
514519.1099978809
513366.15872589283
515437.54938141786
514058.84766956704
513944.7854786147
514547.90313213074
522421.5616405637
513537.9969521514
514282.10419929354
521847.4456024066
514404.5778445988
514920.5250940058
515226.8170483077
514149.99209131295
514822.267092314
515273.1051473059
513367.56430202385
513867.9645032521
513552.3722730971
513364.8183247406
513966.22167453956
513485.67265854427
515418.0072624065
513577.0740672494
514590.2903818109
515725.1345879311
513708.9161829145
514549.4628664112
513359.5533415061
513932.60998890444
513910.80560526333
513427.5059109753
513777.5235166907
513911.0448147767
513682.27016752417
513466.3538352345
515095.8165612837
513886.74827826436
513838.6982656824
515981.983553819
513349.59996402235
513527.3060931606
513703.9731915456
513370.0857433291
513298.73582969245
514110.00028633646
513402.8588714843
513290.74896104226
515772.44583985716
513202.5965066028
513310.8380766136
515224.922105656
521524.7443853644
522215.51936410205
513520.3942376932
522559.4028375679
521693.7244757704
513821.3981981306
513368.84552401985
513139.85226138093
515499.12074748887
513499.78728152585
513329.25825833145
515302.1414221819
513756.80131425086
517257.7975059395
521065.5269159403
513938.57177756674
518127.66971836484
522634.2229906032
514125.70053224603
514816.78938880906
513432.26974200027
514727.5414960582
515812.6436276649
513305.47934975446
513426.4173578658
513257.76787624473
513197.7411633889
513941.2099073244
513172.0145726355
513424.5024887339
513139.4769952647
513116.2107637662
513142.6928771105
513225.9258120932
513264.1247564652
513408.7324793228
513260.3977130794
513752.3121824932
513727.9256014685
513110.38098890736
513492.8262542572
513598.09164010803
515847.9057413762
513048.9048153452
513163.53823010146
514736.49491693027
513179.78977872897
513550.0056495695
520412.95682959823
515981.99728187063
515179.0716873714
523084.6864142869
514813.1242914227
513767.4122127192
513091.2978491789
514561.11230214743
513462.1953446593
513019.66842951236
515915.2329884636
514673.9233288068
521045.6756006414
515163.0374032341
515185.3148857054
522518.77166444954
516644.76055527927
514473.09721378674
512904.01660789736
513148.0959259002
514723.37290184916
513270.8539283445
512998.3029125765
515688.97275628353
515567.57043500704
522467.13457814703
513815.4087496855
516498.9368755562
520963.52151736774
513847.66341755906
513668.40745844465
514844.0324975215
514613.49243766797
513797.06006953435
515360.61244212266
514014.3457339313
513347.01134435344
512904.3032949162
513599.3402037355
513230.67016913637
513088.2972857197
513312.22899016534
512882.24294638087
513120.5911198514
513081.4476475081
512962.66188085714
512964.00068857026
512999.9661801734
513507.39539293974
512842.0250025684
512919.1964508003
513352.8719999719
512924.8332327987
512887.0758142052
515274.0852075513
512803.0112454276
513368.2021956733
514784.97652283945
512929.4318530545
513627.3463711575
513293.46196712664
512900.88493967574
522679.1309169643
514193.36279336194
514050.36366942705
520413.5437331475
513979.2749664585
512754.3317810407
514298.4705753842
513120.8263237146
512862.78804218804
515669.24468622205
513020.91884943534
512730.39354923466
519788.453226247
513606.4064055029
513606.5656933541
523108.1531619684
554729.2485344026
553719.9890938491
512809.35420421854
542213.3853569914
542430.6610086088
512904.99342545075
523709.6079914278
512622.9244170264
517139.6254556063
519448.74752369896
513977.69447973894
514598.85661148716
536622.6595740039
544169.359834857
513480.00136259745
542149.1906944216
550410.4902877031
512911.695171799
513146.857822711
512609.2951489291
523503.80793312466
512441.9588158559
514645.23504184483
519148.21009352955
549619.6232192178
512127.6908983787
518393.4105225241
545684.2920664827
512841.3467992685
518111.7222304375
557867.2275244157
530287.3821849339
664220.8879421721
556212.0131625489
532985.7570363011
641676.5268624531
514299.9164132225
546381.9976729782
521635.4328028166
513310.0072773757
547664.774417897
520348.01873195684
514041.43900933024
511934.41687825334
519861.4608526347
513103.9811774732
512323.58268745645
521869.9724960427
511661.3353265023
511700.04436399613
546998.1388674723
512776.14052190934
512253.1295336065
547025.8487090153
630070.0026602196
575516.553006517
552928.0872234205
682114.774623282
558152.9716601912
541103.7609497037
530738.5372524176
553526.3302973422
511985.21703869186
523455.12948501954
540973.1108656352
511917.758935119
511736.5162083164
513144.8044433192
523048.8943938149
512189.7251275102
515133.30453705555
518110.71696831245
512288.6318330534
512769.9377200875
513245.1179081204
513831.51253124565
515003.2668681805
511746.5845135374
512101.4433265031
511517.5087501983
512765.21058012394
511583.0632547083
511878.70773346623
511670.21395585564
512358.920847855
512402.43761300086
513138.4984244553
513166.7057522244
512013.7622553862
514340.6392839945
512351.6271408655
512278.34990904114
511458.67923169065
511792.78654232813
511854.7133684338
511734.55041471624
511457.35384953115
512847.08564299083
513887.84902116953
511461.0912758722
513580.90054998855
513440.7642351012
515362.42599140736
518620.2605444109
516732.45184316015
515558.47218684235
519208.9392478785
517670.6721703062
511726.48179281875
511365.86993925343
513406.60963265534
511691.4428494055
511598.0663441286
513891.81791914784
514810.6091498278
519514.12076544086
511838.26400546374
514423.5011706293
520870.0230084366
511343.6883158535
549035.8098656472
542671.1143977132
515605.851899993
542945.6161267449
537617.7159016882
518713.38975349977
522126.9778821274
511217.5501519365
512966.4414638635
518017.85978701425
512966.28578796267
515825.9880576652
511160.87459100824
510836.71787202044
554637.8984088815
511340.5206467269
511599.49338811997
539353.0485896314
554115.01844375
534650.8763980638
627573.4499986286
539185.5953059817
526476.783836461
683172.4750869154
513290.43660972477
511064.9445347973
554121.8368518075
511690.3187337688
513123.56270787364
539186.0929979817
511067.8323719889
510648.8406323547
522668.930254691
510713.0203134655
511024.86744220473
516855.1120172528
510823.50144146703
510341.1472751785
553701.5585291734
510723.22333391366
511245.87840129697
539140.530258242
510786.53180078266
671166.0461275891
511894.2531781034
511002.6901841605
634891.2638429472
512955.65553045546
532830.1134572352
512620.640803513
548602.7176027006
530589.7858808383
513780.6188279631
542948.2472765963
514782.097271929
512473.1845653486
518667.4468956823
514226.37447803706
513253.81741231296
519579.8688161951
510265.83798095654
510353.5299299221
512747.0387188815
510428.0309493042
510345.6995235582
512347.7475658951
510282.33509053144
518176.35484291584
517607.0934253151
510317.1226134528
519945.941565685
515621.81029939104
510277.45941472356
511999.56640399696
511284.48016762076
510256.6526523066
512976.21898205637
511710.6750264327
