2401.4076111370114
2418.5043079886723
2288.899654767777
1946.160785630928
2445.7866190266213
2294.906255149779
2229.8767899159207
2165.810294252701
1755.2728018133778
2195.9611348910125
Inf
2662.35664785307
252.9979298100768
1571.5899437517112
Inf
Inf
4064.296308723537
3907.3903959199347
Inf
Inf
Inf
4828.72588306628
8106.277936728766
Inf
3026.6713984758794
Inf
3139.6825583952436
2838.547074499845
1820.4607602096596
5488.828979192416
4218.83812063728
Inf
Inf
2928.0238440565768
990.199322279755
724.7593368832221
1570.7495222435568
958.806078691342
1993.115004786235
1194.2127285074207
1225.9277656474594
1531.782855470767
460.63831654899997
282.3726364764316
621.3534390351532
379.1625897472267
245.5044944921811
400.7958176824486
640.4554646114791
282.3726364764316
1002.3060689109209
812.7142551458189
482.8276859465697
1033.4749826498212
254.1307563828731
544.9568798973763
668.8023508588956
339.5452024755274
660.4174479434275
541.3096601174009
252.73265400805067
417.4873974173625
276.4158919495475
255.49120235508957
268.17698561448105
306.02128174227505
261.8693160372658
253.6200846380978
259.6425432948632
343.1165394070154
242.67499250155586
256.3894704417271
267.56879892320603
350.3675162495707
241.18746028785884
376.4906960208555
300.0379463399742
273.09197041873233
564.7862600549486
280.8533601026617
539.2056105197147
546.7536882756402
259.442251347554
475.5512728482464
259.1824167951036
283.03283351045286
257.3981697170112
291.131321985914
312.15944654349175
256.71191860582275
261.1888395846428
240.63840789086422
243.07895690307708
257.37975174775056
248.279200555058
255.90745143450414
249.3147592563305
240.1758693233923
283.02277810604755
315.29594419156376
256.2500491207013
308.3595393295915
402.5022574228674
256.2500491207013
450.96472703585374
390.24788943797125
254.0092502556783
562.6133934217536
242.6778154602118
250.83282971751396
343.4952823144876
243.94370526888417
241.22525729501078
284.55537407468694
247.79677855218765
242.41207792556494
247.57731584531086
238.96092286651364
250.73310765132067
259.2778419724325
280.1801916864899
312.50763978656306
301.91854745875736
267.963080468548
252.46694489306955
246.27647099214118
244.3309537164658
269.1646196162663
270.49940891227106
241.17682297651368
249.99488354853017
253.00093250358105
236.83540128744173
236.96947435115206
242.30921978173774
247.37986712981245
242.34603903584724
251.34746882522742
239.49162100411368
240.35415793181932
260.9136585538411
234.19926090883126
240.81135237606364
263.4686435465592
286.0523023643268
246.28954644733682
258.71187165692305
294.79875262097994
240.24492252644623
249.27175478797352
237.5779302787844
259.8145762134359
235.32152838059739
240.02701641916917
256.08320313774556
234.9934330348992
238.4877558955368
246.8875649649392
238.35221951090938
237.92956532057377
245.36165011123114
242.09148611776308
235.07287690300004
233.82604484174104
240.264458265062
233.33279373815944
234.5718401469742
239.03982467612045
240.40502695676585
234.41814814635677
240.45628617633656
241.9892745882812
235.44740155611788
240.06333226633586
238.37957170381122
232.7131019206663
233.19879181309076
237.24449096247545
234.88202559306492
236.76746557286899
237.3788656320528
232.72702563090542
244.0717163018982
239.53658199467205
234.22939826215642
251.04407269600785
232.793508115211
233.42843488238827
236.88527763280072
232.93066430440152
236.3190933089961
239.58371973322647
234.24816516948303
235.8550368473946
232.08691361748703
236.1815026229446
234.11240751007435
233.40942207732593
236.01184333037594
233.75834280452378
237.6949950555015
238.6010100498908
233.24448968143918
236.0966568409581
233.19019937905117
232.4951594348118
234.24804802524335
232.32596045072893
233.08197806655997
235.13019168053762
233.3369203157461
232.23089401593995
232.05521757680071
234.11252361701963
231.9429979151348
232.11921371363297
234.1702141494576
234.2275774905185
233.65432443405894
233.14003864698833
232.70574134241753
234.55990859127002
233.01986690319856
233.38166078950772
231.64733989856097
233.94357464779551
232.62662682492328
232.46569991982733
231.96771889229933
234.07946847423636
234.3026493368804
232.07400315251024
233.46266820043962
234.1495724405404
232.3337267227161
231.7762512232124
233.0915026962632
232.12039092433878
232.42108210864288
233.36403841939585
231.4991736528004
231.9306258792584
232.0625901700719
231.91825827701143
232.1580398239401
232.3537899665721
232.97055037184683
232.22724372120297
231.7027359147453
233.814141317931
232.11731419183334
231.6481783361757
231.7463953342975
232.25046311317314
231.85541931397324
231.7827765492686
231.93749373380524
231.89817830490995
231.8180513240802
231.55556354968525
231.52246452659972
231.97464322402786
231.49195633247555
231.47592302101316
231.38613968214193
232.0008134950146
232.0239770058883
231.56570523848856
232.01256722245637
231.9158789022504
232.06147430121888
232.48600524033196
231.90481522735345
232.31209550352915
232.49806539690414
231.8092670000358
231.90274172283557
231.838065323475
231.46224725660528
231.9915691637927
231.78437101876222
231.39363550634368
231.7018704274978
231.46480934646087
231.5215025181232
231.53153201149638
231.58025321628963
231.51038255411072
231.57026818008637
231.4558817462304
231.4602841503245
231.4730280883556
231.365923882288
231.4203577514458
231.33925192874096
231.72219960507988
231.53225131383545
231.40549711692202
231.80081091627594
231.38263098277315
231.703887948454
231.36702553842173
231.9538628393425
231.78675065184942
231.31145166805
231.8892491802971
231.52711654035892
231.91764255698587
232.543451412314
231.59264935836762
231.7316094247587
232.7349417427711
232.03292884307993
231.79826263579088
231.6734760032368
232.02140578810324
231.70178497933384
231.4741070318748
231.74021394360682
231.32112753303616
231.4957877991228
231.74555372631798
231.304017669545
231.29831074439906
231.63119858465242
231.9607695490627
231.4306181401272
231.3881142689923
232.53358337761674
231.45510087960486
231.34648450532376
231.37790514329663
231.52248054927463
231.621612847541
231.53735262159566
231.29725793339136
231.59169829926827
231.60794250614754
231.8754430228594
231.53748159548365
231.4889744076325
231.70913425670005
231.2797040361166
231.32855879277213
231.58901686509657
231.31481606129597
231.4595185807832
231.37111755397552
231.44285320111965
231.55132754740418
231.89175084590556
231.26457220230006
231.55659247312065
231.78221334362615
231.44927710481076
232.84757926140077
232.5942864697006
231.8968869263492
232.14983480009903
232.2658872271083
231.25541178033237
231.42645689705864
231.72570618619153
231.3651475252531
231.85302606504678
232.00962339601563
232.32350477152886
232.2185548339525
231.85122305636276
232.76801451146605
232.073103568462
231.78446484258438
231.49057858451107
231.19638867086604
231.8808171283431
231.45521645050619
231.31446710233337
231.87520342436613
232.25750756268957
231.57336867237467
232.12830230467506
232.64444157916242
231.46168451692478
232.16534740886038
232.12409047616867
231.32035571224915
231.50436993665085
231.99056234634423
231.3547885812199
231.26141100801473
231.45746463850242
231.2012600447364
231.42239615665656
231.51343954853502
231.23362212347445
231.22525600020384
231.22552397610858
231.31457877935418
231.28726626556997
231.34661286119012
231.19850562729852
231.14508037671192
231.25184533349972
231.30341175876552
231.37924492888018
231.28639490125485
231.34346677480414
231.48602773113848
231.17318870887257
231.1190612489951
231.29238647505161
231.16073316573812
231.17110846916944
231.32497437927822
231.21481167622926
231.24702908465594
231.51436691005142
231.2706166087383
231.18461594335304
231.41193134738535
231.38185903829884
231.13130863454336
231.18671149823132
231.30104983700454
231.1293020263174
231.13800536664672
231.12294407125282
231.1027207312157
231.17031600442863
231.1151780325656
231.1354026182378
231.15553488907622
231.27006256887307
231.21256321600328
231.17112148806982
231.25974840278866
231.17395728135028
231.09198552759673
231.17033221704077
231.2873177588899
231.26865419916794
231.3463724992436
231.41030791063463
231.1231325324716
231.14944429217024
231.21969814965078
231.14929217513242
231.2751463376979
231.10800636679843
231.1071234422697
231.12588025133374
231.09095920124446
231.18022290896266
231.08025599756706
231.16405358181584
231.07610186474716
231.06919967590812
231.21655524401868
231.1984019219874
231.11627699041028
231.172818609434
231.07974294695163
231.44220349296774
231.3769539888084
231.23938953942627
231.3371407434717
231.46279025812856
231.12572775889276
231.18929080663503
231.1345560831343
231.19290775900882
231.27939617318526
231.12730829585234
231.20613689224498
231.0996067648773
231.0847332587602
231.09942059467687
231.08990100121693
231.05366515642953
231.10959222822595
231.0583894191416
231.12642406393235
231.26509608671353
231.08120277264183
231.06117748177977
231.23327710131693
231.08846890997384
231.0570294946782
231.1212517650015
231.09067516358567
231.05363968234172
231.07988183230168
231.0828759227135
231.0932963680847
231.20213871210788
231.09291657068022
231.13199505723398
231.17176924524895
231.06910240472013
231.0797978100777
231.0874844491753
231.07162434006977
231.13539745689746
231.06958791496825
231.04444948306545
231.07186691691643
231.05280046921138
231.063306870123
231.10119000705959
231.065199816075
231.11492498730178
231.10409601317747
231.05637815126533
231.08714612029814
231.05490597920732
231.0656329196828
231.05249829693744
231.0611255486756
231.08245507583098
231.04748735942505
231.0614054451387
231.05772997456995
231.05275034445197
231.04462425527558
231.06991696863625
231.04320314319438
231.04732564391654
231.0567825739325
231.0403800308196
231.05803149226912
231.07111302593225
231.04602612243323
231.05708816418638
231.05483030287246
231.0319412097066
231.05079282478343
231.1035100179941
231.05301479575581
231.03021290080127
231.1192658077247
231.07556005525333
231.09091019256357
231.1759921996238
231.08074849577537
231.06939636423112
231.15384648965698
231.06328720412375
231.04984132593808
231.07341466144064
231.05369861215195
231.02540597166947
231.10919728669296
231.17924639343548
231.0533038802379
231.0286097333905
231.2104317952314
231.02149264416053
231.05394196246655
231.1715401952958
231.05048188183022
231.3152428895191
231.18766199979692
231.04811405350196
231.3145551496302
231.1463608285503
231.14973493073126
231.0912823923921
231.13857508012296
231.0881271448114
231.00769347125606
231.3656859484866
231.0374652098338
231.3318026839405
231.2311455025828
230.97791202423758
231.14585099738397
231.28103394886756
231.10901006712223
231.81747571746024
231.57523566036087
231.07622384847156
231.53162920740408
231.01122018344896
231.59143165169536
231.2860408237017
231.02547509308445
231.3253859406012
231.1729146100938
230.96046901135054
231.09679896716696
231.07063337108923
230.99536059027238
231.2003901302773
230.97412619903002
231.09264764599487
231.05251023662652
231.34861653565576
231.07317738735446
230.97842642301217
231.59115582746387
231.02211996950476
230.99478759979942
231.1550337870986
231.04486584853686
230.97398028082816
231.31250367402941
230.96658812279102
231.02405513728746
230.97386858014437
230.96023406813163
231.09185956217112
230.94706954884785
230.9898558400261
231.17665967888394
231.04387434268318
230.9809082088312
231.06432208406892
231.1076295286318
231.0210282797212
230.98805087238483
230.98525809454878
230.9699339536303
230.9397994964999
231.0254334479167
231.11384229595345
231.04437172149176
231.0433512993437
231.12274517655408
231.0584173204806
231.0923157185879
230.9464216843955
230.94159476493974
231.01726102708312
230.96386158223254
230.952249701475
230.9970924682902
230.95790830998712
230.97615687455018
230.93327651655434
230.9388693436028
230.93940131210508
230.9463553665952
230.94357129449023
231.0025162410511
230.9952266829846
230.9515752904771
231.02352135769195
230.9796625516604
230.94944939830867
230.9454533302536
230.96365824464397
230.94439784021793
230.96564134597463
230.9572584203769
230.93975926437184
230.93799251610812
230.95324485140034
230.93614190016572
230.94050231244574
230.94071362542576
230.9442717559407
230.93638926054214
230.93618179887224
230.93723653131806
230.94141999135857
230.93696025206248
230.93290012723273
230.9362768938378
230.93370234123688
230.9357553013059
230.93952780985882
230.93454634558952
230.93353317286358
230.93150622439597
230.94226574474044
230.9322670801707
230.9342940513552
230.93793765557592
230.94200109760874
230.94633422573725
230.93898594432338
230.93865649153173
230.9340192451781
230.9472895939159
230.93262274684068
230.93373040946108
230.94071091221093
230.93181013354823
230.9349686988867
230.93515211752214
230.93479320594452
230.93307455759793
230.93675774809088
230.93297455131633
230.93132578090226
230.93392017408206
230.93124847909516
230.93454195837853
230.94108178272592
230.93176302219646
230.93276113122397
230.93337625370754
230.93150850421475
230.9364951376785
230.93878701220186
230.9347060089586
230.9380326959435
230.951822953638
230.93511976375856
230.93471586058033
230.93317878871127
230.94164094873756
230.93553647539468
230.9307481649173
230.941754624254
230.9381498535768
230.94215381090723
230.9518644486891
230.93818329999937
230.933272439796
230.93341223849325
230.93307576754978
230.9378570732403
230.93253186328877
230.930695336674
230.9337611283622
230.94158730436448
230.9329482420015
230.94206601404923
230.95628472576814
230.93511340202522
230.92923098073783
230.95470394916714
230.94231701946524
230.94402915348337
230.95950374651463
230.93659117120097
230.9603786676564
230.93194110045073
230.9274743181955
230.93809814841765
230.92652081865822
230.93563408833964
230.94065761346465
230.934102007464
230.93607929302664
230.96041282590227
230.939331640894
230.94379652211373
230.96646213243676
230.92397468876854
230.93969370400734
230.9378767866749
230.92906703630342
230.93322926766442
230.93768096863715
230.95709214637583
230.9309869314971
230.93691104149465
230.9582160644513
230.9258229281187
230.93723665392736
230.92909825290263
230.93621292177556
230.92331680431082
230.92976540969863
230.94115645473437
230.92772002425474
230.95635546599584
230.9431444259963
230.92497015022607
230.98113881651602
230.9447354781036
230.9216633935613
230.99505857324428
230.9383250185214
230.96715618048285
231.02955569389349
230.9050028681903
230.98936345251812
230.98151410300753
231.03532054211922
231.0442502985124
231.0405949012527
231.06035328626382
230.98917895548817
230.93968053370662
230.91435882505348
230.98376134065046
230.91637978938775
230.9057128758758
231.01361632198444
230.9077920694562
230.91798458119456
230.93897571072824
230.9022135511284
230.9315794688052
230.94884660733038
230.92833728366156
230.92207199837506
231.06264622220738
230.9363940223741
230.90810375708773
231.0092385616251
230.9110449357802
230.9188371684915
230.9413650407051
230.91184165012228
230.91129801242994
230.94870365001572
230.9224746488836
230.91339979936987
230.9141587524627
230.9183556628665
230.911578745263
230.90728565692967
230.90139194213387
230.90527855499136
230.90952455653468
230.90352620144304
230.9054464047095
230.9124009939791
230.90455481585775
230.90953851399036
230.91548985823286
230.90183307489966
230.91495162062904
230.91686116831394
230.90273510243068
230.90208748063696
230.90724094567315
230.9049162699302
230.90358185300408
230.90632258330777
230.90318726574634
230.90245866474393
230.90329910058603
230.90367815079583
230.90032522706014
230.9034509138478
230.9027912082217
230.90282509786596
230.90383554879742
230.9032175923477
230.90516166040982
230.90487424464425
230.9005770440618
230.90286587084373
230.90215822587174
230.90007342488846
230.90228932560652
230.8994780061207
230.90102476476142
230.9013900772868
230.90966598030508
230.90089169545308
230.90007638484823
230.903789721026
230.90421794673546
230.90298474536058
230.90335800995484
230.90144932892562
230.89928869529302
230.89947233618398
230.8980183284903
230.90447876151418
230.91024925283165
230.90144628821562
230.9037450835359
230.90632857531818
230.92069781175732
230.90257180515167
230.9011675536152
230.92296003727304
230.89450820041216
230.89989108646373
230.89192033597513
230.93998421175294
230.90019432518653
230.89755113778256
230.95865038897642
230.88882208856634
230.97943487134194
230.8997431478454
230.88697314471992
231.02263036795674
230.8806115663379
230.8967339313457
230.95279269264415
230.9177699814938
231.05837707783903
230.99617605290328
230.9458907276915
231.156586336101
230.9044426342001
230.9160618551236
230.95619181533857
230.9341005326025
230.8915609266102
230.98758122573759
230.88873338404966
230.92944647579344
230.8995798334286
230.9055263384556
230.91488188482347
230.9181309478415
230.89548754080394
230.88648917236247
230.8895818004774
230.9060289420518
230.87828617909224
230.9003088238514
230.87673244733884
230.89218955387335
230.93810281700732
230.8801043594958
230.884392613165
230.92176792070762
230.9117000675313
230.98553747345557
230.96780745188008
230.92003298756393
230.94431876399995
230.94375174642025
230.8783562516935
230.91449547824004
230.9112780006575
230.88768936956092
230.90420986162394
230.9211307915265
230.88603845291584
230.8888934520141
230.88985642985932
230.88370764080514
230.89323344953357
230.88769202688061
230.88021453842083
230.87738773749464
230.8829501109522
230.88270880600953
230.87607715016202
230.88262903600668
230.88241507865837
230.8876874075125
230.8935931732423
230.87867709339594
230.8870882619193
230.88875435526091
230.88882451629556
230.87815969982134
230.881978705264
230.89000718196118
230.87567470954176
230.87570173422426
230.89053083597761
230.87742323683543
230.8979648581082
230.89366134717218
230.87392623649222
230.90239961067567
230.8983080212239
230.8779385254714
230.91233348308947
230.8909195911678
230.87260611098029
230.9140677345423
230.92067429632428
230.98783875133756
230.9340216838649
230.92307857100536
230.94403758979985
230.91708001953117
230.87305398663736
230.9261990104994
230.89773192717905
230.8722716891569
230.9548568242069
230.89290849270793
230.93442531859768
230.93492877632104
230.90373019283726
230.96744632836504
230.93693025630535
230.89504577608744
230.9179604898572
230.87555338841597
230.87095860097924
230.9295215938428
230.8752177090877
230.87743306609246
230.89829185569096
230.88824676120478
230.95231464360563
230.91817595869742
230.90007648005565
230.9900829984814
230.9062608944157
230.89436080304893
230.89628140218304
230.92622571985157
230.8895630288083
230.88990175193896
230.87815635771457
230.8949565545246
230.88133843568176
230.88053955667837
230.88588417413158
230.88120516937116
230.87081617874563
230.87158752408956
230.8765787716283
230.8714314267528
230.87032967348506
230.8768161439091
230.88322677857929
230.8818680497811
230.87470912576674
230.88879865348696
230.87844607202862
230.87493018983352
230.87128008249263
230.8736823347361
230.8761315885849
230.87435841405195
230.8700053764122
230.8750750168145
230.8902675577448
230.88006741056157
230.89142796495963
230.8761820121125
230.86860414156303
230.87321603237757
230.8670430072671
230.87961029602718
230.92281835725356
230.87016561367676
230.8733639185653
230.908923898581
230.89947251948502
230.9272425914346
230.91747491014203
230.92055267405178
230.92183164857352
230.95265347873766
230.87547625498001
230.89232897120695
230.92333836984906
230.88466190910898
230.89151219389638
230.90401930033846
230.86506900321285
230.88067583795302
230.87901772826677
230.86901699611556
230.87731215078136
230.88259901465744
230.88621472926292
230.86617232959284
230.9177021252469
230.8637261237417
230.87274696126704
230.92966233887043
230.9534706812697
230.93721825994356
230.9129502024299
230.91110382760928
230.88035683089905
230.86871545535422
230.91978080089456
230.88638547113754
230.87021197992865
230.8775958470336
230.85914777253782
230.8990646305047
230.90049636124425
230.9118562324272
230.9129297656162
230.9232405720409
230.89187185519393
230.912472231783
230.86042554362874
230.86188107210387
230.897476443616
230.85787053618083
230.85681487288653
230.9090338864188
230.9182443433364
230.8605133832298
230.92427338597582
230.91058535895334
230.8564866501764
230.91112579561124
230.96526193064255
230.8681193733783
230.99726430567353
230.94331314796312
230.8746030822789
230.99867479082477
230.90071881755813
230.87223105365987
230.91303596286738
230.9228713590355
230.84818468515175
230.91463940027657
230.8862513534119
230.9150286231544
231.0020913965053
230.9071428822978
230.87827658592886
231.04258720120146
230.86043539243485
230.94535269152385
230.84669877854188
230.86600293327865
230.9248231858291
230.86893682423474
231.08932292492574
230.91497478774465
230.92574842468258
230.96912414137972
230.8386386783739
230.97971429187504
230.90499438707516
231.0951588545209
231.1359643773701
230.98008798034982
231.05700853890554
231.19290489210186
230.9281351734587
230.90872205067566
230.94640462643775
230.9625073822017
230.90730965542502
230.94524970805426
230.8501297590972
230.8948779621756
230.86133509419673
230.8385160479367
230.9224598702388
230.83795080333692
230.9957933807625
230.92738282893012
230.86434223970588
231.1114992955976
230.93916546495973
230.84011329333288
230.91143365926573
230.88002234117107
230.9142395776253
230.88274453059358
230.9004830518278
230.86509411443782
230.85571971675768
230.8575222464082
230.85003320694938
230.839555560805
230.8341145264077
230.86537813080236
230.8327062810658
230.87583825180894
230.9640764764527
230.8623183279693
230.83059435059928
230.9459672099362
230.95676670899002
230.97769854890305
230.8668647071614
230.87558578609185
231.1137585104367
230.87519087796366
230.82712349184348
230.94011274943557
230.83175168090924
230.89149926490876
230.8698769357824
230.83568934068413
230.95456655242396
230.85540417362142
230.95853059693343
230.9145324424594
230.8838097291771
230.98876703973087
230.87608894649298
230.85762664267432
230.82866164442683
230.8464954766431
230.8841795708946
230.885310294125
230.82890607940678
230.85959029863383
230.83043184921604
230.8649967350632
230.82625792077854
230.84047478329538
230.89067036056386
230.8629854059485
230.8429741187639
230.95062233786467
230.8253139160194
230.83716065581308
231.03057470978666
230.83148524935834
230.92857403339636
231.00781860776672
230.84772701413755
230.86542744264509
230.8956919544349
230.86694786949926
230.8140766297485
230.8582217658646
230.90280257571732
230.84912915553693
230.80083614797502
230.9568131233084
230.94384209179134
230.8273173187806
230.93316454855253
230.95521865730794
230.88086769933068
230.81759972572294
231.1853243187188
230.78121097335793
230.8385482983589
231.2857942826237
230.91703776829857
231.35385983007149
230.8493591341677
231.12293222678602
231.62823065799495
230.73960611880085
231.55389292087452
231.27301393757844
232.12976688297888
231.80723818381506
231.4337129997197
232.91663867322077
230.68838338341396
231.75302563423065
230.73458397618236
230.85432268198053
231.46647432671875
230.76540990824992
233.45836639708097
230.9385181964958
231.37416593582472
232.3140107205934
231.0292838871426
231.46961854083042
231.24600331107834
230.7356040941671
230.6757722037123
231.61359438988012
230.6411749982791
230.82973606702362
230.5524000981317
232.4063996765267
231.55307974564894
230.76384962320319
231.6970243082854
232.0025435772437
231.2102680695371
233.50436017644824
231.25983133211054
232.3908921811103
232.50391817450446
232.50207339861484
231.35242574980379
231.0989410576546
231.4402731954559
230.62581696324483
230.46042049720575
232.226577286858
233.0852317659207
233.39898326907073
232.01367155668711
232.59503222274475
234.15035274594678
231.15586676277385
231.06925351894665
230.35730881993712
231.87077930514383
230.86671812892237
230.667411725666
232.19796653734613
231.09270150354791
231.329372897976
232.61342291693867
232.0037892663608
231.33478065376528
233.32633011648738
231.33687489979826
230.69712535769338
230.78779669645886
231.41204598459916
230.63180248855008
231.08163765185623
230.74502107766136
230.36777240073917
230.81036387218967
230.62763874621612
230.57313539052325
231.0123930519248
230.60773337383236
230.37164585666022
230.3644075493542
230.6045372774048
230.34305522538648
230.35021038825386
231.5563828942411
230.3581028935335
230.37603807394015
230.88115128463292
230.429477909726
230.49433157218053
230.32752367912096
230.35938926997716
230.591548066983
230.35858672838106
230.326762716703
230.32021017871736
230.51774608050698
230.33799546728267
231.00527694062725
230.30005067731108
230.36755758411448
230.60824372622977
232.0703163214245
230.38055106366514
230.93908470334011
231.56489364851683
230.2329309219954
230.73959105248682
232.79432756358335
233.36672836508995
230.72125120884374
232.53771212154092
233.89111411169162
230.44790563853832
231.38144923887694
231.12543820139078
230.99153858878475
231.4336075878177
230.71108800297398
230.15977821927484
231.2013149858151
230.86741410535407
233.5721677942152
233.03245375092854
231.44434257697225
231.83462882747347
230.94984805401546
231.52138487451197
230.02113393400546
232.16603881541297
230.4978557622434
231.33893984171428
231.7366123293327
232.17276121615606
231.0518361504963
231.9734426295312
231.84292666567586
229.94784070236233
234.22393901735126
236.5383754048919
229.82144741112216
237.7546972339083
233.30750641277956
230.38554040430924
234.722040168548
234.82333072664036
237.78755530586068
229.98530025489788
229.63042655664685
243.8492727573681
230.73786198858227
267.8733699877471
238.19788495397725
238.91499983214294
312.3822075155209
237.3004219375348
243.41189855759052
238.16082036938417
233.3913827391011
241.53318447592335
236.69077872133755
228.02317481027563
238.24109863096265
232.42606675459726
328.11903292327605
239.8731673949739
231.5797847011017
274.77954542984605
242.51579811705918
228.49515604220542
231.46476264384438
236.66809511167858
227.99345091739235
227.621563445238
229.00299571165237
230.28217998323214
266.5021039516581
234.93900416664187
226.31207712163524
345.6236340157123
334.99402843576934
238.64659508650217
368.94255501092573
284.59994341241907
242.07992206178116
264.8429823889509
309.16876577049675
249.42580124435258
224.54797771718754
258.28047433666575
254.16367857386174
228.82277141159966
229.39478339682483
483.5447070069403
353.36265331832396
228.10509359951214
282.30548092409475
286.9764533298514
279.519688337936
239.64729136129714
301.099360983429
235.14791072390034
275.2453145224593
252.8082713629372
225.6714431212789
228.79444065553713
243.27039811266692
224.54933794332976
224.20058267916704
283.923449290881
353.00268777128866
232.5687771251537
238.67026150409697
276.9247158843401
236.2605158554894
226.2896633873572
239.25922254873993
238.1073431501543
230.1236051131974
243.49991793215352
247.31895864011187
236.75415685632453
240.02832681323733
224.26562978432082
224.4066542030155
236.70357674777347
227.70929424181082
223.99375272718024
229.28232111980844
252.1617932035356
224.50731582562753
223.31987616816448
242.5176515426433
234.8452586089486
283.9684763349312
303.51867995902654
243.6218708639728
239.02901136738907
254.5914710264957
234.46476198577045
229.9604615670097
237.09929098298122
231.20551945410674
240.89829423794424
267.0549066634873
228.57619342549543
223.66590418626805
240.7118478400007
223.47257394818035
224.0853645807867
228.00507036916832
223.18655214419832
226.6889015082607
250.49376338137492
231.54535127056906
224.42853384432613
237.71707952288614
234.72443059230747
232.37297650458947
227.20449115642995
223.40166665573955
228.40720389624167
229.0674124538077
223.4810791705371
224.80085817170766
223.00416338314375
223.87611372257024
224.51923313818727
223.46157493954684
225.6194834288068
233.99697138136906
227.4812272251045
223.37042669131523
227.11531851296593
226.9247356850621
224.70935331441842
225.5643245810818
223.12207162861444
230.57037880604028
224.08006080231917
222.89758710044904
225.78896939395392
226.93305161610093
223.28035618457469
226.3568802118098
238.18969214193265
226.70626026284447
223.61467308524507
225.53348459467762
223.7105424548938
224.2380839555716
223.0991699648132
230.42051653485385
223.08552732226318
222.86679122406258
223.00085163631266
226.9063461119097
222.92977730894026
223.7031473671658
223.02466873361882
229.8256883788226
224.6137549104613
223.09717612177766
223.09396594510108
222.8194677599538
226.1763561185317
230.01748321520742
223.1746474906917
227.5476603864034
223.70513792471164
224.431965676587
231.22779999706418
222.9631941566565
224.32938811966022
227.66539203645974
222.67553933105972
222.91743189364786
224.31205152977802
226.25073238369293
230.1570347857883
222.43941415508436
222.9763719603365
238.32441001582777
222.91055942181492
232.0562373561515
227.90224112775482
236.126695886485
245.29105933084574
237.90313264610478
233.1034266533705
228.00377433873194
228.33696545962846
230.2081227431704
222.80540856467957
223.45354078603532
227.17586363529293
227.00401926659134
222.4064457261351
225.56364318177856
223.15677739629908
222.4737486210191
223.37151803214815
236.17983662245607
222.21289070064805
229.07931489035408
227.83222847369467
222.87825026604864
226.37862492632823
241.0329801249082
232.34043898813894
247.2568336446239
223.314785538597
256.5785374987966
231.3185000289276
222.56484160763284
222.6233499060791
242.23795876329785
222.30376222618682
225.97625166176798
226.22098498178144
222.41180588801703
222.49172059190013
228.26245694531138
223.10464507733343
222.17992335479164
222.46010967798776
223.1142352068713
222.5012670363526
222.53308109683107
229.57488279325156
221.85697822867306
230.0537818484828
234.94859977658356
233.69766435485442
221.42711159736706
222.3577853169795
256.66363076557167
224.6605355257215
221.73984769292895
229.36573658684742
326.1857497207908
232.60255135357139
241.11562599423738
260.7448760793519
230.37269507092458
224.4657525832651
241.71631529496094
224.91746156476594
233.31440513118912
234.31616588712
222.54763904564777
221.43897579371406
241.98390645194772
222.2427321540838
221.4280638834535
231.32571101155597
221.70051039513032
221.26298652424654
224.09054079663227
221.50128241723752
221.59246769974516
222.90937984664924
220.98730495646942
223.71465268983698
228.5945824964925
221.5372978081465
230.29386735920576
226.25264005510462
221.80646004848052
226.38193553831667
253.4465320217645
229.01660477440032
220.85945378370042
238.4127355265995
253.82827699627177
309.40166580696837
222.4611922709058
278.2728309883059
255.88420121869706
234.19425599077394
227.33818617002134
229.62272549669873
233.59128853040022
224.99653809386498
232.6399222482721
234.72468324783483
221.35206518179916
225.53885094594875
220.59559730361664
221.03118209990365
225.00403256792265
225.53755557120544
222.11768120190618
222.0154990174012
249.063340094086
221.2110270324323
244.20833077393223
227.8752631650487
225.87079250854293
222.0821767626401
223.24800903778538
220.99524859327025
238.0597369631899
220.97735768439023
223.0877703114044
220.88078444098642
220.62115253977726
220.72136937181335
224.64020612942585
223.35102393376025
221.68481414775297
220.70741656495784
220.62862357575835
220.67395962231114
220.48367405950552
220.57174818356788
220.54750673913932
220.71599479059222
227.35379565094527
223.71519807413827
223.7890294169581
220.63271211778618
222.8852337800119
220.50715070838748
222.73977601637313
220.5372281784708
222.0034318646422
220.61654552084525
220.95182158642467
220.54411297432296
220.5215865470596
220.50207745782652
221.37684847854405
222.14720304132902
221.06088325581246
220.89231158518214
220.94330774859236
220.50346161358743
220.5132405792713
220.49052685401318
220.48895432892706
220.49850308462803
220.4912664296249
220.67981790051246
220.6638754021231
220.74906368378356
220.4900036211166
220.71009783618797
220.49085810865282
220.52164097733902
220.49068092218187
220.53825815224243
220.49163187689228
220.48726914460428
220.48155144779707
220.486094148926
220.55380776472037
220.48579657782068
220.4843561684575
220.65006681702963
220.49008196216667
220.4787495236367
220.48620753978938
220.58903901703667
220.47072141993922
220.4979768747484
220.55660557449878
220.48678863206544
221.0192229536184
220.48918388756144
220.9534209753945
220.9825844733488
220.50000229585132
220.48558971420078
220.48264445056506
220.85054086294429
220.72290056238847
220.48347341843106
220.6986450788478
220.47866821683897
220.5654978429727
220.4791348004133
220.4757449730439
220.48131802026614
220.66894510363875
220.4656983575696
220.47133586771898
220.4793930500416
220.88392197919887
220.59576731722103
220.47781431272597
220.48057152991234
220.4658715984378
220.57097472350765
220.470661552657
220.7552959779237
220.47068393049364
220.46937020469193
220.47596243951475
220.46071635780604
220.47310189012063
220.6431884186114
220.47536817449014
220.76350540964762
220.45726077582987
220.80929947679147
220.91525298682166
220.4652618919117
221.31416186852616
220.45789310360198
220.4493471820498
220.50388351723632
222.0933211538465
220.45109636823955
221.7736014583436
220.53039238960025
220.699948619062
220.46331316443636
220.48388546058163
220.55682688362415
221.10058688948905
221.14997343478942
220.43608772806687
220.46825214631485
221.1374027039472
220.47786867180525
220.4899230275721
220.4597609157533
220.54461651138848
221.93277455407662
220.69666653960695
220.45846596811307
220.8451848316185
220.46521406799428
221.2821869456816
220.46631770220006
220.44883719668925
220.44823331785295
220.73695584598485
220.43796563238203
220.42628605781076
220.449747320321
221.10429679169502
220.44401556010945
221.32846930423193
220.45968422159063
220.81307907253986
220.4377315103003
220.75799597940838
220.4350874086658
220.88957864075425
220.44157639346093
220.63450944261024
220.4313700947626
220.42686134774794
220.42868468328024
220.43174791543973
220.5128635640187
220.44049128523486
220.66183722742244
220.44875385679444
220.42661252774366
220.5599251787692
220.4231231645486
220.44690128881018
220.42848751450921
220.52654223888675
220.43215834402403
220.4239769900166
220.4268890667997
220.57562459811453
220.53478133669225
220.54337704448656
220.4262730467045
220.423010660285
220.42704254391003
220.4390191932348
220.42323675785934
220.55492145313
220.42618928359147
220.5588597408336
220.43164647938153
220.6179507493983
220.4300106350717
220.45882483973998
220.42688187992766
220.51657646065357
220.42653927810758
220.4793701827609
220.42526946503344
220.44919902187854
220.4238785873427
220.4250965607975
220.42427841543872
220.42214289362454
220.45198456978687
220.46854711211262
220.42058853787282
220.51601688211946
220.42381773318564
220.42369837689105
220.42753347322412
220.42146388465636
220.4268062280442
220.66158593805255
220.41971796258062
220.4430765257909
220.42870750944115
220.43317327596068
221.022589925732
220.4280963029213
220.41448921963183
220.44272025345703
220.41135643627163
220.44324586449918
220.4325812524174
220.41990882186116
221.38306788657448
220.50039207059194
220.56599215631041
220.4107093437076
220.4228491187738
220.42844025666423
220.41201941032466
220.45981598335686
220.92621875572402
220.3942785492555
220.43952814505838
220.8158691567541
220.4286240602017
221.28081431800538
220.43073939305685
221.82564992092588
220.63584306078937
221.5493151885505
220.44876000470737
220.43363067428663
220.42010904813236
220.81155370203075
220.42152485343365
221.30275394778948
220.41203994303487
220.79089816858237
220.4137657389034
220.65457737593925
220.39720244543483
220.68810683542304
220.40894059908297
220.71437206215165
220.40368136401977
220.4311818432607
220.39823040418557
220.52748152256572
220.39818924619328
220.57440110953877
220.39733309721214
220.46076687010896
220.49928581169584
220.43689598503366
220.3945544725919
220.39786148811726
220.3921793940533
220.55952351328065
220.39897492410185
220.393483810159
220.39792714285267
220.4405775190062
220.42649501775588
220.39127534933382
220.39792351284245
220.39051172131923
220.39845685475422
220.49770002228212
220.3938480070401
220.52726541973445
220.39549963834446
220.39641807230677
220.39523311979733
220.387268671735
220.5245431149033
220.62382015462094
220.3968673348388
220.45813834636195
220.39520349080956
220.78163733586928
220.39608023388013
220.38633247232084
220.39621176026034
220.47585743730224
220.56777876831774
220.61218910277267
220.38870147803974
220.3975686754893
220.56846477667597
220.46303886771702
220.37509466413866
220.3989660650157
220.39222324774778
221.23320720898337
220.39501124319455
221.04177808577447
220.38810323684365
220.70750980540265
220.4134980197403
220.6379662189911
220.3779644235876
220.61817725851776
220.39256095618595
220.67801309479523
220.38854855484726
220.45697260165022
220.37590074670368
220.45701013317588
220.38378577757265
220.38418386887594
220.37842075217864
220.37589057361748
220.37811019963917
220.3787047412412
220.3743000883203
220.37207899033024
220.4252805114089
220.56900999300944
220.37119451074196
220.49511979224351
220.3830473683222
220.37296656997117
220.37316441088677
220.6100503943397
220.37962019530903
220.4641194019218
220.37940464800081
220.62497901418004
220.38380267687035
220.37353223033065
220.3781253212419
220.37611429291871
220.42158057787884
220.41627986464323
220.50884289866437
220.38825506268358
220.3679726139757
220.40752465563006
220.37259082081673
220.3744162985188
220.37395080437875
220.4956630176148
220.3807307975875
220.3761834020854
220.3718385191583
220.36414962009445
220.56228661115819
220.36302821648053
220.3791779978306
220.7642268473886
220.41075378067342
220.5632121456695
220.37515380473226
220.39247836280728
220.94326922366275
220.67743403877995
220.7049641038381
220.38107931765933
220.37023487721115
220.37533683639
220.39331879381965
220.7312016023231
220.3910564742052
220.36245982891924
220.37827205510627
220.4141544365546
220.51687599014286
220.38881237357666
221.36753792019596
220.35591776584968
220.36502233875018
220.38962799067295
220.41572623424696
220.54497304867516
221.2519457082616
220.6616568527789
220.37795862169247
220.3752597677439
220.38684198688762
220.35951149769303
220.6111963252622
220.32498407186603
220.35235490450827
220.32825392232004
220.42031172124157
220.3116203907291
221.3436578047239
222.4109191086523
220.33851397230993
222.4279351995529
220.40101972906513
220.7585421934794
220.37825460561552
222.99471342859812
220.39708589347737
222.0225432534673
220.55552795434596
221.3071450958531
220.3895566244276
220.3547588798663
220.32445016957982
221.46365402534974
220.32243124255925
220.45317546364225
220.3599753689503
220.3008880818012
220.30189483176417
220.30363973308246
220.3673211863169
220.33449535869224
220.56195735244975
221.3133355166773
221.77558623830805
220.58161634886227
220.33109738326408
220.28554390091904
220.31887157851767
221.0566136735174
220.3162286112542
222.11931136811967
220.34893189507295
220.694493279761
220.33177559146503
221.16132843415983
220.3326108079006
220.29823709880873
220.67671344360312
220.85763541421383
220.2728472324435
220.31217066086788
220.31049688032073
221.34131700611258
220.32399702000868
220.97193969260783
220.32001125832087
220.51520858897868
220.29354181662728
220.81791454649795
220.30371774497178
220.3318717834074
220.29115738806553
220.5664638710109
220.30162149289092
220.26540835346316
220.3386710845369
220.28156985539857
220.2802862310107
220.2881969979889
220.26412795520477
220.27201620953008
220.86717862668573
220.47731882822032
220.25623893173247
220.30771462473925
220.27644787695908
220.25985289407524
220.32428767585884
220.28712244492417
220.25295813263298
220.8725894494528
221.1932372822774
223.31190699954095
220.23025503619783
222.57252831171047
220.41347968593462
221.49070723706936
220.3212982221705
220.36361120969866
220.40426422921857
220.4061177103662
223.91348227391683
220.05577011435173
224.29153546467708
220.4238266301523
233.21426933815147
231.5261973758565
223.3136501420435
220.45531867449955
220.26208231030924
225.20300791656257
220.98297367271704
225.98224508503267
220.24257796851037
220.22172383352677
220.19437472260557
220.21764548199332
223.15106554749443
220.1431089394016
223.39226664314097
220.10293162052574
221.12966187719698
221.6383949471237
220.12439193031858
220.0346821439297
220.09626024542743
221.23461065750786
220.08837700822338
220.86831674972586
220.11571525627448
223.9958466942083
220.01488426604848
220.87945785652443
220.15362715400033
220.20272524588265
221.54175154569126
220.25503718529896
223.76948359755352
219.94265070090233
225.2241294576532
225.72855141680236
220.7571855632768
220.81392071688475
220.19908145138783
226.37485932883948
225.0027301307765
221.6749797332673
220.11520323180252
219.75350806922893
220.0728865633741
221.8450308819975
220.1313676325633
231.47482129542672
219.58890666509677
229.52842869146167
220.35778396630468
222.51944183846908
221.26708182120672
235.83026744301162
220.48401025520715
219.79391617375396
253.1688563201422
224.18765966921777
221.11612778567874
225.3508023512868
220.224149421659
225.71231743402805
220.07088430684047
222.2515094680555
223.18080915034642
220.31157921541225
219.71515808096746
219.33728430583727
219.70162412518033
219.46799179437124
219.83976824687224
231.90628100628152
219.83320363516583
219.32973131495456
220.57422998966595
226.03391003570147
221.90372223278308
250.5369994770599
220.4436563761557
221.98556949973718
239.71154744772977
222.32502466955657
219.36797414796308
223.8400197877117
218.96473733213793
226.86835254867424
221.703051228466
219.69483582697768
226.9692711694017
228.62373801545218
229.09557964006171
243.38080449155365
219.3956296448821
228.6958886171751
267.7051299120452
223.84118251173834
225.3481803905243
226.25034415143688
219.14367498686295
230.3072625245914
229.87382040590597
219.77370661146583
224.20454741563395
218.89681623318774
219.39507065084575
229.12998874411852
220.29470470326476
238.16177393808232
219.08373657309676
220.56364123790786
231.04165769624132
222.77033740016978
220.2195147716341
219.5161888932625
219.69160272201418
221.4496778579546
219.47864464034433
220.87895544667487
221.85405474666425
220.5617256232639
218.90311030783516
218.88910437235464
221.06366839245314
219.00724541635
219.158150966851
222.3118347145551
220.07716425201144
223.03059056572835
219.09823330604453
221.93243279832123
221.15932222591562
219.2761246760251
219.3671999026466
218.87821916630134
221.49536355684512
218.8898632181024
218.90129589112803
219.04019174073952
228.09450714238065
219.03773558222227
218.7449055029163
221.55513552860776
219.0200514051814
226.14495970011944
226.3589436117803
228.65291907464785
218.82818005561023
219.22083159920106
221.8648135181192
218.88419328491491
221.88811574454232
225.4666250351756
219.64307003941732
218.80211138781053
218.96650303684982
220.38188192951165
218.90231834236212
218.70310739178547
218.77661378359483
222.71352865743768
220.5848395092546
222.47267948381324
218.94198918154092
222.91129414521887
219.82473111951614
220.35042841193803
219.07712432458837
218.64051177006547
218.87091782285958
218.66691848937003
218.76635573798367
221.02274853464982
218.73932649355257
225.1066604704454
218.85413007487875
218.7126747343841
219.6239292379712
220.48446384552165
220.26380513968195
219.67287920775124
218.7723749562235
218.70111197197826
218.6907418361608
220.06651694574856
220.729106921374
218.64888564110078
218.73500651377088
218.63751782326
218.92185096169413
220.00619945706185
218.64354788561135
218.6278077866584
218.84661864169377
218.63500015116693
218.64847605142995
222.1368065471442
219.05268618294937
218.60552583829633
218.70784266286833
222.98375324927383
218.6516077740979
218.7607031548351
226.38024686396287
223.44578349890585
219.46623162089904
233.75477928816184
223.21232519245046
224.35492385698376
226.32141596569983
221.18093660972943
219.94111576579874
221.3142953694084
218.6900591901857
223.0803317948083
224.34202378804508
218.8704528530634
218.72681044055258
222.4719950589681
218.68350984290086
220.23821929820667
219.6569763660063
219.90512075657142
219.13089403941973
219.52324623946754
218.65920370016644
218.6613117674649
218.62641252265564
219.53089728547872
218.5991453202932
219.12264584988762
218.65484234423008
218.61197587390524
218.60811061046675
219.36961737792728
218.62045249809944
219.66943058778224
218.65959640889974
219.59158861930788
218.63984013367732
218.94219346078143
218.63039803620188
219.5160137753878
218.62641567792673
218.98684933183014
218.62384071861948
218.6217572775435
218.7788667149948
218.62992977044198
218.963290645986
218.6012163873347
218.60118105407258
218.6686242195221
218.65732139265745
218.6045556187004
218.60425367706156
218.60473331569523
218.59373461671896
218.9876300947444
218.61022432199857
218.80600441397428
218.6039235829759
218.7843961955744
218.6073141540428
218.60458588445917
218.59766373730267
218.5957157410777
218.82704636801668
218.58980524808712
218.5917568828413
218.68536223173223
219.0241211506084
218.7261355812182
218.58885525111396
218.61357960084666
218.59259038548873
219.13691172222974
218.61889307917932
218.59584467563462
218.61108653991127
218.7803670519902
218.69624800135472
218.92347130531428
218.59091635165782
218.59978702185933
218.609302502937
218.5868134077789
218.57792482621693
218.97896795320824
218.58565478506557
219.01827277798955
218.61136076093428
219.01964819903378
218.6013944382627
218.57374530670305
218.59802289047113
218.674349433745
218.58575135554923
218.88268192915962
218.58695302159285
218.57179424786847
218.6244975674188
218.55835108175148
218.76673822494183
219.4461985797289
218.5892134824768
218.53425033993653
218.65650569889948
218.53718297247403
218.58275179053774
220.8387949264206
218.91471652690558
221.02179499288494
218.51268397437332
221.1932599634565
218.6404273541259
219.90173438570125
219.15206871688315
221.87968552235003
219.21068242330682
221.62472103232545
220.12781937779118
219.31590315742784
221.8812742582904
219.4822811116574
218.82070160740776
219.04834056360866
219.84672429670292
218.8256394428975
219.85331110777759
218.4385925907295
218.53436215036618
218.48362366679953
218.80025035310945
218.50711071785688
219.1233860965508
218.52178078221345
219.4320470109056
221.87172805070676
218.67738557403027
218.4574521475626
219.86507354693748
219.42581329943857
219.24044372056045
219.0874586936127
218.47944441672172
218.5185075702063
218.5053249362353
218.45891390098086
218.43982321032368
219.16246209365926
218.41827747910924
218.43997214634646
218.48106420350422
218.4683195970654
218.55054818291427
219.0026868393477
219.471513751004
220.3177195822862
218.52099803194608
219.19438638610885
218.7116928057084
218.58517656397714
218.45464062918455
218.44871982577047
218.41038583838838
218.47782776535217
219.05525198347027
218.92791226645232
218.39942486123857
218.53661878872583
220.2513767132114
218.54542763693212
219.78344014813524
220.0243336720122
220.18156822791445
218.42621034611048
219.1712639204263
218.5033072700129
219.19761744208557
218.40124915098772
219.38878991839655
218.42346924153276
218.42844581025759
218.40347848986497
218.39004756380973
218.43439337008073
218.41428230498704
218.4088809126918
218.43234730284303
219.6756665511492
218.76710990632517
219.52187562638204
218.43723051923394
218.43760525807545
218.4248568856397
218.7930190633167
218.42019352664715
218.58917657125158
218.41617966905454
219.35256527757076
218.41501953201688
218.408492160691
218.86812172780344
218.40577735186216
218.66774559659896
218.4016879521907
218.6203471945508
218.39098585349333
218.40017041241674
218.483980916742
218.50988872657993
218.56153458842863
218.39423361613842
218.46136796121115
218.39264058167646
218.48779688823578
218.3951370336375
218.41897002334053
218.39210572655668
218.41141621879748
218.39256316416018
218.38963216505184
218.39121378370945
218.4146598675751
218.390463249734
218.45795250024196
218.39200586040766
218.39286567132024
218.392860616947
218.38725858915228
218.4209620154983
218.45175688529085
218.39653973742998
218.3837945061676
218.3916046955509
218.60484449444365
218.39661118034232
218.39216157298196
218.4026003814115
218.38220747233555
218.72891700971678
218.66446475760898
218.3853925870447
219.1814392931881
218.41419508331066
218.37852278904353
218.4072183595521
218.75175693306733
218.3859717795174
219.18654038902847
218.39459451286075
219.37322125343456
218.4428114552793
219.22084483276586
218.45743363963433
218.8585432597509
218.38372881377302
218.86812374575618
218.41618920221867
218.48936381731278
218.3921027821824
218.3874710785393
218.3901437150461
218.58189999825925
218.44191439246848
218.36689987430503
218.39082990694055
218.39516370590002
218.39297577380572
218.56167532040232
219.2073275286162
218.57464455305018
218.3764386617868
218.40995562460523
218.38524451325992
218.70316030909578
218.37981369906453
218.63660761500768
218.3776829817141
218.36758285095735
218.37635857599744
218.37062400311754
218.36622200909494
218.45806000315218
218.47647585033792
218.6011354581015
218.76904939103292
218.3837901654595
218.37309816004563
218.38593156203373
218.35921559869814
218.36646228176573
218.38493695607337
219.25659608260096
218.5233252383747
218.56250770896864
218.38968379926865
218.7084731050892
218.37263856165802
218.4628538859862
218.37200411821294
218.4477170596627
218.3640748547088
218.36567465872125
218.36670016238662
218.35983443158835
218.52243929925058
218.39732728979396
218.3585990599639
218.62309059165594
218.35390534606822
218.79356492097614
218.36630156634078
218.45203944023694
218.38164302373653
218.34067238451047
218.38816835964613
218.64993543021663
218.3671462548238
219.11538241648447
218.37411321212272
218.38817049594806
218.76046128501437
218.30395817677916
218.46979175876925
220.45999371809805
218.42249358256618
220.47512625194815
219.22827648251206
218.24412544005355
218.3697877748435
221.4026391405297
218.5545058377
218.99398683157045
225.14339854395772
220.54198307127967
219.9537307633634
221.22818894879438
220.30163679678446
220.29516979283477
220.62840980240833
218.3373495744128
218.37593588798745
219.49371879887994
218.8192462992637
219.3181597730504
218.24919094420514
219.27623991202498
218.37947621032973
218.63451325283427
218.41547683433635
218.25603945725328
218.27562268658454
218.7885402692975
218.43599595150354
218.3135392721957
218.3413145556199
218.27579773873043
218.29171329249985
218.23399384525663
218.25294028716377
218.40553434504542
218.25425528829274
218.50662733784264
218.34250715140678
218.2126349261971
218.25500692225052
218.96308145826683
218.2634183411062
219.1875070038862
218.27995387811472
220.18547286615512
218.40680114099553
219.30684007647588
218.60342453759938
218.33115457439592
218.23120972845987
218.21830293283472
219.3290663752203
218.21352428376935
218.34047007930795
218.2156551138117
218.22633184651986
218.47590330651087
218.22259655400407
218.52812463074076
218.24394291905605
218.3674520312138
218.21956018173557
218.21786305639827
218.21819952022304
218.26355641341183
218.28194219544523
218.3156282342387
218.21540719133722
218.21355380971352
218.2174374783781
218.2098627384366
218.21171650677164
218.308542857791
218.21647688976208
218.3902155975397
218.2171730748197
218.2738238932749
218.21601394952683
218.219439037057
218.30018817926788
218.27846909328213
218.20811110118922
218.21435604686815
218.2123654629811
218.2107720108159
218.2173603452858
218.28664520312896
218.35322277389935
218.3475352538194
218.21676045975346
218.29047215854794
218.2070803321814
218.26109430943168
218.2132941942879
218.22668245676516
218.210726725298
218.29580287630358
218.21302454478263
218.32896767524386
218.21009871716868
218.21096919455445
218.22029884001842
218.21292096891344
218.20784084104443
218.2053202325346
218.26696842917374
218.20631979869393
218.20884170115335
218.35791827280408
218.21044064989968
218.2123563699755
218.20990750034332
218.23138412243384
218.367071655195
218.25820998927404
218.20913878024973
218.2083179008045
218.20764927521745
218.31091693919655
218.20766880077602
218.24116655975624
218.20453554307142
218.2504977350175
218.20655615154777
218.21312364186255
218.20745621840769
218.2963783558035
218.23659915004248
218.20817601466837
218.20801669116207
218.20493691684027
218.23959431012617
218.2245272911202
218.20530056681713
218.23621435175127
218.20654640691203
218.2220136411083
218.20557828444416
218.21599269631247
218.20539369860734
218.20501528871935
218.20515568780272
218.20519037050644
218.21028593150442
218.2062499478846
218.2048190953013
218.20402581095777
218.2047679541025
218.20425201101335
218.20504527213137
218.20703447073205
218.21878529458544
218.20565229789216
218.2039475553702
218.20402476068853
218.23793937449423
218.22441774657875
218.24003983989684
218.23310124130245
218.2041289887444
218.20628647218558
218.20495266673694
218.20379750451895
218.20554795346413
218.20401861486428
218.204097683521
218.23274279872876
218.21536088877562
218.24789819429805
218.22952849044697
218.2256028537873
218.2058235013744
218.20599071077942
218.20380005493607
218.20435973784296
218.20900004406673
218.20520591947374
218.2059573251652
218.2036355612359
218.22984565343947
218.22124391460136
218.20358461149465
218.2343799739867
218.20490156121494
218.21392780034182
218.20631879462687
218.20475381383238
218.20205558086863
218.28630789437977
218.20241551688224
218.20511414630354
218.21035627678526
218.21680088161204
218.21482599591286
218.20267263560692
218.34427017113038
218.3658346725921
218.26247276386565
218.31779821606207
218.22587049661388
218.20465560529792
218.2077414116521
218.20369284329095
218.20290834278595
218.2006177375389
218.20427508342283
218.23886546461355
218.20349348514742
218.235248584031
218.2033586120378
218.19948789578245
218.21071438661744
218.19945633430768
218.20942617053996
218.3622714054951
218.22996225366484
218.2011796493355
218.3517978424302
218.20910425873305
218.19773507291873
218.21411049723588
218.34497763126987
218.49062918586054
218.21322901329802
218.61507013859404
218.23954379290288
218.41070786776075
218.22958592982434
218.20216465338058
218.22037125782742
218.40120738880697
218.19330585043235
218.19891221987186
218.2132471352667
218.57984880901697
218.2083995072508
218.33013709266382
218.2354251904322
218.328130315221
218.19993022642814
218.30367921713903
218.19602012169236
218.3811077377415
218.1953481415909
218.19433226032663
218.21117610185928
218.23518498307982
218.1972501061224
218.25880833577477
218.19449418555593
218.20559726067154
218.1980209238816
218.19595441999542
218.19460434600546
218.19317437926884
218.22952720282356
218.19200732531485
218.19343764958523
218.22961226425016
218.2103725675627
218.23324669278006
218.19378170747808
218.1956889727873
218.19421353566554
218.19714664532194
218.1914279488054
218.2213988576422
218.1926004427661
218.19258699290373
218.19498276397238
218.19289804735936
218.19613949830153
218.20175909028714
218.24709830062335
218.2403430125525
218.19451558950527
218.20517381640056
218.19300770235662
218.1909955167618
218.19333707247736
218.18984819550957
218.19186038629016
218.3016542341889
218.18839114011533
218.24903405852842
218.19668696331294
218.1913060867447
218.193449691001
218.35145833595905
218.2747579354747
218.1966758919799
218.1939478643929
218.19426688815264
218.30066807019065
218.20015715795216
218.19282394442175
218.3442861817926
218.1869431280681
218.18794394365835
218.19576555257737
218.3406645034461
218.19847345807744
218.1967957570055
218.19569237990459
218.28243392266992
218.22774033681856
218.18530334681054
218.19126103144953
218.22020352641567
218.1885828807642
218.26100950302003
218.1916864055325
218.26470511157282
218.21384736244482
218.21419737173616
218.18876346036717
218.19429103226582
218.37881252276162
218.18994317030257
218.1964246657199
218.18405834196693
218.20078612133858
218.2846021276855
218.18683445442556
218.18675078472097
218.48703204915859
218.18562303786877
218.18136646313715
218.21432970148373
218.1885794671907
218.2127492237283
218.46689317344067
218.21068057290483
218.25084546281482
218.21310935287337
218.5571341057762
218.19626700795573
218.18343427579953
218.20384767003384
218.18363620445118
218.18081024468648
218.3645974724962
218.1858735326033
218.19860759969131
218.69453181518764
218.19579411032612
218.17564950364013
218.25576385320824
218.28836724492817
218.18971167774305
218.18868041982248
218.98338688974366
218.16612024014535
218.3038699584426
218.91684231450193
218.49812435443286
218.6010826837476
218.21155851422873
219.39757073720224
218.29411699975475
218.2885795661615
218.18262615613793
218.15822186915435
219.03328532715858
218.14960609755937
218.22698404495756
218.35897991157
220.01879848289133
218.20677033401154
219.03302158162188
218.70020467066124
219.0106946053463
218.23308135220782
218.22114874088754
218.16281803799276
218.47583630846174
218.55461210750306
218.35021678093563
218.18419193581636
218.18302306748876
218.1803980356488
218.1386916748492
218.20694987725963
218.29568935507027
218.24141137486066
218.2711429305162
218.15305995790024
219.06288305856611
218.12722216391364
218.39378200171387
219.55146080584387
218.17812815020636
218.90895222480356
218.54129154404592
218.5188902511863
218.190013684586
218.14816761977906
218.1658829860699
219.023390762722
218.1477007468013
218.10905733072946
218.25931057752814
218.0661807674581
218.18158582667616
219.27288864603986
218.17357549053122
219.24579040312082
218.27977558614714
218.16480058344754
218.1420834453801
222.3352405884158
219.2526768336171
218.02785378316943
219.70381575867762
223.68229349035286
219.22024481517894
226.15007643209452
220.58421526876407
219.70641564221376
220.8798589709464
221.8379435606785
219.02319177278957
218.09596533595203
218.62664192380353
218.1012167557785
218.99812283070426
219.83373436869047
218.05855529139885
218.9963817800257
218.06744604319917
218.96571372416523
218.04356661649155
218.4983454941578
218.03221775459468
217.98259772250933
218.0087008175153
218.90597920345516
218.25463867796344
218.1094571536592
218.03144121854675
218.0233326302635
219.36121711869652
217.95451086059504
218.83918224123812
219.198465075364
218.07459850166626
221.30892776792123
218.63098730826573
219.2714872398095
219.19104833619764
219.85197223372762
218.0009333618389
218.0024810979142
218.38159583082285
217.96533794446952
217.93726422203292
219.31283373387595
219.943305448694
218.07379041424747
217.9775723455242
218.45726213726888
219.72488513507255
217.9686689394834
218.16254860527673
219.6162207641319
217.90588186506355
217.95193802016232
218.05440794940864
217.96324773422617
218.01194139887235
220.19692141515569
219.41955201216945
218.63142854173276
218.83262476086077
218.75885403635877
218.038004008654
217.86883271392762
217.940933009998
218.90408684038707
217.94300340229427
218.72768466244764
217.98313847128082
218.18257561449047
219.61150652188337
218.73816210337972
220.23782762793542
218.3647805702954
217.89719035420694
218.83593501755252
217.93947586141007
218.56364531937294
218.02115675484976
218.4516900296839
217.89399640525335
217.86531462474778
217.9503080902707
217.84366185909116
217.87236527131978
218.82321413204727
217.8975247043168
219.20289789989906
217.99033575248674
218.44838842837467
217.9215750791482
217.86198925510797
217.8650565378151
218.9723560646847
218.05782347887748
217.93484095415795
217.94570115809753
218.10657817300304
217.8577930417248
218.2028368270685
217.86416229006264
218.01735171015616
217.85223403980532
217.99458968022233
217.850735239868
217.97807566136885
217.84775950388493
217.91694483411013
217.84911223314825
217.84956551359082
217.90092842067122
217.93140422894356
217.8419020175005
217.8466271851258
217.847392267753
217.85003688241352
217.9826687047795
217.91881645441444
217.9387620927319
217.84622905385484
217.84438024040557
217.87948405343977
217.87400746501885
217.8965577176457
217.84294735991213
217.84575751192986
217.84458705888613
217.8539740054631
217.84266049681213
217.85278290130222
217.84335631307232
217.861635688521
217.84409956802915
217.84152313560327
217.84274949895624
217.84112843973793
217.84228097743807
217.84105453287972
217.84267559333477
217.85537563412973
217.84203403653441
217.8709123714394
217.84301666057132
217.85694087070263
217.84211730300564
217.84167921472903
217.84144409131326
217.84787988233902
217.84202539034004
217.84259629130312
217.84159787062228
217.84179843219604
217.8410797093641
217.84129651467146
217.84442549379068
217.8410293603185
217.84081256196296
217.86688465473912
217.84085909263194
217.84146589122204
217.84212562001477
217.84076610786917
217.8401592325942
217.84097330352733
217.8420563421177
217.84129347311176
217.8621231106442
217.86073722077987
217.87688625728862
217.8707324802965
217.8401816231955
217.85095355961118
217.8418191933501
217.84013692452234
217.84010150068968
217.8413444764393
217.87919566578165
217.8419987852424
217.83885870818864
217.84191325706342
217.8465065171291
217.84021733690386
217.844286716849
217.837753086012
217.9174652418394
217.9314813871142
217.83996532736052
217.97703795667897
217.83544398192873
218.0264325654412
217.84266018725083
217.89288442312773
217.84740663165275
217.99827609149105
217.97764458359487
218.16426991464405
217.83632085693182
217.85017457267466
217.86961875385862
217.8425581057271
217.9310080128693
217.8882939134277
217.85387866070417
217.8404325087213
217.8389068567306
217.83572124435793
217.84133020105844
217.83584665018284
217.8351679490868
217.8859383651288
217.83504132846946
218.05088275543184
217.9138099672356
217.8398158237623
217.84372242177372
217.83803018687803
217.83202618279324
217.83844692085705
218.24105794116258
217.84875550563717
217.87711557585553
217.85689617684272
218.1553074224829
217.98520597039825
217.83726148873734
217.8681468303627
217.834505548167
217.9970889214521
217.8356709831722
217.83548045590263
217.86162937256142
217.90766450540906
217.93713121453703
217.82888009852488
217.83273986073215
218.10361967521533
217.84139766726662
217.8334283519293
217.84065151302366
217.82824873547167
217.82433169678342
218.25090699624826
217.84292697125278
218.05774552723565
217.85127731230915
218.04206121896743
217.83781262618467
217.8246887966876
217.83171073622282
217.83219165432857
217.8239799104799
217.89730405137738
218.07498697047262
218.41257770259193
217.87343627410868
217.83355721885476
217.85039071937658
217.82145116747142
217.81840472934783
218.56861951175458
218.37854662795098
217.90200110698896
217.8414240891863
217.8667319682341
217.7996784322691
218.93930581493942
217.82943691340517
219.19104053348326
217.8571208049729
218.08066073168396
218.00314619363064
218.13937192757862
217.81775873512666
217.89893269806092
217.81015277092547
217.78361429109128
218.61559069587852
217.8632326791447
218.35027800913474
217.91528800530912
217.97489341216541
220.1991991859268
217.8990485317502
218.35096099836116
217.85898123296323
218.30976927775626
217.82223708062995
218.18742368851844
217.85485054119636
218.07809265958153
217.79833493634206
218.24200430507352
217.8397529320333
218.04709621646083
217.83355728369088
217.94446101956882
217.9225681467716
217.85375078535898
217.79788999901638
217.81163405376844
217.79800540195308
217.78545016257462
217.81293538900061
217.87768462627147
217.78502203096485
217.78388254234457
217.7988528228663
217.80249987030962
217.7874728607891
217.8141188080759
217.78700780118461
217.78141105903828
217.78971564289947
217.83073582520444
217.79461012202086
217.78235243601412
217.783420266088
217.87923803750869
217.79359238024165
217.78048331285095
217.78462280525923
217.79934352119383
217.78233882651114
217.82637812391027
217.7852795277919
217.79337292790683
217.88082056913973
217.83567980928535
217.77933499731017
217.7902440876345
217.7913350231332
217.8094845688162
217.78386044418832
217.7816728828008
217.98359757524776
217.7758941094992
217.81905239336285
217.81766251757267
217.82103738540758
217.77217430937355
218.0719545212724
218.17407206164296
217.8321862246187
217.8440873435055
217.99930445588097
218.22170977085426
218.63718609364398
217.76324629754362
217.84742132569676
217.9155032491519
218.0322825602668
217.7570076834914
218.4255875464561
219.2749639839508
217.8050161894358
219.15906472577436
217.81177571024114
217.84241871579317
220.05897442357897
217.75172605814788
219.17870575005242
224.73605243645972
218.4183834503183
218.36068265316396
221.93523534286464
219.92306753203826
217.52526368897338
234.18661101577115
217.9239324626898
219.84897389107775
227.66062051597453
221.3746309137938
217.49783451429596
262.7858095465494
218.0287181035261
233.30756323067803
236.5467633104945
223.27531277244015
225.6463715101056
222.99124293287628
217.76106112278833
227.25890490846302
219.10902029723658
222.97667224777467
222.71407063156738
217.54008914164493
217.79420257511347
219.86221225143237
219.96362208466329
220.95136121256482
217.92792058200067
218.7165297595849
217.497784259026
218.28560544687426
217.65672141954292
217.49812835307472
217.54723690506722
217.7105347147506
220.62967756747466
219.92151000453296
217.46224687995547
217.8119998932011
218.37904452608007
220.29090728184894
217.64421589988524
222.19643493225703
222.5576919786374
217.74608947338268
223.44841242910172
217.3010676353682
217.16743029562215
217.45768281004538
217.94265080173327
219.05113854864393
218.5347687007843
223.63571849152976
222.2375127817178
220.13219168443908
217.60251262819833
234.69592334806828
217.5530405620899
217.19645903434508
217.5077464968453
217.21612877043466
219.77941164962127
223.56136302978658
220.7877649038634
217.27351696470885
219.4989017859788
219.2121188632643
218.12073146649857
217.2467084375282
217.2308034648782
217.2250625578282
218.83047656998994
217.30515418541876
217.70650565502828
217.226086707434
217.15633613025346
217.30062397663744
219.18016895144507
218.10534522018497
219.0861314194199
217.20955350954353
217.18381588034518
217.19124254446052
218.14513451784023
217.24337738000435
217.12174301979334
217.17865614535134
218.38940408623327
218.60899925141092
217.22849622720366
220.1497562145269
217.16327330382126
218.18068532597056
217.21928414380557
217.89213235953602
217.82399129399846
217.215354552551
217.14372071852674
217.11325823548094
218.95543022299535
218.52650501161332
217.17246849671153
217.70146340644342
217.18368080163697
218.528551130293
217.22942843683705
217.1683812478725
217.12597236111702
218.100187031899
217.05816377910998
217.10057651422972
217.17823708783027
220.06747790004061
217.1037288931157
220.100296077422
217.0946534262738
217.9444079254934
217.22662643767876
217.05721363207834
217.1536563629086
217.61993259031664
218.06518951623804
218.87091292850397
217.08845112592013
217.0780061419588
221.02951031582467
217.0766150491116
217.0365141560407
217.2899893305074
217.0390253827448
221.5046979560481
217.28992097373416
220.64683235769422
217.99711477764166
218.70125452547447
217.3476572807389
218.26193021779227
217.13088636778176
217.10530837636526
217.14657071383743
216.94205741954676
216.96906724653883
217.14561581487047
217.0989780046824
224.04872181660355
217.9163011783786
216.7851648109105
218.6787597734085
222.46284437974384
216.94948453575694
237.6309107502783
218.0492614415999
216.63713016956174
223.835311717524
234.20411325316866
223.47059297145057
219.05782124838527
282.07924443218985
216.24221876926077
219.26906876036094
224.5785335122796
229.34272120621355
270.9329613127067
220.79205714471448
254.73530430229587
245.81905460619066
222.58643769283373
226.55376469622263
223.84890265458108
217.99487141072856
236.36030396708009
232.944896464254
216.3602758758924
216.61394242979713
227.44297490786533
217.17419034417728
215.87366248524933
222.14461630853964
245.6304969638556
218.47837251630708
235.2439915240864
223.58507916182845
216.81431519983698
223.52646209582116
227.97163335101146
217.03288893698425
224.3539024406332
218.4607583537324
221.4191989261551
216.50130762397168
216.5006960608009
216.23659878794479
215.8219408151183
216.0060009892188
219.77618874814402
215.9299552948841
215.99948073532127
215.78944514450913
232.67348261021743
216.21897216229712
215.86625882084851
225.4458658924549
256.58309428716944
220.08965131162256
220.96603697831972
238.46563972919634
222.03676402296776
215.89226297837814
225.93183644709342
215.94451419853323
215.73026925300465
231.63945096989028
216.5642735524802
219.44957850906832
218.76571947024885
233.14687537865956
215.6216828288655
217.30113347340045
269.91233915862574
228.19132072576144
357.7161197201675
219.5192280596618
233.94482933551984
272.88099422385005
233.01056775825498
233.3347203791
219.98396728878294
234.05499037806308
218.25118128127662
222.09822900587096
229.66067502855043
216.08543699651258
215.37179782754083
215.43097239755835
222.66283301697538
217.05941349856846
222.11532002698146
214.96943772144374
228.9521128949405
217.00131460642282
218.84403439419805
262.2778370167344
233.34716674076483
215.68467096928413
228.84666865947668
215.26968300881273
222.0879761338305
216.32644966916598
219.52833079752793
215.0186153152908
217.38544439430424
218.30921039614108
215.24378498979152
214.87919545179082
214.77585893647606
224.00884051365387
215.73386380863496
219.43780927708497
220.30197986561717
221.17815041123012
214.8780121703494
217.9141007162712
218.01375166688356
214.72507663178214
216.32138411914448
215.11948614192863
214.82688888517734
214.8941718504812
217.7687506223075
222.30730260928684
214.8964303257717
219.77271569430337
217.99748962863507
214.57516856992677
214.2388284610112
221.10803783933196
242.38032561172153
220.59174524203624
224.7344388549859
235.92681784403135
250.1761007414381
222.82808301217477
286.8161399725538
237.39950373142202
231.48720241128024
235.55656180837795
216.28624219991906
225.6771128129596
232.8799458935558
222.04694671426535
216.65850434065186
224.76597151371334
216.83331635296105
214.6873968463081
222.04629439263422
215.96064915979517
213.7966825807309
216.0726019311954
218.05892433489512
214.47778064648276
282.5822747956222
213.43062059344115
217.55937260212414
229.086926884
256.9346769458667
229.88512275264748
312.9807004746835
228.83749271335358
214.97931681998773
255.57249374681487
232.1601677590011
217.12270032314217
227.4123092987886
218.9941149726614
224.42255447468207
234.24734873051077
226.25668398618365
219.02559820178035
215.42911616199206
218.1638205922511
223.87011314304465
213.59117678837146
217.00122820834704
218.78888721563555
213.53326257043523
213.36601679866976
215.21438068770655
216.5413562954091
221.25268934417815
218.16205657027905
217.8381844604438
217.9766751253091
218.54355987889033
214.39708835316577
216.42098030838636
217.82925249857772
213.81333074594673
214.72793963253434
217.3638756626826
214.69487695075122
213.44404197514356
213.42288597999746
214.99771748392178
213.32560906445644
213.30950891270152
215.42482671262337
213.09277278436912
213.78229584160516
215.49455617326652
213.56641037496405
214.69455664031204
216.07657202044342
218.6022078397783
214.55239060972522
220.96232828227448
213.28814350758847
213.56902363404308
227.7078110339919
216.86988871902437
213.14683678410432
216.84738535582346
213.4122150069774
213.986911234341
213.98367003196572
214.0318006971275
213.21016641945818
213.94618869807042
213.1899286229543
212.97524182542892
213.14783497997223
219.8436785016497
213.98420099346012
215.40758473864668
213.62578443411428
218.35513663924164
213.20950550709733
215.64576053664118
213.0229140721333
215.26933020461317
213.02692489355437
214.2683682861146
213.1277759584044
213.87931757877487
213.05101374299548
212.94562204842404
213.01050942028394
214.52687916567865
213.1566160914945
215.53880920753113
213.0676813796342
214.46776815021386
213.02394402363646
213.95594308757978
213.02531570652496
213.17124147825533
214.55281166010246
213.33342094196493
212.93901201477195
213.04660296559706
212.95519238972517
213.05252199507885
212.9666256562025
215.75912913875527
213.09345094182888
212.91155373354547
213.08044545443542
213.1244064687393
219.152272465479
212.95988217821474
212.88480232870126
214.54704125596353
212.89536545051718
222.71100364120628
218.05442522678788
212.55980605920476
212.99046609619512
226.6087062912172
214.9709353488909
229.76137899345065
226.31971950498317
240.68673142812207
219.18684369761002
226.94872127169717
233.14030721751203
219.86653324470328
214.68091359751108
225.02741489506258
215.92832551407483
212.762095695366
222.68372508970018
215.30308091175067
216.80786247512245
213.99974948519207
212.95750411404845
218.05641929858405
214.60794562996168
213.3585251188548
212.76886442377008
212.93545205394298
212.98142202743233
213.6054786049636
212.51995347723806
214.0315420834533
213.138535787885
217.09711882228
212.56552026218338
217.78600971308987
214.64230879122573
213.02197887639358
214.40090560423917
213.6599116152671
212.30416093716696
212.5659579759285
217.34831951502042
219.1469129743927
215.17233290072232
212.4936469889229
213.93266119388912
213.42028984573122
213.14588941402295
213.87442802095347
212.41915737461028
215.14948185416566
212.47335462275737
213.28575289915085
212.4118253871384
213.05422214710094
212.39953851070004
212.61378957296012
212.36666625564226
214.15871581202006
212.35888710122904
213.10135571199885
212.5032989286832
212.63974529973765
212.34667816949516
212.33245054549704
212.302278921236
212.9200941965812
212.39549295643724
212.5897915976275
212.3339107977749
212.5721461688592
212.37072582229106
212.56829589829448
212.30614946422088
212.3865668282132
212.3505091326111
212.29845539075473
212.31359609342917
212.78914768836398
212.35558753531595
212.46073008984368
212.32777562592148
212.38678776549224
213.2167728888706
212.48395757081053
212.29990105918068
212.40160513896487
212.33866587270649
212.303819260383
212.35665177334894
212.30822532065542
212.31785510959645
212.30036123899345
212.2905649654278
212.27905309469904
212.29655399228074
213.10312656931384
212.31421197576563
212.55487723354923
212.3362339508356
212.602972205031
212.3051515633507
212.42799678265266
212.28064284791864
212.4480451320222
212.2862251603433
212.28646105284778
212.29913677526247
212.35374279024128
212.27413725731583
212.2757853836619
212.29031252500482
212.28396934501768
212.2823257717389
212.2890818493222
212.52723504294582
212.28669023387422
212.27902185503592
212.28834033814925
212.27657633271244
212.26993880869693
212.31969647982285
212.2753752684081
212.278335727871
212.2854196054186
212.2729037939673
212.28871581149383
212.69189409581196
212.2866473776739
212.60445048995837
212.2745557784686
212.57037219401775
212.2680911756701
212.28537475366142
212.26873527496488
212.2959545563175
212.5958061769628
212.3466315766544
212.32529685008936
212.2813491852194
212.5444580205411
212.28105156918264
212.5483984330559
212.27727881026465
212.267287226988
212.2806777848137
212.26914122900982
212.26890006200713
212.47211591339874
212.36339460721956
212.484543571968
212.60089475492444
212.27503870403916
212.27617061857507
212.29611704646862
212.25954394677603
212.67525334809972
212.36114320401754
212.25367306332035
212.27855086043098
212.8991633533804
212.27838899278285
213.31204395127747
212.5861913537428
213.32183103000474
212.33091945104172
212.3159140083281
212.44203537097872
212.35700643173615
212.82525283297093
212.31009139749992
212.6777789729441
212.3284151613409
212.86026368734898
212.3942696529748
212.302463260975
212.23803849033726
212.26889197462657
212.44414679675884
212.26930470889906
212.28443883120326
212.26063805376603
212.88588944135694
212.8935901479403
212.2154323567148
212.33536810238206
212.79066141764514
214.29307194372905
212.97204608276684
212.20711132990834
212.4416901907626
212.35598279649085
212.26737925465673
212.41635912225297
216.5013861692304
212.27741394340518
212.19012495344822
213.99412079472572
213.2121872932714
218.33410918760623
212.2736037262743
214.25769378978035
214.84634883021374
212.58757641883184
215.02536495486572
212.15764565261435
213.3727323192071
212.93470997084475
212.30957264985216
212.5201867738362
214.39337552445738
212.89467220860658
212.53413365045716
218.07146563694425
216.68230451287204
212.47874990350766
212.3518918615416
212.21576072613342
212.18681191203376
215.27522393709864
212.09945437580873
212.18924869019182
215.38834192061495
212.29658182194078
218.1667316878459
213.19119865003142
212.13317074592106
215.03277228415115
212.40933668561345
212.01491776268676
214.30676098835738
212.11983028008353
212.18510647070923
212.94073859759987
215.68684144979522
214.01262602932505
216.73902570045018
212.6538521105092
214.8787598004589
215.37835412839934
212.23488773117344
214.14233778398585
212.63240746543357
212.02548424541288
212.58309270324733
212.45406357171277
212.05254622166404
212.2180367660175
211.9665821993189
212.04695014865143
212.92529027793188
212.17443500019166
212.3640441547709
214.7618865415815
212.0909525888019
214.37984531292415
212.16928556422616
213.3749654861245
212.57660809026433
211.92260090600024
212.6125229395587
212.01136577216212
212.0105413095452
212.02581620545152
213.28382288330883
212.04475322831553
212.19254057021854
211.9787411973827
212.82566731382795
214.27839814742276
212.21399308979025
211.9895495139702
213.3650767845535
211.98017998005096
212.3477252821517
211.9940356511334
211.9477960674018
211.93186624179924
212.54051390957625
211.89742644407409
211.91335007096916
211.9641163468279
212.37923749630514
212.04595965066062
211.95954867018173
211.9263945282918
213.4265785679363
212.98432804355622
211.92183350783992
211.92311826447624
212.22750679697913
212.2995218727482
211.87172503412205
211.91614090716126
211.97740678013275
211.93872427128528
211.88477039137888
213.44718686883695
212.69832903929924
212.3962238483399
212.6578401979425
211.90592232856062
212.2073416180138
211.89122634463672
212.43273392980134
211.90303486372164
211.88570848287907
212.20744388588366
211.8933516166454
212.05860720127663
211.87484010880232
212.25388758479232
211.97691549118875
211.88313489774436
211.87002565656886
211.87626295680576
212.0319290883657
211.90863074445787
211.92831674613217
212.11409756894346
212.09781212063498
211.86573248341728
211.89101914954767
211.8831826523562
212.19224227731328
211.86866168419516
212.16296864895486
211.90492018876773
211.95406178151734
211.88232802066213
211.86791568944048
211.88875494118878
211.85819686452854
211.9067500539767
211.99314563307436
211.87328897470078
212.09021461127043
212.42868453827333
211.89512417930362
211.86307754840814
211.87603684296886
212.30059602391222
212.00380834733448
211.87638757056732
211.86415546958602
211.8660644938465
212.01683003821438
212.0482676398705
211.86785067927076
211.86224365514397
211.94892296855724
211.92153703597089
211.85414994741106
211.86484554526263
212.33111223236412
211.86485103539482
211.86138422424054
211.87863184661157
211.8434655743403
211.84691759912906
212.3598842042224
211.8438898210374
212.44741320038656
211.8579072861125
212.0593254489888
211.88512077290807
212.06787640421314
211.84928263163175
211.9989936631055
211.85159184347373
211.98589475679563
211.86091528569088
211.8565654553888
211.8529398505949
212.0004758244637
211.8515145480851
211.90715445455336
211.84945428162374
211.84783543746636
211.845074213057
211.84641733768615
211.86090140927283
211.84185700723444
211.84051388018466
211.83769967856063
211.85203766005702
211.96379075871013
211.89729463633967
212.05030030040274
211.8450959761845
211.8507047068697
211.85082259724592
212.00132401237664
212.11905577946058
211.85609858448964
211.84554933875276
211.90584959023883
211.84829153614064
211.8339256220297
211.8422738525554
211.9607585964405
211.84147627956568
211.84484803098087
211.95097699350882
211.85619280093738
211.9058047200239
211.83132113102442
212.20192733144108
212.0482886738347
211.89238011458883
211.93441129883826
211.8621155608514
212.3557681389438
211.87599473455407
211.812609114703
211.83450281342124
211.8201729251045
211.85002954728665
211.8281403629378
211.84248964865415
212.79963097643332
212.00245731235844
211.83679261262554
211.869127059181
211.82682420756018
211.9005342022946
211.9996599312618
211.8317781173269
211.80521641658174
211.82170432949175
212.2123119265651
211.8530401786637
212.34554355535795
211.83855969665476
212.30945788850735
211.86148321004902
212.04747339408004
211.8321064308237
212.13883507431987
211.82212008095004
211.8038621086936
211.81830887995903
211.91133545074842
211.8065907936728
212.1040383164964
211.81784790801123
212.24956521498493
211.8579287999737
212.0969638545546
211.88944404275307
212.0058929722644
211.81841640397397
211.85055131195767
211.8513779554936
211.78930506214144
211.80913750376791
212.55492945813407
211.81121857941568
211.88276766180482
211.8485750061
211.87310917622108
212.33238568709163
211.97592078100513
211.80179508033063
211.8396520879428
211.79472897134968
211.86611716879298
212.2083396309947
211.9805224591195
211.79651768064673
211.90166848026195
211.8114623648965
211.85804544324498
211.79082978425487
211.79240715352
211.9313883698564
211.7925949740093
211.80063908304305
211.80003750268344
211.8116606312426
211.83877699035042
211.78888477150988
211.8209157583511
211.79227591187953
211.79141785479763
211.78987697971576
211.79311361703438
211.8584037269821
211.82920067439215
211.83116246607608
211.79124120156732
211.791106431257
211.78977960986614
211.82327487727238
211.79158341910974
211.7879901434943
211.78986342532122
211.8227491294396
211.85519854363451
211.78538270591375
211.86423701915595
211.790583019121
211.79059757674668
211.79164316482644
211.87685584893794
211.80850786552497
211.78170119383054
211.7902317953437
212.02312738400357
211.8252079817599
211.8392077780931
211.79816131576
212.2865800578415
211.81597599278592
211.95180062776018
211.83663563943662
211.89575114959416
211.79723443626668
211.92646582089745
211.78862404200413
211.90365393315483
211.80841578187992
211.78155389977138
211.7941458566056
211.79579319996412
211.781848917718
211.78531901346616
211.89113528769155
211.9032902264119
211.78519045435726
211.94165673849386
211.79963353524897
211.87132419321298
211.80326078462417
211.82319381392472
211.78830378512274
211.86738278266526
211.7899811100787
211.8029321998914
211.78912911782217
211.785646023547
211.78353182190395
211.78754360773348
211.78375360619344
211.78255464367743
211.8349948648387
211.79362705437876
211.78351984956794
211.78180044832231
211.7830048126875
211.78397184035677
211.78238395047345
211.7858909768005
211.7819762210668
211.7818041711067
211.7827451845842
211.78113157649528
211.7813927357569
211.78028336175223
211.78241241319046
211.7972888465221
211.7826812144582
211.79259307701
211.78357806725313
211.8247284665429
211.78133384650778
211.83089241344067
211.78470605754555
211.7990847433048
211.78385407225755
211.80745270293292
211.78128894310137
211.78026659938195
211.7811776940891
211.78973849458632
211.78098062060408
211.78550354916115
211.7852576419497
211.7815486060867
211.82581542847018
211.8252854055278
211.78410493668844
211.78076055310626
211.78143726850277
211.78340017407888
211.78043438385947
211.78645494051523
211.80509981032662
211.7816044445506
211.7806110473769
211.78019693841492
211.79137114786494
211.779922149365
211.78084631688506
211.78030319890343
211.7825447658017
211.78582400761417
211.78138905847817
211.80640398753903
211.78218946784028
211.7822395014061
211.78785156927853
211.78033252066177
211.78006604797466
211.78126692009516
211.77951177710838
211.78650857222152
211.80998721594582
211.7802965473495
211.7794260601575
211.78320607288344
211.78476600963936
211.78170202585557
211.7861983162039
211.78156427285901
211.78930539823952
211.84163990592648
211.78368317271628
211.79558797823745
211.78035653725354
211.79768698674377
211.78279809681618
211.78560276414436
211.78152504552665
211.79003782873968
211.77961433319382
211.7795050419709
211.7812629851843
211.77948718984845
211.77936593825703
211.77998882168714
211.78349289450495
211.778785015495
211.78011453412518
211.7979643215657
211.78010531954988
211.7796858156345
211.78098320179183
211.8170556970746
211.78402582837043
211.7770861491893
211.78559623970423
211.84017060748806
211.8289106298364
211.84969787770675
211.7797425754687
211.78199156721493
211.78782693630623
211.78415102126144
211.85153890983645
211.79478673390514
211.77611983667484
211.78430510876686
211.78024429531345
211.78605548292347
211.7839901630092
211.79124035179652
211.87951967292256
211.85452981288793
211.7834974713297
211.77984871679817
211.80963431626753
211.78064365207564
211.782599818523
211.77971574837687
211.8292257093522
211.77529717065525
211.77682475913832
211.78300949748265
211.77694249510614
211.78952776371764
211.77752570229976
211.8038890713952
211.7774874210425
211.83181382490528
211.78022508386655
211.80431886699932
211.7798721038847
211.7764165853697
211.77585469030385
211.7954833014344
211.79479940778748
211.77473964647515
211.77710404871377
211.77624495611735
211.79413525810625
211.82624021946071
211.77975004511114
211.77525958944744
211.78063107325525
211.7751487959461
211.79353655059236
211.7761442527512
211.77433054973056
211.77613269849786
211.79607681505647
211.77605085170435
211.8030456242792
211.8162376474005
211.78745016546884
211.77521455806772
211.77794020137782
211.77428375057275
211.7752339155796
211.78685651351844
211.77501505605568
211.79748650625518
211.77500073359948
211.82247439425197
211.77552693752148
211.80908131709177
211.77847572550343
211.79552745624267
211.77412165451176
211.78089069904414
211.78289152051832
211.78326545332894
211.77400370817793
211.8124635062207
211.84290481841668
211.77934891627598
211.98944152391996
211.87704331229426
211.76969957545737
211.78768984929113
211.7867450951687
211.97646239747388
212.11739549503358
211.92078475245398
211.7750758445159
211.81100614024473
211.79475903259413
211.77672832312732
211.978696903662
211.7778656034028
211.76457788173076
211.79039491982854
211.83601198906848
211.81241221190254
212.02103301852836
211.77896799514383
212.3078244495996
211.76399568605666
211.77092261621868
212.18835083121883
211.81955158392904
211.85043464337264
211.81829048900528
211.8267303429156
212.02580849918007
211.85567920141034
211.78716105431042
211.7709066966571
211.79345368870062
211.8168417144786
211.77790586389045
211.7620540584782
211.7926552270336
211.75831454598904
211.77013611765534
211.7559895152159
211.77215412574134
212.00550820201158
211.7737213667312
211.97923076343292
211.76612871633887
211.97285833901503
211.77481940769434
211.85524843868308
211.7656782045679
211.75196494139468
211.76048998775443
211.91613262853065
211.76001545897583
212.0813114059293
211.7496626714279
211.98134401355713
211.7811273433378
211.79538433392926
211.78274878828753
212.5654643244277
211.75284579767995
212.26610992576343
211.84999772237828
211.769231077683
211.8045467872028
211.87167162642038
211.7881199157086
211.73989645005625
211.75874567881442
211.95185383916382
211.7594316163309
211.87203156698027
211.85003623106073
211.75522657225233
212.6527353356953
211.75142820860452
211.87743913828663
211.74230703006964
212.25343364431114
211.74365315311047
211.7374874085414
211.8146093828142
211.76195214541295
211.9508452914859
211.75654453604625
212.18007757973737
211.80799416028833
211.90285383859214
211.82362279441372
211.7303284047199
211.7242655941886
211.79108218408342
211.74799169686634
211.7507080805409
211.7835203999539
211.78923892104865
211.76343636691993
212.1445792010262
211.76062100301922
212.1730639789092
211.81363293888535
211.77427430748662
211.99287156202013
211.75043660769535
211.80416653321973
211.77081519092548
211.9303979137614
211.73403139121984
211.7282729428482
211.74112979560672
211.72315629186195
211.72025809705707
211.74864103556274
212.03756429700275
211.70985830438175
211.79226044044563
211.76793412410748
211.74932691778417
211.75650087319258
212.74769947039857
211.71878060837884
211.73226699190624
211.8129857186641
211.73417882426077
211.6874540415256
212.02290959006808
211.74913441773623
213.68178592777326
211.75346618784215
211.99737058421067
211.84933246678926
212.41232403118158
211.69673131701245
212.37795949441863
211.74459370338596
211.8927054270159
211.73016714391406
212.16051525651665
211.7315374722629
211.89676601299266
211.71267923365656
211.69867544351925
211.68802064342145
211.6931887862338
211.6953299709204
211.69011437711885
211.81939116010827
211.72236408970068
211.72594537715315
211.7326283054939
211.69164023415726
211.69565022199419
211.6898748906513
211.68326807577301
211.69076614284913
211.8147337509328
211.8976768779244
211.69562316989348
211.68683095106022
211.69351845898305
211.67876964597164
212.21046321644016
211.6912872877149
211.73876031065157
211.70436333767617
211.75720621224266
211.67468988939993
211.7027012148971
212.06244104776295
212.33485004672295
211.86152804560913
211.6864519894456
211.728877165114
211.68174789669115
212.07279068107215
211.69112877993518
211.66764004635266
211.68980885056752
211.8121992509934
212.0513972005232
211.71980809054338
212.01025720029483
211.70154005390424
212.6726118058845
211.70137108638053
211.6802550351477
211.67661471063164
212.16171749829934
211.68357237471383
211.6586687006204
211.6894001894924
211.68593219969677
212.92621678669946
211.6733612720867
211.64558286328528
211.7378378210384
211.64404603723384
211.7872385894827
211.7146655434136
211.7294202111844
212.38201545231814
212.18907953916136
212.8571423059615
211.72554688387646
211.67988059870484
211.6484422021938
212.30754803002768
211.95354960691176
211.71542795191075
211.87825871542472
211.6566618430259
211.6683077940778
211.65792726662988
211.63142884718422
211.71358431652263
211.69759830468615
211.66537108189334
211.82239064570751
212.43589673132058
211.99444039364505
211.68649572599065
211.7661812171474
211.64058771099434
211.89533759133576
211.6477807045187
211.8191310332835
211.66054209545518
211.83459933412317
211.63713831381472
211.65918763641267
211.64903023216766
211.62572366984224
211.63015484137532
211.6908516233224
211.6448414694652
212.11847995153437
211.64862832910765
211.71536399446327
211.67202381135317
211.93139179487764
211.63678994288023
211.6303572286493
211.65629079330898
211.63360505489152
211.621089878583
211.84716739150858
211.63252758775133
211.67017775310057
211.6285339360163
211.64685074106114
211.98283967988596
211.67723178730122
211.62842018452298
211.80615169403308
211.63335565253126
211.67075007493696
211.6340143042373
211.655695929679
211.62419612367532
211.69545216847285
211.62548550628884
211.66085146822934
211.62705951719428
211.6235626308132
211.6280418000297
211.6237948294507
211.62174211183003
211.62143952520722
211.64276177755283
211.6220049512675
211.621946781146
211.62075737223174
211.62381554600273
211.62023296571965
211.6214224656969
211.62308935819348
211.6209863136488
211.64375215105662
211.65607908277187
211.6194796075391
211.6215477963284
211.62918036609145
211.6574428404203
211.6225365160829
211.69767592922426
211.619548035804
211.6453541983679
211.66081584285
211.61929831457797
211.6205916470146
211.62254378732845
211.6196612200202
211.6183675427073
211.67812400587167
211.6185282363001
211.65941741953668
211.623552263249
211.6575167774302
211.62542833120352
211.61668410223683
211.62115000661345
211.61667984632788
211.62005112416296
211.65834092414448
211.62005534758657
211.6209730180937
211.61867572298166
211.70914157780703
211.65575138557753
211.61468402652974
211.6230783496683
211.61547717687233
211.6185380853114
211.6442395962394
211.6140626698131
211.61083089211854
211.91723653581698
212.20854639771727
211.6192331239391
211.62972677793138
211.6847578374999
211.62791042689378
211.60108468945978
212.1286872612464
211.73459657713587
211.716600786211
211.62900175434245
211.63081727623174
212.3735074886183
212.06058155670223
211.60160446171489
211.82544362987204
211.65254711835553
211.61326018285285
211.62031928155744
211.61492083940823
211.6046979609732
211.62731316300216
211.7840896687871
211.59747110458306
211.60954852755012
211.85888569375982
211.6272978245877
211.83755729688187
211.6229459707552
211.63539408953713
211.62632100147982
211.60115163485378
211.6275706718409
211.59432409687744
211.60017564398908
211.8260702384927
211.60061908328322
211.64524345447794
211.60203139180067
211.6023829996717
211.95426509555446
211.5866164156536
211.6243611794423
211.612335288077
211.6329834722069
211.9525167974096
211.9080998101104
211.83493364779747
211.67356497921952
211.83849054314936
211.59898643099027
211.6267014715151
211.62676197589138
211.57734744676287
211.5763178702315
211.60340023898542
212.021725672443
212.33404759115803
211.80340818662
211.58789171930073
211.6462433204258
211.5867258190077
211.59002795754134
211.88495169740233
211.8684676096941
211.69140816961936
211.58684443989802
211.5955931906829
211.58345066519783
211.71314261843776
211.58201061639335
211.75261699946464
211.58105373049912
211.6393968552902
211.65586281837278
211.57996311776373
211.57813295993378
211.57918655347174
211.61075503986746
211.5782773604287
211.5775052314246
211.63704474053046
211.5979305029916
211.5751305234762
211.57862675263453
211.68755710710377
211.57968290636234
211.58531323015617
211.57831986990584
211.63522016845124
211.57716669387372
211.57678374402474
211.60824499986742
211.61049128713034
211.5840427365323
211.57642598012467
211.5764697432782
211.58982495536586
211.57505229478005
211.5946077247846
211.57579703473812
211.58483939931534
211.57650467201609
211.59511887144632
211.57759807868132
211.5740363772836
211.57619683087222
211.60773270755487
211.5760683414667
