10099.879434711134
9731.738239969427
10080.811722708
Inf
15156.922978582526
14692.997693025818
10459.455625639666
6492.9021301308
Inf
9107.61514528241
14265.302927823188
5548.687118919626
Inf
Inf
Inf
6182.836874064883
6824.771321678085
4949.935938439994
Inf
Inf
Inf
Inf
Inf
1869.58879848798
Inf
Inf
Inf
Inf
Inf
Inf
Inf
4048.016065691838
Inf
Inf
Inf
16196.471186492197
11009.371785514635
4475.507566204915
9058.762854175358
3868.7234860820026
12943.45987439536
4056.999324277008
3231.9268259180844
3762.8950484713496
2646.2031964830626
1164.1263689859443
1325.9925719010603
1892.3259013100505
3231.9268259180844
4729.059675716757
2143.1551088536708
4253.11890913969
3141.818952581839
2629.0507444026643
1869.58879848798
889.8383030357469
2102.30951481784
2467.0738698321247
1907.2136826258306
1938.1173053548794
6029.075278488251
3448.787874185258
4067.656230951285
1978.6482815338816
4630.678258601104
1907.2136826258306
4448.357690627566
886.5316361731566
1869.58879848798
2467.0738698321247
2725.727466326789
259.1628767385071
4448.357690627566
2467.0738698321247
4361.364437394726
4772.452636468018
3390.0160214842213
2349.2221219757835
4317.1555898286815
1092.5238216082832
1408.6809153653496
3437.1875840835805
609.2899619908394
1428.921340988666
990.5538179667225
828.1682787125714
640.4741057966675
1314.648763807174
675.399619062968
837.221818662067
602.1588725570231
522.5521616113797
59.599282782848455
901.7779858077747
280.23901759322655
496.24372725316465
1100.8217660358991
823.8626799948679
690.9736958315804
1169.2604577398736
752.0216507681555
687.2887158836511
533.3623293365149
408.3436679565533
369.13730273883334
601.7399017959307
376.8827630363182
318.7016261603477
322.2752131475175
117.72041354372428
212.04134593611332
274.79015760476136
177.44091977361757
273.6277740855147
119.92621988557428
163.0003811535485
85.28536433238688
178.84224580991685
104.55202015760652
71.49272032614194
61.65480899045027
125.62621052639672
101.01624972861417
63.0894416691997
74.18338545165837
59.70296800930344
58.920401193340325
90.3266030346764
76.89028998803474
73.55367711105292
64.02760715353688
60.38080545082854
96.44787518762377
63.52063115379803
63.738701894943695
103.72308520269738
56.24678174693551
63.296378293313964
136.8698932085371
157.7218418214436
120.08878571351562
87.87000471355952
94.99558640578425
198.74050178414632
82.23056727665184
103.68951079252965
117.88067892793634
58.10437991607471
58.50235053658076
60.899801731461324
55.19145893145617
80.54212750952162
57.30468462677531
86.02112431825688
56.12728145008783
66.88881783219608
88.70542145868876
96.62097768613884
66.30480939624272
84.55698408282657
93.32899439340065
53.7536858012632
186.9048496312679
61.08833026082576
150.8760982660246
155.82982380930514
65.15605066221187
190.18863418693275
54.623037733881205
82.33505408141579
109.98619113364873
59.593448749189534
59.58561931350503
74.3402668523914
56.775785791798164
60.607994590483045
52.95503445295214
79.15982564914611
56.98839422738475
56.97842728894497
50.93211641634143
80.18222085424053
98.41534314373078
56.833133250654356
86.89520979920503
118.33145488810925
44.21604233726462
195.54383273282156
129.96883300008403
57.97656542724531
171.22998116965758
107.08278033741973
311.8224391088121
183.83687194635277
321.2774371022923
317.89267412911556
173.59377337097823
310.8934464853726
194.23350140410943
80.47390414248025
95.28524395303268
199.9960116092291
85.15927445208445
87.5597455470122
81.38595271197067
71.52325973630136
55.45535272873259
79.81125838580837
71.60950978147659
61.14247051171808
62.2518327933924
46.75531677630456
46.81713247106532
65.92567556382448
52.439179213278564
46.077609030675944
44.270387687989945
44.927353317497634
45.78275178146135
44.54316921383786
49.908726958539795
43.20135603774903
57.09230252462065
46.06898832061478
66.36690435512521
63.68190496826642
47.450863666249006
69.33259491109064
45.35018507696403
43.58471157124524
43.28763010774749
43.487232494653504
44.87971980803792
43.667060292870076
42.9437825675933
43.17239020667465
44.10750951481245
43.459043605226256
43.230475346093165
42.70471888806152
42.31256137876771
57.45427340504111
53.26758512363287
49.47193782758985
43.58870004937885
42.29086580029465
74.28311156120306
42.947670540666564
40.22386055944872
80.05150359702549
51.3792466646937
45.10479102464958
44.94810219282517
131.45296571605763
46.40286585754497
39.33674363213083
118.62452842977042
52.24373866702206
269.15364118596773
111.39140909141807
53.36913055463774
277.683359637368
110.35630663492961
52.48903326897892
69.64136192642474
98.95378562113524
49.597384342865965
70.04054520447366
89.73991363948328
55.046990359068204
59.52045072966117
41.755602036737976
44.942570867781484
60.29740882440131
37.834964768880766
46.790653029497925
60.36040687877051
112.74631580135697
69.78192923263228
44.889120154212755
89.62407690636056
63.88931598726371
41.03710383642373
45.60215822473139
63.9415576142116
48.19405046651747
41.21468554048811
75.01392018068685
45.88841559616054
47.442544181217286
39.93512459091982
52.71598687640078
47.17761235574268
40.926814074667334
37.511911521459794
41.23392474326621
38.06958066967692
38.757080109971135
44.272662112988904
37.93868974993864
52.04064190739048
38.3153630281607
40.111925582841984
49.39662964539085
42.50916871469854
37.954961149072496
39.9946834761343
38.19158522967516
38.70776756352138
37.15246852124947
42.648987904520446
37.335658579750955
44.028429274807564
52.72235002048257
38.779129361827
40.52471167596951
47.72019240432051
40.125597221580925
44.88004285346374
37.63755459375431
38.313859088003255
41.966573633163186
37.49546267366049
38.41617812854472
36.87879314237
38.0079018572108
37.82189429344767
37.426265488903326
39.01143499425181
37.192753770403314
40.61917919252235
37.06465583863866
38.329225098309635
42.073518157521576
36.85519862379
37.363288171080995
48.38970770138525
40.77923536254232
36.94193848181356
50.550382149258546
41.495285195152555
39.56835290926491
38.167866574409246
40.82454588859774
37.11381123808779
37.602613356960774
42.08149694248482
38.21696950630773
37.21913860137838
39.93942174938225
36.96163275596946
37.32144225205959
38.931033944255944
37.36267557461032
37.32485006273219
37.31166832288803
36.8660749962411
37.31083664145929
37.14202584870195
36.84432354901623
36.8963080332336
40.17586308869244
36.94766588360798
37.068733845665975
38.807857620997666
37.1838169220136
37.69183189432819
36.852893280292804
36.72236516554035
37.4523372054712
36.835748255392424
36.966331307564104
38.371301657698474
36.96089953776786
36.86189707243302
38.17734865529607
37.29553557061018
37.57642155017098
37.11967750819592
37.13792824170184
36.67149631186966
37.57820085490163
36.809675839726744
36.78167888816199
38.97036846603132
37.741788928316225
37.420449032974496
38.712973358649755
38.01147484738339
37.882195920833944
37.63120131839001
37.05400298585651
36.79559760210973
37.58851744250716
36.760801395224284
36.594026811954976
38.87061253128222
38.47850852155164
37.47562525713888
39.319162832553
37.947771398302706
38.8485231174692
37.66902820914611
37.08696622837815
37.79010728075284
37.19835906816891
36.68290234857029
37.33989164487354
36.569905785152756
37.227384943820624
37.181630766428995
36.63542241937777
36.87977219837623
36.97605067780008
37.9040151832964
36.67143571096583
37.08082267856264
37.214559605451605
37.164862062862284
37.41699364509157
37.174378249740116
36.61819559734011
36.61479157668412
37.73022617890584
36.598330044837326
36.963124573856845
36.533615601354754
36.893185557671956
36.80941893088305
36.68718805253238
36.64470929020001
36.64866008954455
36.98283373539097
36.90127449589748
36.82694209948959
37.185949465768424
36.823445566996156
37.15628839676621
36.81035311427376
36.541130615595165
36.63368980932912
36.72810877038421
36.56729585509112
36.63692657603139
36.624318740912805
36.59162970013281
36.58418254963741
36.63374156499486
36.55365738507792
36.579090294179245
36.5256513415516
36.53132160292763
36.60466011329223
36.54157968526785
36.55150958403946
36.5881860433987
36.5412527178272
36.70436357853153
36.53079613768793
36.5400556553653
36.65115418472179
36.536826730567
36.548621206947765
36.524393457022484
36.58059702907595
36.532909623529044
36.55551739913003
36.595479352373644
36.80619441911317
36.5368877326015
36.54908131471675
36.64785447612222
36.59367955065652
36.52704476598284
36.52634398195445
36.51759710142445
36.612305337975386
36.53388732921704
36.582603419921796
36.54057515757974
36.60785021872879
36.53323561348447
36.62760115699541
36.589403106616565
36.523693020835594
36.636359064440036
36.595684409889536
36.530347740302766
36.519653190091674
36.58706703151426
36.5096289950749
36.53855438902599
36.65584821474274
36.58058117449145
36.5310450216976
36.5903797283704
36.618408577309246
36.546870089482496
36.58166203836845
36.53313868849965
36.52869826984051
36.552794607565836
36.52180730420507
36.52891814881964
36.53440719212603
36.53259535495111
36.512529112152386
36.525933926338105
36.53129670413438
36.506728930925966
36.60164411760402
36.50797804068465
36.51235323396282
36.56522266696841
36.52257829751188
36.51391316963708
36.50362710321875
36.5549955210102
36.50843078053214
36.51014078899429
36.53444506509812
36.51321650565638
36.52327452769577
36.53458310986205
36.612021543527675
36.57445555498994
36.51079369416446
36.56202239915982
36.51915701967898
36.52080789528691
36.510656891527894
36.500836378421845
36.55185404391657
36.50251870573979
36.5601778640805
36.52247316295251
36.54308252581727
36.53642397585954
36.53360486087788
36.548546037551425
36.52063771373287
36.52250465907295
36.5023459431364
36.52544222316833
36.51992090936294
36.509163201922995
36.50888505907778
36.50513534984443
36.5082532774175
36.51213652865634
36.50180266178914
36.50220028183064
36.50123240474149
36.50417815881873
36.50042195836031
36.505149875271535
36.50141934452687
36.505184848435796
36.51787474187038
36.50246628030282
36.50084744632744
36.50793279320841
36.509318037048516
36.50135494419703
36.511358482593835
36.50113513257429
36.49987723283565
36.5044566304744
36.499708781715086
36.50096668745163
36.5005462198278
36.50115658117332
36.51053627070462
36.50080265505593
36.50648593743587
36.52134474138798
36.50842291070704
36.4993183600166
36.50016481655207
36.50323089895626
36.50302732151719
36.501126499533754
36.51278058414696
36.515596437264975
36.5055153960024
36.50871702538229
36.51800034975743
36.49974569099253
36.49905261119793
36.49950310993036
36.504457812704445
36.50286172132135
36.5033722917951
36.50165285520073
36.50484016163809
36.49823175771733
36.52613566018495
36.52059916578368
36.50341508544852
36.51286102932669
36.50278559124765
36.51693441047526
36.56546420500468
36.51132537531959
36.50769988579257
36.541028848861004
36.503738477002564
36.5150107622842
36.50733366726149
36.502213497312866
36.51165633855949
36.51414776463406
36.500112721393265
36.506070847923674
36.49796993863728
36.50027525282932
36.50797645869374
36.499136529327295
36.508617445374256
36.50665706959862
36.49896404225129
36.51343520947147
36.51201382273615
36.49940196202461
36.49912041814883
36.497478159038565
36.510506677024416
36.50130278770867
36.49888875824416
36.506153773980884
36.50805548861079
36.504351120128334
36.50284565839769
36.51580482221326
36.50943949291671
36.503572820716094
36.5070209200139
36.49769922252798
36.50044908391267
36.50350027650422
36.49956647968913
36.50180840754249
36.49801929254841
36.50313375944785
36.49766401384341
36.49749980383305
36.501545829013274
36.49797606079277
36.498533782385095
36.497476001808955
36.498311151300825
36.498818497840695
36.497480315836086
36.498815929125854
36.49910224583989
36.50425911693321
36.49907854451704
36.498911917227765
36.5013232959421
36.49934415815842
36.498200259757695
36.49806671567457
36.50045349100081
36.49860626411731
36.49736992622471
36.499402940242746
36.503000529789716
36.50093328287308
36.49776375405047
36.49927672094899
36.50379746386744
36.49869940104607
36.497442271204925
36.49945261720272
36.49972821409443
36.498695940228345
36.497915916459135
36.49845451597231
36.4987832887507
36.49732356082686
36.49739793616699
36.49768214544597
36.49785302259168
36.49812757641492
36.49713014105613
36.50036162017137
36.49799954972761
36.49751698080192
36.498784586965776
36.497878999417466
36.49792472964421
36.5003880732445
36.50155330800645
36.4977714059488
36.50423826483071
36.499891903908065
36.49740396812199
36.49977172270107
36.4979945249868
36.49828290867145
36.498253513449434
36.49761251168001
36.49824542764067
36.497311454348306
36.49730583841881
36.4973931096235
36.4979789991228
36.497694753743495
36.497128357107144
36.497164142211844
36.497168795127365
36.4974062129042
36.49771646708875
36.49750962284046
36.497826377675885
36.49786236773887
36.49721860365107
36.4978153210728
36.49816654961306
36.49725469983711
36.497394956362584
36.497334353573486
36.49715411406271
36.49730161758036
36.49722274076163
36.49722269862171
36.49731081221758
36.49719513575918
36.497157064643616
36.497130773587585
36.49714850075757
36.497107654987474
36.49711156292232
36.497084709688544
36.49779805006296
36.49710374704908
36.497169576808716
36.49746168911357
36.49736410763313
36.49824969730039
36.497128605076604
36.49736807286022
36.49786361580634
36.49740779538325
36.49759163563035
36.49713468383721
36.497128987796664
36.49749528047505
36.49703473551751
36.49732541867034
36.497793193576605
36.497001720306535
36.49791945982432
36.497523406306776
36.49725926175093
36.49831406630996
36.49744029333816
36.49759434522389
36.49824173318155
36.49750943990377
36.498446177210774
36.49951560799699
36.498175717396045
36.49734480386617
36.49759714644511
36.497508684084615
36.49763485752936
36.497080016975275
36.497871397776606
36.497020674558165
36.49695144041006
36.49737723029919
36.49716737799249
36.49705200021633
36.49765996921976
36.497567224187236
36.49785770407581
36.49739468176912
36.49844261843343
36.497440471525096
36.49755763112204
36.49695729508106
36.49706144377816
36.49721198647241
36.49695151834685
36.497252152829454
36.49701534038253
36.49692802283978
36.497029452098545
36.49723379733839
36.49697485798452
36.496953016730956
36.49693277622355
36.497573828534335
36.49695289994038
36.49697481783784
36.497302827171715
36.497041769768956
36.49698541654211
36.49691735956358
36.49716768699433
36.49695720610323
36.49694472431395
36.49725190775051
36.49696472559526
36.497326810225864
36.49692546066866
36.49702859849349
36.49743728921976
36.49713990302354
36.49714138754496
36.49689570764193
36.49697778383327
36.4970297158592
36.49705771165663
36.49690200030036
36.49743881205037
36.49706535793862
36.49712337238113
36.49703034454205
36.4973850282211
36.4973638182783
36.49687165899816
36.49725600407925
36.49690549777913
36.497003547531975
36.496989892454025
36.49688591750125
36.49751295695142
36.49700677269889
36.49688052032591
36.497264261196136
36.497005665169596
36.4969585620893
36.496991115709896
36.497040816797686
36.49700190294504
36.49701005723365
36.49715604871227
36.4970201369856
36.496882372992154
36.49686771805993
36.49690208767753
36.49692565134367
36.49687559993476
36.496936206095675
36.496936226189646
36.49697082088703
36.497051793575565
36.49689564537632
36.49697759626044
36.49718895370668
36.49692289693171
36.49690221364857
36.49687437373352
36.49695530506468
36.49689947726849
36.49690239951529
36.49692594118882
36.49687440934506
36.496864216280166
36.49691651192695
36.49686102677425
36.496871219840266
36.496963342916914
36.49685790567339
36.49694213311496
36.49691278704399
36.49686414787554
36.49698756723473
36.49706745357126
36.496963233425795
36.496990229208194
36.4970189815234
36.497080780774056
36.4969392727858
36.49688263772026
36.49693550576824
36.4968936408834
36.496877669144006
36.496929781581294
36.49692335144818
36.49686159179079
36.49686034373913
36.49685296086395
36.496878716397546
36.49686125259482
36.49686285048336
36.49695098853792
36.49702202381375
36.496991070765645
36.49687114200039
36.496884188197356
36.49690420569944
36.49689651340246
36.49685537349536
36.49686735169738
36.49684732016258
36.49691617092207
36.496851255153395
36.49695527630886
36.496870476694816
36.496885948883545
36.49692710103438
36.496848132376634
36.49689804376428
36.49685262564864
36.496871731136125
36.49685667757912
36.496857040992936
36.49685655911528
36.4968792926015
36.496845702025546
36.49684952982066
36.496856376735096
36.496853240977536
36.49684990010926
36.496848371358986
36.49688712556987
36.496872292325925
36.49685751920396
36.496848640931596
36.49690781349418
36.49687605000645
36.4968637523062
36.49684704250189
36.49684860546477
36.496844124657564
36.496852736435365
36.49684279858525
36.496858627228335
36.49689395856754
36.49684461835596
36.49685794012613
36.4968798763893
36.49684097881532
36.49686162572613
36.496873975517815
36.49693073528021
36.49684892865535
36.49693302433451
36.49701606980965
36.496907956002325
36.496906898434865
36.49684211718814
36.49686361233539
36.49686539661804
36.49683984044273
36.49699399676211
36.49683588620056
36.496879914309446
36.49709908178401
36.49685208466732
36.49695694281302
36.49699029544898
36.49704378880688
36.49708988918805
36.49695387352797
36.497246983537934
36.49702313820964
36.49695746747971
36.49684502115359
36.496871580194075
36.49705052791453
36.496846078842495
36.4968820040927
36.49686882117466
36.49689381019495
36.496869809347146
36.496851461152
36.49691921584026
36.49687631738758
36.49684054275108
36.496889993913854
36.496843637563096
36.496844057977036
36.49687724150802
36.496845781149204
36.49684713476298
36.49683626936359
36.49683959503942
36.49685058101992
36.496835503038184
36.496832177362066
36.496860659772594
36.49684528942137
36.49685948874429
36.49685472956917
36.49685418305496
36.496847085043946
36.49684582295175
36.49684103606834
36.496842698146764
36.49684215351766
36.49683738060143
36.49684238410424
36.496841180257235
36.496834459068445
36.496833390464445
36.49684009740256
36.49683455792297
36.496831839432836
36.49683262002008
36.496848529982834
36.49683374441126
36.496831058845046
36.496859314393944
36.4968342488863
36.49686505846108
36.49684160149897
36.49684361462467
36.49685251263889
36.49684809094583
36.496840311413976
36.49685076505134
36.496832371067846
36.49683449236344
36.49684565381086
36.49683287664712
36.496832903871606
36.4968310592402
36.496830600861756
36.49683945726481
36.496831873969164
36.496831787174756
36.49684053843182
36.49683105354471
36.496837030412955
36.49684186642836
36.49683146511064
36.49683892554305
36.496845929041505
36.49683390420658
36.49683323527971
36.496834774686604
36.49683392179852
36.49683174351805
36.49683218632588
36.49683042994368
36.4968305216297
36.49683099902596
36.496832225892256
36.4968306800942
36.49683253946929
36.4968394764351
36.49683018091597
36.49683301649639
36.496832696423716
36.49683310403867
36.496838242290984
36.49685276352026
36.496837834588995
36.49683234937594
36.49684140208012
36.49684116263355
36.49683356479974
36.49683140412512
36.49682913727024
36.49684069949614
36.49683480994128
36.49683122456247
36.49683703356273
36.49682960383032
36.49683743875221
36.49683613665003
36.49682963761498
36.49684734925118
36.496845172373895
36.4968332864149
36.49683104044336
36.4968296969499
36.49683881134466
36.49683632912899
36.4968314132752
36.496833563199395
36.49682883622633
36.49682990942631
36.496829838447184
36.49683175999189
36.496829229638216
36.496832469483785
36.496832248721454
36.49683371056831
36.49683301365825
36.49683165179507
36.49683475862881
36.496832421002956
36.49682955357418
36.496828944026156
36.49683135471369
36.49682907870938
36.49682937737267
36.496830367528084
36.49682953459259
36.49682883876898
36.496828703869134
36.49682889553146
36.49682925131465
36.49682839847743
36.4968284180154
36.49683093490782
36.4968290092615
36.4968294820792
36.49683408924845
36.49683187343612
36.49683384892509
36.4968317355331
36.49683023510428
36.4968392442446
36.49683126499547
36.4968328147805
36.49683022972046
36.49682947930437
36.49683054154114
36.49683106852315
36.49682844537746
36.4968296355991
36.49682871560386
36.49682853456059
36.49683062532557
36.4968293755424
36.49682869633967
36.49682938925843
36.49682845828545
36.49682848209941
36.49682871034096
36.496828628945444
36.4968283148557
