3481.5099764082242
1776.5288026330377
2240.267288669072
2443.8451789106875
4693.682223463778
3570.373478080627
3062.7042487308704
1505.6853099043806
2141.0349919977257
1608.289827499832
2726.6179249985776
1989.3667592714564
3991.793534164213
3315.3083035377945
5869.8187782170935
5973.556839798567
3631.6189075405987
5548.889035190066
2339.154048776397
2141.0349919977257
2715.473128477823
678.2390908185905
3560.4092223223147
2688.8151577149706
4148.305000892856
2715.473128477823
2134.748127876276
4304.703732599168
5968.006348031971
2923.5195181714494
3647.4286871362738
315.93435252575773
927.3141577173005
3082.5252000911228
1710.190927125577
483.05759162990995
7400.54616523728
5638.727691394255
8944.54575944267
4517.802377464315
9300.118403215936
5835.496250881428
1745.9833577218596
1262.6394317099316
1295.5743085304036
2377.852062773375
1466.1893228615645
1614.6990339383183
715.0245025980506
408.71662465530494
444.7903058676429
1346.8932076495669
932.5861204385221
998.9710268540886
233.48960849411313
152.38462454590268
1056.9370724394796
496.6682646417271
751.5886783681252
485.4052787398617
869.4674575537775
899.5726485390938
973.8163999391969
466.86186031186037
1204.3418976308988
583.2673399797136
884.9909466535803
227.43276593254024
114.5637600504306
555.5123664696333
496.68883625563586
302.11805346314407
1042.470604549858
686.4532162973103
756.5012257903842
986.1029549220666
824.5075068100325
596.295762545701
901.9052687588394
146.39213531081987
415.3739428171512
786.9483240733473
218.8654483906857
369.6153411036356
332.3062013400061
236.841387462321
252.9901502446911
266.18817468102986
241.41072298395875
204.69421438953094
211.36599435989825
143.54380405200232
155.0833824040802
178.86528965209868
148.67715011257593
81.10128179027112
280.50149922981313
196.3666610344023
214.19583095213474
233.16831684983396
143.36944579741484
202.1735459839285
158.46616369014978
102.23299592681894
136.8913753225557
113.91429762132243
117.51993176955341
128.74349039803673
99.9922962396717
93.90273118179641
103.2845233014832
118.8031822209704
85.24106353596247
109.63071282579759
91.47244425242255
91.03088737854885
88.66520327283719
88.79117576281159
87.74191796148598
81.59140139244772
84.52812490509646
87.3015109408324
83.98640218449076
79.89948161822907
85.51068696888376
84.66311992465748
89.96163588864556
92.80106833764896
88.12361000202304
80.15198605879726
97.79016261249566
91.0843446439614
86.94363748897543
81.59559039386096
81.95420272239535
82.56489148429993
81.06084273668694
82.34465299818565
79.8915438064257
80.54711524235273
82.38695672097862
82.01151701348599
81.991849287169
80.99993036445962
82.57778407459111
82.03740715318932
81.99946939193951
79.49638423055157
81.61513056270665
83.65554978563999
93.42911096765738
85.80989114127948
83.14112125542675
80.93809158222226
89.36468620316238
80.88918467131404
85.54168221732128
81.85177519606563
81.1675452612788
79.80724232653691
84.89857976871534
79.14457284365247
81.14236678498482
80.78624756622209
94.89746781679338
94.0040695914787
77.49395566001755
87.37690794523739
84.36716362619055
84.35298650100415
89.21936503294295
79.26019254490691
98.4653463185893
119.20474689262628
98.47092699331354
80.13477911185713
82.02207079647503
82.89505156882753
84.15237765409924
76.965900443469
81.16744113231752
103.12183492693228
134.43339783215197
76.52452799530934
79.28031094041194
100.38463578688547
81.614744067949
168.93164178026962
128.21705206469426
71.2134377049347
160.32454151946152
128.45041847782198
333.1309860727296
190.95186445584932
293.77936676347537
298.7381669043461
199.6345360099433
258.1311562736331
201.94028089408104
76.32476622110104
118.45171740002365
173.5169883073296
90.74647611137044
106.46886643946667
82.81608772392947
87.7744563058655
77.79523767421017
92.17669509136223
77.19725246625185
87.37927743421676
81.97915733358079
73.10471645271436
71.86573364879331
82.66371820850732
71.5774464015602
70.57068139630573
79.34469237399131
99.17686963374527
66.7746766280277
78.28458670098458
100.80470916150932
81.98446611499537
219.71819601055205
97.64429154125963
201.0263985918859
149.98956104709129
138.79483501021195
155.7140358174105
95.44907159255318
76.42576331037375
69.25614548294612
69.3457520921521
108.69999428235478
80.99894612839893
72.3065723372221
68.86312005158791
88.8502530616943
67.57964765932891
67.51584026028534
71.62616583727936
66.52349048134397
68.81116068678034
67.59831025828072
67.02834459992269
67.76685034284401
66.4211139477723
117.68093450129119
66.57868213557506
67.8298831047598
70.58673199665918
75.57402197842961
65.76713892327967
64.34625460315468
88.14821912140559
74.58903566331952
72.06104466932602
170.82688321733468
67.93385873206906
317.74277238290125
87.07006334884187
76.4649160769894
217.69871411328228
126.29889982431726
57.0909731571091
198.2496276402422
308.4686830354009
188.37732310106787
157.84556557365346
410.0980505304977
110.65815137210667
203.37328373891108
103.86189922050559
85.2119479630752
140.53933812987339
60.45359521062497
141.2493926677907
58.10054358500956
85.9472589823024
66.5332360927487
88.48120572211936
134.82630019916655
86.30213598914682
71.27090707443286
58.58549154858481
93.75356908765116
56.856609604032585
66.18006922956333
65.30494935523772
124.49679872189608
94.97588829772462
72.32106064812106
97.7288621802754
86.40876849058574
70.35815755126234
56.798462475623246
86.7864644518817
57.82295252302838
56.920317144273824
75.35689006194696
55.873283527429315
130.35532300867328
54.78478465813328
73.53736512361436
94.03577770429382
69.892448800095
58.845739413964125
78.47187945957944
160.3643799463419
100.4343122992521
97.61237526366327
151.24062988012153
96.55328332784075
81.42649000240633
113.9097312992075
75.56770138647755
69.82143861727299
99.91303319531552
56.8537041306852
87.86508988989156
61.01699636170705
68.9563429439481
70.64131018043085
52.74660204463588
54.85314812324169
57.478400736985236
140.80431241266888
87.2591751102907
48.53205637304302
119.20675882141745
73.69610968980598
203.36745336608612
86.57834364199024
81.43297004877381
159.15136012690684
54.14149803184377
118.17918399911778
115.54905485023025
80.43100499840907
66.36811057439292
98.19902723655656
66.20932879814006
50.61449003707257
51.20687033678251
71.4251869196984
56.839919479890554
53.874578503846124
75.07091701774598
50.899752364286336
50.773459851256504
60.225873206299006
52.75384574748241
50.7080321139
62.00287181292833
49.45298838050775
50.595146217439215
50.385063791798174
48.1186539286446
50.98751736281946
51.32639911022424
49.360891742251965
48.73912247649766
59.76427203250217
51.006342116473476
49.71434313409933
63.53968427465994
49.39529189921461
50.80903960306023
48.340082451321614
48.80991070478823
53.05615832915712
48.09781286094006
47.83945300186496
55.19207870113314
49.81304990798625
53.20516079238823
55.77754275862214
49.500119433994655
49.21823359205712
51.834401876657594
48.12135468183143
47.67446704735107
50.552061180558
49.541454738598226
48.353948189110234
55.15833358279673
51.42762116489702
50.56481515313011
59.17943377584438
51.58121890720847
49.40747386637488
49.87256728309022
48.311796603248716
47.77988828950188
51.57912241842791
48.630005855938926
47.89065057627215
48.251930004779545
48.53546518130568
47.77900852487732
49.097915934154024
47.81683973856709
47.88162373889985
47.75681815532764
47.663092734174114
47.97862554505575
47.75990723762031
47.68582980062424
47.94678200484682
47.76964170339305
48.28414499089639
49.16550391730376
47.556297303355535
47.85788380199483
48.19767182841799
49.708832268346
47.86998515699648
48.51361434719284
48.41697712860631
47.43972730211072
49.83242413051626
60.79742010663087
48.42142246642682
47.24659656774055
71.74576729317624
46.70706966530267
48.875212349944874
49.32162591081982
63.762530824668886
71.79783484657295
48.44656127074122
63.51887078197046
59.38650706975686
54.525002554107274
51.42336128161506
52.921049629162816
58.76651487029624
49.5853553134723
51.065551036372554
49.00322804365255
47.041349412134565
47.45917116268499
47.72202575312542
46.98566855589828
47.664718130769145
47.784609821128086
47.15015364385129
47.009015673001265
47.01881256881205
47.19600585876036
46.81812555960051
46.82116603718656
46.78096234245752
47.02450548871867
46.593049366679
46.75003182989484
47.373978125860916
46.89291945421887
47.9700063963532
46.56403019663289
46.56596713811514
47.06411281585266
46.62210182801113
47.40752150006213
48.76545696659659
50.47214422742456
48.32701316859031
46.769906155338475
49.62723754023106
48.66638285515868
46.370167731862665
46.854871645840724
47.63576727575465
46.758197315635705
46.608068059062056
46.80894459327623
47.75474788456223
49.677662992591266
46.75994418100533
47.729257527115166
50.03773768032384
46.95168276350675
46.51733199397489
46.932196656172245
46.488909980189135
46.22268226269054
47.99813973765415
50.825823900510585
45.91440192280585
47.95477777084964
51.83972815042223
46.93190167743867
46.70098594191143
51.78225235192249
53.67856958926275
49.406970031830724
55.95641389268092
50.36842039876951
48.03367468840165
48.0655005590343
47.13204812789174
46.88850993681566
50.896339773889686
47.61094197647435
47.376386777672806
46.417089197640976
47.626902680421665
45.77625365986046
47.592810375333464
47.223284217650956
46.05232277168904
49.34379230362095
46.643282027009434
46.39122580935737
52.54832113412103
45.80673479512358
45.631704753916466
47.6714753703322
60.37944885628117
50.56427081493306
47.0081654038623
60.906836535255614
47.88805688332041
48.20811734296228
46.37610133173025
51.238715169633224
47.029997358364675
45.83532013301929
51.38414396509474
46.01518741827204
46.96478983336478
46.558251680912605
45.40528424360945
47.499412134237026
45.425207566663914
47.394641190048794
47.690511673751494
49.118184335366735
49.50876470927758
46.60304261114178
48.87441868552372
47.19594682345054
46.56890212669437
46.1708229870469
46.61376538940466
47.032626498157825
45.625811396286075
46.02822305696142
45.5217141374483
45.59736134137419
46.07378628057598
45.53832390821961
45.932458888504904
45.6368570396699
45.487099397521334
45.57639240399637
45.49146291451767
45.51094922624337
45.43478331089027
45.49996534161608
45.44537564262584
45.43703271496088
45.43671015313464
45.42403346409952
45.41525032363793
45.45517936399377
45.39017203064537
45.41380236302985
45.43592388337436
45.420397213713
45.39676496693506
45.42093689683489
45.42296079944665
45.43268530320529
45.41197419960654
45.40829598097953
45.532484150921945
45.4423687895299
45.404412340314714
45.41331521111819
45.40789737399124
45.38890758429479
45.404418048417924
45.499736600586836
45.46007413815668
45.37738165691187
45.39483402209914
45.63009661536779
45.47582029816203
45.47982249330704
45.54113888934813
45.48055977965811
45.38330314687429
45.44909625223496
45.54244585201575
45.39765049402581
45.41273252628135
45.516491309452206
45.40578234235858
45.34202699641163
45.444540225395514
45.376471543964044
45.445099096440515
46.03725203282255
45.361394177181865
45.31921888370906
45.875056071551555
45.4160981841211
46.20437621606157
46.28565589864438
45.58674558072308
46.46303433513519
45.653542042553596
45.28861051349348
45.92347437132007
45.27043891204503
45.36931288266868
45.69827629965829
45.39783717290242
46.32856631667677
46.18923612861821
45.58607643310413
46.09138028549323
45.90371836840349
45.338727229029104
45.628069663449565
45.30578851054817
45.88041454340453
45.351852973862584
45.36796489207025
46.09677100093966
45.31851533699336
45.2835074526932
45.41739326657759
45.446076332351616
45.38564374946704
45.27424883304707
45.373793046480515
45.32773117186066
45.263710840574134
45.25741880566731
45.25431710765003
45.32127594402178
45.2908993758345
45.507968225516
45.27382465647757
45.262009019492794
45.508208242740075
45.25926205312621
45.304933819511255
45.25560041887274
45.31679354380283
45.26691347134265
45.26174451443826
45.286296022303375
45.256027510499706
45.27501791859597
45.25565151766328
45.252606623415126
45.26918256787501
45.264821272093336
45.28620804228596
45.28014766486403
45.3129425910335
45.266135103357165
45.24818933156317
45.31212791844096
45.36499357516676
45.46735598432345
45.21486542070446
45.38628273032058
45.56500026312031
45.31255537584925
45.44963747851942
45.430392845329536
45.695038299251756
45.298452121164104
45.669224402450055
45.79058287501008
45.40743784367387
45.24966644932012
45.325040788842486
45.498999522957995
45.202972659162995
45.35741015431308
45.2440961494629
45.6356828499809
45.49533824045841
45.16183578716914
45.943077246511415
45.33511373010855
45.5365130998752
46.99827106128807
46.11780574957654
45.37505447961447
46.00691024870448
46.37217118578452
45.380324913170135
45.49267015877698
45.413884598636095
45.26290403490019
45.798772622398275
45.34592113818617
45.25195547622762
45.305592372106595
45.24592871773587
45.37288094018199
45.25282056338808
45.28712481304451
45.17686604583751
45.232921385768606
45.17079933836405
45.201919016001895
45.208727805361626
45.1763375802894
45.1696940977869
45.176979501618334
45.15737371264169
45.17644099710716
45.17442271418488
45.16629813450097
45.24668437581594
45.22216556578952
45.17151700382562
45.19727659119015
45.179370254960354
45.172662264233054
45.19110403069328
45.168924807593086
45.15590975256526
45.18432415839885
45.15298682599381
45.15883796331944
45.18557390659749
45.16737314964183
45.274603049424385
45.15171306912834
45.17976112417577
45.258203562442354
45.18885285642371
45.309806405133045
45.23031527541765
45.18173258332676
45.4255421073299
45.1826686462945
45.21348950954124
45.14619745529377
45.18588031428336
45.24215305524593
45.15722759918202
45.177403035411075
45.21584473282267
45.17754510533197
45.45735835861297
45.301095011257324
45.15659893946903
45.33543720603015
45.16193587545435
45.1667448367029
45.21358774896279
45.152057672823915
45.15397223434668
45.18987560240658
45.15356020706006
45.159615205107755
45.13952950794354
45.15323021408728
45.14535180683816
45.15286504985809
45.25165726562046
45.13685828531565
45.153422939798034
45.25992114625747
45.14220116230939
45.12920644579222
45.28653041662478
45.39997007359424
45.2735804704394
45.213587270012795
45.266625805159805
45.26213128821059
45.205939634543
45.139963127819094
45.15240431808174
45.170759635759346
45.12980631311405
45.173354931263766
45.13442620442268
45.13409199641899
45.155488026772986
45.16600226212578
45.13652734925526
45.135588009365534
45.12945933713992
45.150241298361976
45.13817382791987
45.13132197537796
45.131278435402926
45.12965113532801
45.13332767951976
45.12749084873217
45.13057398796431
45.125260820959944
45.13092205810978
45.14393585319389
45.12982442747248
45.130403039014176
45.13680883346244
45.13021453228483
45.144910217747366
45.129248100092624
45.129823982081355
45.13244490217986
45.12531763988816
45.13590800477369
45.12608344583789
45.127655373420005
45.12811631760484
45.12695790971236
45.126408343471304
45.12558784038136
45.12847236849425
45.12959922363408
45.12587743031622
45.12771282593669
45.12569013025709
45.125840345022226
45.12594052740154
45.12558144157165
45.1263666097125
45.12553423357102
45.12548695748533
45.12559068069552
45.12561735409096
45.12540031482275
45.125579736537425
45.12540987401974
45.125656704683905
45.1255328006768
45.12565733551951
45.12536115912133
45.12533783074372
45.12527594008832
45.12535292685554
45.12530188436017
45.125245701836434
45.12538265129389
45.12532026785039
45.125531421937616
45.12548074315484
45.125171135870616
45.125368866970284
45.12570744368488
45.125552275424376
45.12565536659594
45.125695084005066
45.12585994061241
45.125209527262086
45.125489555481714
45.12582717183104
45.12507003569809
45.12518583020573
45.1254810718117
45.12527223610894
45.12515644147215
45.12580133952821
45.125090307862216
45.1256594187511
45.12522398720454
45.12504976334876
45.126136553265994
45.127054639706515
45.125619203034
45.126099620512
45.125972318149984
45.1261932853793
45.12507005050812
45.12530061459971
45.1259464606121
45.125343497751764
45.125015737287455
45.12549558654557
45.12540938051967
45.12650293696896
45.125594589926855
45.12542747011171
45.125890357897354
45.125416804862866
45.12501735654405
45.124970138646106
45.12500558292294
45.125330653115945
45.12509460538131
45.125284827826455
45.12555509889855
45.126407409499855
45.125279595306246
45.12627743903825
45.12570565509058
45.12691635464278
45.12538955459945
45.12608459881733
45.1250732110261
45.125694556319395
45.12518247274321
45.12545348000815
45.125361971819565
45.125233568677785
45.12510625634073
45.12551693177652
45.12509633051566
45.12537674127283
45.125039730369906
45.12517675968836
45.125021207038856
45.12502163309379
45.124963203744045
45.125120211598336
45.125227934928034
45.12507285215303
45.12524244231108
45.12503160484473
45.124995057411944
45.125402282309
45.125268694491155
45.12502316089258
45.12500971438443
45.12489359384011
45.12505905547213
45.125032522926105
45.12504688502642
45.12507778079993
45.12552354218905
45.12485949035906
45.12522970167245
45.125028054445025
45.124930095507395
45.12501860914789
45.125181528891716
45.12519226812769
45.124951188938134
45.12541238474027
45.12618836392826
45.12534588066408
45.125341841034874
45.1250045684537
45.124940794559706
45.125091039986124
45.12491579034336
45.12502839562203
45.124903929204976
45.12486371126952
45.12535165993844
45.124846318221564
45.124987599550806
45.12519727052405
45.12498434701397
45.12545952582795
45.125050217459865
45.125461774360865
45.12494891815026
45.12492553534447
45.12489228644478
45.12499734460475
45.125212950216074
45.12480034999321
45.1248804656866
45.124965769033885
45.12506387229168
45.12481498324865
45.12477895821529
45.12550131019904
45.12524564753944
45.12507546652057
45.12667503331639
45.124884209634814
45.124656236254346
45.125496691180814
45.12493839584791
45.12710677461721
45.12454874999597
45.12529282130058
45.12546959235645
45.1247637227233
45.12483481428265
45.1288230591215
45.1258202497205
45.12715246278105
45.12608269041156
45.126590566746636
45.1247649414666
45.12623608688079
45.12510460959456
45.126245717219504
45.124891939919365
45.12496541483975
45.12551072487615
45.125806690447085
45.12469100127783
45.12490279186596
45.12500967490438
45.124595156224416
45.12443664822372
45.12423066425701
45.125297941849375
45.12433841167528
45.124642633663356
45.12788625923403
45.12469266228125
45.12855233665452
45.125152673367694
45.1252665010974
45.12489897082926
45.12612843038732
45.12686901698992
45.127186780696725
45.12404369213326
45.12470686040747
45.124855190092994
45.12441763758863
45.1248858369318
45.12500262059809
45.125183136304095
45.126220560954074
45.12431156323661
45.12381232105786
45.13083980570068
45.12509153284698
45.1266669772515
45.12602340447398
45.12423382505249
45.12825652171593
45.132662385671054
45.126163659907576
45.12522053566906
45.1251277058074
45.124216460764494
45.12546437616098
45.127057382595794
45.12492704869727
45.12387028044977
45.125051313314245
45.12414934297286
45.12375436179353
45.12481505208176
45.127154332800856
45.12408219844604
45.126056569137525
45.124635779550665
45.123426520828076
45.127306624878976
45.133170374494675
45.1247099650591
45.12749922515552
45.1268537120636
45.131319719599276
45.126336621438675
45.12424931710941
45.124333394323266
45.13026223884632
45.125412567806954
45.122519647352675
45.12584611439791
45.12371423531701
45.126133615682996
45.12361486546739
45.12454191336458
45.13000271720639
45.129487176555955
45.12375339982488
45.124021122466935
45.1219787254867
45.12721854784461
45.125086159306264
45.12306057253133
45.13132347139538
45.12533303991528
45.12231339647612
45.1241262363077
45.12768293763823
45.12164405756177
45.122392679318615
45.12701972657236
45.14091326792663
45.132837526757854
45.131474793580864
45.12769326112803
45.12477143322348
45.12366546998938
45.12355601934503
45.132877417274706
45.1233669238261
45.12307592271615
45.12278718466144
45.12289218760987
45.12300953567207
45.126432500026574
45.12354746726489
45.12247972286346
45.12210568958966
45.122073915168414
45.12244183617161
45.12205243741049
45.12197121178769
45.12443174654083
45.12197922732387
45.121922233591235
45.122276330220664
45.12197614592334
45.1227217782098
45.1218865998336
45.12208496290605
45.12185891450901
45.121636872761584
45.121749767455114
45.12202992992586
45.12173378376157
45.12192455288339
45.12189135696157
45.12149380460625
45.12305962620147
45.122248173642774
45.12177994090658
45.12402229466921
45.12166540509084
45.12262081668175
45.12231708358297
45.12337549308322
45.12210431229985
45.121550193531995
45.12186793777658
45.1216687339769
45.121520098470526
45.12238032377741
45.122625777373244
45.122054611772626
45.121580275123954
45.121702796496194
45.12157503606984
45.12191195766247
45.12160997892381
45.121934311006534
45.121453367913226
45.121506242562496
45.12158360045221
45.12155918017646
45.12149319354072
45.121605846864
45.12166184445443
45.12169526429984
45.12158097997185
45.12144787339624
45.12221047407289
45.121545217030075
45.12192690852767
45.121489437834484
45.12210031329595
45.12245556139871
45.121661303540805
45.12146856900888
45.12151039643957
45.1218098042133
45.12142717783916
45.12138535027817
45.12221075293374
45.121746608030804
45.12276011516806
45.1216415514778
45.12150587368765
45.12182667015635
45.12204514953554
45.12173691058743
45.12156920780608
45.12142473922323
45.12149517276265
45.12154900022229
45.121511609852405
45.12137939055408
45.12146293514657
45.121579129011465
45.12139131000016
45.12130776539882
45.12150040895121
45.12182536470729
45.121541713731595
45.12132639548564
45.12143712406593
45.12165076586112
45.12132858965395
45.12140562591328
45.12138242856749
45.121404448594774
45.12139625828094
45.121309899037875
45.121574337683185
45.12142101046166
45.12135500791519
45.121324989047196
45.12135694944378
45.1213115998879
45.12131977626636
45.12133435986258
45.121328184927684
45.12130339706401
45.121330551630166
45.12128734586976
45.12131213373408
45.12142563393093
45.121349735494206
45.121385671916315
45.121321660721634
45.12136601193474
45.12132456132383
45.12132652774918
45.12130304052238
45.12129937225752
45.12130897741376
45.12134474429861
45.12130909735924
45.12129286699699
45.12129614471072
45.12131198642579
45.12129858605029
45.12127854702822
45.12130095874869
45.12134186561308
45.12132378140953
45.121296708546076
45.12129025685124
45.12129890447938
45.12131069908194
45.12130456387138
45.12129758648042
45.121326182469794
45.121280277895494
45.12128134060453
45.121298526871136
45.12129497339768
45.1212855959919
45.12127806677653
45.121282701918844
45.12129877049578
45.121282132788245
45.12129784988514
45.12128535524074
45.12127463568031
45.12134348358624
45.12127077831409
45.12128980993885
45.12133374301017
45.121289658668104
45.12131965295733
45.12129603916777
45.12131474630856
45.12127447505541
45.121291508305504
45.121282133042236
45.121280982645814
45.12127938013731
45.121314757880604
45.1212819213983
45.12128751834301
45.1212731913085
45.12128259218502
45.12127408221194
45.12127647625325
45.12127703387501
45.12127229239891
45.12127340525096
45.1212754207223
45.12127885832725
45.1212756294723
45.12127277296393
45.12127230999021
45.12127509658035
45.121272661790556
45.12127235361618
45.121271666634954
45.1212767190687
45.12127199785442
45.121272928648125
45.12127312086083
45.1212706848023
45.12127130866048
45.12127175287714
45.12127505412482
45.121270356644665
45.12127201402541
45.121272294279194
45.12127108152473
45.121271964011775
45.1212712173277
45.12127301655847
45.12127830834121
45.12127149349611
45.12127104536719
45.12127307423987
45.121270296824164
45.12127089212639
45.121275219452386
45.12127041646602
45.121269821163544
45.12127293671781
45.12128173968995
45.121270325493576
45.121270550927875
45.12127538221411
45.12127081705887
45.12126909139916
45.12128113291189
45.121270404061214
45.121269364904556
45.121295865005536
45.12126777873717
45.12127019069554
45.121290716045465
45.121272203345626
45.12128321053693
45.121274876405174
45.12126335412741
45.12128647026565
45.12127702777149
45.12133348915536
45.12132525300779
45.121255260700636
45.12128129470744
45.12128989175905
45.121311403624766
45.1212936008666
45.1212472018314
45.12144365286169
45.12130679054215
45.1212869153938
45.12136184469776
45.12153297135816
45.121354853412406
45.1213461774785
45.12132064705592
45.12155408046864
45.121319292492664
45.121325562693656
45.12125666479773
45.121369992289054
45.12126220923707
45.12127394174644
45.12128742133621
45.1212574282286
45.121274541062846
45.121267743020056
45.12123697543441
45.12124391567141
45.12135763388647
45.121276316831626
45.12141205966419
45.12126204475557
45.121251890769614
45.121300696735894
45.12131462060467
45.12124390060567
45.12124627403729
45.12126295894902
45.12125462404021
45.12122767682995
45.12138770424359
45.12128713945648
45.12136303532101
45.12126493715398
45.121312745803216
45.121268600888214
45.12123706787308
45.12124963904734
45.121267283626885
45.12128349579956
45.12126773065866
45.12124479902795
45.12124772729226
45.121244937434575
45.12122402730336
45.12123534525559
45.12128004128239
45.12123671313182
45.12125738740518
45.12128308906813
45.12123156220977
45.12130878027651
45.12122503575497
45.12128392664907
45.1212226894656
45.12124090653247
45.12128588537343
45.12122597936148
45.12121720818187
45.1212407509147
45.12124200718451
45.12122929359567
45.12123183313342
45.12126631044772
45.12121224873487
45.12127430008561
45.12128342603551
45.12123427939107
45.121274529875684
45.12120272073475
45.12125013663464
45.121420991145605
45.12122046902512
45.12128494601218
45.12144692385023
45.121247710961796
45.12127090812695
45.12127492335795
45.12130745170792
45.121261399586764
45.12129573619218
45.12124083649593
45.121223884526046
45.121248551318196
45.12121450397002
45.12124943220581
45.12119494341273
45.121190937498966
45.12123812650342
45.121210498057
45.12131565238061
45.121193926897654
45.121201950676706
45.121250850807854
45.12122565290283
45.121232978240236
45.12119185490278
45.12120035837918
45.12123207927167
45.12119002009478
45.12118151661565
45.121241159590184
45.121327050628025
45.1212215167683
45.121195374013325
45.12123924016781
45.121202562769255
45.12117653717748
45.12119423558828
45.12132118827133
45.121126962571964
45.121283471619684
45.12147484309691
45.12122611179608
45.122104287731325
45.12115267609147
45.12121261318945
45.121479110822456
45.1212731661529
45.12104131191393
45.121319768551984
45.12261288333445
45.12105291679434
45.12104726011613
45.12154709071793
45.12109901756991
45.12159956523837
45.121298559273754
45.12108973367138
45.121203669433484
45.121259490829786
45.12099289008555
45.120977039213045
45.121613609916785
45.12080775265986
45.12131844567388
45.122790747968
45.12120848469041
45.12136909073015
45.12417219972301
45.12098790707024
45.121020618044064
45.12180237863136
45.12159710755209
45.12105165980882
45.122350684586614
45.12091340566222
45.12095049019094
45.12123402881974
45.12085950655079
45.12150929849565
45.12098693951773
45.12087042412826
45.12097059534061
45.12091191445053
45.12086551800168
45.12113100950275
45.12088647062462
45.12092800984
45.12086178520516
45.120853152281725
45.12082588175725
45.120980261093706
45.120829298320956
45.12081535328693
45.12082356305674
45.12079300720023
45.120851954003896
45.120902635859466
45.120853758216306
45.1212750912932
45.12079638304025
45.12074882178356
45.120963620270864
45.120943473832945
45.120907437616395
45.120694192401245
45.121445020558696
45.12098198629154
45.12080345121665
45.121863524828406
45.12109141768677
45.1208718826641
45.121032109943854
45.12198387956878
45.1210131989664
45.1206387736537
45.12086817808933
45.12144430166923
45.12084190763924
45.12101531585288
45.12091157161696
45.12190375797196
45.120712014301105
45.12103192104049
45.12102973111925
45.12065663403259
45.12089741864081
45.12100884869707
45.120786416542984
45.12078663297225
45.12074663307466
45.12072349902163
45.12079263043672
45.12069904806271
45.12071086070994
45.12072125139593
45.12057849922386
45.120680343686146
45.12073829217545
45.12106748263461
45.12081898401002
45.120499512732295
45.12070189604104
45.12122944743581
45.12067787967244
45.120677517135405
45.12090099929713
45.12066977985045
45.121592743149634
45.121490450642725
45.12066536275896
45.12093761135281
45.12097664572548
45.12077549371403
45.120530704082476
45.120682065455654
45.12060283777675
45.12084502461942
45.120465482065136
45.12064540166722
45.1206114890266
45.12063562721965
45.12051980374777
45.121255394127985
45.12037950690399
45.12062878462502
45.12078045630406
45.12055145728531
45.12050534932362
45.12162166939985
45.120593747229755
45.1208198477372
45.12082103014916
45.1213852034421
45.12079737737668
45.120333676947766
45.12054951097229
45.12099636260192
45.12042533693277
45.120545420434595
45.12059484248661
45.12065177850661
45.12059286258131
45.12121355058343
45.12087979333639
45.12027513532981
45.120763783557166
45.120804748268306
45.120793736769926
45.1208736470489
45.12044472824039
45.12015398944162
45.1219446596004
45.12424950054974
45.12154962187423
45.120211331345544
45.12058569347628
45.124360656676934
45.12040033883056
45.11986735326293
45.1204535200101
45.12225073929222
45.12162663073227
45.121536654250775
45.12044143862448
45.12170627604656
45.12049873814109
45.12099723990856
45.12135902424474
45.12254104316828
45.120829065018924
45.12003738359074
45.11988787817354
45.12280129615679
45.119697321842224
45.11984682922358
45.12138970367411
45.122046434602154
45.12096380808843
45.12230111066121
45.12021413851459
45.12074600973922
45.12153782504216
45.11925629823194
45.1204734364735
45.11945597498388
45.120138344535654
45.121066124361846
45.12019669174513
45.120598150205694
45.12071013755351
45.12274958459435
45.12193292944626
45.119077087248755
45.12088101705848
45.12301363693772
45.12604605534977
45.12156312334959
45.12252365127387
45.121216922661894
45.125174261396644
45.120426396322024
45.11963643404928
45.118164634304264
45.120697636224136
45.11995091630808
45.12034847659201
45.116859154953175
45.12147105305417
45.12086373250766
45.119470120628854
45.130352497148394
45.119746541354864
45.11746471859977
45.12317176135594
45.128327782958465
45.12080000184216
45.13905240241748
45.12084702486476
45.12619729855182
45.11957143586888
45.11895496251649
45.11917232619059
45.126133539586775
45.119253828294354
45.121026105116826
45.11866166857024
45.11703315512116
45.11754224114167
45.12061186957485
45.11814753966298
45.1192354448243
45.117465070748274
45.117017421359364
45.11726134430911
45.11816631333537
45.11728996719052
45.11683031358668
45.1171050208022
45.11757066624977
45.11771237267881
45.11767764426766
45.11700664799811
45.11808646378425
45.117057679056465
45.117884292683364
45.11719946983875
45.11660294849054
45.117716363205126
45.11953020188687
45.11820563213434
45.11775123340626
45.117002422772444
45.1194095890892
45.12041138609558
45.11862620293431
45.11762561966902
45.11703184873384
45.11712586053441
45.11739862234752
45.11686059046993
45.11677921981237
45.11699266411292
45.11680929529365
45.116631137735865
45.11709584453715
45.11738584494003
45.11678140858563
45.11703410357016
45.11677963981208
45.11642448839587
45.116806373982115
45.11683945751131
45.117442309778845
45.11683880710797
45.11644659134132
45.11665892192116
45.11751436929551
45.11663977575391
45.11655094916233
45.11688990385621
45.11664508342271
45.11633979932119
45.11656636698071
45.11698357622799
45.11660736963917
45.11687196314226
45.11616990032199
45.11651548483055
45.11795553140852
45.11664003805039
45.11823381764908
45.117138308864476
45.11681242937161
45.11642870375709
45.116427918335305
45.11763472451337
45.11674429546616
45.116370576813274
45.11724816175127
45.116285269440816
45.11673223102409
45.11625988130549
45.11616025695236
45.116513524855044
45.11683495228103
45.11640085741076
45.11604998142898
45.11628514504115
45.11728001480146
45.11600663610592
45.11637505143923
45.11645508745553
45.116093326791336
45.11615729842903
45.11655708240763
45.11947157967512
45.11645330315293
45.11569744105072
45.11715647115243
45.11717789430004
45.116893091231546
45.11704192265811
45.11698388857761
45.11808718342391
45.115203540074546
45.121148558286556
45.11975261067474
45.116501484848065
45.12813143108231
45.115577340113866
45.11409222161602
45.12020719492969
45.13376599191609
45.113944959035535
45.12301901133187
45.122798441591314
45.12190655068071
45.11620872996592
45.18966265410233
45.11938235673671
45.12475602384861
45.14926645492371
45.10850740107666
45.12308270129434
45.15398691538161
45.16511692394863
45.20423961510588
45.23598192655823
45.120624206702765
45.16825934508447
45.128931746256384
45.17171508911805
45.110071457542745
45.17961977691917
45.13842617732008
45.122227628490606
45.1071047122709
45.113608138041876
45.11716562059831
45.10991012157686
45.10340658481089
45.13046070469437
45.129913374420916
45.155607279640314
45.13701579931666
45.12300229653382
45.13534202107564
45.12519800397719
45.11495359925975
45.10827325598524
45.120032886656574
45.11118987156428
45.11928863307535
45.10719530439261
45.1049243779059
45.10528099410678
45.10682902658992
45.10223581036782
45.10378148757709
45.11360166238752
45.102611765313206
45.106506702651345
45.1286654399128
45.106257330906686
45.1042777590487
45.12196008322987
45.11035785787776
45.10582607915343
45.10257606889328
45.10343003217108
45.110014139269474
45.10540700700025
45.10835193059454
45.10318599461403
45.10445218395923
45.103688954391835
45.104544019004855
45.101806719080514
45.11087863315628
45.103405937549596
45.10474335088833
45.10528716506274
45.1091080252209
45.10501602165804
45.10162123996315
45.10336255760001
45.10430344419612
45.10337391451877
45.105355670686166
45.10291575733253
45.11116041555121
45.1014192229068
45.104010067662585
45.102421387544744
45.10332714239831
45.10810621916717
45.1162370981382
45.10396748958095
45.11967965094558
45.113002411640814
45.1033535728002
45.117690852438855
45.1015079314814
45.103996314005954
45.11260332892902
45.104746010556994
45.10411965346654
45.105133981046414
45.10200553015792
45.10731742526454
45.10213386632739
45.10083291650858
45.10397357473563
45.10189613594743
45.1044676367621
45.10299072017419
45.101538935404086
45.109236158685356
45.101113887831175
45.10452999053984
45.10088355657092
45.10200188833017
45.10277225819377
45.10078228026362
45.10023669095302
45.10461548009152
45.102868748927804
45.10281635806502
45.102295389641746
45.1013603156343
45.11175905160352
45.10202607871665
45.10561191820579
45.10095641860447
45.10229084595718
45.101132819497735
45.100731359434
45.10052555788168
45.10069003964735
45.1003912229674
45.10285089917968
45.10023371415322
45.102056381200576
45.10026793452541
45.10431065599224
45.100765526684526
45.10195431534857
45.1018780748381
45.10367644787184
45.10150956702695
45.10064952630563
45.10082010329467
45.1006552712537
45.100772319425474
45.10225466559076
45.10077734794278
45.1007987664221
45.10092519194447
45.10025942349902
45.10041786446312
45.100788433840584
45.1002080046608
45.10235202892613
45.10091996247061
45.100416297920674
45.10084549868362
45.1009798388017
45.09999971199877
45.09977974455725
45.10248864976077
45.09920033946718
45.100219675217595
45.10715888111894
45.10079908807956
45.1079477585286
45.10114778509888
45.1019484257351
45.101223741403764
45.101924309473894
45.10380551747621
45.10305273853808
45.10053262912923
45.099808542705176
45.100168397298
45.102375913716
45.10029127652947
45.09935028052721
45.10032976173437
45.098920530409956
45.10054723475019
45.101896492329644
45.099601479613405
45.09996927737759
45.10411794242728
45.100478111727405
45.100248975567425
45.10014147229341
45.099561105261735
45.101242099295426
45.09938523144839
45.1017972228759
45.09922126474842
45.09933142502788
45.09979494042681
45.100365350695824
45.09890658229671
45.09955232566244
45.0992439187511
45.099890802508405
45.09918402194105
45.100162181133406
45.098981562801264
45.0991261858748
45.09981952928778
45.099419818407085
45.0993289972673
45.09902467089482
45.09921570795452
45.0993094457251
45.09878849391611
45.098597456279045
45.099430687313706
45.101550834164485
45.09845752681538
45.09972867676889
45.09977215224056
45.09943646680345
45.098791850149304
45.101803104172106
45.09948359780071
45.09978249665545
45.09932455650208
45.09975478620012
45.099755465070544
45.09877392070833
45.09918000740374
45.09900001788071
45.09814113348911
45.0988632441462
45.099916238519526
45.10167243061997
45.100648534704376
45.10064180523752
45.098739665158924
45.09944209179591
45.099436306169835
45.099921135098505
45.098487646837945
45.09906736551622
45.09854608839952
45.09827443281488
45.09976300284734
45.098096525901994
45.09852745272711
45.09885396577821
45.09838486959403
45.09874761780934
45.09846617020856
45.09887477999858
45.09957756057286
45.09783434003827
45.09872721639277
45.09858856185853
45.098358712167354
45.09904230778779
45.100153717873745
45.10237745351423
45.10063349837817
45.09774811518924
45.099571670153594
45.12648701673972
45.09943745536814
45.097192302983814
45.1107217817245
45.09718363614584
45.09830393649428
45.139281603497
45.133661473262755
45.098042689383895
45.10946996052746
45.104403914051886
45.10004882390046
45.111935649636095
45.115057660112335
45.11217528674069
45.09896273768005
45.09786513139566
45.09696287041754
45.097951556381794
45.15086082513697
45.101574059236185
45.103275586694195
45.12444050454879
45.10311178627886
45.104886980533514
45.09957039304014
45.09963903766878
45.10214782843522
45.102024328511526
45.0991098903683
45.10280327497447
45.096265077854156
45.09813262686471
45.09902614505601
45.09816735106516
45.097455406251655
45.11093621427626
45.09713705819697
45.09973374169641
45.11509011743245
45.10062043852395
45.09479833520977
45.0962073938407
45.126540961455134
45.13031081205605
45.10572824567386
45.107685736642416
45.11177316259197
45.10102333542739
45.1063558917602
45.093291453012135
45.11115975176474
45.10159720487404
45.09630520021098
45.115139778800014
45.10922857750773
45.110094268856564
45.13307042253574
45.10333801397473
45.13913046993941
45.09452676970091
45.102936603962654
45.09971686213989
45.09205612213013
45.11265455186461
45.09824873514095
45.103440751797805
45.12119127206114
45.10653476371379
45.10884406071122
45.10295428109891
45.123497800881594
45.1014308721326
45.09569177895307
45.099943321998346
45.10798380452696
45.09640164174021
45.111790542620334
45.0956106505502
45.0951462484086
45.092871382228424
45.096661153360785
45.09379729134223
45.092740948062975
45.09249494034864
45.0948054360207
45.09233400490372
45.0918568905917
45.0948184845883
45.09245169984336
45.092093429897794
45.098394747894865
45.09870401595096
45.09238424034778
45.0943110060131
45.095016966085204
45.093524521062115
45.09172615346608
45.09156738666261
45.09668132332296
45.091987627409615
45.092376580507896
45.092341458127706
45.092447129003645
45.09886856458303
45.0933882586081
45.09317593309851
45.09645624107211
45.09192793156122
45.09413270441805
45.092370178380584
45.09226846163428
45.09309808527494
45.09172715248773
45.09279745447449
45.091841134038866
45.09213605039086
45.091641810588435
45.0916009718754
45.09159531572883
45.091614985088064
45.092113871101496
45.09146214222868
45.09211375897782
45.09142840514285
45.09208498104103
45.09227535418696
45.091897775428365
45.09165244595125
45.091713264382
45.09179925069796
45.091599283456645
45.091424360869965
45.09158014641411
45.091793931455555
45.09143244943199
45.09127666381138
45.09165127171933
45.091607065181826
45.091378966480704
45.09166966057871
45.091679841415925
45.09118138433978
45.092556025486566
45.093084412464535
45.0920973212776
45.09135364053066
45.092837207706005
45.09268598351562
45.09151768802416
45.092030986611526
45.09148564151261
45.09149753425508
45.091397092708185
45.091556673408796
45.091477073185494
45.09172354942137
45.09112055513229
45.091232105039396
45.09142601928557
45.09124221350643
45.09131463341384
45.09150771864903
45.091443872610164
45.091191036027595
45.09197063692425
45.09130803952595
45.09150083894998
45.091427579655445
45.09110721412435
45.091093325065316
45.091311834823635
45.091133896083576
45.09130987902967
45.0921793268053
45.09115622952138
45.09205171447034
45.091127808612406
45.0913739130543
45.09133385161763
45.09173054154112
45.091132967696375
45.09118715094669
45.09108129929051
45.09144191723329
45.09099949922974
45.09222191610344
45.09122530473377
45.09164972491972
45.091343824339695
45.091605474266956
45.090931299993706
45.092311127166106
45.09155379686383
45.0919615014999
45.09438589463534
45.09339945166892
45.092677381691665
45.091124845728224
45.09100631041051
45.093449521530616
45.091650140373496
45.09085628929945
45.092030744782306
45.09203418379202
45.09430324012147
45.091668669315176
45.09419746064633
45.092391601522024
45.0918136514891
45.09076584045587
45.09371775487065
45.090754595865434
45.09094673804548
45.09221873650094
45.09095798272118
45.093917533797296
45.09292152543232
45.09098026302924
45.10034622017687
45.09083717941006
45.09099323368293
45.09043803428923
45.09282632017333
45.09050914836279
45.09217840832866
45.09076852288033
45.09113519489762
45.09677548760343
45.091876456809764
45.0906573222525
45.09387832077316
45.09122114686708
45.0908925949708
45.09169225345229
45.090418514309256
45.091231285402564
45.09168534447263
45.0909923354685
45.0908582271549
45.09710301232731
45.09139982289007
45.09105314968739
45.093133067452314
45.09221250678352
45.09051557147128
45.090676808817
45.0916427992334
45.09144249724284
45.09016021981407
45.09305234244116
45.09056809010778
45.09145492143218
45.09160973250262
45.090943254150574
45.09379448396811
45.09487314391368
45.091598021498505
45.09089408220409
45.09062032469576
45.090754672733944
45.0901121358499
45.09197300171239
45.09169142776527
45.09205539292193
45.09421636636324
45.08986141177893
45.09360542437035
45.09274569520102
45.0908663758201
45.09239141475074
45.10235808189892
45.09372290322137
45.09495724422928
45.0938598620883
45.09834974323672
45.09124067765035
45.09505398674778
45.08973780248792
45.094582532450644
45.09213524440759
45.090064614065916
45.09413940602975
45.09655229560513
45.09014594806134
45.102558355339866
45.09103849166483
45.09231211692814
45.09056030410745
45.09393402136856
45.09209211367217
45.094892017124884
45.090286185351914
45.09008012792188
45.08976294666151
45.09368681696257
45.091415004496085
45.08971265785591
45.0902550092748
45.08967530576467
45.089647360085586
45.096500519531844
45.09132703264012
45.09024747944612
45.09277909430544
45.09069885675224
45.092458580199796
45.090083882599075
45.102129546832685
45.09401385946184
45.08955336468648
45.096565682778916
45.089778141847326
45.10226832865517
45.10057917513967
45.09090454484727
45.095901570817965
45.10849812564752
45.09310369812922
45.09280137436972
45.090038945106826
45.09378996701858
45.09311799135913
45.09277788861883
45.08896004314287
45.0899686330808
45.09217142319767
45.090146684932655
45.09139096329447
45.0899427427283
45.09418363243748
45.090594965269
45.09059782006327
45.099471918916755
45.0902694325729
45.08944038045251
45.09231201573433
45.089097519235054
45.09023276047918
45.09434440158
45.089853006142256
45.08897251607251
45.089831881078396
45.089016936684395
45.08949512408942
45.0892529708242
45.089917094112856
45.08913994120645
45.08909651099727
45.08906978771558
45.08964901450381
45.08904789834369
45.08950640735779
45.089038298463976
45.089018136641606
45.089170376286276
45.08893378999799
45.08932063987024
45.08889048116174
45.088986296296014
45.08933341666446
45.08903332313288
45.08902364579917
45.08902242296024
45.08903580543855
45.08894723607468
45.08902477944095
45.08899454011103
45.089060405701005
45.08895864841831
45.088883476113075
45.08897568230331
45.08906610668361
45.088881208518984
45.08883458317172
45.08967324726243
45.08889582219952
45.08926819567275
45.08914821642934
45.09009262324966
45.08875362631824
45.08894337057667
45.09135050680031
45.08891554005881
45.09115894099633
45.091107415390766
45.08894683270261
45.09351332904246
45.08999631437786
45.0887612418854
45.09037146239265
45.08882784022169
45.08902487737089
45.09160633168113
45.08891489683886
45.088732900303036
45.09101096137747
45.09149581220921
45.08982375948231
45.09379074362202
45.09057441690481
45.08915892320794
45.08838861996876
45.091549021176135
45.08908259757703
45.08910491327526
45.09034541793224
45.08871812904116
45.088370991215776
45.097403729927926
45.08991900641062
45.08904249995881
45.092155048371566
45.08884756602304
45.090147674722424
45.10426504009797
45.09217254179962
45.097278568949875
45.09459609793299
45.08954683491147
45.090223097820775
45.088697373252955
45.08914845611191
45.094990912863025
45.08850353655467
45.09105476300575
45.08882118830431
45.08817657277304
45.08820220402863
45.09110039482769
45.08960606930878
45.08893497403317
45.0934637382561
45.0897471204349
45.08895579771827
45.090707841000025
45.090394328016004
45.08845176643624
45.08903623513712
45.08932776446961
45.08897521789066
45.08888556000401
45.08910404709024
45.08825311786397
45.08817686108647
45.08856197111599
45.08876858262757
45.08841091137577
45.088081689663774
45.08827364742751
45.08895113891441
45.08852082653906
45.0880801188705
45.090735734778725
45.0895513209676
45.088166600435756
45.091094089231206
45.089459726323064
45.090687387905845
45.08905477618021
45.09146653957778
45.093422252983835
45.08890230926475
45.09225651147427
45.08827905330418
45.088788010463254
45.08984692749879
45.088206175487336
45.088852393046565
45.08820301498839
45.08815476499668
45.0896246086848
45.08814485750162
45.08800547282263
45.088501809277844
45.08842479436507
45.09198534333618
45.08914551578744
45.08797513072095
45.08978444558731
45.09370010034561
45.089311255388004
45.08849737777383
45.08971786197213
45.09208322463202
45.089119678104275
45.090748587072476
45.08861226433104
45.08923559068431
45.08873104861585
45.09022070638427
45.087971968861645
45.08991676867748
45.08860460363652
45.09094435224539
45.091858250643405
45.08822954540196
45.089575959338596
45.08909033037443
45.088212722800684
45.08838743157735
45.089747981213804
45.088265204057286
45.088199826459444
45.088455997163244
45.08816833165175
45.08796521642825
45.088347692925005
45.08850768701074
45.088126890200925
45.08828236958772
45.089312966320755
45.09019541986759
45.08859139306428
45.08915786575449
45.08927104194435
45.08784699890714
45.088169236028456
45.08811695406538
45.088386029410785
45.08866489241545
45.08792602618293
45.088484686129384
45.09041350649029
45.088752308978066
45.08937709323563
45.088624235327046
45.08960347726499
45.08811644171799
45.08828332898483
45.08781110007689
45.08860903308508
45.088008938370095
45.08788289769992
45.0889579359149
45.088133779521776
45.08814125016051
45.08982739351678
45.08804337255171
45.088054121902275
45.08813561551175
45.088049542814396
45.087728708825075
45.08811633514525
45.08826043066713
45.08789349126925
45.088331163600216
45.08963122593979
45.08834062551111
45.08849068016422
45.08871152315326
45.08811543649875
45.08824135857848
45.0879290742894
45.08777165825174
45.08816131763331
45.08790926752181
45.08774806968316
45.087816172848974
45.08775602217541
45.08770794338974
45.08782906859411
45.087796437684965
45.08779476653757
45.088240376986384
45.08769699635975
45.08805033355335
45.087899486170194
45.0880915049492
45.087754090219505
45.09040984642805
45.08856339133037
45.088194375867594
45.08838569137545
45.087668918241754
45.089175547846686
45.09300462860985
45.08965671227281
45.088174854416145
45.09047879446644
45.08876851121111
45.087773829857454
45.08777171903214
45.09053667013897
45.08864625691063
45.08773140165931
45.0891391202111
45.08831569738507
45.08777609255283
45.08774527984413
45.08764459498116
45.08756174395575
45.088190329506894
45.08821956532058
45.08856595174518
45.08863248740724
45.08820672405411
45.08956007335511
45.08932771293506
45.08780682646541
45.088162621614984
45.08773250915354
45.088186059571335
45.0879515327337
45.08781560410103
45.08831132060461
45.0878106383471
45.08747328170315
45.087777764877416
45.0874820670423
45.087705320692734
45.08759476157531
45.088579856274194
45.088445719359385
45.08842963749228
45.08799188492504
45.08779273005821
45.087756059983434
45.08768077109773
45.087453936326355
45.087711538135395
45.088062918022345
45.087678289741255
45.088065916806976
45.08746872275831
45.08899821641037
45.08757843856743
45.08752499902691
45.08820457521549
45.08757535714081
45.08749980307155
45.08821477485651
45.087401870527465
45.08747736684117
45.08790928371963
45.08750600210322
45.08793402191776
45.0882680536785
45.08750427999682
45.08869269120529
45.08785974389502
45.087826951876835
45.08752814939499
45.08776560548962
45.087483129042894
45.08748124638425
45.08820327642193
45.087404885574834
45.08753541128474
45.087485582549185
45.08750459469433
45.087652237389534
45.087461008579005
45.087462662812726
45.087471379021686
45.08743196301392
45.08744001652132
45.087493929632835
45.08744710001835
45.08740223375036
45.087394681518006
45.08740005723081
45.08742918975211
45.08743091000979
45.08741917397681
45.0873997264457
45.087439277628086
45.087496727549436
45.087389152092086
45.08757011279216
45.087427070364285
45.08744919653651
45.08752610105329
45.087622555186826
45.0874080679971
45.087730491154495
45.087529116913416
45.08741190292609
45.08741471079401
45.08756374808692
45.08747144360629
45.08740579796902
45.087470013109964
45.08750113450663
45.087443899520125
45.087386286765415
45.08740286892508
45.08743932614341
45.087394263346084
45.087411591037075
45.08739364387527
45.087566351039655
45.08741851610147
45.08740146207374
45.08746570609877
45.08740640476055
45.08742263907642
45.08740609482563
45.0873914156471
45.08744591626423
45.087402921685026
45.08739032283812
45.0874070109171
45.087390527479194
45.08739144805241
45.08740336517934
45.08739336199292
45.087384911521994
45.087383977342924
45.08741763787488
45.087416564944775
45.08738966639434
45.08739178193406
45.087473326866586
45.08739776847697
45.0874770210515
45.08742021103256
45.08739550433795
45.087622465811776
45.087432486188526
45.08744267272669
45.087472473602546
45.087390210135766
45.087415277017165
45.08742068223862
45.087386322936084
45.08740906915316
45.08739002691679
45.08739285245982
45.08744132805255
45.08739211303485
45.08738797794403
45.08739180222679
45.08738457531729
45.08739261069715
45.087392107612295
45.087383459809956
45.087395064120486
45.08744913492532
45.087392651099165
45.08738828275366
45.08740988683084
45.08739973514312
45.08738378697122
45.08739211837386
45.08739123952423
45.08738980950666
45.087402139933026
45.08738656326267
45.08738865238351
45.08738750844366
45.0873885792975
45.08738382723023
45.08739181761393
45.087387490283795
45.087384221768374
45.087385597258084
45.087383531829126
45.08738503831139
45.087386524764035
45.08738445767796
45.087384381581636
45.087384704853434
45.08738404771432
45.08738380384066
45.08738506162996
45.08738332153674
45.08738383115337
45.087384826198324
45.087385703066055
45.08738463900295
45.08738459862137
45.087385164108206
45.08738332976685
45.08738445860866
45.08738363929321
45.08738297385894
45.087384310155166
45.08738390785877
45.087383669215775
45.08738510853223
45.087382432562315
45.08738490367555
45.087385008923306
45.087383515153384
45.0873853553658
45.08738467221334
45.08738390076378
45.08739694693079
45.08738706743542
45.08738141065235
45.087389196343985
45.08738698168409
45.08739025252182
45.08738462901098
45.08739582506113
45.087406084442506
45.08738608357566
45.08738270038505
45.08739613477133
45.087387871114785
45.087388105514925
45.087387183974364
45.08738409770065
45.08738377650453
45.087381841813524
45.08738197610069
45.08738833395225
45.08738274013518
45.08738115716252
45.08738159738422
45.087381537632446
45.08739836093617
45.0873835394658
45.08738165520129
45.087387234845075
45.08738262626036
45.08738120936645
45.08738232075265
45.087387024334596
45.08738138383521
45.08738549002549
45.08738097968585
45.08738126950638
45.087381782993845
45.08738133463978
45.087383778620456
45.0873843045562
45.08738267495031
45.08738690413183
45.087384814715406
45.0873817778986
45.08738291100687
45.08738203850166
45.087382212324385
45.08738169112141
45.08738143271039
45.087384821922
45.08738087588037
45.087380758237515
45.087381275979475
45.0873883871767
45.08738244055306
45.087381119255234
45.08738359414106
45.0873836943935
45.087381182577495
45.08738487959041
45.08738163819887
45.08738229732681
45.087382602581144
45.087381239109824
45.08738099261516
45.08738114620665
45.087382150110535
45.08738123730173
45.08738121530045
45.08738136642395
