7.448599893774883e7
4.619269237308448e7
5.564744015538247e7
7.021755991643967e7
1.034592333373575e8
8.471600833505607e7
6.89398956433028e7
2.6736960417970024e7
6.962757661433116e7
3.3653566567610286e7
7.12535215353638e7
3.1670472555018187e7
Inf
1.3917226731842328e7
Inf
1.3658724119955134e8
7.976990306074378e7
778687.9708503602
275284.14263833495
Inf
Inf
Inf
Inf
Inf
Inf
Inf
Inf
Inf
Inf
Inf
Inf
Inf
Inf
Inf
Inf
558239.5091864207
5.3201196280225e6
3.5010743582094177e6
6.198176505171077e6
3.2017955199093022e6
7.749516307393075e6
3.8434528222396015e6
578780.1399685823
507622.193864686
295203.493482792
661220.0803217135
517789.33303753805
708993.606228251
340853.1494267554
309137.0891002474
213782.4124611105
382073.1196033211
356452.4846108208
448585.87048812927
839026.5322876318
559028.5393061166
253558.7103312093
355549.5667875641
448585.87048812927
712550.1703183134
371621.7018406059
188789.58035521558
295203.493482792
186793.12232619623
430528.06310525
275284.14263833495
1.355758845340963e6
387433.29211162677
405435.21309012594
1.4036179782901702e6
371621.7018406059
73286.15788462968
1.355758845340963e6
1.4036179782901702e6
672128.7420959264
2.275399892656275e6
1.2332941489768138e6
718725.0408379453
1.0036674624637311e6
252273.53878293687
148493.35594416637
1.328286791276955e6
57059.50921678237
576028.6067757069
1.7238922550716696e6
1.1628230465926898e6
1.0036674624637311e6
1.328286791276955e6
2.3205968005249104e6
Inf
1.9622424150963577e6
119882.54384519624
211447.6738876573
1.136597000452289e6
278949.1988342982
8903.85458681462
1.9622424150963577e6
666751.0524895213
2.840402854445131e6
1.8649408801894414e6
Inf
1.136597000452289e6
509401.1865775634
86640.20670582786
325415.6467574863
460750.4191241075
148493.35594416637
600143.7769404089
229804.63836080534
47078.03934143727
155016.96406209125
305861.335984697
37825.26381487345
84892.87436359799
44745.94728499787
24972.226076858853
14084.443731060595
32583.25542163387
44624.55949395709
37530.82597432528
7022.458629095755
11748.541250496244
12035.427953326453
16984.818343816496
19383.74154573455
17357.23331047246
10008.879822645955
74180.91916163426
72206.90129432564
21007.3423667215
57472.45228019898
60828.91445322724
11305.867688725422
6811.180130409877
10129.034496501434
20853.34433400517
10277.008830269542
14103.714021254724
17177.486218193
11452.743140828328
79218.66388704874
18132.945703450852
16124.526188655715
53568.168165252195
9650.125661241258
7506.75203002493
11990.948119835075
17244.418983583
9599.987467964504
16482.79099915147
9146.269931022387
7250.808027329075
7137.428876006947
7559.992765397677
11514.547050411491
6689.803843864285
14577.872088244116
18546.685739638975
6786.91687335101
13516.57612068801
23887.537104589817
10889.749932042192
8359.698457636565
6536.716272105784
11963.173469739122
7709.061574853328
6910.478855107508
9446.296827521319
9072.620981506167
8265.83782010831
16944.494321822815
11888.183469515358
8163.684583702387
17789.82043011637
11100.240926957335
7130.388463416708
6173.935208740146
10180.869223332118
7218.85960868265
7523.045951643888
9575.020396930744
8546.563955501953
28159.36344028532
10179.785808081644
10024.452781521151
29659.471827385565
6230.82891034198
7945.200226594346
8098.133770781039
6171.125722006317
9019.018551933255
8799.830247306001
18914.70694887448
12417.685105669128
9601.584836182372
22884.08532838715
9961.825779030818
12610.500539210758
8996.389974549707
6441.189959660437
8061.093840186892
11499.619853205402
6102.962008931216
6790.344303440087
11053.251240802723
10640.170182343345
11088.97935900691
9139.75304720063
12630.589752495507
13872.934093268314
9857.78577025802
6469.440946847509
6362.392915785033
12178.094100503942
6207.940971846081
6380.17248193448
6887.367090098242
7196.43554840568
6018.890442909933
6255.369041987379
6367.673559755398
6656.768324478168
11945.885712838906
7101.517169285439
8522.237522218056
10058.507325843128
7802.611202201238
7563.660448830031
6532.99989094721
6301.920478444717
6190.911598507417
6118.985717211233
6766.515383815385
6704.371852563439
6251.186503541592
6043.238274031426
6505.567586726569
5987.630808238385
6033.083848625286
6132.915921688613
6043.291253104706
6940.4835346602185
7106.077129515818
6165.846670665572
6443.861698141914
6690.584041316745
6260.645280789518
6012.3376353355325
6013.109609118458
6618.841657524029
5995.348844823848
5968.428620370189
6089.916728295812
7563.343480630971
6033.522234480277
6053.732309510332
6977.432708471884
6141.821134293274
6306.5074859380875
6023.688573243658
5985.5416396503715
6655.015635883254
5944.607387421608
5964.899175164426
5978.671344309559
6952.43143698861
6102.990264682603
6103.442049559889
6663.927370519613
6368.704858452582
6044.621695670251
5956.444995852203
6033.013033066027
6170.503618892372
6045.100216211459
5928.23111507561
6179.080730417438
6450.713649266992
5979.563758289627
6428.519049177544
6736.077719385458
6198.824494861953
6115.777929678888
5958.296608328979
6204.316062541714
5972.144091714339
5979.12766668546
6028.250997635736
6048.478297527577
5922.630803877423
5987.004400589227
5954.522015598808
5960.802679375045
5909.540448049063
5952.181269555719
6273.098771524557
5929.554894532778
5946.547015667427
6400.67102621339
5922.419008921158
5938.239349162262
5909.195952063775
5922.806066804174
5984.391239441627
5920.380487162008
5947.572869123049
5883.359434731813
6086.747431292396
5951.222581019346
5982.361166477635
5957.680721620186
6078.570159221418
6484.393191082907
6565.054324315717
5921.505425703914
6721.481833138676
6692.671231740399
5974.919408106262
6290.131647257563
5899.363611516961
5894.238332720656
6431.7072150702115
5876.289290536957
5915.004909829581
5934.9319640867025
7946.302872477153
5953.412988555946
5892.262422968444
7311.1110826822505
6029.897152546765
6200.53184005711
5942.195871140895
5896.039371083198
5979.247235874029
5871.353882616042
5951.247015724243
6506.881097357426
5984.172163978913
6103.324222440425
6507.821317549002
6137.624530823572
6207.777889744922
5860.827236693425
6038.134912121741
5914.458849428232
5889.4742381877695
6034.790663918593
5992.344104672999
6098.529155612007
6752.378461459887
6274.023186074566
5915.533986847741
6572.322627262419
6289.015640946467
6004.141947293969
6011.623142873338
5924.918837889768
5908.468941279648
6011.145403711348
5928.233581252837
5889.671740511992
5947.239341614844
5883.450263890511
5845.410420520214
5898.479419065649
5888.439023205286
6080.838133748196
5836.472284985425
5913.884057127443
6159.4339651163145
5901.219592858704
5821.523924632907
6479.260867269154
5855.555296446344
6420.343355547867
6146.471072529475
5840.3155621386
6224.898387846183
6156.707425983628
5834.558961154422
5849.423366337132
5950.667149059295
5878.9173117728715
5850.357100586858
5846.874601691694
5818.576276619555
5805.097918387469
5958.068380608441
5850.933900820556
5847.557544251369
6019.211343660164
5822.646920403626
5825.52691186084
6185.282582097208
5831.300972507555
5826.067373290489
5837.462052416027
5876.557931760205
5804.360047374853
5887.896399950049
5805.917916425428
5817.642525952507
5950.109072282264
5801.062234699204
6009.515039345736
5882.083332290092
5851.57797105416
5968.042603932959
5902.768501265216
6042.942306884005
6770.57718873831
5894.071688573474
6074.096806863205
7038.221296370358
5905.396526845916
5810.031194855883
6034.102766932258
5952.917176733324
5806.710512955644
5901.920818251056
5988.290481131586
5808.485543083808
5794.134388474968
5899.5578535361865
5800.572934704766
5816.5295010902455
5816.061676356959
5853.880445584302
5957.765194184405
5775.81746589236
5886.084020115957
6042.325700302852
6907.0171121142475
6373.299786477129
5935.913003639803
6792.678979309002
6333.529624222689
5956.5775960066185
5928.638538364918
5825.389505397181
5844.706071824071
5930.921161394358
5844.391580356464
5796.262866983166
5831.99323845
5810.009528720379
5782.381587946146
5834.760622918013
5781.662146704807
5778.692734674251
5784.260084333826
5784.062017667514
5803.51799553125
5769.964784011235
5782.482099368102
5792.128267912958
5782.385013781739
5847.216282087247
5778.897568986635
5761.659113616979
5841.920127240645
5774.2805093289
5856.084599786956
6004.132269413799
5899.50475933519
5891.195097879493
5877.42692579929
5960.112449838066
5888.743622811201
5760.806724156173
5810.8960919800775
5840.531331115341
5771.0456665772945
5761.980008397897
5831.321884154061
5791.798113497717
6047.562221851988
5768.51509365635
5797.295797897435
5913.165735333332
5790.394052726916
5780.959501187919
5799.051237204564
5762.070061218761
5745.125965127569
5866.539726389828
6025.752047416958
5731.746686551084
5871.661043389549
5983.851926695841
5789.778318637635
5815.499625105406
5916.392210276947
6234.597115752967
6021.754975847339
6191.969399758412
6056.640568589243
6180.863912948706
5777.857386486978
5913.328784887253
5722.402092015652
5908.746826217141
5826.817666769522
5820.106664033725
5977.519487570646
6618.564729207122
5672.742295178338
5909.7602482975135
7132.350216149255
5850.1853117668725
10221.752119788445
6070.991781993429
6031.575604271184
10908.018957076727
5958.776953485962
5769.056606470771
5748.4451929405395
6372.909061304687
6013.9888754644335
5770.413218809038
6775.911724577885
6162.461835423557
5745.381564758086
5678.417682472516
5979.318123863782
5643.026253568569
5688.21325799867
6185.878297727496
5622.349111529594
6390.539674977695
5960.114054147732
5689.427810744283
6442.578900687884
5970.653832519405
6839.3852066817
5853.868594347299
8496.673202159269
6292.714841842415
5995.186456122412
9308.580874638068
5827.806736730775
6202.538345484804
6037.610646564273
6027.736005575349
5852.61051895407
5846.36983320023
5846.4128016687655
5626.5115086856495
5691.913207096309
5659.5276022330045
5629.292482996746
5808.08409797771
5704.822032470814
5617.044014750486
5675.263211515473
5624.668062950142
5642.032416639953
5601.634287129205
5741.256455596058
5644.453130249219
5695.664575302254
5736.436377741042
5606.456615874423
5667.489079667886
5668.558384005988
5602.033080610081
5611.899056755891
5679.942759531338
5622.367976275962
5596.858148249435
5704.198352370565
5626.6112043720195
5832.261530897785
5619.149118618826
5579.318957972687
5746.440776526544
6296.443700438906
5619.1749781401995
6050.458369424201
6196.947763398751
5600.440020135128
5990.697774855123
5655.1412992369305
5948.376402678129
5643.599447252975
5600.336210669356
5941.529781795333
5698.724430721861
5604.644642505469
5619.2986868204625
5600.757982575628
5573.300640370946
5616.439627648207
5599.971416898123
5621.400461034183
5611.819208972115
5891.793871858345
5602.423479948529
5544.872323326557
6086.534967500971
5609.641636363428
5646.332304877844
7950.086857741734
5559.215842039601
5571.891186400456
7991.473379540492
5579.701569458281
5833.27960827897
5597.697397071471
5534.618252175203
5851.918993199113
5571.772460127872
5498.380045857756
6924.766663611773
5638.327578847771
5617.087803380519
6581.289848876478
5763.750144374142
8212.061616915073
6672.122177733612
6019.300749539077
8160.537705477781
6493.8344761850685
6258.366745811203
6170.479645101434
5702.959595157117
6653.652551954334
6219.750102670106
5533.456531486195
6774.588439755966
5603.1050545004055
5557.064719023035
5574.251189994746
5601.971587244824
5507.967088966843
5639.255704709291
5530.811506340587
5501.971338264688
5517.717566420198
5538.599314640052
5532.747763922001
5491.920088162514
5518.937522833618
5857.030842095983
5517.873181354933
5478.309118280887
5735.617844895667
5521.944303899139
6147.873516156291
5539.120592627679
6214.505414286871
5745.395233819839
5678.882303412972
5909.352746397373
5604.887196511752
5757.4231193400965
5684.3772641380865
5443.692808976546
5550.9583095606995
5531.687587851161
6024.5053246068355
5844.9559401997885
6056.765269031666
6258.580583817181
5565.0561497714725
6355.070862293744
5467.014785455303
5929.222797084269
5468.704988140638
5511.090174025806
5701.266910320825
5466.713536887994
5457.512004368107
5445.852144408792
5461.236245798979
5432.957974830207
5467.326000368268
5557.04550314197
5568.827174051564
5445.384924015079
5610.569431619546
5643.690574129542
5467.6024289055595
5479.6650340898705
5441.86966265325
5454.981979405367
5438.879067225421
5427.594118251287
5496.597737548109
5490.552108997475
5406.277269231423
5641.872505940538
5604.742761487776
5561.835001967215
5496.409679150505
5795.604869380632
5448.460616848524
6060.949593341372
6033.811893785557
5468.627739920666
5746.337086485608
5699.14281840586
5529.923017521566
5429.70918335866
5458.942125435826
5419.323746848179
5507.730191463383
5664.049306654163
5393.901939449523
5405.977093133242
5397.320670524175
5504.367150889234
5469.007501573499
5428.761356784025
5728.631875097265
5632.519970216864
5396.656211767608
5586.445595427649
5462.019787408555
5429.253261071648
5448.006143713779
5436.423655380821
5391.450644703652
5396.902783556502
5377.701911756769
5439.445546720024
5707.523792451153
5431.754633184387
5387.7988156770725
5787.974143665777
5417.899225708872
5409.507900745755
5402.015658259012
5390.915201940333
5448.500551100949
5382.013908990489
5374.92209192821
5425.916528268234
5387.276908729044
5589.971454693863
5529.131263477633
5387.005088830423
5450.798758017564
5411.234534495882
5445.143320690916
5355.281539914542
5436.447250343112
5379.492515162912
5407.249732467203
5378.45275917808
5418.481760393058
5451.1361715719995
5586.683395036338
5386.353777461706
5406.280787420974
5586.454903224149
5372.857789128246
5369.006869795337
5379.69385262058
5381.501143357511
5355.336067738334
5397.2302193661935
5367.860125059517
5364.157718893314
5351.285592385792
5358.746448880994
5365.121578353309
5360.03504676703
5464.093185881054
5357.820812995415
5362.908213797146
5436.4683562248665
5354.958497551497
5339.758156660538
5500.203208197759
5420.796097231015
5510.937744503827
5493.373350359702
5420.89207097455
5444.582277309162
5391.906151778299
5357.43762291951
5362.325724015219
5368.428774526484
5342.701985577198
5353.981091022386
5343.222792586621
5344.568850261332
5353.183979703929
5351.24698692774
5335.525313905596
5345.086114352269
5345.392777218304
5396.505196021677
5370.059393261026
5326.089734946781
5364.087018482723
5348.385921136405
5363.952470577022
5346.252563406078
5737.310713509325
5326.818470928262
5310.083910676121
5883.513477869916
5353.791395251637
5763.926758608147
5907.249019693198
5385.4723085625
5982.288670845775
5729.995825402206
5512.025641237492
5494.0394482208985
5318.320240470915
5608.9311528831695
5365.145524159425
5335.279102054667
5338.734195643597
5321.847981688914
5334.922884495439
5301.24534871307
5342.037370833402
5404.31659936903
5344.26683867997
5488.037104321782
5355.945045382767
5294.875909180484
5512.998937790126
5361.200547203276
6210.48539284526
5471.254027223289
5721.550148363459
5809.585767377807
5380.374201305254
5437.079170878204
5557.888869957133
5334.52052389852
5649.453038041311
5392.156733685583
5451.738254319805
5383.427207599199
5375.730268161108
5283.875864592241
5368.323576484271
5278.13201390583
5318.928942726198
5294.213541289911
5297.778995527846
5414.2526612653155
5496.1663388355355
5282.573212072216
5481.484363677447
5369.635269378426
5324.011949338318
5284.904873966705
5293.403280367328
5272.198896473382
5300.204065060055
5333.284007712702
5779.218131466772
5291.297294088503
5379.303531614659
5590.766997826038
5295.220323590142
5266.211707043969
5479.969149483771
5349.437166947603
6576.86468964135
5717.390072238515
5523.129475584242
5955.071843245994
5360.118408949756
5349.471142278887
5280.953358115638
5647.477482087549
5253.0229015094765
5350.212308888016
5459.667137709445
6333.554418784897
5342.766252376952
5266.753002601251
6280.802589692178
5406.20056478582
5508.362873719906
5268.440688040847
5336.629879599811
5493.06552123313
5296.010002789586
5240.788822838523
5475.199877256555
5358.376397908193
5892.006960503249
5739.2385664278545
5533.667317796406
6543.186947121323
5211.003672455979
5397.42789738277
5250.035074672679
5388.332881091653
5264.002208540413
5454.820405704841
5866.498739406924
5453.468669060231
5590.553576544863
5537.833952051333
5656.770044604155
5469.984025989718
5327.331017374887
5227.378958494903
5454.114704386593
5266.581544049714
5304.797010726297
5270.576204045888
5257.041164386432
5209.692652322755
5221.659930032624
5192.270413935333
5229.937327594934
5301.24709970897
5228.989025540288
5448.375538356007
5342.3256322835505
5210.445452823788
5394.0763094853
5366.479418050306
5208.126828856325
5228.669014095372
5202.361485624424
5223.027545394552
5236.692532267849
5225.231888524197
5202.591408760522
5204.923664335752
5192.160666723574
5189.658247218767
5204.61937489392
5195.140436894772
5195.9454737436645
5196.939620701275
5217.941625012789
5199.867306763587
5196.637016245702
5275.813067972073
5207.4532023323845
5201.735822775421
5198.717107791894
5184.368309279335
5192.776506327923
5187.364037008069
5345.675372100588
5194.794547605411
5187.4965268039805
5301.2050975810125
5175.004832470137
5192.394050712493
5224.247136041277
5333.216196397773
5401.060747194849
5335.3025389396435
5265.974646198391
5468.377605316525
5253.2941157487985
5185.631406198691
5183.161660117478
5205.780043410932
5166.8347411409395
5217.335780035834
5186.089145540013
5527.774701962781
5311.03365591992
5180.6477750823915
5327.954099170079
5242.3671183583265
5174.009775027247
5246.102275025056
5174.139932159958
5168.301001139032
5380.441822311214
5167.297894228966
5162.847737836526
5164.075663912199
5178.785597491189
5203.632835610178
5172.994777584799
5156.960944724543
5192.38773509221
5182.430755891866
5163.799938461874
5239.691205527643
5146.798683379039
5171.329533983934
5296.191160365685
5148.885234311742
5353.107870023869
5222.957541778988
5167.4130328389465
5322.12854090669
5251.417943821241
5155.953809037225
5162.558108445565
5208.208505416522
5145.4615214498945
5143.926345431202
5115.928667404048
5389.765854238324
5172.272357914615
5215.709916089874
5634.117129124524
5161.672862889226
5611.15391768172
5222.5075213549635
5618.99552740972
5614.979922597587
5142.9402544508475
5514.202728778762
5375.930921578785
5128.728777831478
5175.9457463263525
5410.501905554308
5144.705514109589
5106.471244328655
5193.2066825320135
5414.441668499366
6163.63399355536
5263.277595865374
5125.879497372391
6767.40840000872
5105.929314104938
5115.75236242173
5174.866438676714
5181.84412330853
5194.059976802809
5423.213930247138
5346.85335160374
5316.512910276987
6012.866011934408
5271.622739794243
5208.8119319355565
5877.8978025136375
5231.270773662007
5154.926824857211
5220.734942238071
5231.247119840502
5102.0513761588845
5310.345256744751
5713.506191616242
5267.8167024274835
5911.183263400549
5488.189747465743
5131.344891109145
6102.2336447318075
5287.993689060165
5194.151627717312
5220.428661959981
5208.756852669309
5346.790831738889
5167.419209054763
5109.150406026128
5119.974537896509
5273.261926396205
5107.494317438367
5087.606785733571
5178.171036452456
5110.769904735009
5191.236923027091
5146.902987201845
5175.360057393259
5226.870013016372
5229.393522999078
5117.6566318331525
5100.267463669178
5098.611706640842
5179.2966463001885
5105.817507610463
5087.614606542501
5111.1766104275675
5090.011294778369
5083.095791011479
5086.349246035539
5094.906189598352
5095.1831554671235
5084.8918338299645
5097.3315573119025
5161.394141147475
5100.34116778128
5087.364524171453
5132.003759666501
5091.881376749568
5088.0075810564995
5088.208426889763
5104.032736693351
5078.656439729081
5083.903215709471
5102.636191114949
5088.496886130888
5103.006597837928
5140.948082206745
5080.475015141829
5085.790980810786
5079.517232995598
5083.532305262118
5084.13109137164
5083.632210366952
5073.998161388247
5104.598730747303
5076.113822416997
5089.633219230695
5123.148843486589
5083.862196891028
5123.878056191322
5087.40290716287
5089.867992073466
5077.999454353105
5068.968546340188
5071.82037767324
5091.769315330903
5079.391022844982
5113.781343247704
5079.196041241682
5071.4585257988065
5167.192171140784
5077.095804734067
5076.161357488519
5083.527659594023
5064.338841340228
5077.799585440034
5072.856078412548
5089.703938051756
5071.698765827541
5078.674882588506
5110.402857378975
5119.076464388503
5063.389925540583
5063.9330826120095
5093.399613474822
5181.468102624907
5195.082546319673
5070.758359854401
5177.182817312563
5236.073558392226
5103.841753506918
5175.9850756806645
5076.3375499242975
5074.355325422976
5162.275931903451
5058.575884655444
5053.43912375548
5098.922632373207
5158.329510482067
5313.726983208094
5114.831000222692
5075.102260249248
5337.5120548477735
5065.247313518736
5097.485374615337
5075.403592468366
5098.205224858293
5096.288377194655
5058.0134903110475
5055.666837514186
5062.0957837159285
5082.8409543015805
5053.991582571693
5046.105376736763
5096.740184048926
5062.67682116198
5142.858354646033
5070.421027461252
5045.204035554891
5131.840542744103
5045.362883496175
5245.435301893232
5107.158137061134
5046.002865246142
5117.656276913679
5231.38181238414
5069.679809723066
5075.505221365037
5048.088975652264
5164.886172467932
5028.646786523572
5048.518151627816
5076.614826303554
5228.720600708876
5141.904992784477
5028.381492102147
5174.729311076454
5134.694970143416
5063.087353991159
5526.01358670682
5345.579457119175
5805.752263039129
5334.652922372197
5345.537002887596
5753.789142483929
5342.420257023656
5111.543731316084
5087.307108455372
5398.894909832421
5040.6473835186835
5043.5371512486745
5130.097416096464
5049.137314468291
5016.3250145372795
5099.79110445078
5023.091365761347
5049.166687736793
5227.091727729556
5195.4254363935715
5061.074279274104
5250.591441817744
5104.26325499721
5094.680507144828
5021.136728128541
5072.285540044129
5018.403739355228
5044.693538133644
5061.957477889004
5052.102782026839
5021.113999132354
5023.7358295295535
5027.826665925902
5019.347787640625
5009.966564727057
5042.643042881816
5042.304298034555
5036.143689266465
5023.913651501001
5032.230361672791
5046.840354999469
5006.321269024683
5182.421766235999
5058.919267650148
5399.834627470405
5048.7458020560425
5011.139358566131
5284.694557591427
5049.087499493763
5045.5395613481505
4993.583511783342
5007.1865058529675
5110.116670021693
5019.392926957738
5494.4584103616235
5042.039187487206
4998.094243150656
5694.936327692338
4965.853321440198
5025.599921423809
5664.72693318147
5162.873285868673
5230.765290403984
5808.2623407674455
5073.575089652897
5215.909282887712
4976.058140309497
5268.006135937685
4979.9741918918035
5014.012466303925
5217.413575852777
5063.242252531447
4992.819717515277
4990.469358763345
4965.4474774089795
5003.008158503561
4972.236460790031
5002.393337718378
5000.065299763103
4981.119767252755
5117.725231019476
5163.925075709089
5024.803519228562
5008.776375624943
4972.7850456378865
5078.280384549446
4975.604720281851
4990.187983393137
4967.145861596831
5066.617930259343
4988.565469372178
4986.770252673005
5002.71563644701
4949.874080129405
4955.94710376269
4959.411469776032
5018.703009292635
4938.339176364188
4981.51152231997
4981.625311265453
4976.796270986192
4970.148532942998
4983.766315781723
5005.032447972099
5094.211100495783
5032.938053188484
4923.755865353951
5161.944933680841
5398.349409717922
5036.680253894867
6908.520077756956
5064.00643302681
4959.845407099144
6352.207474378505
5599.3513666558865
4932.544563102237
5023.477080773625
5296.925235425201
4960.755074530134
4889.291333241909
7536.166450609748
5039.233933893531
4975.430341409576
7097.040961879902
5041.117490939875
4958.791206122214
4980.9358722563375
4912.397435546472
5138.347604005413
5064.532170753738
4883.107908069188
4993.756590537396
4933.190434414313
5257.103855847544
5477.687406141814
4928.812073908338
5464.8897096410055
5901.799607671162
5366.499178036529
4954.415590937331
4872.313353672376
5127.756351175642
4858.40571972413
4929.433825740067
5271.236136900244
6204.92161305017
5474.269467291909
5211.249905974907
5937.3572727400615
5693.599860096289
5082.341731516599
5055.301333521671
4848.739679562342
5136.468618850348
4940.03605915711
4914.440125803881
5705.988094608794
4933.389543614819
5294.342908901475
5737.4925207461165
4833.938605949278
5210.041968123243
8347.92213582049
5740.191126840839
8917.641430986423
8129.391119262517
5359.402317399568
8681.200426731413
5866.547257971765
4961.267576401062
4868.117643665907
5766.943538371844
5117.594908807382
4838.027068705087
5115.354836741985
4977.609281623455
4967.931049291137
5075.250227654749
4898.160701152111
4895.240743059248
4838.992905428359
4849.7120158257785
4854.304891632047
4875.120453383497
4843.2710337278095
4871.630997498374
4843.234510619499
4861.397130077875
4821.961288871038
4829.408848452915
4865.44705449608
4846.957313947515
4899.482001224127
4876.281407167217
4816.806201636054
4891.217303007842
4838.85320485513
4861.338088205223
4826.981983300255
4848.531398558895
5233.033473627044
4823.941914012996
4834.129474816179
5512.653457727814
4903.838931863229
4825.9146733678745
4865.968153036626
4817.699855364253
4808.017474997216
4823.418210281084
4843.883662164776
4841.869511270999
5360.75180083599
4824.5629004332295
4786.944293436533
5112.8609693308135
4922.097012510205
4938.265589680063
5494.678502424971
5043.188524723981
4835.4643483628815
5498.423180251391
5052.883951601783
4944.960718924916
4919.515196430991
5076.873321823734
4835.259271188098
4908.717409428308
4805.380400330006
4865.854553807727
4784.582345064366
4771.470499394458
4889.407854484507
4811.492923272337
4960.2072663932695
4881.08390313161
4811.413646051889
5047.709817961787
4865.037298445053
4927.271500791231
4788.289360450415
4775.644095062935
4939.618458889262
4768.907207925834
4769.93486911246
4851.334282057
5018.397935183202
4860.388236565672
4795.195506341672
5301.125587708426
4741.720259947545
4790.439654746446
5186.559308780657
5814.126802404254
4846.161294332886
5467.683681834632
6060.577185903481
4882.253241968467
5422.780433299688
4744.900468132454
4787.496655809076
5250.195569801701
4774.295362017806
4708.5866660006695
4799.493396165917
6110.195836959848
4778.889038570914
4674.702808168289
6162.473696849321
4786.939420655209
8244.248294262683
6923.853915477238
5062.8341693272605
7357.48666683348
6277.042447613516
4662.423101214829
10432.465071125544
31760.137013916243
5090.861406313252
9241.740304371842
29934.019129273336
6570.200208042152
5257.882600277068
10467.34829212161
4773.331121069432
4536.077561955722
11931.685273227706
5137.593908167391
4872.214184717485
30350.243536661306
7298.072709105382
5128.43424656007
24350.189695678702
5986.843815793198
9701.191762323595
5686.18258730451
4662.919984266525
7493.317301863861
4956.080499443537
4464.292604488981
17267.64332160775
6826.684055700854
9306.042313156173
13556.41999033279
5895.909286466084
7726.103772838768
9188.17265915654
5118.160027260699
4594.893477448818
7142.7322523573075
4837.165177863892
4929.183038368565
4988.49127396272
4667.9178685769375
7188.762560858671
4498.280581115486
4406.064507095979
5788.849823847365
7908.998752454834
4710.124963245971
4878.922387657643
10200.925537463936
5285.34625087916
4522.250319095788
5200.663168859553
5011.222790816967
4539.415216922816
4664.9181375722055
6169.590472347184
4389.336813131278
4648.010237917872
5075.413150626761
10805.60691277461
4789.098099767734
5032.067708011551
10271.4124132367
5546.830712416764
4481.000434697589
4603.28923801767
5399.346614913193
4421.7411491305
4542.482401057035
4553.534918505468
4425.858591529757
4476.611014075182
4492.562728967857
4402.784600425887
4503.101363392051
4399.642532875049
4425.911158664891
4446.730401671815
4382.43102571857
4399.677803369945
4427.062028057049
4514.287952345898
4612.890349397771
4351.223671538911
4438.203913775105
4749.298100343579
4417.192356705606
4953.423449264082
4823.245969229377
4502.191672257609
5116.364542181776
4836.490741807884
4491.651702767527
4474.856040514753
4452.485664276771
4452.393317740738
4408.160288242467
4451.787038516609
4423.509391897329
4417.634113690143
4344.122794834674
4387.815574543832
4405.470619082659
4372.1509297401735
4361.113241878172
4677.485793040561
4348.652242871962
4431.084129316908
4814.368896007313
4368.5569345931835
4425.818398162199
4364.351763101668
4407.9653406654015
4349.178501750823
4421.4126482494685
4392.333541039039
4386.5251790976035
4345.712180848513
4357.204245545815
4357.549267634943
4345.016345000576
4336.844558308068
4377.713061367311
4361.712284490104
4355.57097172211
4403.873235468101
4344.9224051285155
4333.943830330428
4391.555604130742
4431.5009429034435
4385.165850885948
4580.566135535613
4377.066883009919
4304.6849867797755
4457.478227860502
4757.844133313678
5018.700500264718
4255.8255980289805
4688.795649762428
5122.981865256645
4369.512209389875
5020.262182950103
5276.70821775607
7677.284136170789
5079.3352464043355
5066.646240478546
7751.471808028756
4458.922467468875
4682.935274711879
4589.564421940499
4577.278235511096
4686.6145603892455
4654.2116017524495
4290.3736061702075
4301.315699157697
4823.10997309329
4260.0537886751945
4273.2321476137
4917.344299290442
4284.67928753641
4255.5509771826255
4284.306564431658
4280.167407228998
4274.18591707067
4320.010067268557
4228.39795445267
4412.704609123946
4368.225472438118
4283.08571731075
4541.757517273466
4326.829609270276
4454.208442957097
4475.977823018282
5214.192824620718
4576.773701634642
4256.5081581451195
4994.231156373718
4339.825971035243
4556.506012749516
4294.884984794095
4369.264912928726
4390.560605404607
4400.583418666313
4280.827719560904
4226.451868630248
4256.2419421909335
4239.337398636661
4298.519523686038
4241.7083948239
4234.6153167562
4631.219312505143
4210.565556028177
4237.37948004337
4390.505605380648
4343.890893072067
4184.013786507719
4958.888957757208
4788.376731109928
4257.6894740987445
5228.757148936091
4521.664459853001
6644.78330425143
7245.692133627044
4498.845838662969
6016.036822178967
8704.681748268236
4348.383077064017
4889.8193262448385
4491.005929143717
4186.174162934871
4482.473738907656
4867.731121784558
4585.357019060611
4493.566760568993
4188.557495166208
4145.39000051627
4231.860791110941
4281.636434732936
4297.632803756848
4428.226340729049
4523.126802569472
4588.360428996699
4461.884019512308
4428.217534444831
4593.628131200456
4294.53354435095
4173.14297152519
4241.942794309017
4280.4598876244145
4179.108481774505
4292.867206778768
4161.600941762371
4178.14830542354
4191.673442752805
4159.535276040318
4152.360798842264
4196.789752560893
4155.08617813494
4142.805488848342
4150.472204813647
4155.589000670857
4156.129969804891
4147.070246657605
4141.971450341369
4157.330222778583
4152.466464393003
4168.005848216686
4167.294286833668
4205.2919921409975
4213.313630177967
4437.717079796256
4282.928491217705
4120.003277751858
4520.32822186218
4215.731453537665
4631.364510402112
4831.4060448011205
4074.6417190306393
4488.42522867123
5162.046353522932
4167.468382150812
4360.837507124449
7347.787934296833
6298.350039465885
4227.14627340872
6376.812064923301
6874.4762787345835
4099.283942979352
5450.263155970429
4137.118168280014
4172.830401987755
6065.750511811232
4146.266359380223
4285.324742540007
4219.662991488909
4104.923074780916
4119.772910596091
4073.3892181385763
4178.435335198302
4269.971049839437
4364.847701752989
4437.1111692169625
4594.512814506532
4070.0070161302806
4789.723830306287
4175.314703230253
5429.143725896766
9749.6435621285
4485.599036637849
4422.0773243596595
7621.626904321044
5682.409489827375
4247.321372169671
4073.465275950559
4635.869510537171
4071.6992926312537
4241.729868641808
4100.854561129316
4924.916025868379
4039.99862149077
4053.347518093555
4231.265026591649
4182.89898370593
4330.046406007539
4319.937577597533
4729.905634072777
4561.782661404505
4047.107156358966
5003.438867553083
4233.19733618328
4051.602075876839
4526.311034939287
4044.3455313627737
4065.429057629656
4335.301877586881
4136.595990422915
4036.5880982901417
4111.706571352156
4066.0546864186604
4061.3958542803116
4022.6390137619287
4356.78244197681
4045.2355369301504
4093.2256286068937
4187.827762902662
4012.864020708893
4166.333566117408
4218.490870913649
4213.740006460702
4948.634545148187
4576.19471604748
3954.689388795632
4504.322901724454
6229.37163271816
8383.289831424721
5361.628288989993
5683.1920320912295
9612.36530138819
5089.452956108223
4077.6393720722826
4035.5313408697025
5261.593298986157
4000.2347438744905
4085.648431798275
4768.007981379276
4143.841709138032
3999.0083101924683
4304.097713207336
4030.7292359583244
4143.70269045151
4050.396206801609
4012.870847117884
3949.103888007648
4077.3233369852874
3959.596679146508
4022.8044406364643
3948.9237773685595
4019.2875877805527
3994.57463786751
4392.465395462892
3929.5194360782125
3915.3976626661056
4118.0960350899595
3967.141181900656
4030.5062012269236
5300.219694184007
3992.5327172173465
3858.516638164266
5556.5431651782765
5987.266320889783
5883.58800847059
4391.0485288430955
5507.31613764027
6258.365592550109
4846.99096293375
5526.661034447688
3980.2249083471143
4031.0288032692065
5070.439755502127
4006.2113962020144
3942.9070349468766
4108.177974123369
3963.7986521469356
3981.6143006253546
4004.8549986904977
4163.3403750259085
3914.027480238948
3874.635071680536
3879.671189617376
3956.647613649565
3864.912724176255
3935.449846765272
3864.1895597590938
3888.799610687254
3865.567212041729
3855.9600015644364
3851.022530101818
3852.6007105001654
3878.3097461794887
3879.4794969652066
3839.881564225189
3896.2470674653646
3887.4681982833276
3869.613708991962
3936.448996242105
3870.521927709282
3904.0789305789167
4216.576316695361
3885.569840223191
3843.9642183346136
4252.649535157086
3857.1933218253903
3951.3984915482442
3854.6360685978534
3830.6837084767258
3987.3377218525434
3837.7373555479026
4201.197920214755
3885.532730444814
3916.2004290323457
4053.707408370068
3803.082659659687
3861.6578251976284
3975.780370758187
3907.616117435049
5232.526746325602
3890.288396370604
3866.5483670271096
5492.9694484438105
3797.628071127843
4031.028953489377
3844.663560469125
3828.5416361653397
4134.967736160374
3847.285693660508
4897.762464847237
3795.4642152189294
4177.300564607295
4422.203684287868
3843.0003327927084
3977.0224217978703
4513.952195810378
4524.9276073027695
9455.322237372045
4128.114875156608
5591.742348370864
7041.866916422865
4789.226254111787
3892.895636921274
4362.3080912068635
4022.4490282107167
4747.948534538819
3863.8561198825746
3861.997385520471
3750.3641876425554
3969.872940525346
3765.9204023034185
4240.33542387287
3750.694502158977
4040.4803556558586
4255.58515576802
3802.575278382159
4524.490961055415
5011.291180840965
3849.69130144578
3819.6111470841724
3904.2718112129655
3797.810930851221
4152.73416429159
3695.712316544265
3742.433282958543
3724.691421497788
5513.380419573353
3701.23430090269
3859.9114426855067
5737.934619762606
3806.912536450159
3912.267139199161
3724.1330402160033
3779.3517650895533
3825.995282368088
3698.1491080321784
3808.6453238240033
3744.6102626512766
3718.582422804182
3688.804171997887
3712.8330557251684
3752.240020239301
3706.9526972420504
3727.3941913232843
3924.942342188253
3725.90035846711
3921.492248476322
4095.3808826322193
3705.9794873300043
3694.6070078370985
3785.017482052094
3721.658037873928
3690.456561760431
3700.3542509910453
3683.053545659006
3922.396319344526
3752.2582983420502
3909.593991860266
3912.3041774025423
3682.2375538337924
3959.580680818103
4858.575047367288
4057.1007633943323
4199.813066816696
4450.463794284044
4603.926801166347
3914.136788118275
3918.700547394671
3674.5400778212443
3861.673006957236
3761.952120041832
3814.157134526938
3681.053535897715
3701.9790546523654
3954.599994247551
5225.255530949789
3784.6564320879625
3671.3471524331867
4756.238934872234
10123.791301669688
3912.7917550187285
6075.281263227501
7758.968919572034
4362.147481304883
4472.943417586582
4637.239291884192
3686.87161789031
3996.1932261594807
3862.053040218437
4309.73784120198
3680.4383697342423
3617.1303792167696
3630.7447680141913
3632.119004528819
3783.7776190516297
3831.410050996513
4102.11124356158
4252.272401637057
3963.8411924097227
4171.072781260826
3845.7291712671804
3777.2875833312432
3884.544140985654
3862.7810178429672
3634.173804046906
3708.5811053129933
3647.7612672406863
3614.134243726894
3891.0488363989134
3575.128484656266
3855.409038651636
4705.154585215407
3939.1971967557324
4251.342696549142
4138.470148707658
5181.258250158524
5871.2144894835665
3943.795745453517
4309.45094694502
6911.375955347763
4081.895333833084
4021.442695084819
3632.4277239249213
4231.421695558691
3590.3447233348897
3855.50556641773
4826.1745654515735
4362.878292440788
3579.4222159450583
3601.264234055288
3851.320224594553
3655.0558701945583
3581.975343839126
3689.644413876995
3659.887572615592
3568.07176290397
3556.695283080345
3535.1667399503904
3597.0986805813873
3707.275694252499
3672.1926023542737
3593.3928166330384
3721.7289727035477
3603.568127344774
3573.78985410217
3536.6721452004217
3662.073465611451
3539.6108792667565
3562.873183488119
3622.738792458045
3541.346961646219
3540.990848206181
3543.031630521895
3528.0059605358247
3547.1689077042497
3541.5531613641606
3544.573199623464
3616.229468297899
3521.242491809717
3559.658648585033
3612.0654131285255
3539.907970722923
3527.354164494973
4090.656037670605
3583.320761612113
3580.1061811665436
3982.562867203621
3524.0285521930377
3506.8765579886103
3502.6278738768
4218.283032946724
4536.55056375126
3646.856778905081
3826.183054181734
4207.258433035828
5194.685351730281
7744.679671487299
3422.097642009729
5467.7024753296155
6937.98390874373
3594.1525711893087
20670.971504852652
10726.205766874424
11760.683689100415
21608.55949956282
9096.046126041269
11876.152810624666
3559.5356983636593
6455.585262935012
5228.8439118630195
3407.708940437247
6892.809990504723
6074.520441475933
8328.975436115667
8441.9329160027
8866.454531152336
12187.94940622581
5989.2897701581915
12084.326491514497
5667.846717997061
6109.6585726993435
4783.960930641713
8113.99887182221
3950.710018223765
6584.560657193831
3505.987313617672
3418.9106945833864
3522.3438946226665
4413.520248347748
4671.7733598541245
3358.484245307028
3781.2197585845365
7828.229975167124
3744.135764234195
3880.2994234671264
9619.054330128882
5034.573870398668
3594.07381939866
4259.368319827908
4459.05191321414
3250.1618917763503
3516.040086028612
3758.612776222353
7178.483699565393
4100.303073279584
4017.5529002783487
8923.249004292047
3714.4717099787704
4969.526909386959
3756.6480405352127
3469.373704430543
4378.385264033994
3285.6070518233337
3166.8635791932497
3695.8692598802922
3567.615177788499
6984.282972450679
3902.598933088308
3470.820002188376
6456.153271813058
3900.8696223946777
4065.1271704668493
3192.7500076471047
3491.044310585367
3817.2259831182546
3247.486772057755
3464.4337481195626
3374.7645419094997
3416.693161923907
3233.029362699854
3393.135731143036
3287.9598586685524
3347.850439407536
3255.963049907092
3197.626150032624
3195.6687899028534
3192.1900418876826
3191.7397081523404
3161.141133337345
3173.047996037788
3213.845721312985
3472.7945939565047
3181.1324824979883
3139.072971424233
3531.368752471706
3382.859511786152
3284.6573684551618
3990.019548162582
3512.1726946178915
3098.2923931197492
4364.010037149899
5237.755536073613
5410.650551478071
3817.9451983920317
5784.069146131153
4572.853782008627
3476.594545605347
3570.299527495251
3616.633289602607
3126.729265608254
3845.936799655099
3263.3482210459733
3360.878437898888
3287.730546083953
3112.537844757062
3093.599293158867
3535.700841580355
3122.1623641509955
3258.3198337165995
3808.9841625804
3197.082978634834
3186.8830855159517
4431.587952788173
3353.6431460582144
3493.3943356066275
3464.219664988452
3048.0496346628315
3272.2982860910333
3190.7904423823807
3238.547069481012
3122.358339028169
3623.034484356206
3286.362528687688
3427.9158990423557
3777.356412863353
3127.1370421012034
3698.982548558992
3221.504012430842
3190.9650473907286
3068.8018266463896
3335.0665937093827
3056.694118680983
3058.8673935852585
3073.227233904564
3083.7433351181703
3058.040576629351
3150.943327283766
3035.037556836531
3063.085012908192
3205.1943971318506
3078.031700485652
3168.5886597338645
3119.8987514750725
3079.8024536742387
3165.4105911081742
3073.143910723281
3048.3464623233654
3139.0135487146317
3032.1338751167714
3029.007921524096
3156.0934833192973
3145.950932699971
3251.6626684539783
3145.1776848614995
3100.411994399938
3175.2499638157983
3142.817427043693
3041.626198385157
3194.5982148485054
3017.0958934829578
3027.360854682094
3159.4911321147233
3055.9809028435834
3495.1626392772414
3017.9859121635354
3038.2495564312003
3815.7270754691954
3054.652489974663
3021.4909641446716
2999.2920616640768
3073.625908997715
3004.804127883911
3066.6989054517076
3027.3337073044645
3068.927415916713
3422.381476407899
3122.496258676071
2991.8405706452686
3475.7832907158186
3018.913981333011
3042.396904302948
3755.1546418864464
3194.9106823756247
3491.4341317991666
3765.885750306266
3349.1225540128107
3529.4951404653198
3390.229302827468
3106.7121876225733
3018.1429020286055
3367.1980326549474
3043.3848411335475
2997.65975111771
3007.691787708808
3118.1478012639864
3018.947291625415
2980.1890770460964
3108.9511891490097
2992.226340944585
3083.7251995257297
3067.358054859942
3074.061078355188
3070.0249556347117
3131.0249358096917
3053.7550420903754
3001.238198597068
3001.773194545815
3028.8650993556826
2968.1709269154567
3007.979097614711
3026.5414456968797
3118.9404593004792
3219.4322158310392
2949.103163140719
3052.752287632248
3321.6982646753536
3067.698248457167
3218.0350108995526
3809.896632267052
3500.7470898915944
3641.7971839428096
3363.7648985584533
3851.3143924941983
2979.3101039112403
3426.4056655494337
2970.3656890928924
3133.9263238567337
3112.497816018966
2963.3301218708084
2954.71671355327
3001.006038712556
2962.916359542966
3079.7037292084074
2920.630187361822
2943.9611332738104
3028.3369677784067
3052.8868901107253
3030.653742775816
3032.788923135615
2978.2132348133496
3020.8026236581395
2927.134193573952
3033.980594093843
2925.275173108772
2931.489043416996
2990.327801895377
2940.0783157394217
2920.033899828606
2961.3572657140317
2920.3647691833903
2923.125718075515
2937.6025584808317
2928.7611052275174
2941.7746272147583
2930.68216743798
3062.1329102182717
2927.546081286459
2913.0620280293356
3016.3779151000795
2892.778534651139
3033.2257721938604
3171.39630658357
2974.4462098677027
2958.151972036426
3239.1439746116416
3297.128729683107
3349.6805291517094
3280.9022392488714
3228.739714218484
3344.663304151001
3452.7762353843
2897.393924640201
3007.8555346295607
3224.3089755703713
2926.8184356503834
2998.122234933592
3127.8849466090915
2963.554057708651
2893.856285130391
2920.318527382457
2938.0827418033045
2908.1093630372798
2890.5533351461863
3192.401947177471
2917.413801180761
2963.3399630246545
3407.7781812625963
2922.0531698248237
2983.403471277226
2882.9101288768825
2937.5728404228103
2888.2538227153705
2949.014911229248
2905.186615783531
2928.458490200633
2918.9254241334797
2979.996733089936
3298.296046421151
2925.085805771572
3083.9693144600915
3074.022360694398
2921.6620461445787
2949.343624120399
2886.0327922282395
2998.7003193205355
2866.922925595681
2887.6338060471676
2998.5061443638483
2897.9369291368052
2932.565432474319
3101.8237200290473
2992.167594957702
2843.8385392681457
3848.8844355895885
3107.8880071483522
3743.177859762167
3530.2402485431926
3110.0509924547664
3480.6737041281644
3167.3856951705798
2870.8376075930096
2865.8138845461503
3330.01890421953
2817.30874277192
2966.9543452869952
3155.284357432891
4483.156388887131
2941.337840092608
2897.3738145352527
4168.813090648597
2891.2894989961796
3122.96379733785
2872.8603229257474
2838.7088957606447
2957.5234596874443
2898.4457745809686
2834.639786330291
2972.159248941967
2815.944335044693
2833.843029957513
2876.804449211976
2827.470239325721
2803.327605824398
3033.9732966154315
2831.663973878366
2910.1117670914095
2902.5007988290295
3018.450038026527
2842.276264844439
2778.817897701147
2836.7858468158674
2825.1088491188902
2838.1994296611874
2949.362036351604
2803.6785127346293
2788.08760145652
3275.6516745464405
2760.186369192206
2847.138493943567
3335.2058283739825
2833.6871672630887
2885.901769953366
4743.161521710606
2820.212439091225
3042.936088026298
4716.398893698896
2915.108580273824
2950.3527841624978
2747.631985059544
2870.0927450884633
2993.215026483387
2817.6483278402698
2877.4701466408205
3211.31139734483
2720.134647021751
2893.577365983662
3711.7497687408063
3047.763946783185
3146.321664020133
5859.732471642472
4653.322792906653
3774.3433726236317
7539.928105834466
3470.4258780251025
3049.5924912678247
3500.5112765882864
2890.076739318194
3524.676348648318
2959.9684082920962
3456.748814904531
2850.988976206206
2706.8655788741903
2921.6670090812795
3183.365358321696
2791.2971408706135
2671.318551815458
2749.9196244157365
3301.9969682368014
2944.979483387096
2870.537819300036
3480.656104863634
3118.4894388997427
2785.2918227436335
2755.467258069005
2707.448117533684
2923.139222529492
2647.7946638119297
2754.2438761471185
2999.0774725645615
2800.0730091948467
4087.2699212103985
2808.6331277126615
3227.5446665966892
4632.937112506008
2701.927536463587
3116.0031726560323
2709.0449748730935
2710.6352865074086
2860.4531149050044
2655.685269956597
2605.8715637208934
2809.6466861090753
2871.2499157465113
4481.049577923628
2684.414073006463
2711.96911538439
4648.806052105261
2754.4898014227683
2754.4176353513785
2679.207549278356
2773.4515591863033
2665.6674247707324
2651.9925963029177
2652.512682559683
2668.7170382315244
2609.0453682854986
2662.708405356155
2618.9382834815665
2612.660544550949
2624.584111282462
2613.735566153347
2613.1864960114845
2604.8020380386297
2603.477070381233
2613.189477287536
2655.180764143417
2593.2927960122665
2615.517969686869
2655.8205039327727
2623.74968799101
2625.6680022347655
2823.6816910510497
2798.140668567762
2584.941512116389
2726.0195921217337
2933.6619167465033
2628.381738570769
2815.5104007163254
4149.0600727394885
3219.957371628787
3091.0550509284285
3342.4461185773316
3754.5463015878017
2553.053316389018
2711.7545550942
2676.2881919255506
2817.2467651687953
3022.5154361897685
2571.3622821337567
2932.818453400511
3422.7047640857513
3270.672501332592
3504.221039436386
2926.0252739792973
3720.9520650259205
2617.288715537587
2841.934546556662
2536.5453099452843
2859.000241666064
2564.7441891127282
2599.5933012730948
3323.9608239902577
2694.758659830505
2951.347328248399
3781.5935474005755
2527.7856610404233
2587.2011497009644
5255.697940268812
6016.296186534702
2388.71661488383
4177.883748086359
6718.199132374955
2763.9247663342185
10405.702809391827
18071.76289001895
4650.249933099363
9570.656564550934
17145.08983471696
5026.223001532739
6461.271703707763
3921.2347874104757
2984.6114976141967
7169.549546711548
3211.2321496789577
2775.6642180397594
2759.726595650423
2889.8877610926174
2477.6227319032705
3063.364371878977
2766.2235168857273
2834.2515254324876
2459.5112202269697
2473.89027561579
2401.466915261753
2676.8907813812866
2463.357225565462
2555.6838147386015
2447.575450801409
2421.668362754114
2372.0159567898972
2407.0349199150905
2365.5961481780178
2476.696717502347
2687.7208564628904
2444.6291406566274
2324.613293033294
2639.58228917255
2378.2647137178697
2439.170502351304
2289.1884428370813
3496.4193148912727
2962.5122810547914
2473.2949173002844
3494.287303104478
2967.5049590294284
2593.685417446666
4630.685163464677
4744.657245212679
2653.1265710629245
5625.799263245757
6065.367751884216
3093.219847880189
3446.820535395745
2371.948494794646
2614.1695261017408
2850.6192106086846
2314.592083140562
2301.5968717504684
2291.6445054956002
2733.500199397952
2444.0550985055943
2364.618192403022
2369.580420606023
2409.268511250282
2279.041718452993
2358.555844839655
2257.0399476609505
2325.5087833510247
2269.9411350514292
2500.702565169443
2394.1056469146433
2340.4172116789887
2454.006788324049
2291.170440021472
2298.3275027053446
2281.32706470225
2240.6782289675143
2289.6432466831134
2310.3026591438725
2280.211036530692
2348.4540379577006
2214.837496190155
2613.562916705405
2251.069633477864
2270.3802907050076
2537.5680713840547
2292.5363099970514
2236.961135085165
4360.638557069654
2194.4683987044177
2305.8173542410445
4169.313405350886
2345.0350921043223
4493.2442224830675
4597.429517487385
2063.37048370129
5184.928776765278
4255.103518209985
2511.629029122815
2749.130123631018
25611.244730235114
3088.9418288076245
2607.831867159112
22450.84933263401
2895.3310096104005
5185.559844042783
3675.1886539247253
2597.838501781667
4264.298766035432
3173.2851509925567
2838.406857386086
2981.926198471796
2174.6365127068107
2481.4009071536793
2621.5950281722826
2521.2650338849558
2213.535749298939
2086.2292356311928
2080.8276315388102
2287.8699750263413
2287.572960753418
2141.96280254322
2112.4044506178802
2158.2077141735995
2056.766276059627
2066.909521152733
2049.0205107969505
2139.2297192467136
2065.831083183626
2157.8324908394834
2325.415442369372
2014.9820879735387
2278.530271038027
2201.446261293587
2094.500924395426
2199.8687759718405
3060.2743612282434
3182.935903559165
2292.186755025988
2991.8350983973464
3074.1971479633753
2436.087879591302
2048.080451575933
2093.2725205866177
2443.0152141939493
1990.9735152576782
2089.9331485601774
1981.686388189691
2842.9221130785413
2343.695400115082
2052.0226242614117
3108.8626415196263
2197.104378821268
6406.970358023164
2522.9277020867644
2151.0551119671627
4608.695860869191
3197.189792888177
2632.18523383373
3908.026465057318
2051.67130089349
2285.357864956128
2810.520250506213
2367.005458879696
1942.8560745375905
2489.6595628323007
2883.223103203866
5614.984784250619
2209.0746697601635
2448.4093904728124
6263.47091884461
1984.4182489163168
3067.8339451486013
2233.438524345609
1950.5527626958494
3570.156803242799
2207.0600380543715
2136.5751922439727
2260.9024760035472
1998.1326038013897
2056.3589472343506
2050.0340870785826
1940.1142437597969
2933.9010859174573
2153.1410858774084
2059.7332974441824
3971.7158195437205
1990.772763716346
2334.600306945351
1951.9416242406921
1920.5330239134207
1955.40233238527
2220.3205309432674
1988.5474104853183
2334.7471214919888
4298.252849895893
2012.3715170180978
1938.1785743418632
3215.2478993464865
2218.5173913958542
2181.118818265752
1947.9274985196746
2027.240295274043
2144.9998214361826
2254.821981920004
1862.7032965652186
1892.5775375747548
2464.0141105997977
2750.7378202385553
1811.8170882012205
2553.7349372291287
2571.640377040874
1949.0026917731789
5311.552576618468
1851.4690995266776
4593.27851358592
4566.511653050295
1952.7974621898124
4167.565993396347
3146.437075786119
1888.2506188111429
1968.340699491317
2725.12000118019
1856.4145492465352
1986.6204207213134
1949.7844131623747
1858.362399196307
1953.3194653121213
1882.195688100698
2019.8802917439166
1849.3994969894825
1909.5463348168437
1816.6887918486586
1812.0186394656585
1814.7923442293618
1837.6677961189735
1831.3050008105502
1847.1855599421722
1812.4387544776098
1834.8162549667063
1798.8483803437553
1815.254857762821
1807.9955495926497
1822.0439155753566
1813.84081181107
1939.628680000584
1800.4783658475524
1801.0736180646736
1899.3742999007138
1808.6535036797452
1805.0202533034574
1798.719461567463
1799.402354159832
1820.659665430542
1805.673663561559
1815.0463223038184
1890.7820859858896
1795.9256769779213
1802.6716481623166
1917.665414885966
1847.9808540828817
1987.4865406588485
1772.733062768281
1811.7079732697978
2247.282876292625
1945.6329227884119
1833.506993452941
1815.213671301387
1989.2344593640914
3418.83498437766
1879.0300822085007
1713.9824109540236
3990.6048629499646
4064.283530461848
2210.0197266525647
4203.469908742228
4906.7802796635015
2086.532912626363
5334.603458072535
1757.9483900571179
2044.975282968532
2745.960329440576
1752.775904618505
2390.167930581246
3447.3656760658046
1841.3347834302267
2089.8330894993755
1842.1539672940632
1719.4434839575626
1784.8163438442232
1736.3955054908515
1725.6189325134587
1715.6668156688004
1740.321873024545
1904.4739366900326
1719.6283593662242
1690.3293035976221
1654.7114829538941
2148.452223389629
1751.6399223433862
1740.245365980447
1890.0889456442173
1887.2722063866368
1713.5206400804605
4126.851715010949
1783.679623830291
1903.1563038938825
3758.077679217458
1791.5330632168732
1678.9572003163778
1751.7088140085677
1985.678562865953
1702.391687015427
1790.083267438867
1815.8586755590975
1656.1640774825419
1766.6965264245184
1698.2230889635357
1713.0758876833172
1675.2283240743952
1733.3599256042658
1667.5313730807086
1651.8154097422664
1656.62582954598
1644.1062021101307
1668.1514044147868
1690.9711812459761
1682.9977603087775
1678.215285171688
1662.8134933577776
1695.910471490405
1637.9896541631542
1691.361560819073
1845.1481627931523
1671.7836780282412
2015.0164579770408
1681.7061440278624
1671.3633541014392
1862.0905525481048
1692.5646906794946
1644.3644171484984
1775.397346873367
1620.4657044361868
1648.8374101664351
1686.8903959972495
2166.574624776111
1670.6498626381353
1670.7806330554831
2050.439363882353
1596.2755129923569
1649.3091770471626
2326.3079633078232
2015.8303942904438
1905.486835095129
2065.050396966133
1932.9582185730624
1768.508336986733
1796.983700512611
1641.5475982879464
1963.0698982831661
1658.1339992045557
1629.536851869732
1850.0598959441786
1597.38794526946
1631.1332832348232
1603.305571899574
1677.643120763878
1678.8075033989935
1599.3603954083
1617.0409797391894
1597.1521714684432
1618.715942299428
1594.076812827223
1607.0305691389472
1587.2376137247643
1686.9140620504306
1585.8397188255753
1611.421649658253
1719.093299771908
1601.6137903401545
1591.9941455141786
1752.2628963750797
1621.5325892869669
1726.9284534034487
1872.1160726125793
1586.4526965501536
1613.8210152209629
1607.6679112248482
1585.7255104020044
1689.1583112198787
1567.0978463680385
1609.955065924653
1795.127124933864
1754.8565612557766
1718.4997389900632
1565.9252476459853
1829.8861269869074
1612.170532064888
1596.5449872995728
1519.770748811612
3048.151063571209
1637.7742559149253
1618.0667773304592
2788.005126533625
1807.301920126576
3704.5101030561036
1723.711866035408
6706.254929600551
4222.698894130827
1688.347138458664
5589.236395799764
1692.2860687354291
4211.772718906602
1611.8127932893663
1582.7842866736173
3512.6257656991615
1667.7064334991421
1557.2787582422798
2050.34932267506
1547.8445672574978
1534.6546732342288
2461.4814586582056
1532.1307894270653
1554.9770093761072
1515.833271848294
1707.838500474725
1494.6387331711041
1578.408118129834
1553.8765051439677
1569.0362353745243
1520.5697376423634
1987.100761926713
1654.252711666048
1483.815542336453
1732.4504712698972
1588.3741676458933
1655.1210898342454
3690.0125843068568
1506.587979620613
1602.3034296948035
4336.252684163196
1914.6036060191461
1507.6589109399192
1652.4965854207217
1658.287712800167
1460.4747130666951
1576.8396729038452
2160.569648741415
2159.3021804481095
1491.2021893560047
2436.3703211517127
1831.9064120750743
1826.21922636665
2098.5165742972413
1513.6019995826985
1471.8500875922064
1803.9486433492375
1424.1877501707731
1509.6174377706468
1860.5667305800612
2624.7207668365268
2469.590380923721
1610.1305181067185
2630.3086730602095
2508.7288075905735
1494.00265965903
1630.593319103293
1509.0493745115964
1448.0058260956762
1572.8114682235
1559.945666270848
1444.6772472376483
1475.964373528704
1467.614289623538
1411.2446547968348
1444.3986435487716
1477.8531164256935
1732.155164444863
1440.044362724464
1543.1119114913915
1674.7432044095654
1388.0966750713242
1566.0306897929281
1989.8520813406622
2066.974221167385
1788.532577943752
2295.4437162393974
1909.930987364546
1834.7435850894815
1539.1559480094975
1437.8511861746588
1730.6284471903077
1476.648906289841
1359.226604091334
1907.081186116586
1297.908178614963
2918.4052049063735
1627.3438172358078
1453.8442232087152
2347.588124037881
1915.3335706563257
4633.588610017186
1463.8090681266517
7166.596515167329
3964.7823044932766
1376.8970226322417
7519.440995537495
1703.8332836112452
1348.9791534415142
3077.0141562249046
1668.93084919153
1416.9318998340575
3473.641365759998
1601.1241628860441
1352.7870064904823
1351.6464504242729
1751.8700486142368
1274.2811476979853
1285.140492499651
2108.9410776231985
1600.641058561442
2165.0845395907522
2141.7084784962008
1434.2945093851006
2270.456173008271
1422.8352934400455
1535.8797038913453
1254.6564296260754
1446.5958758788145
1454.162608931291
1301.0035195579846
1964.6912619127424
1308.0527046975624
2102.4246566042784
1757.1859668121936
1207.5151649489278
2006.847909076802
1408.2491877437799
3858.302360095936
5825.14848821806
1790.2880231989932
3864.0771838029245
5737.073394665144
2878.1412829773294
1454.069323841168
1447.6713877687382
2925.0829122831424
1401.691740336459
1274.6207096225876
1359.8038018908335
1248.1420128151246
1375.3787124757198
1315.1630550561745
1283.8785565417331
1319.5333687744953
1217.191565599595
1247.2992978872162
1273.2776504145668
1201.6687735727933
1219.0212930512191
1304.1818674816395
1303.6145999388839
1269.11663245805
1294.0994832052602
1406.6045572621877
1259.9095651684768
1303.48352167464
1274.0203304119543
1243.9631683178036
1218.3819428460856
1226.1551906821423
1222.8559969921303
1206.3340730610696
1209.2329638655717
1206.7233818035895
1202.9930463101036
1199.1783547708983
1204.1536321240906
1226.8243381638931
1229.8034210967226
1197.5230834319875
1228.7433588101849
1210.5614939595891
1278.916168282593
1206.840511819062
1280.8106149290393
1348.4448390233085
1243.5996214446834
1517.769541885194
1190.0407142860008
1324.0984132884266
1391.0247719340014
1350.0741799918565
2306.276939380489
1308.3302852596491
1588.1589305240723
1709.5155332994207
1217.6728556066319
1215.084228392618
1776.5296120644584
1490.5568241557485
1176.6619223801117
1425.9640999634892
1516.9420212405416
1435.0034157998168
2384.257837221173
1285.1117503323308
2017.2410597362716
1567.353267126778
1356.7352886796032
1163.9641324213505
1596.904623209735
1149.917455912311
1280.7070694692875
1186.8166712329464
1203.948321069795
2046.5533979671877
1638.8577023361545
1103.3475359994986
2135.515487670091
1930.7137236138512
3610.0937628126526
4049.9733009195247
1180.1660278847444
2831.731836888782
4678.423398935843
1550.594358218594
1500.196918424854
1479.6499821756997
1208.2273647841803
1682.1566453653707
1838.374654221732
1557.228379915488
1256.1221806596873
1261.5600450751251
1083.7619166069921
1417.9480404347648
1116.1709355219778
1309.6668627658817
1281.9999300614677
1161.2454789567205
2513.4356593232305
1129.4909059700208
1350.8693106772614
1704.7704104585764
1252.544246407642
1080.1190060236995
1278.8494519253713
1087.1892719892332
1421.9001640223237
1073.8761365014009
1313.3083350309782
1714.6053828138597
1219.1828952246033
1672.7290451075494
1547.6498791949507
1539.7859248167683
1590.8388530868351
1110.7080465224894
1270.2615020579592
1263.5827539181948
1166.0004121464542
1200.5787990500394
1120.0389857498287
1069.3534077528009
1102.047203057789
1269.3548094672874
1089.6700689243075
1047.9525651368067
1125.0278888747534
1217.7409741874296
1296.6398951283047
1020.1924552883069
1077.6813423918456
1195.9624635968153
3170.833512358108
1251.0319819286913
1280.3922707714612
3022.960319737151
1389.3678637460187
1120.0923652085096
1076.8059132539445
1316.7117279125134
1190.641904649027
994.5883104599671
1246.4001259525835
1227.8488571643056
1376.0243606014114
2447.323818840137
1146.082718145995
1485.799992330441
2360.061658472029
1126.6786179986727
1193.3362456708787
966.3383815755508
1149.210197917425
1211.3989390384454
1035.1632784598855
1168.0129907125336
1335.6484318470575
1837.5466077062522
1604.4375178789062
1239.1453947318555
1876.2309362863327
1633.3372820386085
1061.055873225669
1193.1839361655238
998.6778001832329
1018.1901967103489
1174.4498176949037
997.6197972625472
966.8357332266489
1068.2493052832501
978.6329037680849
972.6826363579262
1051.9544279747943
999.9210127997195
990.382781678464
966.4838802589345
972.9638615627417
989.67470495634
968.3991712355866
960.561088838421
979.9084821801412
1012.9153250455958
1025.1259250155563
951.7884929912507
985.3085771695446
1031.8322339679373
1132.0662281649722
1058.401223659322
964.8174912228765
1152.1734701291016
1041.9655001914891
1031.9844451112313
1082.8766019486634
967.4193651776287
969.5211376666025
1041.1691482880522
947.3126123611971
967.4871497657628
1379.5007030076713
1022.9897052850683
969.649249910856
1644.862409283118
930.5258276590891
928.9103370053767
1665.3744876051353
1312.1413796624863
1750.8441553382288
1876.597566443385
1103.2147003808516
2238.27802072662
926.4879653846176
1088.6714390632326
1396.7607878603371
1059.617573620519
938.4965450925757
1213.064800355131
3580.455353011142
1016.5686476561715
1005.0333457109548
2892.1505177242707
1144.7297971568094
873.4131868428146
5703.7550656929025
2010.2421911585814
1094.8453835273651
4895.406204296421
1612.342172519626
1004.0524575652609
1921.4216863122926
832.9627360608312
1528.975380970133
1587.4137996548825
940.1339876257609
1249.8762479981103
3647.373980338874
1222.7717346757731
3439.373027649908
2719.1066117628325
1497.5525600535295
4416.045353143643
1045.5888587570225
2631.268015083767
804.2008335422289
919.6621829021406
3494.145371638449
982.2300453805718
3908.5159130235193
847.6860402151273
3496.3581316020645
3669.683461106601
1311.5303845235608
3236.910551284686
1266.2213021191214
2162.4263998690876
2040.0636841205803
1074.5045669222068
2132.106231214626
1715.4176461863824
1122.6984567084128
955.0404063609388
876.5911176958031
1063.6185234286988
857.0666349365654
751.7552600064827
810.5804239224503
1483.4805129326442
1799.3078467034397
701.0872043354208
1518.8266040174622
1686.7654157503764
3033.360118396306
1068.3211681092673
6198.462019328678
3079.3005906241397
1316.3563904794205
6456.00724590674
1331.3647642810097
1602.049531935383
649.7013155218533
1481.800401726297
1502.5354303079575
768.0920497121909
668.0760068313814
6764.687780367847
1225.8217488202731
832.17518294871
6831.18471582292
1301.0298668964176
776.2204500984785
2673.0852216462445
820.831266867319
680.5110791730323
2708.8846815504403
817.9935673299575
924.9325848112601
686.205080545473
792.2794749080082
916.1091089408146
642.7883193356427
791.6345058361319
757.5945824661392
1800.467123703906
739.718894894086
1034.0317526656168
2322.443662422872
995.7065911683287
1017.559922462224
748.5932797203221
723.1323941900993
1341.9884167001312
609.4566045734795
643.9335080852544
743.7316242145895
2495.5837012287375
893.1354624800558
733.7561303784224
2112.3235663540213
799.9483527402905
798.7001982004211
634.1942903375159
907.8422245626814
699.6455674073326
585.9882566317208
769.8843340176463
2204.984495112577
690.3048983986797
699.9812430502312
2487.6688981827183
627.1753791935348
573.4635145412019
6934.975057082223
1698.1900247395733
1688.5248516162321
5285.233540481211
2283.4221294912427
1340.9163015071547
3286.205025661444
726.6320985816209
892.4769907551804
2380.814085727945
840.4074865669768
547.5654639589799
1409.1507131290132
4758.586009014565
1505.2807724989377
2545.5585626671495
3139.5179287036963
2365.219867610723
1257.2827894303082
2173.24586653727
560.0439996207878
723.7272482828673
1188.89998724462
814.7914246404927
581.030109684051
729.5447370543445
518.8762293387874
1078.4731442966931
514.8904498701044
695.4086783400293
826.9704018361449
2065.610517619354
787.0512121472949
661.191741483036
1886.2488320756968
766.1169269587294
795.7313264957997
621.23391728894
596.5629057188523
865.5886304499957
537.6667975851367
581.6947952016659
593.9693271686359
550.1744681763387
519.9998275908239
549.0879617763477
548.68933096301
516.4500657783456
543.4116487524695
523.3450622404488
510.8542839615325
521.279339864831
540.637318401093
520.8216046859852
515.2696531860869
561.8456959043746
509.5126586938267
512.8904450494166
616.5958676102375
568.8430675900177
640.4840809553446
638.9830332211644
513.5101312175974
503.03238203810275
818.0357936657067
602.869365331739
631.2985030994248
2231.8448593283792
558.3541618986836
818.9369570427529
1521.538041597889
702.4676749758253
577.5081039839419
808.0770736589842
524.8894410485698
798.8077049259277
542.7021529602425
509.9093487278133
528.7625171056611
575.7398580173865
520.550510000743
488.9409792201583
478.0880890736296
702.8372525757806
482.06455352807166
556.6820192980099
760.7547536220638
509.2594749317162
518.599804049013
753.2149166264553
520.506509898498
482.6990341846685
575.3798172236305
507.6700921164611
478.7340035068844
549.2484599949457
492.80261390829025
483.6274527307016
478.3635554026284
488.6474653039024
478.60239092125573
488.23763781104316
481.56758253212706
481.81447730364397
480.2064579253778
479.93434839471246
475.74947918776854
483.5732928812618
483.9856319845699
481.2840503250112
487.0635894885708
486.90389920589234
472.4441229792511
509.60286271806547
488.4771284092564
639.964034777257
470.14461579523663
491.3236003791749
579.9068337576252
484.0098869486336
530.1752721621303
1181.9337705021705
508.30549645630686
514.744270247914
1206.7444046957314
466.4137282085071
1224.1951748498059
684.9563480289421
2394.281902329162
1002.9277559624655
633.9657808207259
2044.7541461675196
865.2757874748831
509.01134928608104
501.8966969015612
715.4781278278639
547.0664204422058
471.8311252705125
496.25195471880244
479.7076513470987
589.0705294384124
567.0750337026575
454.8424779725667
524.2189555581537
485.52611408785225
535.1265524191892
1288.4510859543616
445.0614078628617
449.34817759233346
1063.600850316192
2737.3758950910596
500.54707860555317
844.726476035909
2740.050770464991
418.48156177938085
1010.5326167228048
953.9726216609221
4487.994560375624
1052.4588749914421
1426.7264408642848
3799.8031088596135
1581.6088519436248
529.0709522989665
1701.105023941815
1223.6885434512474
502.9814949771664
1208.9988857960225
933.2071421904585
452.55794855719523
476.70452770310584
747.2987980655241
440.4457196355402
379.8233597527031
1046.8610520284788
2103.038781760352
363.88953132982573
479.7502378392735
2327.380756718268
477.22740897675715
532.290738462956
2949.1633376932423
1002.1657510914691
7056.259324213944
2502.747329940533
1257.4753050635063
6882.992841297755
1114.2127757626633
1340.5746887490498
320.31736437326015
1104.9719147902742
1500.3324716020588
495.23484478668684
397.788455886614
1497.9555521166599
10143.69266011224
332.7469852879746
1721.650050075966
10802.644925312792
1764.2949865558687
771.1229513893392
633.0761992507588
2118.971606500822
554.2250644183621
744.5044053262344
1204.3818720333413
335.5975878121965
341.8777038601255
937.5963986353728
341.59362256375687
338.16793599233347
335.08870882644675
495.50391660573933
334.6899097357045
384.25274850879197
383.1173967561641
324.2756086390189
326.78230742949273
331.4654427389942
319.3393860981286
390.53233741785067
319.1162775218642
325.269685935429
369.6199840298035
368.6220979197224
320.72262202578634
370.59091765547396
339.9357396554693
330.7886154915951
328.6390297326406
318.7391327995713
344.01717580253927
324.81344649314576
322.92781030477295
329.2001475943337
378.9713804040983
359.74392455302046
320.0234644183391
405.0988706015269
366.8310819215431
347.5725651662175
327.090720604165
323.73899988095116
335.1112444896008
324.41633030294724
324.62191008064127
321.33180035726815
323.9128695779236
319.7106318214851
324.6043682690604
317.013372921046
318.0800937221542
328.00137254418235
339.20919282820995
324.13742052255
316.1644682596375
325.1717597731755
324.20801022438525
322.7367892011854
428.21196582665823
315.9770522759397
334.04646351155804
407.11958133727404
339.68936162317675
323.8825862027342
550.2223317416216
476.3694077344977
439.8556744467354
405.84257963977166
612.989142676337
342.383302128635
335.22381735272836
408.4630764918073
336.6801061017348
315.4932381312577
325.11459731041447
401.15701202571
327.0807920066636
379.08725792176926
626.8567387692399
337.8840979735008
345.440034738865
627.0918167167566
356.4173553435209
358.3265233460293
325.18665682255084
343.363814350967
351.1343607379711
333.4569359773013
316.8581165103458
322.4828497480192
338.84624601232855
317.11870700683505
311.6923082714269
340.83271840248426
328.6230863612655
321.0792426138335
477.09562839248497
340.86574256588193
305.3298406974296
433.3144020829971
485.1617608295872
426.9151585748758
489.8051796635423
412.8670443027776
401.30213928746986
429.42646695571926
377.62738334548413
320.42942489062386
306.3569462458655
338.6707400911885
332.30682520349825
326.69927582907155
332.78230919984344
308.64972827789927
316.52410465293036
309.36403690523423
318.8356632348165
310.2971513826981
311.72060539826873
310.137694571632
305.1624853826008
303.43499264928005
303.2083255061499
309.24539523085014
320.38575539922823
312.8483568318763
302.3930722527352
315.5368310546206
309.4568719751307
305.90014166824614
328.8246872178765
380.20384358833405
391.5142053926423
321.2124508828923
353.87789637749455
408.8288654901754
306.8165906632776
309.1339998364665
345.8213267241844
307.7715085711224
298.78351240075176
334.71232052308096
296.31074804885526
390.4300063332891
323.91332892914374
312.7761731863802
370.6804548485135
327.5153546108723
492.8285401835446
316.6996646849864
554.2071448809955
410.0258623939788
299.36077920643595
676.7384575296652
374.1137246585834
308.0975617528098
334.24683718422983
330.8057010522183
342.06171753764744
293.6403177694575
329.1673134360627
468.85809552696
415.70796678207165
408.034656862319
353.1169634729104
521.1331801773997
325.6996239188606
355.9437431006572
314.47519729498896
390.8289553357359
294.97822928771853
388.3135999707805
291.9341398193839
296.57389250058446
288.56949256467357
317.20509016725924
292.6780618172852
327.4820119198432
361.92598525425336
321.0378839623061
287.87305132553695
315.41218981418206
357.10987810967583
292.86118283580737
455.70651965791154
323.7442464291954
585.9182672239314
349.31428027845755
379.47299467427723
423.65233296069994
330.54757961205416
467.78367408616634
293.8126307180326
276.4231762375904
359.3364222581099
288.6891773457863
477.68983803141043
318.1503887652093
509.0830459920294
399.980967398014
328.9669069778746
588.7511928482725
292.58096404425345
358.6942711775929
291.6602751212094
270.45449593743683
408.3723849598903
276.5482276272264
505.40284151117197
449.6507528623536
291.744388449682
457.05388910925774
490.3687562806038
308.5667017387915
345.01211877524594
263.686848377889
327.44389651559726
322.71658611633666
285.3644203996871
309.5701619332388
416.2594809377453
317.0875240966802
476.1931228946425
437.5810490024036
351.7398630580606
535.3519569150859
332.0033741694679
321.77554057682045
265.00411518762104
358.3100802348863
307.0145645531571
287.0448861648039
273.71417747103726
264.08786610764946
275.87557070545256
281.9568230241775
266.53932191127603
263.7869462964393
261.87986290706897
270.19874713108493
263.1192313611345
266.6725329587264
265.34743792929055
265.86153741540795
268.2092540718425
265.3777414246887
303.14408356495454
263.3175241217129
260.17284257030514
301.4900594141272
342.6180502488576
259.7972031205496
273.83636311229725
364.17074784030484
268.34572619646747
256.7138423604398
279.47816289583176
296.0712248604168
615.5784595220982
269.3596207950892
319.56179395124036
496.01795063108153
368.4983479779129
301.43086434965954
260.19341237652816
310.1785411952147
357.0381498893655
262.84303370682267
304.67208661454674
255.91682898640926
261.89904062126396
269.5348328420279
260.63240782583534
253.73228862978007
317.251870666521
261.40747626466253
295.9377158030762
286.0015830098238
257.8081780654557
284.27806055283787
282.259991417689
252.69324215929973
263.913715658055
271.44310703732344
267.5883503009042
253.80232384826812
280.11598919622935
289.58467259956416
291.85005424220293
314.60886078945134
254.16956106299148
261.8406689845368
258.59672048601954
262.784098484621
250.12164718093968
288.92638472137855
253.9189060214606
262.4872222083004
266.93153346199597
305.64482801923145
271.619538345418
277.36818850309476
304.1275493088417
278.7245286127429
269.9706893713176
256.30332113643186
267.6190217964695
262.6184632260502
253.9958610020241
267.0391485373009
254.23662490013018
249.59860979168366
253.01113110582156
251.6299056952571
251.03900227493304
253.4543924762274
283.5301894312177
246.83232638832476
253.59525519903323
280.2005778214346
253.4168676628699
250.89195325441693
265.72605358475795
324.6452062922884
253.13378003457527
255.08777838086002
328.24076497386375
246.956425784235
258.5696694803057
258.5789802145927
250.32658696566693
259.5821751597716
263.7340862643312
244.70747928332352
278.53442400056025
290.85154905895257
335.13418482262034
270.0579461499363
278.7329263424418
334.61284472124083
246.7986435539788
290.80729612475704
245.3867902824141
247.82803876543167
288.40711038648476
251.15405397076051
243.8550451868
248.89850406839867
245.85664832469425
246.40517590673718
249.48649756248432
245.6895521623514
247.39087016341125
264.26399141034847
244.83316035593953
244.96105778575216
274.0185099528291
256.3983488954277
249.9495512109337
248.23730067618445
244.58665295026492
244.19774689956452
245.48685636727865
243.82981324091915
266.3276241586971
247.68798270439913
245.52644047967422
247.3117959250402
258.7500958979469
244.64785544136456
252.16106860895317
245.995327707708
246.62258697133086
242.37314791549807
243.58641308059384
243.05103843044023
250.97891076450773
247.41092255161468
275.3598403590898
242.0338497813868
247.81321619651976
260.8994961835348
312.1821225924365
251.33298483751716
257.26218473062244
279.28701625155475
275.73022642398803
250.59428416816138
254.43634564102706
244.01243503990224
253.75404952966858
273.4056987871442
240.31565150166034
241.31512246703937
266.4145819511726
404.11327026008195
250.20705585867373
241.71102714695067
346.15910951931795
237.00535418127026
263.6647782091274
328.89231933789915
800.0191082843461
266.0191041842238
286.5625236401171
743.4510129706141
254.45305601239613
335.6680545911286
247.48317402444357
253.21116673980717
307.4294555243127
259.12318835931416
276.29736464961275
234.99772047197152
243.12434491850797
263.5833551669465
244.97911283435272
236.31296869077906
290.13439322799496
328.6969343655685
242.00702829057752
280.2412423966548
297.2307016615391
240.08456341455556
280.7503450896059
237.19222187961088
236.43574925837538
262.2466317126398
233.263392824445
235.3249184091926
253.3329034437488
241.10368029294568
314.42994859717896
265.8387315473268
261.2775766138852
366.16921438374555
236.21642657321124
234.70248414836396
244.00981731427356
244.59244055728928
253.02425257076808
267.1024344870533
232.750343633005
233.25832397252992
231.73904960051198
242.58636180943222
233.94324068599948
239.58793863062164
239.3003633194892
258.0740520327943
235.64170616892318
233.85433772480198
254.15772289836315
230.59438466099763
230.48278125773015
364.84058987648933
231.70069840145032
243.16050549575684
343.43000487746167
240.15147836642782
368.7190815117929
475.2157142294138
496.6709448940615
423.08585897937735
368.215798755851
629.2880551931582
322.33802855487255
242.4152482291214
261.9853785808275
263.2759596879145
232.02673979076036
241.4433738842991
254.29265011803082
230.05404169281786
229.78809194024683
228.19599726240904
242.12489557553047
243.5978169172797
225.0462812905214
301.40835946291327
276.47941761832084
242.82374074558237
254.06986488021982
323.519167611688
374.9441009552458
261.67776754832755
602.6362860327396
332.4856402599158
269.73484725366006
613.8921576033006
260.78052631760636
306.02545418706313
235.03746188739402
276.74148176078694
294.90076682272553
245.9512301304876
245.32458377839626
230.1030958393543
229.7682993550733
238.3693698395564
224.5158497901636
227.04164809148602
243.2190676617429
246.92319430674922
244.8195924363304
282.05688836041617
266.7149139761099
262.81895463797315
249.99522258284398
223.50809147000214
243.5731148135538
228.73212928453088
235.98691379569559
233.3829088865903
237.78441079029258
244.8195386385886
369.96415529910206
228.172040851465
250.43972183909915
324.10420799054504
230.26362147526882
245.18903934187168
220.9641829093391
243.03137790850417
229.81266792137774
227.49288972480153
232.56824325988705
321.41682036907076
239.2382911393908
229.80304113187356
351.6218880308787
253.05126735304185
230.50793269749488
228.42446209584327
222.36438390763968
243.56257202996085
225.66454081433955
226.2803923164031
223.3039057722119
231.55974002952058
220.5866378002669
222.23164077324986
223.7775046842392
221.88212803228902
225.90145288508296
224.83572418319687
237.6103434583227
228.7688311504061
226.364418711313
228.22952346170337
222.19347810227103
224.83722952804214
221.3332664033259
224.81942949649192
220.6579510431554
221.3146686676233
223.7035670981661
221.02988252822325
220.64284354588904
220.75915993845518
220.22739559945703
221.60914070053877
225.10713119338357
225.15012017131656
220.88659295388342
231.89591713996103
219.4983953484495
220.32131956151818
237.01574210399204
220.01833643799995
236.35615184452877
224.63705760828864
220.6503027085878
228.93119790403793
225.6850957530312
219.15721910841094
223.08831727330556
219.41588288563048
220.51636240599618
220.34718086317793
218.27840858528057
237.79812185505708
237.78094433103473
223.91611702773199
242.7804184925069
230.71742990467754
245.09445253421313
224.2934226229748
265.133942674035
275.88554166510716
212.96092452173082
298.91570141349524
220.82737778803866
706.2477178444022
270.7274695898069
251.61437792918875
769.7874423933381
247.77660326254545
271.80649869782127
222.23559045813857
225.3246732363739
298.0172943191844
224.87564985777456
216.07515071074693
232.00846853141323
220.94836889600776
213.81011914573472
220.3126193345976
229.8362740143471
215.17338805207467
213.07608956468155
215.1594981790891
217.1181724556247
213.52689054579932
211.30545553871488
224.96728348090696
233.7887423449548
218.97588899303506
214.5829465426875
230.2403171410497
225.34304817363937
215.86314552449426
215.95088822401655
211.6787768877312
212.62838637778012
215.0661835044668
214.74858572143347
211.72848799320977
213.91374185256512
211.5006492683086
211.71818406794105
212.36024368893504
211.27394393552612
210.9834458886665
215.84862420852036
212.88906224451097
210.0761737242775
212.59778578960592
216.082330840722
211.9424332623803
217.6695108040646
213.0887659110543
233.0718248399812
211.12260862556883
213.7535053497666
223.67837827105177
217.73340945657935
211.01003110967585
211.26721727165827
211.87270296813
212.2497653989331
210.31882767758663
211.1024152341007
209.63785699599362
210.99601905274088
210.16261836105363
211.74627763368676
209.62808602849884
211.87217450729256
211.60638720365085
212.74458643288997
211.1876674632927
210.6197766851508
211.12911840597124
211.15089420050643
210.12667856535376
209.99713118551082
210.33623605700146
209.52848561682944
209.70193056460394
213.9546409117837
210.16661668539086
210.73272706967592
209.77367475644218
210.52332810270616
214.27930813891018
210.84296346693594
209.59670564827368
211.10348478015132
209.4614706337816
210.68115709718845
208.87872808286693
210.19142386189753
215.79428877746247
212.50924587840805
207.94876416708766
216.731358987066
210.5187664093003
232.45841976221922
210.7778360579123
212.07720931621324
237.20033784163132
211.543893493471
209.58671229991586
210.89814819935137
211.23863920943796
208.6146950026809
208.77552817559226
211.53013050719875
207.8545726804589
210.58705540098052
213.53986399423093
236.26130323718016
209.06000711514858
215.8810024159545
225.58569894931517
210.11333789360324
206.8785716565702
208.11821129330679
212.9323144622694
209.69623174663488
210.7872496976066
222.09216644232433
223.39309322767483
204.8823924605603
218.74284692215693
225.60637780478442
208.98663285748424
208.45960010999815
248.91236855615148
299.44923413082574
214.43175019715193
244.79637791403215
294.37630023102025
224.0472238871783
206.4240606113923
212.99192053096777
223.30665449001833
209.98310487413352
216.22987685858504
206.9119880485617
205.85034945284914
214.6550927228859
205.60112072388407
204.19554552351752
213.91046177671848
210.7488941808373
215.2340819567906
209.16045952524303
215.87700170620354
215.50618029436495
209.67883304232362
204.35336281883633
206.00804927012126
209.30329721086315
204.57429826115398
203.4197789099585
210.3042985841226
206.19520186171312
205.1821160654771
232.5655085344249
203.03533523570354
201.96223597702647
244.6441022017419
309.9555601873538
213.6399088548665
205.9657098942981
287.43220799840907
217.20207254407637
201.46257890664958
686.8307592639694
281.44056120382874
267.6662037383611
667.2625193510842
287.26911268734426
221.6962742117415
195.02932432730228
299.8511866348294
242.90929045172624
215.29247450876423
315.93710630194226
241.47988981357042
442.70162071874773
375.3567893183175
365.2423429834362
406.1978672964403
416.40725708772817
317.01858954910665
294.0390246865372
213.20446100215764
211.2743023124409
264.20030122753786
221.99396645655474
203.1699901350305
197.6715607851842
212.75411770710397
195.15307478494984
209.0273381814606
225.34637352201037
200.05430188483712
198.88267924107305
195.42936549223927
195.9283149513062
194.78346515814397
197.9640126318045
202.59846634204519
231.3525257325316
198.15191034044975
198.28797625085468
220.37751093599903
193.34053972482315
194.78529770190846
191.6156693343216
302.77120577372676
199.2743541756075
197.5714195485452
322.4495372326689
196.9270613598467
359.68149925626625
379.3594132219429
258.90768548506986
296.3000168550916
321.941495154763
296.96014908492947
221.1260208649668
291.36587388209483
208.23231114774188
196.62389007696362
249.58272237407937
230.20466606910796
191.69479906390376
214.2931182984692
190.2306836809563
192.50088372143722
243.69081170972171
196.262189516534
246.7218018173718
264.23187025215856
252.41354808719942
226.96436530027347
279.804847980629
226.82247719550276
234.6209998564077
197.7977681937135
197.38032342196402
217.851858936166
200.57016096465384
189.6245465022468
230.79269292230447
312.137076354032
191.2569928071688
276.793826596301
271.27200983671014
190.53383348579328
209.61442132077843
197.38228401746142
196.20241618994405
192.11365595090828
187.8088722532858
209.4437278239684
233.70503994192902
231.22512480882557
209.57795981492657
219.9497046007199
221.21374673165076
194.26373428891478
190.43129223524878
239.4105220116697
190.77420069404943
187.94378130980732
224.0449716942092
186.483949211196
223.60281457893473
250.54093842355974
190.86402513335335
252.92498956932903
276.9311207718158
194.67362545028323
188.44672844846755
195.38467352169502
214.37854965351576
187.18977697706038
185.99239393681358
233.49777213831578
192.47693098070621
267.7549717504546
188.50437316420138
214.69731863590619
233.65058497954647
203.55447474731125
184.31580775662476
213.31577874397456
194.10421046712167
193.24338846217057
193.74770787256193
211.09665596061518
281.4720349374288
186.71024146965314
214.64807536778827
285.18264924238355
183.43447557689882
206.3225433947174
248.82875629421858
309.8608257524817
399.9625806033938
231.0613838094947
329.23398521141365
395.06929715913293
187.34254810719364
209.03047246409366
291.25980295854185
197.1167357410103
202.98071673815775
280.45085329323246
190.20012391265618
192.4885867531039
191.20849604283774
186.2771700653869
196.88770707934287
188.87925769150334
182.95805514263097
189.49189559539835
184.878767874619
185.000012841871
187.6282769911925
182.99102758264632
197.5068847712376
194.73913708751633
194.4777055655611
187.65589572972297
197.85256196018685
187.9147199388467
182.95287736923194
184.15753451978964
184.06427609444125
184.28917611931845
187.59394746050904
189.10290865252367
184.7119973786614
228.52171036860298
188.31105528161828
181.8633289575616
202.9843827866609
180.87212207849214
221.90902871049434
250.4096665531267
184.5690807776259
215.1517541222567
247.014617051081
182.70401148644416
183.3837739351137
200.33331491887196
194.48575253862916
180.7671569220416
196.6915203348898
196.11396548385127
320.05435238280455
199.01624767508721
204.09615295947654
306.0214374487311
201.25768530976495
191.31749933852387
194.67019378175985
183.53790637724333
189.3408075050139
200.54763316876995
179.39997285732025
186.20655741925538
255.4663592209247
196.68314877837832
184.25252310997777
262.2029033598035
201.46434806572867
179.5731796960781
194.44007858757826
195.5782807390506
178.79264464998678
198.2810282703154
192.9345601511492
181.04607675000332
243.79797251796398
181.5049025551715
214.55514135322557
231.3382604370664
189.02701882380094
206.51404511066295
195.2247313344236
187.04922066326995
179.66640510154238
189.15745790865606
193.0526503753416
180.28750624796783
186.569343973213
178.881297971239
180.63869916142428
182.9628419130798
180.5810552826317
178.41896386032803
201.69427695243033
186.43588599272647
182.41027086073157
209.98725603910816
183.5023992520596
183.2482100072053
180.6283234009769
181.76950091481322
178.08706967156206
182.91808810440148
179.48334231638015
179.84582133161263
200.0450068104734
179.81276040870878
187.27379069213362
206.2319752422673
177.16996233947694
192.65478359175833
191.7985999747888
361.1853721944233
184.85509137926655
191.99335780944742
376.29207686385473
182.55437433610138
182.23191006666494
192.41634904680473
182.4065410229058
186.49537313554262
189.43981329448073
184.46818219966332
179.42188612940396
177.73822627957165
177.96011937505085
180.60470914409865
179.42181380938774
179.63665201896865
176.9655640784286
178.58252042100605
177.11620237577705
177.77714083922316
177.74501437173834
177.65337037492097
177.96290827922235
180.50997441100438
183.64136371506916
177.5747174267087
178.72994794532033
185.6255252252906
178.215706406587
177.32692565345602
177.68055429537344
179.1769057669092
176.691197202955
177.241567109853
186.45901084637052
176.5440518977168
177.38368673996996
186.4268593713274
177.4389716886237
176.9556937462682
210.23843604236518
181.62101125429942
177.2843697994415
215.17241303722787
178.00352591153742
176.53131350035116
187.66920357974058
179.7943663453538
292.45595585867835
179.16007656856988
181.01780836832947
293.3752128083812
193.78187211998372
187.27263732022598
183.81938199215162
194.04336388867685
183.6971879421631
181.0156480424357
185.74432631022864
177.7315788103398
177.76042422602043
186.7089963224343
176.06465521229802
176.03531949031125
185.55312159646317
186.0046249698456
189.3884746350428
181.68026703849227
179.37668553863548
181.53780154012313
177.21270510815074
178.10470702429933
177.80852553963675
179.40544168527342
176.070298729202
183.4491709973481
175.75143333956584
176.06590213280464
176.89553629285783
177.73403360726226
177.7223542088381
175.47447415776037
180.8054587185918
178.28664276102674
175.77694941439785
182.10934738474614
176.24241681715347
176.62984659400712
176.21666075442252
175.7390553254162
175.87338444356132
175.43261096510872
176.46404661379904
176.01112769256804
176.17618989721342
181.16210063405987
177.79942787002943
175.61831100150923
177.38716454413566
179.89583104449474
177.33555678580987
175.68369861401047
175.9503360700273
176.1074886769732
177.90734798412348
175.27018920188868
178.34788165815993
175.7552540177512
182.59278763295725
177.7424187597215
175.3596982240566
181.9014782021692
175.47834742267213
178.3051861669536
175.71565593975419
175.29016248105907
177.98723430747344
175.34536356718542
175.22754216003761
175.4054360022359
175.44992619662628
175.35685963475174
175.3328353624928
175.5597367057421
175.8306670794641
176.0524475529064
175.7282697833965
175.85364108925577
175.62717367955477
175.5854594578924
175.472095761696
175.3970616801443
175.26453684785673
175.56169131869171
175.18869822683925
175.25159799681757
175.78728733955782
175.57563441592106
175.25737383900383
176.76254051609007
175.90610457840003
175.2651652234996
175.3357242941104
175.22444161762687
175.40273627420697
175.222725581637
175.5736604553303
175.11694389334943
176.48353882091442
176.12816350390344
175.43783120532933
176.86268953955394
175.7265726721696
175.23967380068274
175.19723167544277
175.2317457277814
175.47882768729767
175.10774733096073
175.05319855238866
175.60929239180788
177.9995225250765
175.27401030966547
175.22392002037338
177.41717503726758
175.24850766880832
174.90919439815283
177.99534892142648
175.85111716308361
177.01004072975155
177.62955656252652
175.4192416421924
177.4501338777288
175.04382713876706
175.2654347604737
176.2788759314355
174.88584438995758
175.1296825499171
175.97856201618754
176.048211607505
179.0071529773925
177.14616071899462
176.41948547314615
179.46495387887924
176.5951937835814
175.63020916774187
175.05270927292995
175.89666819045968
175.31501215016758
174.88926055479087
175.86003247915014
175.13513314440294
174.98437552569806
174.88127919778424
175.2919268941764
174.9013876049419
174.91867781884957
176.87979653851778
175.19738829044394
175.2452283658568
177.04256938385862
174.80007643230644
175.0707403458347
179.4698824477119
175.51599250085792
180.318942232096
177.45490178152195
175.74411634456726
177.84813533447496
176.35513492517066
175.09594526350082
174.95567705995094
177.9890900223248
174.70722437687337
174.6532850501521
180.6211773563146
176.08390963704534
175.41880095749298
183.60475473608707
175.7282351285036
176.15081353775997
174.86882377624678
177.1226977098726
174.5855312797977
176.0401468206411
176.0004710193999
174.8318979780126
180.74470849976862
174.87318768040922
177.93927091962505
178.78401784190416
174.94462209660696
178.25744381286023
174.6349900586973
174.85975129824752
177.74414325062423
175.12208772629015
174.38465399999714
177.0855433753415
185.39081148702664
176.3474695454268
174.70027660149762
184.49464271163745
175.6412395440195
174.46622924410286
175.3256728663055
174.67207351695447
175.1198797519484
175.16636519514927
174.26110472415235
175.37419863209269
183.76758711029157
175.2378600122105
175.81905226703896
180.8598417335392
176.2697183492975
174.20198662503822
216.77456433002524
174.50502736329395
174.66043173161023
203.0014774505135
174.58136091992807
175.7299917207129
175.16745352973766
174.51375982623557
176.52994585757213
178.36855530261204
174.38941597744503
181.93484714500312
173.92266591522542
179.29432685749165
174.5346971060827
174.77009927783973
175.24384013169833
174.11501276165828
180.2501940317261
174.1885751079692
177.6616026021592
177.56276974655484
173.67446644370563
176.3464611499728
184.48606568585956
185.6707419542401
175.66218420209847
182.6216648768795
182.2748932087452
177.80687489331748
178.19389819447892
175.34094731813434
174.4876067359219
180.12693228321962
174.208982073608
173.51947720848042
178.82963048445004
183.7816001636392
182.62503852109268
178.42769767508392
183.28938459355032
181.34844598132076
177.13127958251994
174.45208213517475
174.85278188074693
177.4215955526754
174.295278511595
174.24703755693795
173.52755696380117
174.69201486991255
173.83854843801183
173.65772039759554
174.86067142483574
173.56128280180658
173.73779371895998
173.67361522444745
173.63007031051745
173.6595473855773
173.5241437055461
173.5933293381862
173.61216650504056
173.5375536453086
173.6431780052332
173.57976372903767
173.50572226960182
173.5480773826325
173.8678562002602
173.60553060921637
173.5842567085981
173.7315456188727
173.6146148437515
173.73696795766784
173.53558131582605
173.5678199430978
173.55674849376996
173.50074502309764
173.5605274301553
173.4888403000656
173.62127780426923
173.42329420939478
173.59111841805728
173.83515677466343
173.57510044468208
173.757088511414
174.01921897789043
174.38544786061277
173.3163266501931
174.52463436297776
173.90366845656672
173.7634824153199
