3.5290156820803187e6
829770.946130771
900560.2951880838
879908.229798292
8.058423883353395e6
3.493044685953225e6
2.0290771851102663e6
4.744679916038233e6
1.0319249159944425e6
1.6241018307583497e6
1.4894417789443156e6
879359.9429836544
2.6654377349738763e6
1.1496351139808304e6
879908.229798292
1.1179787188732955e6
900560.2951880838
2.347424680023384e6
731480.9271209938
638329.8275679856
1.2240620593549788e6
973502.378316328
1.4118776240496458e6
637694.511048067
955820.1877858122
735758.8376342597
554463.2682828159
1.550689628427621e6
1.2557509340535013e6
786759.413874184
3.2155121632975587e6
1.0108849381710849e6
165229.37430683803
4.188487477493273e6
2.8092328627794003e6
2.719218590071099e6
1.8311499366443813e7
8.216410359418876e6
1.634065743451876e7
2.4394966346728858e6
5.5560096309991546e7
6.7365272493098555e6
2.226676410905764e6
1.9394966871751782e6
681335.2972386616
1.2803722782194768e6
276087.34124198457
40217.06884027186
5.101402272200477e6
1.079561186390777e7
681335.2972386616
6.158616729604263e6
1.622996850978297e6
426712.40427609795
1.1733615625048506e6
165229.37430683803
625188.407890685
1.7019687912067424e6
157433.86142577045
1.1355327470458006e6
212842.14119894704
521730.90301962604
64924.22511685544
238596.936326886
257427.28866867995
75190.84843552657
82855.74173226763
107285.37095113163
20361.54570254633
215232.52516394868
63153.00651203019
79382.85356203937
321099.18482739036
45410.236741948145
268804.45476375136
397468.9418904513
54080.35235298797
180177.0609403099
285554.65394128487
51522.30963059533
29014.24373414612
272257.52997451514
11648.456726963335
26350.15484115091
369000.98241348134
28355.240689370792
285554.65394128487
272257.52997451543
61530.75895409783
114316.40873444546
140633.82149635596
29133.254066982005
60768.65958192423
81915.71957167996
85999.73585087468
23478.86387138113
43052.68824852378
35518.333816646424
17274.860842604197
18866.8251387823
10596.538753217274
10165.924209619017
90466.60632717198
43731.58695923215
18728.934073247772
81915.71957167996
66931.2776284578
17274.860842604197
31065.681095098444
13699.976343420358
15878.645863599184
43130.64081992103
14912.252961731094
15630.102047161186
15986.362475293514
12093.326205153184
11173.537384993715
13848.640786420454
15541.555824793228
9360.595198060033
11853.3082640269
26424.205919585722
21288.59849832494
9001.530474750252
36304.43540730918
22834.70431898066
97023.99628656048
146693.13640900527
41738.47650647394
107336.36146053163
160910.01407255
24817.64067583728
31052.682562184284
16244.413486728372
9177.848531696469
40070.03275886359
14523.038029004116
10101.535070556101
14160.646908690853
12968.201601985558
10510.777726270655
9780.195871690607
12101.84033196679
13406.65754329351
9142.05433192206
9986.206117267688
11304.62912449398
9002.704697811905
9612.502100693277
8952.029576747611
17744.63433901022
8898.753908368455
12768.39825429021
12026.566483034365
11923.153580559994
7636.909091195875
22040.17091192875
29127.30803089172
12187.547497523561
30568.17566107012
27037.097925381444
11018.70177696636
18349.269971179405
7171.9355787991035
9695.645143034992
14419.420368794898
8791.848421896704
12892.42970643445
8673.930081656357
19939.6378777635
35667.62561230622
7174.837428439041
13846.862739209335
20383.92108075614
8464.246408523593
11721.723683876042
7184.218299917829
16664.09661122762
8002.713817171647
9958.047041183283
6488.031455329334
6895.220766388761
6859.1242223011695
7939.910444666902
10333.220146285837
10644.35537854814
6482.371634665368
11122.45967962148
6177.284357170216
6963.42587121734
17621.361043600486
9422.852026849112
21827.76319168621
7098.468272010423
46220.80189703431
17677.304292981626
12486.453260686538
30652.692153250522
15407.907409424091
6160.385845515234
5748.694369680304
10896.132584489009
10329.210578589564
8413.088641058346
23173.005476394046
15482.582115813644
6329.70997447771
22303.84374613493
20173.363368320548
9532.422418969089
9682.354123775598
8908.555060365463
6370.180661982948
12845.801916155246
8669.302982399675
7657.082326661011
6890.692442119808
8441.817041127366
5562.987934688891
5589.456726639878
7327.001607805051
6052.683765774786
8084.626826820089
6855.226170198661
15041.085786698719
10972.863766974162
6732.881987637106
15778.898858852304
6233.46505177715
6779.574338688884
6046.276196295548
7020.009609902949
6449.590387807701
5211.95027655117
7098.949838433166
9408.149133607069
12910.141280214119
7963.038162832
7939.237834069883
11533.242038516171
6341.419110379347
6377.795824564968
6153.202486204639
6052.412566179268
7003.633202317447
5460.942293185799
5987.713638644261
5193.678065989525
5062.294595500936
5893.271735484514
5542.294145698515
5391.393964637269
5518.738824414383
7698.0346248219375
5184.2728462945415
4715.458700372635
7969.144055871001
5150.868359492055
15744.581795843837
8669.410698876902
4468.819690681592
18171.97432067112
8803.749133734902
5725.162377868884
18335.87432493169
26940.627337954607
5265.461633127045
13425.338029082723
27855.164061079293
7090.887304351689
10346.007055699241
3886.910355265291
6082.558679895074
9515.657676640978
5336.6663241433525
6904.35183001974
5904.692217840634
29755.166331320295
13378.892245190093
4156.93847034053
35652.11175756115
14079.128305987519
4045.829211695433
4326.210852921192
13803.944500638343
4867.769579371787
4979.114133274814
11906.615612173455
5626.686542785429
5074.409793788113
4115.983034186997
5155.144936340118
6351.243321612112
4324.759442248959
4012.2954374202504
4697.707421438065
3757.8149102895186
3966.4958476025217
4374.663105397213
4275.863865878465
5471.051968335706
4377.077635468796
3515.433965142586
6575.671373288724
3668.31740210114
4162.061766074713
5476.74750649542
8717.300040263959
3949.0974018596967
4536.380153042245
8501.344825929642
4275.168423804744
4107.491052669765
5311.1681688090675
3920.619761316331
3541.119614166039
5626.382344170159
3771.3884404731884
4206.692385717993
3457.024212903557
3665.5123344217704
4104.524532715269
3690.9787254445428
3691.8680598989777
3359.167839202031
4970.993833968314
4914.035951583051
3701.593696057126
6619.849026324509
4388.803327994555
7522.583597466194
3945.9609117513182
5010.476094867168
10703.477850821379
4151.78717582401
4074.107902747838
4100.262317924189
3438.8600214663315
3084.598877365697
5633.309571700583
4003.58996943907
3702.3121571888687
4226.817103822746
10475.934361643427
3165.6090236575683
4401.844115018375
8148.097618006945
4080.915076624364
2881.978852240415
5052.786778959178
2983.9889068845396
3656.1545449489663
6204.516581830856
3555.339512398941
7395.42434013886
5736.6339601351165
3507.2505409478254
6130.471712927593
7229.794188565115
2471.407463992461
3994.4046495659695
55629.25316690865
5427.899750463501
4956.306118962869
45090.81507810218
4572.279403782131
11071.867286480172
2542.678601299127
2531.1761067916577
8858.469229476423
3705.7482087840613
3864.68253641418
3998.659909820164
3209.430914144825
2998.7380275576525
3220.8278049771498
2370.556769733103
2576.9428678507647
6220.522400149141
5294.232504517931
2575.3235152878947
9794.697440261223
3928.1080205791463
3109.552299568421
4485.88881658749
3529.066019844312
3380.8247890067832
2707.3146685529814
2659.7616005324153
2398.499782470109
3269.1644555038406
2613.418564807408
2526.939552598398
2297.866267910377
2333.1867724921026
2305.430590157152
2969.915662208223
3128.7684238866896
2521.3986273398245
4662.832950460139
2602.065882317249
3722.70494733985
2702.9126418111596
2531.653319119815
2996.2977043661367
2286.4196503965004
2168.837033751519
2222.4810103303626
1980.9292769957935
3559.130894015031
3742.133270954335
2383.0533293249077
3186.6117335922145
3189.0035436874814
6608.569394512542
2177.4146332292353
4449.709534627416
5598.85470866469
3418.839635527973
6044.698045825138
5087.264239604771
1804.4281264263177
2201.7979350538235
6505.10323799058
2179.1400528130216
2566.3206138910755
1736.1826537351114
6597.517418604173
5621.556920066043
2908.3611549141065
5233.255428012306
4253.625460203797
28610.782798213717
5670.275738314292
21802.04823844204
21305.907264969726
12258.93330847275
14763.726875167233
4503.528207902823
1661.6093208111056
4474.329484524657
9159.443061105923
2155.7246830501663
2382.358189770367
14737.37308088707
8628.636245057542
12731.180246280592
21417.224833285025
7218.327868521133
18073.744895775322
1280.8559902691989
1520.274737332332
17032.699571451034
3275.444058547938
2538.9134736462574
12396.81551027888
2428.25095492756
30842.70268551905
1949.3759898665191
3129.536186908258
29073.935817463665
3563.94212108543
2695.3930163412983
2106.560227672588
8630.582903553794
2629.436747898645
2604.6670163997574
9827.944737553666
4932.0849573372025
1355.159381319783
1176.0612199382524
4433.463284843855
1581.9510889516835
1525.1901636798207
1260.7474373500252
2362.9215697405507
7009.408144417488
1602.3027039601416
4490.915207620825
4796.712406226947
2362.291803346546
977.5284514698563
1988.3206980369848
1423.5738928620237
1600.7312354878832
3293.055899142676
10822.088608745782
1388.2951096375987
1309.5150260809364
10737.995991313694
950.3100610383456
1594.0812447364688
22209.954331355093
8379.531454597442
6902.403796058854
15371.935162762506
11188.160987108056
5516.4457707978145
7538.41171639299
2031.8322188254008
2831.837023188572
4692.635291448769
2697.6119156901045
1657.7145579850594
2779.8074522595894
1743.8555947823181
1003.9992469096883
1327.4470437680375
2752.288910174278
911.3916196491431
10456.212286194517
722.0761500536621
1107.7890376403245
7107.897608486441
2304.5586664932525
1666.434928487104
1449.141812270079
39774.29674139215
2702.919158175002
4110.285579055925
45019.67483209461
4519.758313462783
4681.522079759367
696.6777217282493
6331.769088277785
2708.6382309339074
1876.2424786449676
9710.59481537031
3224.234717502612
21539.019567998224
2953.539428782531
1280.6206881270614
27347.875388039687
2952.3845697209354
4557.253269116056
1367.397567760923
2888.1909065320197
2442.1848238708653
2871.894392540453
4113.095017832645
1006.4774804165002
1845.643448981947
799.5460472633549
2032.204453496316
927.7843118279676
832.5742443292297
1217.21349956461
582.842184621129
714.8713542561902
665.7201911914301
932.6225939818652
869.2414216559932
1000.5870815274722
927.5682608433757
1324.7692614512112
1206.6426403351747
1086.9470252935696
1120.2500547227157
865.1605703850513
645.997013330043
685.4441338873013
799.7191206008381
708.9670511980488
547.4098991983127
3065.3870850008648
550.2144274689081
453.0061735049716
2083.056121866357
691.8130902869673
668.1056423044076
947.2361805096617
1068.1634169635781
5197.31689082626
759.9289473128612
1585.7278636419946
6005.92716456145
1786.732988419126
573.5033442978871
758.2342887270091
1416.6575289534494
899.0500343782513
790.5353570954816
796.7628243823809
845.6309871061953
497.87840932230205
550.1632735403159
1036.2425577967076
497.2228628374185
513.8857588218826
483.29700760051185
460.50663616431535
443.8126131025385
473.3196114573015
559.2448272775042
685.4039446916777
472.2101971234045
806.717605343784
655.7613960993131
453.9975751824923
1053.7071612046134
441.2753229916035
451.98159088278453
579.5260131735488
461.85261363393437
465.3326606169735
723.9495821229849
433.2423919180117
559.6149824596681
733.6104758204995
528.1717840841833
938.1523831395718
534.0176101686887
771.8892453673292
2178.6605803891453
433.8763066061533
567.716429573444
2227.104099885163
615.5062763881721
644.881728245771
585.7214342240534
399.3260217859412
656.0701118897866
643.8371714381623
498.86906483929596
772.5758450004357
516.304927792927
3225.024354679791
759.0150687388954
441.22157811609793
2695.6684247974904
547.910661265799
447.15371456923407
462.91722552713094
674.6895454889061
570.0589248856072
453.29278515554256
501.95993874949266
402.4556543585388
393.09426217261915
431.9519314219938
410.6423406776369
446.97884656250295
420.4981443186924
769.1516333817632
388.91616892101564
400.68940194661616
985.8240729592981
433.81803732753
910.6082822755213
436.5718260511562
1013.950438902171
1514.03613542886
453.70902896090433
1518.4559960271586
346.86008085419627
677.0262995448704
388.4262967910413
528.0998363710391
1082.641478796468
566.8866326753223
793.0273951056171
517.5374173796082
2494.620670473397
739.0882638970728
625.3945976890467
2096.3694225131167
673.9805395138949
731.6914429553393
369.8795438498742
517.2045168677703
878.2956549486127
359.6060437347711
337.0878585295868
402.7799983634998
440.7878503089681
385.4668953729318
360.90331632798006
390.0836588627286
562.2897370690604
356.0260841342867
504.46919920072753
702.7584065141746
371.570795953392
435.5851095251717
326.53535861360615
407.83251613359874
337.1946889567022
348.8890303938466
478.3406966728479
379.43246686967393
359.06990114268734
803.6132469736743
494.21311019635425
382.9852131780994
719.5017823961188
625.5976894797654
344.4316067627112
367.14128729493314
325.73992698015013
337.5816447339669
414.12614944064217
361.6164700087808
566.4334824911554
393.30515373618306
389.5875114157219
451.4700336808421
532.7210665930122
461.2348867346459
335.7801990551626
347.58828657773034
332.34603996863086
370.79464374707175
436.6747406479933
368.24481232811087
327.14839504265217
321.78452699935724
324.3449940808969
351.80082421920514
369.59628636322117
331.7247606450652
404.74296087738935
377.5034221269821
318.42526925845107
336.8038955802216
340.4201546560191
345.1041736881592
685.2400696486353
420.04954186147694
420.4160701847935
720.8815727337966
479.2218567046019
403.92199724891964
321.4063961123415
310.04612318851804
439.7323421708838
321.48557064801093
341.0441559844771
416.69454908250077
366.3454013884714
538.3333611843846
335.2980887883834
352.8859847419575
657.6647063993046
380.36717302021253
363.41984146882646
321.07012101848574
323.7531951466352
424.2891684669814
299.938302560336
349.51822372809573
385.8620397352907
297.8436936597928
716.9042978355412
467.4867726580902
335.27578200989046
637.885504089971
377.13869926210816
582.4224225957937
1183.469235630285
523.9468133340043
781.2335955797238
1333.9324866207467
564.7310797490175
364.86226779335635
385.87259746064694
492.78284728830056
491.07036262729457
326.0089506447432
489.43959811252296
308.9018027674948
284.10980103270657
403.101027149178
301.7669391011209
313.97805549401346
476.65897098387234
576.1139816321066
444.44146442272404
386.584797383314
631.6462481407584
431.05919642321174
363.50222152628936
290.6885889095373
292.64305211621104
344.2269646749803
282.74319276588653
334.323773538891
544.4847542327753
281.1834905832802
407.30280428242685
598.5585024122288
332.90390107954835
365.5075589848295
345.19647967808925
1481.5372598167844
377.24695765705604
307.9886131643159
2062.5399419079877
571.1867062047671
294.5103328253988
332.7297798573302
1079.4044579956892
430.6295350790642
282.73284100292716
704.55132333678
275.7927951241405
436.52917125495486
265.9521417291702
302.1623560529825
295.97064053064554
334.35158691351154
630.0602732524438
385.144231845552
333.3013675055636
683.5539319582756
401.62923666852254
324.40455898012146
301.0233564227022
297.49411508045733
312.16877639915543
307.3544370789908
319.2996837568972
316.0545667388697
263.8374228655752
288.5544574707342
268.9338496409344
273.9357416969465
285.78428507295064
265.05590570879843
320.060537934038
276.66441418412273
264.56179767479097
375.31669060011325
279.2146712945459
273.739962929037
271.7676513054665
298.36665200368924
262.97045752233043
281.64102566985395
271.6293257875193
287.958407218322
328.06453985350527
269.082508921246
364.77837722146387
286.35589108496026
266.04564372013135
287.7481947346738
265.1924696665082
280.0581872795449
264.8915533638548
265.79821647345204
260.04148510066415
306.73874997727717
322.8111557795097
273.1558835029879
281.53683015287027
313.5905564436229
298.1738253396142
289.07420344605873
296.6971361624316
265.9617441183805
256.68513512018495
309.6908948428533
257.33065584336214
264.44412071946635
296.22145394011994
256.38400924079207
332.72287211344087
307.2125117736442
261.6430800331732
347.87500194851526
500.79829012284966
436.62862605565965
313.58556932205494
495.60695275285053
411.7044081401404
372.49309328810403
258.710987288195
322.5639297564331
298.6742968760356
289.959372112971
324.6109353754078
289.1334211645325
271.7451123976085
266.4047782791174
254.23125103034153
272.3330660002648
262.66042791704086
269.59569806450924
294.4901418315534
340.98203594388406
364.22749675530844
271.34295677842533
291.7746404586247
286.916008495157
276.01394678765746
257.1978760068482
266.05556052208004
248.76151631312396
275.79328880949504
249.87267985506577
292.1340829109952
259.19877393564695
277.4722180743041
334.37003054568623
252.39793954478864
283.1805103313163
252.75436400653672
265.66953140045246
251.5946694369252
251.4121594713001
254.373852759509
271.4623433189908
246.2634136231752
251.42745207329193
254.1411223166528
256.19104811254
249.1777734977195
248.69549205985618
254.44826817008314
260.0145036600318
255.3650865826939
254.89057789685705
275.5632705357459
255.03991605853864
253.05555141130688
248.79598304086687
249.7263097746243
248.03419619982577
249.49615699440983
244.52075207420046
249.89263850521422
258.14887802863495
247.24028385358037
253.16196183689405
266.6361787166288
244.73480401468277
243.7503707491219
245.2863144590461
251.60592734542462
245.75155583890938
246.52166210481386
247.42968474887306
251.1449908464851
257.4522944005691
243.64917281188465
258.93637037425117
256.5640116880032
245.54068390408386
419.8576304996519
237.13214322955903
273.41378015250905
435.75597254308906
251.35384179421882
265.51961535752076
362.16685720561907
628.5500768413461
426.75156174255727
345.49973826206445
591.4468034290026
466.07259896009714
364.1522963953867
229.6311128122166
250.90136703081527
344.66537448427454
246.3856286796222
251.725769143771
288.5772785778561
613.5383808466787
356.2949974461434
288.26045610975166
636.919699401991
335.806311068069
232.4024519635312
432.46979246511626
242.77776666766798
245.1231507831962
425.31938358179247
248.63673078081803
254.77496633525644
230.29944717079968
228.6586070893786
254.94384529024268
230.9566975345025
234.90153734545984
262.0400181435205
262.54287683726295
243.47891066849775
303.8984556675546
244.84327068674807
276.5581876815098
229.74511381428283
230.21583588709345
232.79166800623346
250.7350655552081
237.26782232289088
248.86091279170617
228.35953206625368
231.47634718947617
228.83428302684266
243.299957417403
228.28522366103863
229.26435906046183
231.67728592060095
268.616795125925
230.6954533890709
225.63417826530002
261.18753881398675
228.72501420979216
270.1292264013057
244.60764799262483
249.46446390991926
293.6981038742112
242.78075166600507
239.3656630349626
244.12845304781868
227.0847737465321
227.1722242791892
258.4819727976324
227.3980789996411
228.67086345489884
225.28770862190345
224.04021837058545
238.45339053649414
226.55995351465882
227.36680333152663
231.01081977600094
224.8568533772648
231.78881084000284
245.93342376013692
224.966464774423
230.8569526397306
235.38641786990996
224.4452856747602
225.88075394838268
228.64064733134424
228.45724723017787
225.5513419672152
224.74629704435856
223.4878295467203
224.1310707429831
224.55216228116538
225.98969123188132
224.10818610764474
225.47904973324788
227.8000919130773
222.36196772939942
225.12389768177638
226.28655713086147
225.28174148685002
229.89527061639015
247.08499008886807
235.35180601813587
228.13397933075848
246.81435510206933
229.34250038678366
224.80380546584774
224.39709913658803
220.70174852812013
231.49013150832658
224.93545318973267
224.5523468521072
232.34263811369206
222.1154666372015
231.60245039635652
230.97759007360426
221.4394873977577
238.51928321439243
230.51010254500562
225.05105144725871
221.4263320335068
221.2029916615846
225.33875024157328
224.70425615965644
220.8881107030259
221.8535453478163
220.3798515048317
221.0323297493714
221.58653428258683
222.04698714446613
220.51609469435286
224.04260910878773
222.22761449856654
221.7458518350626
220.58476584893475
221.7894356904366
226.44013969662777
223.2018373687833
220.16506610756596
220.28468872533256
220.59221967425094
220.7803467107736
220.6030258786092
228.27667778986174
221.88800866568764
219.72700580563574
220.82400893372926
220.696633229182
221.36708509823416
220.11979376915758
219.7335697362136
248.3622549515308
221.79632430521383
222.6642143896933
240.47176420461238
221.20381241497873
226.0195517546376
219.99122619153673
219.8656823717394
222.4871360436388
221.81358142569383
219.68754474314116
220.59172521389357
220.16167386719002
221.52852669282072
220.1289187665838
219.4574441080114
228.37655998302859
221.573451144385
221.0705560966216
221.47203499580382
220.52542398756907
218.74516604143543
242.0076665086944
230.36529299819608
222.39941812715938
242.8231382731818
223.2572164081366
222.70131880835226
219.13053035429658
221.37764506986272
223.67834580863155
218.8525828580278
221.86040004972187
220.66089310643775
219.41319361308695
219.66229923711091
219.32625899658245
220.2529318707925
218.64913625926295
218.5680518479197
223.713226504258
219.61460098790525
217.62000495215034
231.6152168062962
219.0718032269803
219.70967506206
220.51839318268793
214.12911328713142
257.42771185461027
218.39074491392307
223.23297338450652
241.1367902727645
247.6540103416795
298.7031319111393
219.87886985919053
242.61957482649527
311.02878154148067
218.88647258057114
218.78845845582424
212.05609398597608
260.4032308750167
219.53577709505728
217.2070748729744
266.0229284435015
217.8260620818407
308.79180407150477
273.66139090529083
224.29929708777433
328.9312558223845
265.5667761686438
221.7229629045975
218.77440987304638
216.77365433242352
230.27353733646768
217.14588992262634
216.8458373045071
212.13104109168066
211.33550710493623
216.9962434690231
212.4398046249525
213.34570586299273
221.64604988292265
219.43520533133216
224.22000062477483
212.87976761058025
234.7225466318178
217.67157235770506
214.48520114007817
213.93222695922333
209.35228895512145
221.55271050049458
211.39918128137901
214.35590775939244
213.62775539403066
229.88230898520553
214.06585777967248
218.8525566177838
234.90612781151472
216.6814186727529
220.58122288202838
216.856156413284
210.13393475796758
210.75189931714348
214.57221903830077
211.37427087597155
209.67635986243994
209.72275388377915
209.53403024202717
210.3836670237211
210.98203980992164
210.19568345876982
210.26456468397248
209.62215892578703
209.8986755705995
209.51215952770028
209.50698082826113
209.26687357591666
209.29126352803675
209.5296875464962
208.61228639851535
211.11674685137297
210.7362553055699
210.1397865825733
209.82761550880582
211.3640330056879
210.16832982216607
208.93193725395028
212.1333268581127
209.90287326169175
210.87860904203845
208.4060965594349
209.25084236586707
210.8567528827208
209.56630861951461
209.02208089196586
210.05864561099474
216.17883059947673
210.5021982111514
209.8383267419433
210.16327917906108
215.69396372368666
207.11841153162933
252.30547173772254
205.29702675745207
209.21625015086073
266.87015641388894
209.28203345220277
213.33488676033548
258.55776863553035
227.8559914829386
239.61735268627743
238.5991871268374
254.46353020019617
227.18305245032982
220.27609019112737
220.20933517581497
210.2627375726055
207.24224114587233
233.32851301450924
204.88506821921916
256.2871586991258
216.3753116253891
238.44101416362733
263.43866231230214
203.80298947337639
240.49737234491013
377.3591567342616
270.12528849438735
278.81063948845866
448.71032716582863
339.6616079842135
239.68583216295227
203.82522004959884
261.87667750045455
301.924202512967
227.33282885980682
232.17945263724323
368.1322384958924
208.59897512170772
235.4623454834798
232.74109048710767
204.51542351814345
211.28984219395636
208.51113116261087
217.68603960693432
203.9760302215462
207.98865290376256
203.2879015427741
203.99124499739986
201.84347564365976
203.01269726786936
201.65069192712002
227.31789537713232
203.55266912106072
207.69201730467393
219.77658922682917
197.02726091880967
209.3593190992889
342.6293025368711
218.91680434311215
220.7904314407891
401.25848293591326
957.283586259575
280.9847487640971
221.7807911976741
824.7972129751528
322.00354878580384
218.27202356975528
372.5883267147037
201.41767183971126
209.14931309969165
443.15464546298284
200.80506630052218
225.23210290430922
219.17227833681184
194.82691417513107
199.6883441720702
203.71061558544434
203.0049031820306
217.39604618572127
191.47970309303372
267.458920860063
242.64054753099853
199.76996234496752
274.6863751333432
239.40086949721302
599.2641185446884
245.1073056821494
246.0410714883456
656.1578376417831
279.6058222172898
248.25496527060142
200.95214599740677
264.9250092597853
294.3333370484624
222.99188942755333
246.41297307045554
323.3706599410107
205.56573626650905
202.32097778864613
196.23710642398947
221.58586578047328
197.51199243520537
200.6167594586384
199.1211209514771
190.89508721495966
190.17823230172124
193.7450961813419
193.6010904282974
195.46381655966854
196.24288773528951
190.8950167716756
218.11666011769015
203.58308971850244
192.6411444601652
225.0354749503132
194.68534679654294
190.73584764884595
189.80605268858787
198.59699507363516
190.52658127544143
190.77234660074203
200.52074680699906
198.43015817879362
204.8472088571903
213.39766379497854
195.35751893563227
216.07006544788777
195.1490563512286
192.98842913954329
189.73166793228268
189.8561993969255
190.46948549773626
192.2077667264157
202.96787811712593
220.2881942512251
193.27784608142963
198.76219628032445
228.90797806207786
187.64328574819743
273.2440869913802
217.2345239859854
245.00216447510417
284.4105268396799
218.83794795943072
253.93203204531477
186.77981634855502
192.4735777532584
237.10139339129967
190.42678056382047
191.96352398481176
230.905646361086
232.69387904375975
188.36342949984618
259.0764913167501
219.84361552125907
189.81898824768243
237.29574391927252
188.56479517642074
189.97910636410293
224.6819128409479
196.4281941606649
188.34787036910635
211.1093780828913
186.83266436832474
188.66271767046211
188.23946400623518
187.34946505149827
187.21101799183197
194.10245538553554
186.34018139820438
187.4799295931628
186.81124637095564
189.38954833803535
186.87914915366085
189.8032021009418
185.72256041925195
198.41555572944543
186.8497796760541
187.22217675122258
193.12202076533512
186.25643642948847
225.30497094082116
189.36413638804095
193.08575240455883
209.74001834845666
191.97054882064816
186.97189538949382
188.10482844801223
184.8228920497979
191.31080126091138
186.13682623951223
187.0219215653366
199.91200757490003
213.2356151196712
188.18971690565266
190.0724996568857
208.59008460982372
192.63543663124491
190.35064796976567
186.36394435364866
191.80069638500288
185.60099552397097
186.090469990337
195.34215864673774
184.57248333891346
237.4399038113837
187.21922341417397
183.95744378014223
229.72652320966372
190.80374774863253
185.97975315573396
183.70880356239755
328.0709089845904
185.2970315508586
189.2970115450599
295.38191494624573
197.5121651892326
496.7358076608347
259.8230827953991
182.93258160321463
516.06568456667
291.94935063275983
203.1022114317288
253.4034195523563
3144.2476148022256
342.71522933192034
201.67173660015212
2705.724015989007
260.1266054816865
201.9815625072103
588.9767114547248
298.8241506477487
190.37628695117988
796.6859791936926
221.1178120977765
190.8134987331378
246.1284701025195
187.85910164304863
181.44564652080936
345.8269278055242
184.01780236618976
533.4580590203925
215.87687810014776
197.1856140386852
599.2806453490872
205.95750787472153
190.1374798399784
248.31863309678135
189.00113966565448
189.96831931138527
281.4384520456702
190.93998999880097
190.50124590673988
195.6605833589304
184.19530105949585
184.74132238319282
211.91185651601916
180.3037150062131
183.0119538899427
180.47967140805912
182.47649230540193
346.33178202514813
189.50047662646992
197.8456153621362
397.7277308006572
212.95899976899142
188.57995294361797
184.5481059370414
193.691048560805
181.68337527358048
179.32330755696296
268.9446590949093
257.3340573099094
184.27355256093404
271.43198243519544
246.29863107069664
184.81641597390825
182.83611670600453
187.95468714294262
201.8936008071875
183.1354626712836
187.06366238831544
208.28233658694163
184.05382623903395
179.40469510405157
180.45887771291
186.40341627912537
180.40487817227867
179.80391866735806
179.78476334761447
179.633881845806
180.02160395091423
180.57541435272307
179.59158461549777
179.17116584338132
178.89950602253577
183.0476313423796
182.480424897149
180.61602712446262
181.1752452158094
181.24701207580048
193.172395423706
204.01639996072484
179.82152550551177
199.65164358210274
194.41334005030708
178.2532340004986
234.82924217290713
240.11202705323058
179.47692388585236
218.42036275487126
227.6608530809164
184.84427229591208
183.65783385524168
188.51157660415083
178.70966358488909
189.74245271580926
194.54265385018564
183.9919400576745
182.21571331796264
180.03355717942253
177.5304873941015
186.89495605385213
178.4547383851639
180.36386516174798
221.33761736010766
179.36066719487866
178.94753542951062
214.25948626251116
180.2408933176786
179.84489590318998
186.38888063554484
180.23927859631635
179.33114714060764
183.00775031046706
181.02225514368467
178.2701312947592
177.49599624883564
177.47368182696815
179.5954746626381
178.0143568705422
178.46607012021883
178.65463183659938
181.46789776594161
177.4260630168337
179.47274640145997
179.4622598798551
179.29702525182222
182.99834857451154
179.68667847289794
177.733750829483
191.39352557473518
180.55806260174063
182.2396614651567
199.62490542969744
182.90722849208734
179.24954637785962
178.24955627473184
178.89984990736588
181.87422352924932
176.7790511646331
182.769807533096
182.64121970543601
188.39154716306226
185.63764564597903
186.11043017333063
187.37475821952285
179.8295576079851
178.82890949234715
177.50437581932863
178.0861637558655
180.187284918867
177.70558810448156
176.51521375591378
177.51769352777518
180.62029735491427
177.06301665210788
176.7672698127574
179.2847311226683
179.38391203140606
179.73231638871093
179.95526709290615
178.33648469960715
177.5087010953746
178.88718446082115
176.72163638473566
177.42576948792237
176.72218481937614
176.34527212983588
178.63888635953504
176.7201407776793
178.7513889301585
177.44779775990503
179.61039547673911
180.4152970400675
177.15663679593126
179.51887935721294
176.7860957090609
177.309258044583
177.14273540257295
177.03058645874435
177.293719110304
178.21562561450833
176.8310456807426
176.47925901796665
176.36703156289704
176.41991728657692
176.50528362047652
176.4334798598608
176.3940063000676
176.3741457013883
176.31939216904328
176.29687087588215
176.54225628815342
176.3841181799907
176.35648100540544
176.4930036406036
176.32596265477056
176.2508012105211
176.90095330674208
176.42117775006227
177.87598696454103
177.20636729639065
176.42973309051436
177.1493892815424
176.98050480188186
176.27540348597006
176.53121363434283
176.38398368215647
176.40568716333078
176.3825535346921
176.48725122467286
176.12338777608136
177.34149652034264
176.26606426678953
176.36475082651455
176.9025926761112
176.80548360867795
175.9935331739038
177.60700409598311
177.55534644698017
177.49171891540226
178.66038767932162
179.48138869425503
176.98850917944375
177.0200776229361
176.15401872868247
177.24702621475805
176.43932520451324
175.93061408329424
176.27344762597454
178.89999878805645
177.1193672979432
177.82552285736736
177.6692687244072
179.13038008561088
179.00089466378049
177.37493314535033
176.78933848040987
176.03747533339933
176.49926341493656
175.872690434964
175.97554144204597
176.57354793783009
179.01402961270307
180.62245174694405
175.79980131861117
177.2584189243853
177.59987281741633
175.8717320078459
197.12336718846544
193.5095284103531
178.65379134775634
197.38681453485927
193.2649920682218
179.44421128032857
179.00908122704323
176.28934098423903
180.0555123358237
179.34804209716265
175.5046065017156
175.8527909052857
182.99613380224199
197.57513828013202
179.26546184282407
186.60889822030305
192.8225258528144
176.03450894580442
185.63759325056463
176.5004384526752
177.01209894976066
182.20126405990723
175.12790756550498
186.07122228190954
176.24265185517336
184.00952459829202
189.2847438127201
178.57329627044
182.2949639960114
175.32983114983492
176.7050039455607
177.7812577221191
176.57546646154418
176.162543761429
179.44280657159797
175.46638361705595
175.2400547360051
175.78684718828498
175.3583573388261
175.76782354758072
176.9252520625884
175.2218269594258
175.08174644588325
175.19756138798044
175.8000990226219
175.20530403600912
175.12661595429404
175.01456143149954
176.4644660345748
175.91846608677972
175.23462767924667
178.29989487095997
175.44529727352835
176.86142528013963
174.54837993050683
182.15414201946
175.3900048893746
175.70677431959538
179.78372808673345
176.76768496656908
177.45649571791722
212.38132541057988
178.34162637548704
176.77107966571978
211.27105659632178
180.66378873840515
175.80239521597915
175.08049325887183
180.17707914156193
176.04540870004067
175.7518448275828
176.17897012783047
174.4653352137266
174.77379510968993
176.5036840258839
174.68240258956973
174.9373206316278
177.7059492646902
174.75916898464698
176.79742819973433
176.60037616613386
175.8726230207329
177.24145773333507
176.08139206542677
175.46502604555656
174.77837699712015
175.09204354338388
175.805333656585
174.6416534666974
174.37903640559068
174.40899213033094
174.96799397585812
174.5848386776261
174.62555621870848
174.66216527098467
175.22285609259643
175.11648552271197
175.01904721578146
174.85266929649225
175.6747575114276
175.08168311870608
174.61403434763224
174.5108143642581
174.55338125468666
174.4406069154046
174.80732877692327
174.57493803717216
174.40133203456745
174.33657310461632
174.42914597901571
174.36455952757382
174.4369122446069
174.53185878468807
174.29884427108394
174.307744069714
174.81507877871863
174.46219801751587
174.39089186036495
174.83468957669555
174.7776487511365
175.30163290048986
174.5672383425381
175.41697899846662
174.86581139685234
174.1784571763389
180.39306877324736
175.26139338798097
175.53122499298422
180.180166558931
175.87156333082203
175.7305497185491
175.98092223357662
174.97401888258588
174.62959665133386
175.7073246326689
174.85630044694514
174.32344238406182
174.3191191920631
174.51866106294207
174.34267384121827
174.13098594547787
174.6255292557118
174.34862305604767
174.80501461962152
174.24967299033406
174.79520555530488
175.51482933338642
174.2862938185062
174.5221399925341
174.15059348732646
174.17777078991563
174.30544161907227
174.47790654701654
174.1805647419594
174.55144472293432
174.20844166718928
174.16311303092158
174.12104244176862
174.10778593191603
174.13545296614933
174.34819668454637
174.0855239829348
174.70707668912806
174.14084127255097
174.1888793775739
174.73419044710047
174.2748961845036
175.08831185936006
174.017967168099
174.40259938207146
175.56390782692003
174.46759634430333
174.90816106764314
175.04917594593658
175.3228453150928
182.0573306896279
175.95154282030018
174.7461783070293
179.13840689448094
174.1296634643773
176.14553928428012
173.99523069043332
174.26275288722346
174.8467901654766
174.24239410837367
179.3139681622322
174.4578688801064
174.5484647664442
179.9889203076584
174.03784833191114
174.72459483157743
174.16739909906866
174.82976359768062
174.86537692948656
174.00608768234795
174.75191772957146
175.29437466761658
174.24934706658536
174.24332845712647
174.05590144783818
174.32462175979148
174.03165043885204
174.04643235463985
174.0202524099394
174.11061075630076
174.00759337966977
173.9992300856967
174.01700311902843
174.00157255830013
173.98416964069497
174.00923220809003
173.98925904567935
174.02988864746095
174.01368141868116
174.00281096219405
174.06598521849315
173.9674070008811
173.984969612057
174.04855858109556
174.0483287862222
173.99183229385002
174.02292752227928
174.78385523444007
174.0857564957238
173.92910594735284
174.45402060927464
173.90717161608276
174.82953087334593
174.01108889496226
174.21058583036665
174.91213707555946
174.24082358702174
174.19754178136648
174.1570062312111
174.06708556762482
173.98794375801893
174.14861688899
174.01365560144498
173.87981900358952
174.65970733267304
176.33249716321035
173.9158950799439
173.91368457391874
175.5268164558287
173.97088017541608
173.9238389024326
174.00979745435438
173.83388997210486
173.9059141747733
174.38562967953513
173.97713352630836
174.35870203281044
173.8658214169702
175.55047895053895
174.7656037029584
173.98308517308604
175.63927376471753
174.25577799003364
174.0559486718923
173.92001487940826
174.31769288117513
173.85295030028556
173.90654025602336
173.89878424325616
173.89154452032852
173.8279183643861
173.9006544943567
173.8253732480119
173.86482126751645
173.8701421586164
173.7863934320241
174.0876459651254
173.8320408128154
174.00936006377685
174.30955372551438
175.30653321245273
174.23153938711053
173.71606210998846
176.0462519393971
173.8517390632259
174.2091557635879
177.865263009377
174.0959612504116
175.80575637419128
176.40272620985792
175.0090453734757
174.3268175733017
173.6957659706835
173.75526183904495
174.3136659292202
173.84888139088272
174.57904852361298
175.1271148758803
176.74820150311814
176.42837739557652
175.33831651571927
175.8189468789937
175.0297095395557
174.73905405790995
174.79984203297153
173.57257688636992
174.10823111997144
174.21948166518862
174.06422148837248
174.66558354047953
175.08781106371745
177.09264073882923
175.5989980154165
174.20207011823646
176.3175125119771
176.75248177824346
174.18527989218288
174.14961362388854
173.57914599108489
173.93334975365246
174.8508467384318
173.67067857001175
173.7969168701402
173.5214077530266
173.65663788114097
173.64449008676573
173.7653493855268
173.95982235382502
176.0493606808542
173.5861090283186
173.53095812158622
176.79518778832832
173.70450767876648
173.7059940601328
173.6832850843814
173.56406399768767
173.52803099499872
173.80147037411749
173.80730152506354
173.54471475919578
173.54175959456694
173.5033225234757
173.52087870504573
173.57671870677402
173.6250326477592
173.5737863039546
173.60923927232238
174.2529991091681
173.61095092715166
173.43714558678735
173.96274056696492
173.49138538619778
174.27257246910162
173.7725782436743
173.75547117409133
174.32881471786186
173.79359111714243
173.55536080327175
173.97783960534707
173.51000873310352
173.43198953645876
173.93826734986405
173.3906062933275
173.4947098448362
175.79853732623226
173.7323179791284
173.36302507419458
175.88288975411297
173.89544130929443
173.59161532258622
174.42169358799683
175.33300910476936
176.07007744548758
173.42080348906006
177.38676448438642
177.7492559285612
174.84754887503317
173.7819923065371
173.54219066706406
173.71787790939138
174.60328398520073
173.21541801412036
178.4639032485921
174.37174421327387
178.8762058881164
177.58597061631292
175.15508173217444
177.03529596219852
173.14279226129304
174.9580926899554
173.83043999859194
173.2998279879694
174.13590904844565
173.5797347016028
174.96495842034253
174.47300214957383
176.1973672930186
174.38364733913036
176.04601563708064
175.0173980416904
174.40038041675672
173.31929984547563
174.79858561230245
173.80584769767407
173.63822537611108
173.6980811413617
173.51846437074818
173.41309767622602
173.040408848095
173.16100937700048
173.17949945694357
173.33210615865818
173.11963457864374
175.3548363574324
173.06263553690775
173.2493550463593
175.25443427516726
173.25828170520015
173.120130588056
173.2201959166054
173.28363753858963
173.01931920533852
173.26102975061045
173.20985811331002
174.7231947676585
173.39623569651684
173.09417991468953
175.28997337470895
173.00675331537312
173.35776227484797
173.35678590181763
173.11935675854488
176.17829207823826
173.86559265646744
174.48810866854984
178.60972637650428
172.86625687913008
174.89898762655932
173.18804377332967
173.45095512167708
173.58617790385406
173.04351277907844
177.188886672831
173.32119369226004
173.38315407581746
177.8718963854262
173.2800247952092
174.03998798745985
174.00420675047988
173.30950949869785
174.01369775164056
173.63031829405548
173.80127544915064
173.91093825130213
173.00725844017285
173.06016283929063
173.01557823817117
173.24371114061782
172.93345455117986
172.9886100936918
172.8563973094114
172.8766272501532
172.9057273954247
172.89276868939635
172.86970502538747
173.03833427492754
172.99342460405535
172.79626526304784
173.41999818075124
172.82694309298043
172.9204852133053
173.051618436973
173.38998989037728
173.61521258653462
172.97225705349834
173.89650610214508
173.26787345247422
172.7253769479423
175.9441149748139
173.70023088925163
174.1641703708877
176.21986620481556
173.80964328597713
173.97030181558915
174.6899947842497
172.89886868669836
172.95649016354542
174.72788196017916
172.6766456868706
172.92231890026844
175.68738274286005
173.3182885333284
174.17405870125995
177.32152586492035
174.58519045282748
175.2910070634223
174.73330252568027
172.7282627953194
173.30195034577622
173.62396668445612
172.82188146459958
172.75175774104437
173.02975345430093
172.6517810327335
173.11459664871748
172.69926406659818
172.74405820761177
172.65470945418843
173.99393697434897
172.87353983591805
172.92885663139765
173.50541495539616
173.31493541134824
172.63653501713247
176.10881268075525
174.46870475496283
173.57256245816416
177.07465596005736
173.97382479733736
174.5581574471925
173.02421400856878
172.91153134082447
172.98248123086043
173.59915628841824
173.18056991382915
173.20557472083175
172.62648265719596
172.63454766322735
173.3256964812633
172.89079062878645
172.6527600136334
173.00837271141862
173.61247658089354
173.10934482497714
172.76932488873888
173.0221981683068
174.01230873253493
173.08728597369785
172.79105792575888
172.98115814768911
172.63689844065854
172.58987475927069
173.69028017799084
172.69038921810395
175.7936360855389
172.87922626044212
172.5192056267111
175.84834478435587
172.6772895986455
172.70390148686843
174.7635051674028
175.22885178716027
173.62351319718923
173.89807665491008
175.79054866991294
173.04567159417095
174.38928004341923
172.80295767133555
172.66688232493019
175.21575770729862
172.75398592823151
172.6712487350402
172.95386620262096
172.5350201490114
172.77709381618013
172.72451351373977
172.56099194904988
172.5111444170921
175.1473146994288
172.49642817033896
172.74177794274027
173.98406448059464
173.13374178393553
172.514363134493
172.69192382516746
182.9269924951309
173.7831106957514
172.74964403734396
179.12153421395527
175.9246758810255
173.42063335545743
173.9531692405465
173.037270823438
172.5818427708017
172.67105331250622
172.44571902110604
173.3249022240476
174.66815285375833
174.79275128731757
173.18487557423
175.30584005330348
175.88434902522175
173.0673875214848
174.08274821751888
172.6476995193362
173.39459478737433
173.4514603418614
172.33061898618544
174.26610322771936
176.90059901691603
175.24449796680832
174.0513692797327
177.56061194242454
175.15674172065027
173.32040471288298
173.62698846164193
172.41552137090136
173.0699277976612
173.81037754577676
172.311611077621
178.31025195678586
173.11094129677355
172.78463306902353
176.4438466443713
174.331135185332
172.42240979347142
173.39269468857168
172.52166203150395
172.42670896321627
172.64505844515298
173.24792018272862
172.73879639293244
172.33575989972357
172.48245572932623
172.27778688058334
172.31145966143876
173.1141770249293
172.491612578192
172.41343566331523
174.66376238054593
172.66482380235405
172.39087306366247
174.48362466075113
172.47886771063773
172.34897241856993
172.2598420000497
172.8782449611447
172.4184774764064
172.311364477321
172.780428750551
172.38076401305827
172.98637320248014
173.23450860524915
172.27924327840782
172.7492072732275
173.74105300266672
172.33092234313472
172.48856584135243
172.417865533271
172.5224674079649
172.37254417781898
172.27842315355545
172.29885015574962
172.3450390073976
172.2699054246907
172.23936495429544
172.2730986729349
172.38376084402285
172.52699721642972
172.29507498094637
172.23825371906818
172.60459524361093
172.27579042434127
172.2879982581034
174.72421586345968
172.4839550151671
172.42094860214866
174.13370861552164
172.502517934508
172.38141052942458
172.50678464390825
172.34721271205785
172.33623854161362
172.3239972300231
172.43828869978688
172.23815438059555
172.33600576712806
173.52927053440703
173.12378347705413
172.3839986777215
173.1625256234898
173.68392878441486
172.77480093239117
172.24526924771718
172.26999129206146
172.5262704814743
172.43375103936785
172.25307449050848
172.24391813558
172.2270055423033
172.26173624193638
172.35779961039543
172.27745521066058
172.23923727180954
172.3842601500634
172.26886701943837
172.57147597651036
172.42116816643286
172.32556336068757
172.56719880006602
172.33560675424647
172.21413533404137
172.26933458035825
172.33776318393973
172.242122726821
172.26084281579824
172.2401447789359
172.68189375039177
172.21664962173577
172.32601394049746
172.7447100072359
172.233865923874
172.25742858132799
172.2387288119276
172.21684571745513
172.30419141591636
172.2411564619669
172.218438878499
172.2342128586059
172.21752683334915
172.20787510617026
172.2588358022015
172.21600209356788
172.22147031501092
172.26325763456435
172.26871163298037
172.21414994082727
172.2979623675072
172.21090894765672
172.22895006107927
172.218697773262
172.25553033664926
172.20750840000053
172.19841671709625
172.22455326070673
172.21155856027843
172.21679948178664
172.38481213545458
172.21913134114178
172.18534507534093
172.35578164666566
172.19397527258494
172.3211045625376
172.7008377586893
172.24613872535758
172.3052446933524
172.7488096043914
172.1799658681314
173.8587183671582
172.2170583166646
172.7992811874035
173.1032848851399
172.19143406646245
172.37662502608254
172.58037878616886
172.35105111344438
172.27675214806027
172.26813268030713
172.14014514314482
172.17000382732
173.66810933599
172.37410730379364
172.18371451750193
173.31034002739142
172.6704129756511
172.31175246323994
172.2440761359032
172.39682226917083
172.15470288302402
172.35487136149638
172.2455660178696
172.29816032554658
172.16942326779872
172.13522221313227
172.15442965203493
172.14536052606493
172.2030789470415
172.24607308398464
172.46016315675422
172.31506390699684
172.13117363380505
172.3119832606363
172.191081711952
172.16586721030154
172.25153518903753
172.62893232600982
173.61039567227996
172.61856184594993
172.38013555984818
172.99929105887162
172.14997147633403
172.52588367563698
172.16700411717989
172.2220469234373
172.9807705517912
172.1277987708153
174.24819127972123
172.24320969772796
172.06837433557024
173.61528873338003
172.21050761315686
172.21171724857953
173.20242992740882
172.3254839688241
181.15565418891595
172.95274108979584
172.3417552697739
182.49549245471815
172.83151978624454
172.66432919983646
172.264859374475
173.28719585355583
172.45122388415618
172.149639215862
172.2170315148806
172.29441027601297
172.0746355153245
172.45201021185403
172.16792735231755
172.15287383264288
172.15636595992916
172.0790094799765
172.06011947337277
172.07773479440408
172.0677591448615
172.15598323521925
172.24081653054304
172.07890307291163
172.0602972839926
172.4545180733844
172.11675729596604
172.14688803654377
172.0943262657739
172.1822913051897
172.06274992431423
172.19348404799584
172.0711365960964
172.06707110166298
172.07577704477313
172.04685267452822
172.11215265072207
172.0558630774959
172.1076652917604
172.05829700143423
172.0721375931639
172.12221565163438
172.05545501131414
172.0706353783071
172.17533578979462
172.04931963555376
172.0686599121324
172.05422931224845
172.0607310911758
172.04771794806464
172.07310806957528
172.0581895981896
172.0531367683149
172.04441510266832
172.05062643668882
172.04772960215305
172.05484371960037
172.044154034527
172.06529512935344
172.0419075199929
172.0428426118
172.06154304725513
172.05376452817248
172.05069140255918
172.07757780983218
172.13152083766232
172.05349072736217
172.12306892244277
172.08857895292707
172.03067443022246
172.1907188279459
172.33796893273706
172.1402366916025
172.10458112458647
172.27065651355872
172.06985394374837
172.07471336486313
172.06208434426887
172.03845912006466
172.13448470207445
172.05128986570037
172.05695555509095
172.03708105118767
172.05097252841227
172.02978023307165
172.05122953746644
172.02694227852808
172.03780720451923
172.11546364689767
172.04656624636002
172.0471409828213
172.05735265045124
172.0677590751484
172.03783257345788
172.03136630994007
172.020299110571
172.0411676718082
172.05128604090274
172.0382327749443
172.02774161325837
172.10993239233716
172.03226089653202
172.02583509544903
172.0987049268114
172.04768817195844
172.02443515359738
172.02628459587123
172.04808120427822
172.02607975169877
172.01624950342082
172.05115578987747
172.03225980303392
172.02705872669384
172.07605732827912
172.07904905340956
172.02306739077576
172.07018037421417
172.04744374563057
172.02230937467482
172.0260451386263
172.0147617745907
172.03321851008212
172.03310589073544
172.0222315559021
172.07368871005085
172.03995978715832
172.0424983857774
172.02657205576824
172.02378421858262
172.11289410439346
172.01048055422072
172.02502876054086
172.01149251575293
172.0385262134478
172.0149745930783
172.03759546761123
172.0502803910989
172.02345189539437
172.03136958227444
172.0725029710724
172.063238318102
172.04317849071413
172.02806063632053
172.01880554753714
172.03966313405462
172.01771921161125
172.00598970767422
172.014878221077
172.0161279441448
172.1130033668506
172.01862642075545
171.9992514266658
172.10861441417117
172.0043941079312
172.02892381099522
172.65855377366012
172.05699649676262
172.03766711137442
172.5437402327478
171.98522343651365
172.9124579733687
172.5531305349267
172.16135368339656
172.75590287956808
172.6403120231942
172.01679782040335
171.99361636993314
172.41635066233448
171.9732633764274
172.0404291885351
172.3199310578283
172.02555331253492
172.78976655059031
172.29100328641343
172.21849875357614
172.83612490156156
172.26307514925125
172.27132130418627
172.24562534467765
172.09016734750395
172.02325377987881
172.22425260088866
172.05558950759536
172.0273834976957
172.02256757988326
171.98593374214641
172.00393712792865
172.01017322741887
172.00031490540468
172.00274532582796
171.98496658183973
171.9798661244792
171.97893074699041
171.9898297972936
171.9822572384087
171.97090295071433
172.01465445520202
172.03960339236787
171.9797827388262
172.06212384041322
172.00404450188637
171.96850150267548
172.0057282747479
172.45652567202055
172.12054234377956
172.03366628253215
172.23954582900217
172.33540131600967
172.14264217031948
171.9753377546666
172.03830592710327
172.01775668059014
171.96913696713494
171.96670405225152
172.01175379751743
172.20568207479056
172.03571423578325
171.94796983559428
172.39256733067714
171.99652810948604
172.9358657123285
172.32456155145127
172.04687165152478
173.08686783148607
172.29439487083124
171.96813400803998
172.2641705273148
172.0514947578218
171.98912710621883
172.36608179914057
172.05050953351542
172.00938464697904
171.94100627828888
171.96609857128632
172.00303616168395
171.96247730429616
171.96090856049304
172.03987922618305
171.928198741936
172.39046109354072
171.98910018288535
171.96232991297455
172.39105687782248
172.00193932891773
172.48307625973587
172.98799833881887
171.98271327321817
172.5694560649225
173.22280228769725
172.00669752179112
172.5388164426473
171.95892972066486
171.98970694495415
172.3867753784083
171.96095139350217
171.97479722140446
171.98363844791592
171.94598497667798
172.01542250034112
171.95507502693127
171.92094074385335
171.96571428843856
172.49123093794663
171.94799946891368
171.94058392550878
172.50379436574474
171.98379393665726
171.94195234373558
171.97460225524208
171.92836924752123
171.93952106904237
171.980900464129
171.94079762928138
171.9431370309182
171.93567957654815
171.9326220425172
171.92526832393645
171.93637537474456
171.9322849118181
171.9178589911533
171.96499836231678
171.9255970543924
171.94586877566275
171.99281176924393
171.91648308379533
171.95717523923966
172.15888288842348
171.93324755257743
171.99030816690345
172.33914317306974
171.9250983819808
171.95403084175632
171.92899853275514
171.99487235729805
171.91408102334898
171.97091856261295
171.92523158891655
171.95140663800314
172.19001146001523
171.96409524715844
171.9147791632829
172.12065786749216
172.0439074716664
171.96183004241064
171.97502765338507
171.90627251070075
171.99369527340144
171.94697548512067
171.93275716047845
171.94421719172124
171.97296676012184
171.90714148863947
172.47382464962772
171.9919190056221
171.93238068327892
172.49044229653094
171.92464079557038
171.98588326888427
171.91476251017994
171.93639479491526
171.97676776170545
171.91536394476924
171.91149365804068
171.93423542396326
171.91549202833292
171.91080886192793
171.93894038484018
171.908123126438
171.91241820331655
171.90918504320555
171.90506340531834
171.91246756884848
171.9051690868259
171.9077974846836
171.90311941284105
171.90237249594006
171.93838880813513
171.9093877924074
171.90847108329885
171.9446423198651
171.97136351130786
171.90772025296909
171.96819307613944
171.95854350530828
171.90201297083073
171.93434089973374
171.89600192111047
172.10577458244987
172.33378510829803
171.91318651302495
172.0666918695216
172.1965375446438
171.99213602505543
172.81432678033403
172.23216975544423
172.1644321513758
173.22933396608155
172.3606176813144
172.4894184654848
171.91992714122713
171.87130545515103
172.2476214430588
171.90923375402207
171.94193009465351
171.9490639799045
173.68276434686635
172.31237597986814
171.86869314725055
173.6450538235717
172.31291999310568
173.11754884506578
182.83601064491535
172.52250506340047
173.1762238305647
181.6749556353968
172.32957369900475
172.0560384586134
172.0748648128525
173.3457763525983
172.1126697257536
172.36230802797996
172.99897946347176
171.91315586043268
172.33656841331705
171.99986288022868
172.06351659839015
172.18875333810345
172.19371762916674
171.8851728682181
171.87931327280998
171.89216711708198
171.8714534051248
171.91662490191493
172.00263978371984
171.8569053656622
171.88470972468906
171.8684251729782
171.90108924891018
171.86233131077225
171.8926394382271
171.89350963044677
171.8907386787611
171.9500999868826
171.8856520492627
171.85443756556532
171.9364267315823
171.85177077525395
171.9100440773852
172.2077089652602
171.95442320950454
171.86365286176547
172.44832308863857
173.6509207235295
171.8666024936838
172.04043347984305
174.3233374008956
172.04709955915408
172.1953576315698
172.12992278259543
172.06009639909132
171.94218992250225
171.948170818329
171.88677866470368
171.84730946307855
172.3107428327333
172.13384969674723
173.0508897960246
172.52633603278667
172.19146066681148
173.38151840440145
172.06793623260342
172.22135158274588
171.84601827909964
171.94322897471125
172.08462982981058
171.87910387942588
172.35741876999478
172.50586970781887
172.2565124297317
172.44782964693866
172.3614311884932
172.43896339167435
172.34864898276024
171.9221156691202
171.8653857737113
172.48452594065867
171.84998756505755
171.89425654763718
171.88475707454998
171.8522196586446
171.8792321327316
171.9410726855425
171.8451467146139
171.86346922643364
171.86310492177037
171.88377751829987
172.44999773835696
171.85671290938313
171.9479028844649
172.616426313278
171.8798019507117
171.8893189146095
171.8465749704393
171.93645200118456
171.86146496693524
171.85258515072874
171.84744956978238
171.88861854101572
171.84414450362593
171.84290910417192
171.85477734577188
171.8499956456745
171.864468998041
171.8468015838203
171.94525542216505
171.91421467979112
171.84598345046328
171.89417209917752
171.84751089683937
171.90654945237762
171.85222994123552
171.8400299698349
171.86460555741513
171.83901445796806
171.84294955113162
172.0349467549678
171.84526537029092
171.85136668584698
172.05334556132365
171.85227869607837
171.84022096992132
171.83994959384208
171.87659033205094
171.8403475996055
171.84825058149957
171.87165974076274
171.84031174254858
171.83788172058416
171.8466926992553
171.8423239676532
171.84046590414582
171.84369374182629
171.83916037868167
171.8384210064483
171.87312291369688
171.84084262253268
171.8438007841427
171.8883160366882
171.8453140743736
171.8369645325363
171.84252042232572
171.84006364060625
171.83885114091674
171.83918032797558
171.8492141312765
171.84897066796196
171.83948417535856
171.85995996715647
171.8386603899924
171.84162365126437
171.84972107132165
171.8369773415554
171.83839226988502
171.840997237574
171.83748914956576
171.83708082112412
171.837613612621
171.8360831856253
171.8398035437896
171.8368760256739
171.84013780563066
171.8371786101267
171.83675541516925
171.8376496124987
171.8375916591766
171.83637502496234
171.8417048988867
171.83867047327732
171.83641902955367
171.83583063344443
171.83659207079816
171.8358861436789
171.83773632557364
171.83721843666194
171.8427504041902
171.83466102711918
171.84041704242483
171.83853941425014
171.83702542790178
171.83757157122056
171.8441117302513
171.85043005626068
171.83787693066824
171.84939030875373
171.84784024544314
171.84546303866355
171.83811203517206
171.83368180821904
171.8392208865673
171.83729022533367
171.8360371362204
171.84412613037074
171.83542767761435
171.86008629750785
171.83701289636525
171.83281233349052
171.8593956743842
171.8414850713907
171.90384643401322
171.83247959883835
171.91129280282664
171.90240386554348
171.83668904270974
171.93571630689954
171.87847374747625
171.87713708202057
172.42150647574172
171.91264537278127
171.8420711666894
172.40810205073345
171.93733855258085
171.82817839055775
171.8397507480186
171.936316175005
171.84864224494737
171.83765709221151
171.9658690741651
171.92361625459438
172.09324664710402
172.06704423065167
171.87852552009602
172.19495087520127
171.85765035681206
171.90812125729758
171.8316056242878
171.90205569285226
171.8604787976549
171.82669115546804
172.02371238430572
171.82985442829903
172.1511535291659
171.92348374195132
171.82950094272513
172.00981182693488
171.82920095830696
171.909819442029
171.85719449405428
171.83601257273713
171.85003184142897
171.93500806866012
171.830207041458
171.84140165625135
171.82210210713393
171.87606714852592
171.8232361740662
171.83760147780762
171.85179839474375
171.82481728356098
171.87369760760558
171.86924644231135
171.8410746745151
171.85808719123253
171.82269339656276
171.82721196522786
171.83527899541312
171.8236992323588
171.83406786087
171.8502556580002
171.82745126395065
171.82438171685322
171.82103000219757
171.8227240064246
171.8223760811487
171.82573208571594
171.83654970813606
171.82703414156805
171.82876824186866
171.8326435045832
171.83028176643472
171.82225838351363
171.82160333598765
171.8208946818992
171.8237027775509
171.82136010201626
171.82375724368478
171.8259430424566
171.82470646873315
171.8382145542661
171.82049593085458
171.8307099606653
171.82717130368525
171.82856956672205
171.88258689738163
171.83376687996002
171.85482981657714
171.85600575970417
171.85778137137757
171.84001258160043
171.82459614611497
171.8206902361401
171.84165618673913
171.81991409003876
171.83282252198114
171.8285922288952
171.87816836487562
171.82004337182457
171.92391543016893
171.88536215083042
171.82413863527438
171.92961289629199
171.82212355400506
171.83006538247182
171.83170609487067
171.8236713636022
171.83268898532074
171.83432712828127
171.8199971169793
171.82044162045446
171.8241325148976
171.82170035457247
171.82123536217065
171.8240433443632
171.81952434813405
171.8211886986349
171.82018605996927
171.82030886872968
171.82092621833897
171.82074505935176
171.82141434961525
171.82240460921005
171.81897160652383
171.82205873833666
171.8233232051991
171.8204932586408
171.82715201329032
171.83218604104724
171.82268699163762
171.8278019852331
171.82858942854156
171.82300126281459
171.82392086198016
171.82055862964125
171.82128402972256
171.82294324568286
171.81945103474908
171.8198351055754
171.81888405685729
171.81878316719911
171.82027945134215
171.81923899058617
171.81956868169195
171.819981349145
171.82006282141333
171.82324445166336
171.8186496214703
171.82077334512493
171.82074973157728
171.82125721999347
171.83164225537007
171.82574492781734
171.8242202353211
171.82162019319145
171.8332750237716
171.82039798823396
171.82091775893946
171.81968407098367
171.81956108994146
171.8280671767131
171.81919884496767
171.82452193612184
171.82261836663798
171.8182645759451
171.8181254486857
171.81880472128114
171.8193038212769
171.81922634952252
171.81824448597172
171.8179157831697
171.819857527989
171.81853877580605
171.82224237483
171.82333100942446
171.84436985491288
171.82801250374487
171.8158414969333
171.86299530532318
171.82067735249922
171.8244007593181
171.81906358368133
171.88661558253287
171.8667198095831
171.8225117210993
171.8692979720879
171.8900344967395
171.81944926443538
171.83432239917514
171.81816305955934
171.82235680780872
171.8486627758203
171.82004697315492
171.82183897925907
171.81696221764986
171.82084850961638
171.81739182025112
171.81498096760234
171.8160827236244
171.8207185508057
171.83677991483137
171.8278728299749
171.8201438023255
171.82932401233182
171.8217523627422
171.81483435841199
171.81992749962893
171.81579076696096
171.81791508037264
171.81760310464242
171.81488346963536
171.8152239671271
171.84837218808832
171.82613938851688
171.81646233270712
171.83405578777973
171.81579922172767
171.81729090381543
171.8151210466482
171.81502498385018
171.8255500484815
171.8149845065146
171.81504297605778
171.81420832867568
171.8140944694467
171.8177867649655
171.81567309946618
171.81665284798433
171.81452288661487
171.81673599050708
171.81514430746088
171.81555835705382
171.81806750093418
171.81575492550772
171.81491550873704
171.8163016375974
171.813663189346
171.8143529405906
171.81605452964212
171.81469979068115
171.81426307490332
171.82453219722916
171.81410631897108
171.81285901198274
171.8218537174751
171.81461649998693
171.81456707809056
171.82468128765018
171.81535885794023
171.83562829536902
171.8241501599367
171.81933309977592
171.8319814840499
171.81435642690462
171.81359066656773
171.81822204143327
171.8140687552326
171.8155877540719
171.81913895240305
171.81575233080872
171.81282064808903
171.81249574253258
171.81468449117446
171.8133141814317
171.81325672903625
171.81816040404692
171.81374652502072
171.81193498356006
171.81691272412544
171.81288111654152
171.8135205900967
171.82534873463408
171.81329318875032
171.81890580010665
171.83067723413214
171.81154540553496
171.82077363013912
171.83840860260403
171.82386045015716
171.87596532645964
171.8639122700987
171.81716258374016
171.8539754344594
171.81261323409942
171.8597264160523
171.81573963130938
171.81810445779234
171.83874166384294
171.80968245793596
171.85394734376217
171.8159426353698
171.84695934566483
171.86400965347312
171.8101271173298
171.8524660179948
171.8143378653624
171.83799179483552
171.8210722362282
171.81712194681427
171.83414962225112
171.82885779772482
171.8133044538626
171.81050471537392
171.8089473125815
171.8161082536171
171.81197662791308
171.81067358494974
171.80768067217966
171.819928444659
171.82168624837612
171.8102933950799
171.82548292931529
171.82808641855854
171.83379855465904
171.81624621851373
171.89120018464948
171.84551676345438
171.8182169876118
171.90095419752387
171.81830365147925
171.8226734261985
171.80884718606288
171.82320908741625
171.8184452291827
171.8071330967984
171.80939264538455
171.92156840306225
171.81207607877005
171.81072109460246
171.8900651905901
171.81412082262642
171.8054201311575
171.83346800943147
171.80754523522583
171.81130569701327
171.8512961991744
171.81137734443254
171.87156521584635
171.80760420830623
171.84388743039932
171.8779056043805
171.81338820172675
171.85061853487764
171.80871018380185
171.8270146434558
171.808969258487
171.8082152199817
171.83267981745823
171.81032104577488
171.81305731676082
171.8057740726893
171.80596451787906
171.81646671390163
171.80613282981275
171.80590395189571
171.8056428351427
171.80648347654926
171.80554293156626
171.8053609184292
171.8079668281182
171.80583179962903
171.80616755849167
171.80474890987603
171.8076356199004
171.808823739988
171.806044890817
171.81130548493286
171.83758338164876
171.80543004698623
171.80411173748809
171.8313436092626
171.80703479536075
171.8068444302466
171.87607494405697
171.82903238131178
171.82074394934835
171.89457807219645
171.8241103225286
171.82643754853444
171.8376226232351
171.8095141131339
171.80337932411626
171.8482471727443
171.80775016590516
171.80800457227463
171.83902795416526
171.8454176668523
171.82988052262553
171.82094665826702
171.86784092657865
171.81877392533295
171.80697834200944
171.8152077340965
171.8066803263997
171.81388377125032
171.82983066688942
171.80386482333412
171.81197979282933
171.80315169242266
171.80509001059824
171.80462336215712
171.80614669479235
171.80321459956573
171.80432284805514
171.82734421314342
171.80644583485727
171.8085040378154
171.83293678921692
171.80820015603683
171.80986972690545
171.80311388947908
171.80371155314245
171.80744821415774
171.80524689093338
171.80462500512175
171.8234735152572
171.8168173870209
171.80344423075658
171.81320542247
171.80744089831592
171.80402842788018
171.81150920590534
171.80465049613898
171.80439285091313
171.80501825703823
171.80992114879717
171.80238438652182
171.80392532997504
171.8206838138457
171.80878944397733
171.80231784918774
171.8259201834799
171.810702550499
171.81747203585948
171.8635309251665
171.814588102511
171.82347270102198
171.8605804469348
171.80948283019814
171.8038566260436
171.82596420925924
171.80538327214617
171.80758406224487
171.8230526503736
171.8048742967571
171.80452277326495
171.80531235286043
171.80294535497504
171.80653206526233
171.80485392570372
171.80208446327833
171.80308565581595
171.80759132264635
171.82961008600478
171.80445512663601
171.80704863593726
171.83408307536524
171.80243951066075
171.80248829419656
171.80720305665278
171.80217516856715
171.80389486859346
171.8060417473703
171.80284869102064
171.80198741602763
171.80289343662827
171.8025477215332
171.80224833625866
171.8040078516592
171.80574211347445
171.80225231436654
171.80421384147658
171.8050159329287
171.8029960507078
171.80269205726313
171.80243726578007
171.80204203207478
171.80331472966904
171.803108170228
171.80230325331794
171.8025194299132
171.80216117774123
171.80192062969934
171.80263134798423
171.80209475329144
171.80209253486407
171.80211198961848
171.80216860293925
171.80353021909343
171.80214521063527
171.8021458698692
171.80500769272402
171.8018247812024
171.80260388038838
171.81481088958796
171.80177619857756
171.80269978699351
171.8125580858887
171.80259038104663
171.8089638831148
171.80413471842445
171.82878004608637
171.81280589403462
171.80539499653452
171.83480606144303
171.8055841268406
171.8032482288666
171.8017125444824
171.80832476477133
171.80257124604637
171.80241305456894
171.82433524841034
171.80157918307523
171.8193299263211
171.81740789739436
171.8024419617967
171.8289855213681
171.79972526667837
171.81056540286224
171.97246699770483
171.80680971823847
171.81429808552718
172.01112428063485
172.38930977362043
171.7996797319583
171.95471178134585
172.38124099049264
171.80567439106017
171.9390550999324
172.03030282084168
172.74724169843105
172.04312679906533
171.94760568728765
172.92224261797892
171.9624209048858
171.8366760605055
172.01700067103627
171.92651490647788
171.82075774174592
172.11167051503625
171.9954723170636
171.80288495623446
171.79802001589462
171.9561756406868
171.81446613403014
171.80660690052875
171.89298046517646
172.30476767315116
171.80625055913472
171.8234568817724
172.26296005562318
171.8132954088092
171.826921468228
171.8341927344557
171.81121826207942
171.9269424455834
171.8285500817542
171.80928931264722
171.90432277630345
171.8145557167489
171.8133804833188
171.79979940469664
171.80679436045673
171.8182019616415
171.79724603068246
171.79715759180496
171.82711252803247
171.98677823106266
171.79849912499833
171.81546349226036
171.957515759015
172.22640102162316
171.87385025587477
171.90224009410127
172.1851037347183
171.89206020658602
171.89368557212862
171.97849468254702
171.80321566782925
171.80331075633126
172.00574404572657
171.80001520113376
171.80235101171766
171.8100869954523
171.8215510111086
171.79814836027023
171.80620317038068
171.83300049854756
171.8004466422999
171.81018263384476
171.79810621556692
171.7982487727163
171.8038568071274
171.79905963803904
171.79693777962973
171.80858280297008
171.80575357949368
171.79824862508053
171.81183953452438
171.8050880495084
171.7996614111464
171.79821341489014
171.79738955329512
171.80211544951538
171.79971235012073
171.79719018043482
171.80089914879466
171.7983185078893
171.79795694366615
171.79759707008984
171.79773960648475
171.7973801353244
171.79681381042593
171.79918945316055
171.7976779429478
171.8000098079706
171.79776620224877
171.79893508007396
171.79858305621443
171.79755714841323
171.79688843320957
171.79800424641752
171.79698723141018
171.79680158325667
171.79948210046038
171.79991770461763
171.79922921811473
171.79757624020687
171.80176747923196
171.79804031342888
171.79711071957541
171.79907568163628
171.79680736974714
171.797127321478
171.79788888678672
171.79716957799994
171.79683285089754
171.79678535525917
171.79722990909656
171.79675368712896
171.7971439823091
171.79681786101713
171.79701403583786
171.79698179271514
171.79767056111052
171.7975051947603
171.7968433544623
171.79754925064756
171.79759373908075
171.79677835375526
171.7968028789705
171.79702229122043
171.79675609722617
171.79679932612055
171.79710757503264
171.79679989886571
171.7967746734786
171.79676641768128
171.79677947416533
171.79681251061234
171.79676490936825
171.79675561747874
171.79675222043565
171.7967669215075
171.79675410566358
171.79675844569343
171.7967901550863
171.7968034622065
171.79674732615138
171.79684566082142
171.79675371187034
171.7967604477495
171.79694216223007
171.79682846589262
171.79681606076974
171.7968437434601
171.7969596200715
171.79691662760288
171.7969506202771
171.79676238685576
171.79678978415996
171.7967691916509
171.79683865275206
171.79674913239378
171.7967450609586
171.7969957719892
171.79685536719748
171.79688058360423
171.79698944680007
171.7969011733529
171.79689584780482
171.79677842265107
171.7967721446334
171.79677194859158
171.7967848674985
171.7967571844498
171.79678159437458
171.7967599389195
171.7967487623718
171.7967433075709
171.79675960333628
171.79675764878874
171.79674882648555
171.7967507691025
171.79681402575295
171.79683427157966
171.7967791913671
171.79679372515724
171.7968599959736
171.79674618751707
171.79674271874126
171.7967906571302
171.79675140503417
171.79674715746123
171.79677043310215
171.7967602238712
171.79679659053872
171.7967828727137
171.79673669242663
171.79685902646895
171.7967502627762
171.79688288989632
171.79674552806455
171.797057193998
171.796903567864
171.79675668203058
171.7970291034727
171.79678994944558
171.79677059062078
171.79674589088359
171.79679863025166
171.79676217631405
171.79675825037384
171.79673873251724
171.79674574150616
171.79674419931226
171.79674299896067
171.79674402917726
171.79675074719376
171.79673836606122
171.79673946937908
171.7967399159618
171.79674271929272
171.79673775350267
171.79674118886297
171.7967364025065
171.79673699450422
171.79673711313853
171.79673829508155
171.7967365017226
171.7967381370002
171.79674107960022
171.79673813696073
171.79673772614743
171.7967381000364
171.79674063198428
171.7967353466912
171.79674135383664
171.7967380562896
171.79675031987173
171.79674256337333
171.79674105607407
171.796748415063
171.7967359738024
171.7967439941945
171.79673496885712
171.79673664861727
171.796742262407
171.7967360840508
171.79674344663746
171.79673716930935
171.7967528760103
171.7967482434438
171.79673864489592
171.79674948953675
171.79673431439477
171.7967425632754
171.79673497428917
171.7967363065502
171.7967406233773
171.79673605113211
171.7967448390072
171.79674761366473
171.79673728116867
171.79675022234045
171.79674472710687
171.79673569660864
171.79673708600885
171.79673558046173
171.79673664054854
171.79673956839252
171.79673342903556
171.7967378616225
171.796742596234
171.79673928128514
171.79674918002777
171.79674458978076
171.7967373570375
171.79674750111658
171.79673877764066
171.7967368430632
171.79673493639504
171.7967386107263
171.79673597595016
171.79673346005245
171.7967341420402
171.79673344440144
171.79673352201846
171.7967344790649
171.79673358541808
171.7967341194933
171.79673363055625
171.7967337489966
171.79673347881442
171.7967333069985
171.79673362207723
171.7967334699405
171.79673312130592
171.79673293401493
171.796736293833
171.79673400036458
171.79673376505886
171.79673532179262
171.79673822584382
171.79673329960445
171.79673264753137
171.79673922262228
171.79673299964253
171.7967339106114
171.7967328690522
171.79673684826054
171.79674516231015
171.7967343925693
171.79673492665273
171.7967572416925
171.79673515924597
171.79673988074478
171.79673316773932
171.79674076133534
171.79673408772797
171.79673273361996
171.79673278632592
171.79673299348565
171.7967322071462
171.79673631625897
171.7967324888846
171.7967331945315
171.7967330141615
171.79673268786232
171.79673356042292
171.79673731638678
171.79673237465863
171.79673544617546
171.79673273087255
171.79673347887123
171.7967316744956
171.7967345488072
171.7967317624429
171.7967333138819
171.79673406488095
171.7967322567683
171.7967328186627
171.79673484794023
171.7967335389666
171.79673341113548
171.7967332188917
171.79673237198645
171.79673210775445
171.79673282889365
171.79673165602017
171.79673165395465
171.7967338462012
171.79673597995918
171.79673471098178
171.79673188821607
171.79673418027164
171.79673179620707
171.7967316816178
171.79673198558993
171.79673196082433
171.79673351873433
171.79673194194416
171.79673357149713
171.79673139608673
171.7967316536814
171.79673166087287
171.7967322565859
171.79673167780413
171.79673203581288
171.79673360056367
171.79673188227872
171.7967315277797
171.79673324395264
171.79673097654785
171.7967315535924
171.79673098594358
171.79673622001832
171.79673103741638
171.79673271251966
171.79673551489552
171.79673129119573
171.7967318086103
171.7967323575589
171.7967307694128
171.79673167879508
171.7967313493483
171.796731269515
171.79673175286544
171.79673247177044
171.79673620951826
171.79673333269724
171.7967336605339
171.79673672073883
171.79673101417654
171.79673315054714
171.7967313362438
171.7967308807834
171.7967338971107
171.7967306340806
171.7967323949311
171.79673315638397
171.79673247643038
171.79672975236022
171.79673714177426
171.79673072738015
171.7967321642558
171.79675548563145
171.7967382030145
171.7967323018662
171.79675417236325
171.79673427239953
171.79673217022327
171.79673251757677
171.79672973885968
171.7967337348732
171.79673275440896
171.79673056914316
171.79673696413175
171.79674197661953
171.79673054076747
171.7967484671591
171.79673531949712
171.79673171279805
171.79673020238067
171.7967298699701
171.79672962818543
171.79673609648918
171.7967316260435
171.7967316754053
171.79673094531339
171.79673396698996
171.79675416660228
171.7967361022691
171.79673469205954
171.7967568545751
171.79673311733214
171.79673009279244
171.796731295226
171.79673292347434
171.79673168246902
171.79672953715556
171.7967589145148
171.7967283819963
171.79673237218154
171.7967444179654
171.79673103479203
171.79673688066248
171.79673194657374
171.79684164082835
171.79673078592563
171.7967520106532
171.796884375559
171.79673165271964
171.79673196305976
171.79672767993642
171.79675073722507
171.79672844570376
171.7967381872128
171.7967719952654
171.79673521754674
171.7968264306811
171.79673539127373
171.79675359356486
171.79679257194175
171.79675528453313
171.79677231882613
171.79672785002117
171.7967311922769
171.7967485156799
171.79673369544125
171.79672879905098
171.79672795199622
171.7967278069394
171.79672721669291
171.79673329783898
171.79673738162185
171.79672891155198
171.79675512570813
171.79672656513526
171.79672814052472
171.79677180888694
171.79672827253546
171.79672796996113
171.79675840979414
171.79675348968993
171.79685566083293
171.79674313906833
171.79673727425887
171.7968100720903
171.7967379742811
171.79674504351797
171.7967585714023
171.79672899353596
171.79673038904573
171.7967381175973
171.79673531732215
171.79672654775632
171.79673229995802
171.79672662703862
171.79672713244872
171.7967254729496
171.796727901059
171.79674626943748
171.7967249980276
171.79673249534827
171.7967531914047
171.79672832412317
171.7967346865152
171.79683883057277
171.79673363944966
171.7967290871045
171.79685334785324
171.79672684565313
171.79673165016993
171.79673716941875
171.79674303123028
171.79673848042495
171.79673473836846
171.79674867940608
171.7967298999855
171.7967263363507
171.79672721149817
171.7967278262661
171.79672453351333
171.79672520398367
171.79673241063645
171.79673080488402
171.7967313962711
171.79673818490105
171.796729595307
171.79672902368964
171.7967253968401
171.7967286263157
171.79672725998944
171.79672433327792
171.79672680727185
171.79673051118482
171.79673494755585
171.79672438127471
171.79674136642555
171.79673025217818
171.79672927882186
171.79675280712578
171.79672518572158
171.79673115103765
171.7967268339464
171.79672899463716
171.7967267353567
171.79672349539695
171.79673813354393
171.79672401374623
171.79672758204313
171.79674213454578
171.79672766260595
171.79672558342315
171.79672499049036
171.79672436050657
171.7967249183663
171.79672639114952
171.79672680079346
171.79672579057402
171.79672474025142
171.79672328913296
171.79672503530915
171.79672402385748
171.79672431330087
171.79672373155222
171.79672383587746
171.796723535344
171.79673193125177
171.79672383085278
171.79672576741154
171.7967299280604
171.7967236308906
171.79672438476155
171.79672353630303
171.7967245687668
171.7967239038859
171.796723134191
171.79672264011433
171.7967289449655
171.7967239952358
171.7967248759985
171.79673197662282
171.79672529937008
171.7967429435496
171.79672709306016
171.79672678815268
171.79673440459396
171.79673013242422
171.79672455977766
171.79672370526598
171.79672670659352
171.79672307006226
171.7967249522191
171.7967319192378
171.79672270643107
171.7967235098192
171.7967232941931
171.7967224425918
171.79672260889984
171.7967225729646
171.7967243733108
171.7967237920779
171.79672546015203
171.7967239749155
171.79672690759486
171.79672371800297
171.79672221917932
171.79674558121454
171.79672191232441
171.79673233536505
171.7967519187865
171.79672382930897
171.79672838351038
171.79687139246133
171.79674461597753
171.79673019876523
171.7968290795421
171.79676961852437
171.7967255103942
171.796738841347
171.79672403019475
171.79674224575496
171.79672709835415
171.7967214666255
171.79672759502228
171.7967762294406
171.79672253553792
171.79676582720873
171.79676266385843
171.79672994349815
171.79674802706805
171.7967266667127
171.79673737119347
171.79674039816533
171.79671996871605
171.79674816369828
171.7967311283931
171.7967635745125
171.7967182410289
171.79678569143485
171.79675799101022
171.7967222340478
171.7967827437902
171.79674236068226
171.79723783644107
171.7967598764726
171.79673988893393
171.7972565543044
171.7967592522376
171.79678652957455
171.79672693264692
171.79672504936389
171.79679195181885
171.7967315056665
171.7967253004431
171.79673239036592
171.79672898494144
171.79672121010944
171.79673020147283
171.79673133869494
171.7967186480675
171.7967185179688
171.79671813422775
171.79672516332798
171.79671859772992
171.79671879822112
171.79672727260302
171.79674433800037
171.79672512012476
171.7967246689674
171.79673334739417
171.79673162483482
171.79671921636404
171.79672497818294
171.79671865871015
171.79671989789338
171.79671971859608
171.79672129236434
171.7967179851483
171.7967442374122
171.79671865307395
171.7967187234922
171.7967489603717
171.79672001019443
171.79671875439766
171.79672070152807
171.79672231996415
171.79671837032703
171.79672173493424
171.79672036272714
171.79671766365703
171.79671960926487
171.79672189814926
171.79673323676812
171.7967237242903
171.7967200077079
171.79673839787105
171.79672057422798
171.79671988533684
171.79671831965882
171.79672387691477
171.7967185210092
171.7967184838477
171.79671781548097
171.79671878569485
171.79671741428012
171.7967186234812
171.79671775913172
171.7967183434696
171.79671928019306
171.79671843716488
171.79671988844916
171.79671914175077
171.79671939600357
171.79671949523743
171.79671863847338
171.79671738060628
171.79671756357516
171.7967183707393
171.79671786342084
171.79671768004098
171.79671855840073
171.7967185970833
171.79672146719298
171.7967208380773
171.79671784062887
171.79671896011675
171.79671743330942
171.79671843177286
171.7967172532595
171.79671851343858
171.79671757052924
171.79671840832964
171.79671725643385
171.79672581849778
171.79671865365162
171.79671763414547
171.79672290440536
171.79672127349423
171.79671977670066
171.79671725615347
171.79671748422675
171.7967180474381
171.79671765249995
171.7967173426953
171.79671710843093
171.79671771603822
171.79671726332123
171.79671763362217
171.79671721010058
171.79671727482597
171.79671718282978
171.7967173099
171.7967185336411
171.79671727967465
171.79671770674872
171.7967185521582
171.7967172929767
171.7967172031872
171.79671715980456
171.79671737463565
171.79671707141472
171.7967172465797
171.79671762500956
171.79671857595935
171.79671724426692
171.7967182253827
171.79671768333102
171.79671690479537
171.79671739595491
171.79671985323165
171.79672132424037
171.79671721758152
171.79671922748972
171.79672342801553
171.79671774586916
171.79671742914522
171.79671727958006
171.79671839837602
171.79671675083495
171.79671770090653
171.79671852660476
171.7967166130005
171.79672435536196
171.79671773282533
171.7967171256752
171.7967274272409
171.79672828857875
171.79672579579204
171.79672308406853
171.7967228187161
171.7967295171206
171.79671995984376
171.79671715601933
171.79671625253704
171.79672371802937
171.79671654227994
171.79671800937703
171.79672051112124
171.79671697993984
171.79671592269352
171.7967541179068
171.79671788456366
171.79671686276615
171.79674697151987
171.7968029661651
171.79672837014226
171.79671732076827
171.79681819362978
171.79672854281398
171.7967176139781
171.7967406308587
171.79672248336487
171.79671676946913
171.7967484499358
171.79671960298688
171.7967207187952
171.7967166360749
171.7967244846529
171.7967172506138
171.7967156720066
171.7967205279784
171.79671935196876
171.79672578169792
171.7967311846782
171.79672098735918
171.79673260860088
171.7967247116879
171.79672788825906
171.79671832318462
171.79671811288912
171.7967158396009
171.79672301639278
171.7967160707979
171.79671702047807
171.79671697880926
171.79671828426584
171.79671611490215
171.79671534198752
171.7967159957815
171.79671555277034
171.79671754649203
171.79671632635694
171.79671869499842
171.79671672864347
171.79671763789113
171.79672001858248
171.7967167135891
171.79671521040032
171.79671538068018
171.79671773327806
171.79671559865895
171.79671552640445
171.79671547379428
171.79672281736683
171.79671558013345
171.796715123387
171.79672221294976
171.79671540601342
171.79672166973762
171.79672326535513
171.79672170379166
171.79672560352762
171.79672605125177
171.79671953221637
171.79671537146226
171.79671874330884
171.79671752044524
171.79671695233884
171.79672090291433
171.79671619406588
171.7967151493548
171.79671820437565
171.79671548073102
171.79671515656483
171.79671657615896
171.79671496759454
171.79671741619336
171.7967204232011
171.79671720991018
171.79671818388078
171.7967195395461
171.79671853163947
171.79671675621265
171.7967156451612
171.79671493531498
171.79671752222242
171.79671541424906
171.79671538586538
171.79672034519265
171.7967196356604
171.79671506038417
171.79671758061096
171.79672245317565
171.79671495778211
171.79671510332633
171.79671479265517
171.79671618900937
171.79671614510332
171.79671544643335
171.7967152534427
171.79671672700294
171.7967169192641
171.79671529677407
171.79671756655858
171.79671741075188
171.79671598147354
171.79671476435067
171.79671706176836
171.79671475774776
171.79671498579734
171.7967178542359
171.7967149258164
171.79671866115422
171.7967201729398
171.79671540928106
171.7967170050025
171.796718697676
171.796714911184
171.79671472979717
171.79671475152693
171.79671759180957
171.7967149475781
171.79671525066274
171.79671648482298
171.79671572012546
171.79671924651143
171.79671497023688
171.79671600482928
171.79671802950236
171.79671568147933
171.796714743868
171.79671600342132
171.79671533454896
171.79671504914845
171.7967156035611
171.79671610255716
171.79671525348118
171.7967147013069
171.7967146924061
171.79671496917075
171.79671476438796
171.79671495774713
171.79671469808994
171.796715411512
171.79671572232112
171.79671514667797
171.79671499160554
171.79671528562142
171.79671476913109
171.79671480886537
171.79671487000846
171.79671468310227
171.796714740989
171.7967152875237
171.79671489740744
171.7967153501031
171.79671507896353
171.79671505961736
171.79671537042935
171.79671506759007
171.79671475868577
171.7967149887892
171.7967147235139
171.7967146759753
171.79671499528473
171.7967147014392
171.79671503346196
171.79671574673117
171.79671486511543
171.79671547749743
171.79671523830186
171.79671547184893
171.79671466089667
171.7967149664064
171.7967150804992
171.79671477310958
171.79671473966408
171.796714705395
171.79671461241819
171.7967166359107
171.79671468785656
171.79671474958542
171.7967166472799
171.79671482509573
171.7967171609147
171.79671903892367
171.7967145361628
171.7967166702494
171.79671834431443
171.79671500834684
171.79671523917384
171.796732552258
171.79672756931504
171.79671619485748
171.79673003511263
171.79672976062724
171.79672154725225
171.79671582383165
171.7967155013615
171.79672348489524
171.79671556854615
171.79671569052203
171.79671579881847
171.79671459716303
171.79671466945652
171.79671530415246
171.79671455880654
171.79671525919932
171.79671497437332
171.7967147426148
171.79671450845836
171.79671469378312
171.7967144784669
171.79671458362333
171.7967152998871
171.7967155423753
171.79671456176249
171.79671573971223
171.79671517463464
171.79671446284505
171.79671697864342
171.79671518713695
171.7967157356204
171.7967190101424
171.79671449852995
171.7967169527264
171.7967147767635
171.79671553882096
171.79671447319333
171.79671575641282
171.79671474259106
171.7967146016597
171.79671452710204
171.79671466235098
171.79671439014095
171.79671512139095
171.7967143770089
171.79671462123818
171.79671595447167
171.79671479576749
171.79671449187614
171.79671611744578
171.79671476012444
171.79671477174952
171.79671454000726
171.7967145443682
171.79671443537904
171.79671461931432
171.79671447326535
171.79671438680947
171.79671449783515
171.79671435694206
171.7967144275237
171.7967144433977
171.79671439983716
171.7967144169448
171.79671439411942
171.79671507488294
171.79671434407928
171.79671442992026
171.79671508535472
171.79671442222698
171.7967146710113
171.79671542214044
171.7967145281729
171.79671489151812
171.79671494081404
171.7967148983523
171.79671439347857
171.7967143813497
171.79671437295053
171.79671463671656
171.79671447871928
171.79671450888355
171.79671434282793
171.7967144704775
171.79671432971418
171.79671436996847
171.79671433768755
171.7967143836573
171.79671434605507
171.79671444291884
171.79671482146045
171.7967144086217
171.79671453099292
171.79671476591048
171.79671444876416
171.79671430845488
171.79671435389156
171.79671442050304
171.79671435616908
171.79671436423868
171.79671493157892
171.79671436468084
171.79671432542972
171.7967148618578
171.79671428868113
171.7967143468792
171.79671667278043
171.7967143637334
171.79671426135852
171.79671624220921
171.7967146224148
171.7967143605337
171.79671441981048
171.7967144702013
171.79672142039047
171.7967149848789
171.79671452772382
171.79672111957066
171.79671537383766
171.79671467517824
171.79671453703037
171.79671523610753
171.79671492914224
171.79671468253525
171.79671490984185
171.79671424445806
171.7967142296829
171.79671477913573
171.796714322488
171.7967143349996
171.79671454409382
171.79671439791406
171.79671454949144
171.79671482384046
171.79671487832627
171.79671505418872
171.7967144389846
171.7967142125799
171.79671469619703
171.796714289604
171.7967143735881
171.79671432016858
171.79671476953067
171.79671482204563
171.79671431774707
171.7967150167691
171.79671524287917
171.79671440168644
171.7967144375075
171.79671432777496
171.79671424048672
171.79671470492667
171.79671431496186
171.7967142725354
171.796714244157
171.79671422373974
171.79671419301857
171.79671422360823
171.79671427678034
171.7967142876316
171.7967142505545
171.79671445950788
171.79671429702708
171.79671419156983
171.79671438394658
171.79671450146114
171.79671537552017
171.7967156613556
171.79671435227576
171.79671550384592
171.79671531641114
171.79671437031496
171.79671437191757
171.79671417731012
171.7967145288301
171.7967143501007
171.7967142403248
171.7967146885071
171.79671430382987
171.7967170417787
171.7967142923033
171.79671427074607
171.79671683047835
171.79671457387542
171.79671422346954
171.7967142283352
171.7967143687824
171.7967141723873
171.7967143182702
171.79671443643264
171.79671458846767
171.79671451469665
171.79671442658798
171.79671492211511
171.79671501492274
171.796714750398
171.7967145848369
171.79671414248332
171.79671416919385
171.79671431511258
171.79671432970687
171.79671423325397
171.7967154441974
171.7967148040186
171.79671423402897
171.79671491622008
171.79671455217004
171.79671419117167
171.7967141843205
171.7967144508333
171.7967141408074
171.79671427574044
171.79671423994898
171.79671427843607
171.7967159804174
171.796714715971
171.79671440340223
171.79671527710246
171.79671514685276
171.7967143025715
171.79671414608583
171.79671409514054
171.79671471393874
171.79671420524153
171.7967142360591
171.7967143869661
171.79671658954777
171.79671430654744
171.79671404686223
171.79671669400526
171.79671429044308
171.79671416949884
171.7967169209607
171.79671461733713
171.7967162285653
171.79671677197976
171.79671489115546
171.7967162731056
171.79671406451558
171.79671426569533
171.79671525039848
171.79671413529022
171.79671438693063
171.79671518415435
171.79671415050325
171.79671427300553
171.79671415415686
171.7967141048337
171.79671434526287
171.7967141750344
171.79671409014304
171.7967140405889
171.79671409051645
171.7967140743081
171.79671406301807
171.7967141226665
171.7967142761861
171.7967140399768
171.79671404866127
171.7967144338804
171.79671415182202
171.79671405939325
171.7967164641712
171.79671400726676
171.79671413313784
171.79671563086114
171.7967142972361
171.79671447011287
171.79671700972162
171.79671494326536
171.79671740204407
171.7967180138953
171.79671463722428
171.79671888467823
171.796716745405
171.79671397082356
171.7967139707286
171.79671582118277
171.7967142417789
171.79671405290276
171.79672196197032
171.7967149779942
171.79671514297758
171.7967203862435
171.79671532251095
171.7967149414508
171.79671506515248
171.79671550973862
171.79671402011556
171.79671443346962
171.79671607752945
171.79671402795879
171.7967141015259
171.79671402437367
171.79671426286492
171.79671446576575
171.79671395601875
171.7967140984536
171.79671428155905
171.79671393276976
171.79671665739485
171.7967141966516
171.79671405219173
171.79671667841583
171.7967230218674
171.7967157874296
171.79671397432955
171.796725049438
171.79671519994642
171.79671427235198
171.7967144649719
171.79671404230626
171.79671502374075
171.7967150538008
171.79671398432924
171.79671449027077
171.79671420419638
171.79671410556946
171.79671388844812
171.7967146275814
171.79671394029646
171.79671406437546
171.79671588974486
171.79671388029865
171.79671395873623
171.7967161697826
171.79671393703674
171.79671393327297
171.7967167996418
171.79671415465478
171.79671951261432
171.79671586432835
171.79671408373972
171.7967179443389
171.79671416438316
171.7967162430609
171.79671391567695
171.79671387893478
171.79671739958707
171.7967140808691
171.79671911452493
171.7967138467941
171.79671746144444
171.79671813506772
171.79671393014632
171.7967162299228
171.79672469860608
171.7967248633597
171.79671645294664
171.79672206240022
171.79672261095416
171.7967170117795
171.79671824066165
171.79671530612646
171.7967140578381
171.79671996101757
171.7967145170765
171.79671426187875
171.7967143529889
171.79671410498747
171.79671415872002
171.79671395057548
171.79671478414602
171.79671453960478
171.79671426886537
171.79671397028548
171.79671385621396
171.79671387493596
171.7967138273024
171.79671395939778
171.7967139505703
171.79671497640246
171.79671410508786
171.7967138463388
171.79671509071153
171.79671389177298
171.79671400803298
171.79671395982274
171.7967138861948
171.79671399064205
171.79671384556144
171.79671394640374
171.79671389784315
171.7967138115282
171.79671393509736
171.79671390449278
171.79671384723787
171.79671386485344
171.79671416398958
171.79671384070838
171.79671397260307
171.79671402037664
171.7967139825888
171.79671395022353
171.79671380337737
171.7967138900196
171.79671385835994
171.79671384374274
171.7967138452698
171.79671379707813
171.79671396481237
171.79671380157941
171.79671396139008
171.79671408908044
171.7967138118469
171.7967139875059
171.7967138185149
171.7967138464406
171.79671379350438
171.79671387752046
171.7967138338616
171.796713814932
