10391.62922665447
10361.897476928558
10361.80849734198
10332.35666563154
10358.563884742072
10358.661458060957
10329.445596420192
10257.427245236227
2.173193393527527e9
10335.252333100689
10407.286086026857
10391.69838530063
3.346782564925352e15
10262.708961515242
4.539249606120156e15
10396.628110377465
10252.089190942184
10396.759506824734
10396.997451715119
2.378161817806505e28
1.4407100896263165e28
8.049949712660004e27
10396.998530311399
10396.995880021652
10400.948622188296
10257.427245236227
10396.686756871983
10107.497887868221
10246.693178340796
3.5456262446755015e15
2.0542148863235874e28
1.8719044578160675e28
10413.556664046488
10396.99897017883
10396.99756365941
9955.597688985032
4.421043806207401e52
11073.95440148646
4.0645982450219456e53
10396.999999956752
10361.40473372032
10397.000000082042
10103.04096276982
9953.13875777267
5.640656541672348e27
10261.432318847465
9958.001303089004
10396.998686084582
10374.890022855707
9948.040438365013
8.238574611265627e52
11046.826825825872
9958.001303089004
10396.999999806396
11069.15668858528
3.350567302020446e102
9958.001303089004
12548.561093339333
10397.000000000002
9944.936917938188
9951.944977739577
15250.358545990312
8.983126288545187e197
9958.001303089004
12492.479172471256
10397.000000000002
5.005812415451773e100
9948.040438365013
10396.99999999999
10397.00000000001
9948.257388202279
2.739220692915883e100
10288.537343115797
10396.99999398432
9946.555555609431
10986.416118230918
1.301312174980936e51
9943.393342255466
10858.82863262331
12331.088662045811
2.207568886331505e101
12613.814950532258
11132.104113453122
10397.000000000002
10318.875781574301
10396.999998220508
9944.936917938188
11007.607837795713
5.846112624470216e51
9948.040438365013
1.9868176942545207e27
9945.392779090938
10396.990758028694
10396.99927360429
9944.156225060224
1.561588765885707e26
10010.874297849432
9943.772614184565
5.583831567157975e14
9975.265465426257
9944.042279461399
10396.70774812399
9976.773712799268
9943.360078137765
10393.914002105075
9953.560456185383
9943.582442764102
4.789991394295516e8
9973.15936658975
10013.795191314295
5.85708943441244e14
10009.887025366445
9975.976676781269
10396.71763607629
9977.607371719814
9944.042279461399
10393.962746730609
9953.41257245763
9943.393342255466
4.916138761152839e8
10380.078352614257
9943.701766954127
9948.30893577808
520971.41852989345
9943.299189347299
9960.48372492879
10393.284702572357
10393.986668935817
10394.55353396553
3.816441043021369e8
4.7276311828993094e8
6.04345899308444e8
9960.104235733768
9943.393342255466
517106.0337920629
9948.392800193265
9943.360078137765
10380.024801329197
11735.357031645588
9943.25221149468
26028.849726451575
10155.659763427908
9943.346232864566
10322.673432998046
10380.05163107267
9943.531070262961
9948.35083875224
519037.71128724446
9943.346232864566
9960.294145343434
10155.615280650978
10322.695837043779
9944.57259205879
11742.44768580824
26071.628552416176
9947.640989835521
9947.46512824259
10167.765578549626
10167.849889181209
9944.526868309067
11891.516080778034
11896.508565754997
10161.904445892034
9923.42178006362
10390.275519156685
9910.23565109018
10014.01572323107
9969.987188428486
10235.589135047274
9910.138683435282
10002.64583879744
10796.328152492108
9910.332707431979
9930.329832245094
10877.321582079681
9909.9450134041
10337.69766030883
10245.082054884786
9910.332707431979
18456.97765190081
9896.94542497405
10381.088836434457
312290.24810297997
9934.997768800918
282099.5608286652
10382.65631247512
9896.644018806384
9879.012902583674
3.251882052422541e8
9897.248916238723
9934.30534909242
10393.973125469347
6.11331846206968e14
10396.683381928326
9860.373178930186
10396.769385122081
4.215904934531379e14
9932.935424519364
9897.91057928062
1.4912304139591165e27
10396.990669463941
9935.695277811732
10396.988738404685
3.693480672144813e26
9860.92729189171
9879.141879105407
5.566092793295856e14
9859.809440860712
9879.738136243857
10396.51948372376
1.2871602876347962e27
9860.92729189171
10396.989241075544
10396.99500667622
9858.651334370767
3.043783122673445e26
10369.32300024379
10367.670054031481
1.795434602390901e51
9969.713335939416
9940.040674998278
10396.999992301457
1.2871602876347962e27
10396.985596221573
9893.56793322344
10396.990786861
2.038271279325381e26
9937.105931923828
9877.002360298517
10396.445051735085
10396.355921893713
9881.976810992292
3.742444930273679e14
4.58498124745754e14
9868.155946385394
10390.772357114129
4.0402679890106565e8
9864.962966089959
3.7486857470769763e8
10391.639603575071
10368.970041397464
10370.672951906457
10372.08028722674
456446.404649093
481844.9826067261
518557.5469281628
25648.672309597467
24942.77510626918
10111.200722825635
10298.174001240805
10293.4535850055
11697.5461356534
10028.035417183215
9904.859542852979
11753.44822618675
10836.728167328047
10290.300070372963
10116.493278975064
10284.343985662183
10178.063889965828
9832.120082485671
9902.017948929875
9870.883981933304
10003.758149746767
10022.387258345452
10029.341941994198
10830.510345213637
10006.537962593315
10010.630710376168
10182.93076493108
9832.410638109017
10007.061172326343
9847.788844918785
9835.1313494732
10023.382546201361
9836.422926855666
9896.491158615774
9837.175678542257
9834.731392780648
9859.301205456151
9833.893396850395
9835.529054567567
9836.14280219344
9840.178457057604
9831.76875555449
9848.311256858617
9834.950247752413
9832.475109814579
9857.732639396325
9857.397561191325
9832.571159826444
9897.545849192707
9895.789057939446
9834.384807772076
9831.175174931532
9835.580179473496
9835.830237801985
9832.552331919516
9848.835350031566
9848.35303373652
9831.395249038062
9833.129790466102
9846.09810628675
9836.309459043612
9842.083694176072
9908.678450843807
9831.27456197612
9831.53837989563
9834.153709314445
9831.090427775216
9830.826304508317
9854.443137694914
9913.501971227459
9841.370892640927
9840.624768767211
9843.117711520548
9831.331298397874
9902.271396092103
9856.9509861494
9830.834471300072
9833.840898076285
9833.264448885879
9830.850167149525
9855.395064048194
9833.991979241786
9831.442560147312
9831.599835017994
9831.304765109267
9840.320889927954
9838.909252274749
9830.816549505205
9831.129264797059
9830.739242834572
9830.858435857665
9832.978324969254
9830.979814843618
9830.598357966503
9830.93333732466
9831.292279468118
9830.883563067466
9836.578934516348
9844.824545420992
9833.09180074673
9832.56870891921
9832.938207242125
9830.62832541962
9830.367295591699
9861.54476149689
9829.756297506736
9829.788916769603
9844.241246494297
9830.97820785343
9831.002435144002
9909.17807856582
9835.759439895975
9943.51445168877
10035.371008216658
9831.821999465272
9872.281111695387
9983.159141281445
9829.180954692934
9829.169980769264
9844.47656426225
9830.331549038767
9830.342712224192
9907.333435645865
9845.151119984106
9983.319158535503
9903.661238126402
9909.166445968449
10033.031256276643
9844.45488539882
9828.57175681424
9837.016661459767
9844.696197019153
9829.768211062938
9829.996207454567
9905.535478748878
9845.382783861412
9835.73471972762
10030.999939393982
9907.364570437525
9829.482073506946
9983.661393324912
9905.323693121925
9828.565043284803
9837.463491112232
9845.127232873881
9828.637374645066
9889.287603883957
9952.343534507809
9828.538068667182
9972.356051944811
9866.155892555647
9828.59203211428
10037.488764827718
10129.205625097988
9976.146146551246
10715.25907279878
10214.539416976162
10044.42135383714
10189.724746900152
9827.966423731637
10038.46857235925
9865.622852278108
9841.979292704087
9972.96630766913
9949.349903076509
9866.831579510004
10003.136349864331
10914.527876849645
9884.28399536675
10018.317211970543
10177.152962506538
9826.772061671625
9933.55647740929
10008.762721889121
9829.160785791642
9945.718942969821
10021.698598835976
10177.961305037637
9867.746088262442
10904.688926958854
10940.851047397788
9882.821603195534
10172.30319077491
9831.133018339773
9832.96717975699
10023.909898826987
9835.82036298218
9832.611219976776
10006.642746367444
9864.79861090174
9831.82970595535
9866.492356456236
9852.631439619416
9840.21315983201
9876.879846762446
9826.795289464722
9831.479813803802
9826.247164675673
9826.81686590647
9835.160389383649
9827.636281301995
9829.748622391899
9847.395633970493
9892.252081267297
9848.634413418718
9830.423379610927
9850.724744597865
9843.247157871281
9829.410160155834
9826.351912140377
9829.861236593062
9844.082760318239
9826.606833344278
9826.032809261766
9826.493151350764
9827.378736431365
9826.556958101271
9826.231214048015
9828.139255684195
9848.180425973513
9828.081734486306
9826.496009860937
9828.743998531223
9846.966821079226
9825.699639530896
9826.949791427749
9833.65348704371
9833.933827258465
9857.732539238232
9903.079723350624
9915.166090981718
9827.667452051212
9825.719711319405
9825.744039823516
9855.860991395812
9825.693109454085
9837.894863285353
9842.91219147332
9828.257253717567
9919.441323628256
9826.793636121592
9874.027469580555
9833.418784934393
9825.390555635864
9825.963768876174
9827.256233125336
9826.022595321156
9826.908806099043
9859.790510637024
9830.404289843933
9835.936189897515
9833.712062645003
9825.690971214393
9824.950715943287
9915.428709591843
9839.247002892937
10019.896542095685
9832.238287438095
9829.46545644836
9998.40141061486
9862.027286095528
9861.347246315183
9890.753029348904
9825.173326571581
9832.484809565694
9851.525359022513
9825.283508040606
9825.751773686907
9828.40041375536
9824.620366089302
9826.307441785684
9841.233287536345
9825.666059653835
9824.107580986923
9824.06255512548
9835.07594179942
9825.188141229113
9825.233424018652
9908.774500010697
9884.951976348251
9912.869753107387
9960.40392786207
9982.557359865581
9832.936662293934
10042.730596095145
9834.476866133104
9835.351693196926
9831.879133529472
9824.016319844854
9823.547213706219
9916.035684703837
9860.039027094585
9824.489066821152
10020.318571517431
9831.251563736832
9825.237227942729
9994.170477022875
9823.598681879046
9823.090247441376
9848.533250316792
9823.557231952665
9824.065677370985
9890.203910923661
9821.893019159146
9830.592538132301
10010.874012809583
9824.287475723606
9854.406254748264
10006.326895973374
10885.123878277465
9821.834815378648
9873.72375525137
10176.005002186135
9821.951283457973
9855.199928542483
9817.044253986322
9821.718588809132
10309.914105738793
9826.62537677098
9821.951283457973
19897.863950239956
9807.716120057798
327484.10331044596
9816.805465239819
9826.399740014867
10370.246696414573
9817.284036137396
10391.155494992836
9807.211190464766
9826.851952217
3.0389820603671e8
9808.225281646552
9788.580287898601
9764.533987117933
9787.469581403839
10396.276845855162
9826.851952217
9789.709692260118
3.30832848810216e14
10396.974794581174
10396.985895546475
10396.982137459356
3.765054852469878e26
3.7048082030289625e26
1.0645071434036052e27
9761.597757923379
3.9338369232180194e14
9764.47206764352
9788.580287898601
10396.140118495981
9764.595392943964
6.792359917216599e26
9761.453753692944
8.15423027673583e26
10396.961313904992
9761.739364844729
10396.98391703827
1.633692991325818e52
10396.999988927915
1.3391637546947209e51
10396.99997489921
1.8123177901047027e51
10396.99999900681
9755.356380581494
1.1929308606309203e27
9761.308270134363
9788.580287898601
10396.988138256282
9761.597757923379
10396.999983101678
10396.999997148278
1.3769828746985537e51
4.022281680794803e52
1.4993563779142488e52
10396.999997712343
9761.308270134363
9755.170008475292
1.7161512366889422e27
9768.170152109245
9755.541782674825
10396.984486542822
1.083555371999064e53
10396.999998673658
9819.25390475559
10396.999994812615
2.9143580011765197e51
9778.213351144223
9761.162025414342
9754.983383576448
2.4311980152534777e27
9771.486592266108
9755.356380581494
10396.9883409137
9830.97684980404
4.022281680794803e52
9754.611502627295
9780.16531203879
10396.999998400928
9755.356380581494
10031.801376284842
9998.021824378297
8.49801545232491e103
10181.402356085298
10172.979648759567
10397.000000000002
9838.176431640011
10396.999998400928
4.022281680794803e52
9776.31454294049
4.415115478901012e53
10396.999999801628
9783.732460386269
9777.79842335467
6.377777128970712e27
9760.869382102965
9760.579016768035
10396.994792557136
2.0042839132180948e15
10396.421928396203
9751.658010148685
10396.472123707072
1.3812375628488232e15
9757.585191801805
10396.98978548696
10396.995909190586
9757.916292708218
6.614276467718752e27
5.283420117074106e27
9811.095443951504
9752.125764367152
9779.315229988313
1.7145066504177805e15
9751.760911205822
9754.704168166722
10396.344756152625
9765.039626575573
1.1190283906897202e9
10388.443890841621
9753.181089157704
10388.179105572872
1.0729624430158887e9
9758.252490723587
9757.549833766843
1.0273883012511875e6
9752.444627913286
9752.394487258445
10348.071347953222
40667.77823267854
13800.3527438607
41367.67688270741
10204.1003907092
9874.684857013322
10207.426478808442
9751.603980992357
9752.526903793456
13861.4077262668
9751.71202081126
9751.846798888211
9880.963879756111
9873.915849616786
9751.59111821754
10206.082247365608
13805.617577368608
9751.61684788488
41214.490959094
10349.307136967333
9751.809310402701
1.0084393460143872e6
1.0584031213704352e6
9751.61684788488
10346.935454581098
10207.30326437404
9751.768839550523
40659.54045824165
41507.54422739285
9753.080944718826
10202.701824897518
9751.78321799446
9751.632323629585
13879.450396671635
9753.274954434826
9751.828103554948
9880.194677836354
9624.862042182078
9751.599810765987
10801.211805882698
10812.15138321141
9751.582428369742
9622.631496174838
10812.490910891649
9877.064974110293
9638.59050903567
10090.807058824521
9751.597549084518
9716.155036799382
9622.328391644545
9621.52393813677
9752.360412641754
9622.93457564285
9623.7390922502
9878.62740777071
9619.321382534614
9878.621976573675
10817.061679737099
9623.726804220205
9754.222005824071
10089.92236375283
10084.320784247868
21980.132624608974
10089.969235169656
10806.173549733516
10267.500995516239
10837.26009465224
10088.023882829586
9619.27161569197
9621.548678569327
10827.949809740678
9619.371198731435
9617.094086499896
9612.639494430463
10266.83824239537
10086.077155125513
9621.548678569327
22046.643919739472
10840.413419823948
463382.21257578104
455163.81815094745
9603.523199980338
10359.283336666982
10358.222456599597
9621.747044628308
4.77406152318313e8
4.737426874961724e8
9585.264577141501
10389.561865873975
10388.963797344972
9621.747044628308
9550.378638788381
8.272933309016189e14
9584.413147552496
9620.958264206754
10396.411955603648
9586.129442174082
9620.958264206754
9549.426254401013
3.3702418704085967e27
9512.759397623178
9551.467898468882
10396.993914075478
9510.578456506575
9437.520915292782
8.387726176289782e52
9515.075989337827
9620.958264206754
10396.999999247962
10397.000000000002
9432.09840130256
10397.000000000002
3.581604110019139e103
9443.641017924207
5.412122335903499e101
9443.641017924207
10179.04355313827
1.5800064350284391e209
9422.802907702086
9413.54479436321
10397.000000000002
10397.000000000002
10095.889221492174
Inf
Inf
10196.484860916562
10397.000000000002
10397.000000000002
9424.871797123722
10397.000000000002
1.5800064350284393e209
9398.96781197304
4.33275857559986e209
9424.871797123722
9950.85860565001
Inf
9350.25256995985
10186.43098364452
10397.000000000002
10501.2830456892
9402.577139845785
Inf
12703.290454060358
9424.871797123722
10397.000000000002
Inf
Inf
Inf
10397.000000000002
10397.000000000002
10397.000000000002
9490.181242310968
10396.999964782888
9288.401257874471
9481.39097728391
2.4445675127490904e168
9377.996460011915
10397.000000000002
3.8265741933360174e218
10196.484860916562
Inf
10390.862770217502
9889.030137761487
9350.25256995985
9262.721693880563
2.0713281704544764e110
9351.249094543711
9501.308921644602
10244.881902427527
10293.706375762102
1.059006701469526e218
Inf
9458.923820342286
10183.449297743695
10397.000000000002
9342.685465178625
3.582662539592775e168
10396.999948387176
9288.401257874471
10396.999999886788
5.407015204446181e174
3.1055385481200633e56
1.1561359294581456e74
9476.940358515427
10062.220099921245
10393.368950245911
9386.207135863353
9282.712636705077
3.2159073637437975e29
9293.397731940282
9242.730751056046
9943.910425610857
9404.983465129926
2.858906473634439e56
9381.14530092576
9282.712636705077
10088.807263459272
9421.631482673913
9268.77801276624
9293.397731940282
10287.66120843027
5.584775292829093e37
9342.40561731873
1.157501552533565e31
10049.58830146094
9330.177089532515
9239.343145103898
1.0819057695366812e16
9044.483678276783
9252.726222468304
9860.852090396334
9008.896730216728
9332.151106113395
9330.177089532515
9080.070626336834
2.208452060611625e15
9342.473177920036
2.175702036268686e28
9440.911874749057
8972.471862699258
9369.993634670653
9435.269741297989
9080.070626336834
8961.910267381762
9578.890750612698
9351.058509600874
9080.070626336834
9576.14328701688
2.1856447883330634e54
8742.081468607843
10397.000000000002
10397.000000000002
1.194005609063876e106
Inf
Inf
10397.000000000002
9737.828633211806
2.9976757313563783e106
10397.000000000002
7746.334304003881
9154.020296551218
10397.000000000002
5754.839974795957
Inf
10397.000000000002
9737.828633211806
8699.515693563424
7989.220525724515
10397.000000000002
9737.828633211806
Inf
10397.000000000002
3384.812335200848
9100.725009194693
10397.000000000002
Inf
9737.828633211808
10397.000000000002
7058.603446661678
10397.000000000002
10397.000000000002
Inf
Inf
10397.000000000002
3944.025091269413
Inf
Inf
Inf
10397.000000000002
10397.000000000002
10397.000000000002
10397.000000000002
10397.000000000002
1.562336658740389e107
10397.000000000002
10397.000000000002
3918.805122365245
3235.954788248818
10397.000000000002
10397.000000000002
21031.031426957205
38457.86770364362
10397.000000000002
10397.000000000002
50045.43801185077
44772.68179760361
10397.000000000002
10397.000000000002
10397.000000000002
3267.5582983577483
3499.9015414883006
10397.000000000002
3447.7562972584274
3700.7826672071496
10397.000000000002
3367.260415106634
10397.000000000002
3410.3735588469463
3607.2834443120773
10397.000000000002
3313.8521918305596
3183.0044109964165
10396.999999908876
10396.999981204783
3288.9051655012213
10396.99999768452
10396.999999993832
3403.520831024173
10397.000000000002
10397.000000000002
3558.0559729457946
10397.000000000002
10397.000000000002
10396.999999907632
10396.999999993832
10396.999981204783
10396.999997652927
10396.999980691924
10396.999999993664
3183.2493352491647
10394.08177909495
3261.850079442318
3209.479599622618
10385.616719859032
3211.879117491899
3181.7577783120737
10017.89889012168
10040.02803672877
3196.242005309517
9685.514491412117
9656.198590070744
3241.5611601042488
10392.547565671784
10394.091598685129
3203.2148461699103
10388.821578083565
10385.501808257546
3210.8807669825997
10038.82685337103
3183.0044109964165
3197.556501400941
9653.705849977536
3183.2493352491647
3182.5035567806194
8819.852760715172
3196.551273671811
3181.0119998435284
7276.981333804815
3185.8328496153345
3182.5035567806194
3216.7900417551746
9624.112982919965
3189.6232081529665
3193.2629105985807
10060.260366317825
3181.7577783120737
8800.925190834058
8843.58884350794
3183.0044109964165
7311.157107450375
7252.735323928563
3520.101285865149
3534.6438936119707
3514.483258746861
7106.024487411593
7085.609454769903
7117.998540996374
5500.480592431954
5503.855350694527
3177.4307364438287
10263.762953971003
10259.743879016964
3184.560317531114
3184.936344603304
7094.453395338985
3177.0610100701538
3179.677978280484
3517.3059533017836
3177.8004628175045
3199.999587164378
8817.813461735508
3179.1497959989442
3187.70753517425
7276.205217986175
3192.70580676086
3177.4307364438287
7097.2257690154765
3184.560317531114
3176.691283696478
3520.3277719808634
3177.543488040487
3178.1965187752526
8819.140248019203
3185.5681003804243
3192.323578361372
7278.827218370974
3203.296075429485
3179.4855221608464
7099.998142691971
3175.4089978004904
3177.0610100701538
3523.3495906599424
3186.4974379335554
3175.1577335205534
8808.368038722525
3187.134013378573
3179.677978280484
7264.107160312195
3186.4974379335554
3213.3664562805425
10032.351317028437
3185.6595939589274
3194.4039710886163
9645.780672621082
3179.677978280484
7269.37591660408
3179.0145188128513
3182.845314302137
8811.039727500205
3175.4089978004904
3193.107577878917
3173.6063613333254
3182.799274752587
3520.720355539102
3176.709105707783
3178.1965187752526
7090.650845336113
3196.412647851598
8809.703883111364
3182.744365471441
3189.27836291679
7266.741538458138
3184.560317531114
3514.662107968774
3520.720355539102
3179.1497959989442
7090.650845336113
7085.081011031444
3179.4855221608464
3174.2815269966814
5493.680366600461
3174.382047426939
3176.2165018150745
10259.150131018918
3174.341752680492
3464.1607162401633
3173.034351048356
4430.985037498287
3709.1265283783746
3175.013548756595
4343.6782905810305
3175.5474810356163
5490.420965249085
5495.902240379486
3178.9598010658397
10246.57164068802
10248.277471882953
3712.9677600799887
4342.373778364854
3712.2248979425185
3464.014546085377
4429.0393554530865
3462.0146086711084
3334.6633546430676
3711.687464482339
3173.466087609869
3481.434515792273
3461.3271564486176
3173.286929442089
3258.1997413195227
3481.699204703527
3448.7966061146512
3219.9788937530984
3334.8883177244884
3319.7043006270765
3338.207985540548
3178.0245123839986
3337.8626663233936
3263.6512446743077
3183.5004586600608
3263.5227217215897
3177.5520983145116
3207.8162811212023
3219.8409258909846
3174.692414160318
3191.778651389433
3257.8692041977497
3196.738660274113
3215.751721573955
3182.123149484989
3185.522621625188
3196.2549524344977
3190.735497252416
3173.7914679298083
3194.1142422257094
3179.835517984586
3173.5505481323735
3184.0348549482446
3186.7014120562117
3178.5442103000005
3183.1126435805845
3178.831011572562
3175.2050320650465
3177.7986616644976
3175.368703191545
3172.9154544642147
3177.621838280963
3173.7034729776356
3173.2835964752726
3174.6813452781953
3174.349478659521
3173.0686379632657
3183.957596444878
3172.9436465368085
3172.825292037322
3177.3414065770808
3172.8872611049114
3178.776175869293
3194.111907201132
3183.6329245196503
3174.6173878764407
3183.2767919478474
3194.7363572630807
3177.426136337208
3173.8132830300847
3174.612589612289
3183.801478799784
3176.0762599215627
3178.7878955200526
3175.106055523431
3178.295461920627
3173.0297837591484
3173.5183036793737
3174.466075157807
3173.456730944929
3172.9151813600924
3172.9866836515257
3175.530805446265
3172.871942425683
3173.3061170663427
3173.646603785307
3173.904369413794
3173.0203108737187
3173.236997563681
3173.1649523684787
3173.420816823767
3174.150253850245
3172.9715525001043
3172.920620422769
3173.031181685384
3173.2558813496003
3172.8721332432947
3173.4550868811803
3173.0583003005772
3173.108480556691
3172.844846482202
3172.913042485744
3172.928197290204
3172.8497065217493
3172.8408534230657
3172.9354269473083
3172.825918631069
3172.8147280294816
3172.8766919759973
3172.8442749023147
3172.9124958186167
3172.8121955229544
3172.884437910934
3173.160954313869
3172.822504988131
3173.065982472161
3172.831383551926
3172.865528194167
3173.018025276717
3172.819761885024
3172.986557282831
3173.500184254274
3172.816292183291
3173.153446751489
3172.812304258292
3172.82022319283
3172.915086252887
3172.812086787769
3173.384233963644
3173.227827758182
3173.4942472624944
3172.9835664387156
3172.937216512133
3173.015739235044
3173.153428969029
3172.885557267286
3172.8733101713083
3172.9150094199404
3173.0552561353707
3173.013649773911
3172.8466421220205
3172.863540126849
3172.827549608153
3172.923956124718
3172.9804100184947
3172.859386856109
3172.837246517959
3172.8940133914757
3172.8208999618787
3172.820970415776
3172.837841175329
3172.837148028899
3172.850574096096
3172.8210420467763
3172.8249541819455
3172.8249375086684
3172.816174305642
3172.8507262935805
3172.817757932753
3172.8171299783494
3172.8289826278374
3172.8264644433225
3172.8149862398113
3172.8185219978477
3172.818197831456
3172.8181613913184
3172.811126100307
3172.8153061928797
3172.815303576396
3172.8130474705854
3172.8111806708926
3172.8322179753986
3172.8271932303132
3172.8110715297753
3172.817549542415
3172.816057408353
3172.854086673507
3172.8179416683524
3172.81606179386
3172.8239381177386
3172.834003128027
3172.827624079214
3172.812935651448
3172.8324626852955
3172.811506163856
3172.811694075612
3172.8175041371624
3172.8112716960686
3172.8214122566555
3172.8162533188242
3172.821632782133
3172.8142238850046
3172.812693995589
3172.8142821498745
3172.816229320344
3172.814258864638
3172.8134132877835
3172.8126813173362
3172.8120993013495
3172.8118439119903
3172.8111576552715
3172.8135101871285
3172.813059740462
3172.8111006622266
3172.811874361803
3172.8117411827443
3172.8117769759706
3172.8116474028684
3172.8114731985183
3172.811360271155
3172.8113216326715
3172.81216080426
3172.8111522994
3172.811147122455
3172.811482692626
3172.811079559282
3172.811060697711
3172.8112724196585
3172.8114830334275
3172.8124162657064
3172.8113970578484
3172.811121983436
3172.8113987405764
3172.8124130721217
3172.811018056908
3172.811737552983
3172.8110639270762
3172.8111341581816
3172.8111969323745
3172.811057468438
3172.8114192454186
3172.8113498287344
3172.8114208302636
3172.8123392138054
3172.8111251385394
3172.81234164801
3172.811665360605
3172.8115278728787
3172.811401469593
3172.8112193916045
3172.81117893253
3172.811140786323
3172.8113251888067
3172.811095851693
3172.811099016964
3172.8111184492495
3172.8110504657375
3172.811260287182
3172.8110421962515
3172.8111563287807
3172.8110307171237
3172.811034364567
3172.8110683026944
3172.8110308952823
3172.8110148145324
3172.8110717886652
3172.8110197571473
3172.811021299382
3172.811043173108
3172.811027683591
3172.8110146750655
3172.8111672497594
3172.8110190264133
3172.8110197471765
3172.8110650812937
3172.8110124646155
3172.81113948528
3172.8113513583685
3172.81111089442
3172.8110484814674
3172.8111113118616
3172.81135063248
3172.8111816397727
3172.8110500363036
3172.8110610020935
3172.8110609123037
3172.811145491893
3172.811025009263
3172.811034201603
3172.8110347765246
3172.811019745648
3172.8110920479307
3172.811093728305
3172.811043231148
3172.8110206593583
3172.8110547179003
3172.811042445537
3172.811013055452
3172.8110231558094
3172.8110194916735
3172.811011629964
3172.8110336132163
3172.811014275874
3172.811013299173
3172.8110168837597
3172.8110111501496
3172.8110237065916
3172.8110529959654
3172.8110141226975
3172.8110528698267
3172.8110237100686
3172.8110206252604
3172.8110157898673
3172.8110216362566
3172.811031796103
3172.811026307373
3172.8110144066504
3172.8110174370727
3172.8110212314473
3172.8110125097523
3172.8110166388265
3172.8110142949286
3172.8110152471972
3172.8110129263673
3172.811011523749
3172.811012353331
3172.811015932603
3172.8110119191565
3172.8110147020802
3172.811012718513
