3855.8643333354767
43213.53585252747
43324.34784517676
5.49250928708284e6
43447.93348626036
43335.94574155928
3918.1810311004288
3854.9406694498125
5.415895445271401e6
3794.5496066958103
3856.7879972211413
8653.720751410961
1.6788357048522144e12
3773.804034337995
1.521451454081518e12
9879.265795255413
3918.1810311004288
9945.500728595354
10376.394768275777
4.0776754957370035e23
6.459078439084827e23
2.479986770003137e23
10364.575399558387
10345.097998083722
3773.724942558355
3822.7585015431127
10001.911541982485
3773.8831261176356
3794.5496066958103
1.6795608270194263e12
4.0794344448151835e23
6.467451464632575e23
3865.139443639393
10364.561388684111
10345.120386569151
3916.3067991420476
1.521451454081518e12
3822.7585015431127
1.6810110713538503e12
10050.534049872384
3798.191319032752
10001.911541982485
3773.6853966685335
3746.4969492791533
5.647182824861303e6
3773.764488448175
3799.081031473438
8864.487034993326
3746.4061073439025
3857.711661106806
1.5996118410347754e12
3746.587791214404
3799.081031473438
9974.486126138352
3746.2244234734003
3.614683788472177e23
3844.6596695127714
3746.587791214404
10360.527193433458
3985.280374014101
4251.807133280292
3746.587791214404
3.489359215209006e46
3918.7376351779944
3748.6119452003218
10396.70108171107
3.620920719021744e23
3844.5627510988575
10360.464261687608
10360.527193433458
3989.0834920936713
3.614683788472177e23
3746.1335815381485
9973.939122503385
3863.25364442079
3746.315265408651
1.6016827635568484e12
3798.876583157871
3994.7881692130295
3987.1819330538856
3.619361486384352e23
3844.6112103058144
3844.4173734779847
10360.479994624071
3746.042739602898
9973.7567879584
3865.100972192118
3746.2244234734003
1.602373071064206e12
3798.80843371935
3.6240391842965275e23
3844.4658326849426
10360.432795814684
10360.495727560534
3992.886610173242
3.6178022537469605e23
3746.8171209269885
3866.948299963445
1.6030633785715635e12
3746.1335815381485
3798.7402842808287
9973.574453413412
3745.997318635274
3773.329483660153
8794.189255517982
3746.0881605705254
3805.474743706635
5.583241103563296e6
3798.7743590000887
3798.6380601230458
1.6034085323252424e12
3869.7192916204385
3866.024636077782
9973.483286140918
3746.8171209269885
3773.2899377703325
8793.8441561609
3746.042739602898
3806.3851717908706
5.584445463416718e6
6945.75928430189
3759.887095024032
3746.0200291190854
43150.89599558819
3776.0239510997817
3746.368414858656
5126.198620530826
4678.4399075009405
5127.340118244848
7460.3390920554
3929.115124293343
7436.468082504519
3747.9058968513064
3730.4002681720335
3900.219081969342
3746.885700834991
4045.6927496476483
4676.797694880829
4208.051012014483
3716.6051848824472
9515.83179283025
4500.444402000648
3744.246515548063
5044.473879901256
6773.684015243392
3689.169682230865
3716.159630975948
54317.20533723594
3744.246515548063
3717.050738788946
3690.0548841688646
8763.6750328289
3744.246515548063
3688.284480292864
8.140286256369478e6
3634.92448972566
3636.6715395315496
10049.16173482299
9945.28696116296
3633.177439919773
2.355153211036016e12
2.869083792552451e12
1.0535392598233323e24
3558.3902073446566
6.655409005650602e23
10346.929132106727
3851.288042112733
10365.555549349216
10396.905426857551
3715.8722797620167
3559.0763625215973
2.2075552556425523e47
3858.6583629271095
3557.7040521677136
1.378556682413205e94
3815.613482659727
10396.999997872681
10396.999997887253
4648.824107316385
1.3691134207120812e94
3715.0421394263085
10396.905101266699
2.773805245050969e46
3858.6583629271095
2.2075552556425523e47
10396.980964613122
3645.750924410121
3557.360974579242
1.057172577119187e24
3643.6597387551046
3558.047129756184
10376.878824334732
2.217055307415962e47
10396.980948257798
3877.0841649630443
10396.905345459838
2.776188515954486e46
3715.6647446780894
3557.0178969907706
1.6295374116961031e24
10383.96736369818
3557.7040521677136
10365.419997131605
6.666865431027097e23
3715.0421394263085
3556.3317418138286
2.2151552970612804e47
3873.3990045558567
3557.7040521677136
10396.905101266699
1.383278313263767e94
3815.1275619217404
10396.99999999473
10396.999997879966
4677.527866416662
1.2085855958578344e90
3873.3990045558567
3715.0421394263085
2.2189553177706442e47
3714.211999090602
3888.139646184606
10396.904938471273
1.63513303904946e24
10383.933828156962
3661.130236813991
10365.36577624456
6.68405006909184e23
3644.9486429230665
3556.160203019593
10125.3597537384
10047.214931702929
3556.503280608064
2.8851416615636313e12
3.469647224104276e12
3644.2800750171878
10365.298000135752
6.692642388124211e23
3655.8890873963246
1.6330346787919512e24
10383.93941741383
10088.814976876409
10125.243455930033
10047.214931702929
3.168697469715328e12
2.886376882256799e12
3.472618156245113e12
8.785631297231432e6
8.90156650701895e6
3580.184161133235
9058.204672282678
9003.04364376728
3530.6498361744457
10023.818660849634
3580.5066076922417
3.024127043603901e12
3.317678973671212e12
3606.52368509395
10068.689685552225
8.665591636647308e6
8.7818678552993e6
9057.918143239374
9003.640185314222
8945.680254437044
8.543423902282517e6
3525.8497771354046
7204.0189580016195
53937.430475291796
3543.6414653731363
53853.6962030519
7249.004000747978
3526.694910163102
8.604538958855841e6
3543.6414653731363
3525.004644107706
8974.871098739259
3578.2667545453496
10058.253553670835
3568.5595741851675
3523.31437805231
2.9544255099627334e12
3630.679877696334
3526.694910163102
1.3933157482140008e24
10381.644348713056
3741.5562036464044
10359.40355281744
5.573625976764389e23
3614.4160372638835
2.682458861433124e12
3.2395097308784565e12
3568.5595741851675
10098.76623434859
10011.587134915344
3627.20885974455
3524.1595110800085
8.482245657997193e6
8.717237285849603e6
3522.469245024612
9032.282473920035
8916.69930662872
3629.8121232083877
3626.3411052566034
2.9525281850022446e12
3568.975333363211
3568.642726020775
10058.471095823606
3574.841349298002
3521.6241119969136
8.59716388274888e6
3543.99533343053
3523.31437805231
8976.088555134847
10012.082157344565
3569.058485198819
2.950630860041756e12
3.240897856387082e12
3628.944368720442
10058.398581772683
8976.697283332644
3544.0838004448788
8.593476344695399e6
8.59716388274888e6
3573.9849979861647
8976.088555134847
7206.752698391359
53875.470614100224
53771.19940765953
53953.03138613566
7161.267348849328
7113.477841788929
3714.1118410145505
8719.941430575891
4540.198458139924
4538.702064776075
5178.209803343969
3743.7247201072546
3523.3529575034636
3388.14858618562
3706.0359800723686
3519.896200995774
4122.719156851279
4538.3608835205
3398.652442937274
3387.9444508220604
13983.487566750942
3377.674553477733
3388.3527215491804
4825.012168077184
3357.2221235377797
3399.061838894002
88715.974905817
3398.2430469805445
3356.4122948546506
6785.148261826607
3357.2221235377797
8927.636333874128
8808.909037914835
3355.6024661715205
1.81777970471616e7
1.8757552028834157e7
3275.0333819545667
3477.9702170333935
6.887667527888309e12
3471.816763120471
3271.864495676451
10042.494621373133
3275.0333819545667
4.268178837080005e24
3113.942534466512
3268.6956093983367
10366.879005081732
3471.816763120471
3120.0094247013594
3471.816763120471
1.7086614710143252e48
3107.875644231664
3081.8477193891736
10396.963246498579
3078.8454354823793
3334.0811078885295
10396.99999998386
3084.8500032959673
3471.816763120471
1.3042299029910284e97
10397.000000000002
4193.571207006315
2.6783074963914792e193
2.7151866549043528e193
5629.859694112239
10397.000000000002
10396.99999998386
3331.94413195136
1.3042299029910284e97
1.3131784449425542e97
3496.4305787721655
10396.99999998375
10396.99808808814
3222.6857026195576
4.3253676776463057e49
1.714523178685366e48
3120.0094247013594
10396.963057369587
3078.0948645056806
10388.587454937971
6.432509003564035e24
3079.596006459077
1.3595223714079365e25
10393.165548570725
3222.059144984185
10396.991980516932
1.7159886056031263e48
3123.042869818783
9.3949276022288e48
10396.998086454001
3077.3442935289822
1.36068437417531e25
10393.162271211511
3078.8454354823793
10388.580264618162
6.438006958890475e24
10396.99808808814
3221.432587348812
9.402964447329037e48
1.7203848863564075e48
3126.0763149362065
10396.991973680097
3155.6236595829137
3076.5937225522835
9.462356640884501e24
2985.2382642590555
3078.0948645056806
10391.347480044573
10396.996128397162
2.0652431917372309e49
2.0582064803852666e49
6.7789970580805355e47
10396.917748462298
10396.917467256144
2985.116487216504
6.443504914216915e24
3077.3442935289822
2986.06742520208
10388.573074298347
3132.1432051710544
4.131141431969181e48
10396.9961250937
10396.917396954605
10396.983023332168
6.784781273888482e47
2.0599656582232578e49
10391.337833958289
9.478504254578296e24
3077.3442935289822
4.2901423597453545e24
10384.268183178401
3138.210095405902
3032.0275141669963
2986.5692445320988
1.0883314717583475e13
3057.550604979641
2984.8236837875443
10200.660932368895
10391.345068523002
9.474467351154848e24
3077.7195790173323
4.2919726533008e24
10384.273614924094
3136.6933728471904
3059.0348710400967
9.987803648139068e12
1.1815757425398201e13
3033.2098575504065
10221.69455043118
10176.768012402428
2.145993941319194e7
3009.3261348135043
2984.616393551788
9337.61237549946
3020.3293570716023
2985.0309740233
2985.8428658743023
1.1818276815249254e13
10221.731913630954
2985.0309740233
10176.721053903366
9.994195258650926e12
3021.7977502885715
3020.3293570716023
2.1464517380195074e7
3009.3261348135043
3008.9220033084293
9337.386489817225
3002.65742988592
2984.7200386696663
88393.47183600694
2997.000379767118
2984.7532978876065
7629.827383990228
2989.125774280829
5575.12319452794
3746.110598181294
2987.7888457924787
12114.65039615063
4232.1888976806795
4005.197983728342
4231.065172420701
3392.1685309407435
3057.8097633386806
3723.2919892375603
2875.0886212469036
5068.841708727523
15530.210369125149
4009.596929542207
4008.3498799697113
5212.105385445978
5085.979453662576
2871.181390815481
2879.1780958126187
5049.707837339704
2879.002116561088
2871.005837723326
4007.098854688076
15487.667391643146
4010.829115247039
15552.594389019254
5212.24354181536
5066.796762020143
5247.939686793699
2987.7501036138865
2991.646996996873
5035.492986068553
2850.061651144597
2861.2767586078508
4008.66332567567
3736.08233011302
2832.399356255991
4836.728789984479
6948.554089963292
2867.812605953149
19773.330875152435
2797.3384637489476
2833.0959560671845
155188.7066857198
2867.812605953149
2831.7027564447985
7285.0443687222205
2798.7241891804615
2728.2556902253687
9254.675324967842
2795.9527383174322
2867.812605953149
4.7973820237524025e7
2.757369050787896e13
2594.1229586425793
2730.997687312511
10203.88305594393
2867.812605953149
2725.5136931382262
2599.4925765342196
2488.5073434564315
10390.807255565265
2588.7533407509386
2867.812605953149
2.2635919367136695e25
2879.0185973759835
5.045152675559786e49
2339.873013915146
2342.630893681689
10396.995772611865
2867.812605953149
10396.999999999709
2631.19297786432
2345.388773448232
3.412225637304981e99
2867.812605953149
2334.357254382061
2329.1435764681505
3212.479444507926
10397.000000000002
2345.388773448232
4478.314945217843
8.879199404811683e197
10397.000000000002
10397.000000000002
10396.999990487744
Inf
Inf
Inf
2347.7276510250927
8.93956454543862e197
3163.6355596150634
2334.357254382061
10397.000000000002
4556.506202675929
6.716924792968858e101
2617.626635608637
3.4587798442409963e99
10396.99999992567
2935.0485544901553
10396.999999999707
8.371694465165006e50
10396.998918688914
5.114103075706013e49
10396.995736625888
2.2020708763684725e50
10396.999702691914
2407.5840308203888
6.584114596407471e25
2408.8907476108343
2418.9137603502386
10394.930636561117
2421.3145686901403
10292.555020125303
10302.35978033579
4.4584402169735766e13
5.141631042901603e13
4.7948373192487234e13
10310.997593128233
2328.5628241382465
2345.6213222375222
5.944857289056033e7
2329.724328798055
2351.7394496264874
9677.091259339573
5.142716020529155e13
10311.015733543732
2375.2223944864945
10292.621139494144
4.457499007806534e13
2368.304103818619
2327.9820718083415
2345.9613524341553
5.943602596692127e7
2329.1435764681505
2351.1539291565423
9677.243173172135
2329.1435764681505
4.790791835202139e13
2367.9686477392884
2326.820567148533
10302.35978033579
2373.4513408162948
2408.8907476108343
2329.1435764681505
6.573009027258218e25
2416.5129520103374
2326.0836150824334
10394.930636561117
2329.1435764681505
10396.995743823083
5.096865475669457e49
2328.841494848976
8.357561827296943e50
10396.999702691914
2410.1974644012794
2418.9137603502386
6.567456242683592e25
2414.112143670435
2412.810897982169
10394.93238472993
5.135121177136294e13
10311.142716452227
2371.089935922696
10292.775418021432
4.45091054363725e13
2370.65229637393
9656.604816991832
9699.19478076305
2346.469765396987
6.007169665030292e7
5.862500191604482e7
2348.0015336139527
2337.291449764702
2325.911247597025
158957.33194427812
2335.739522331167
2326.255982567842
8141.163377265901
2325.566512626207
6.009075045772244e7
9698.97348610676
2326.255982567842
9656.68305097556
5.861880619658342e7
2368.8072879376145
2371.975462757795
4.786240665649733e13
2369.6140578641957
2370.149112254935
10302.449686910923
5.861880619658342e7
2348.17154871227
5.937956481054552e7
9698.678426565037
2348.519087041792
9678.230613083775
2336.7779008927655
2325.659062488723
159011.0278552585
2336.6142152315997
2325.7388801116163
8140.4481360253
4104.473250719294
2331.192132033439
6045.846802095255
5023.999406578658
2330.98223987774
17658.262471860926
4099.996858946344
2854.9360203586384
2299.3106285934423
5017.9268389234685
2131.2528812480596
3276.246866913099
5624.010301292455
2119.3241757013816
23040.130589214943
23026.698972302565
2144.1476034026746
5632.039697288355
2119.055563643398
2110.135631567246
216904.18611973125
2119.5927877593654
2143.838726313358
7963.876466989696
9641.763435650919
2091.9077728271186
9.017666721013932e7
9.02147905200507e7
2143.838726313358
9641.44418678911
7.818935083414103e13
10312.316026034456
2092.9706342182103
10304.000474127814
7.272755085272781e13
2090.844911436025
2019.9555218241362
2092.9706342182103
1.1637312295737577e26
2245.261173854113
2088.7191886538403
10395.09424198145
2024.0870783771927
10396.99829985142
2.2476095010523603e50
2015.8239652710793
3.137865853835966e51
10396.999865252337
2024.0870783771927
5.579414796766084e102
10397.000000000002
2007.560852164966
10396.999999989739
9.993437811595393e97
10397.000000000002
2519.8844932214993
1991.0346259527387
7.391301602737273e199
4304.380823766529
2024.0870783771927
2024.0870783771927
10397.000000000002
10396.999999999101
1957.9821735282865
Inf
Inf
Inf
Inf
5510.846165842892
10397.000000000002
10397.000000000002
8999.712053700656
Inf
Inf
3942.66010626005
10397.000000000002
10396.999999999101
12442.650015547453
1974.508399740513
7.240533533490012e199
2680.5622141461654
1941.455947316059
10397.000000000002
4066.9602626324813
1912.7462886466867
4075.2172949446754
Inf
1974.508399740513
12601.632073088907
10397.000000000002
5741.834180119845
1974.508399740513
Inf
9133.804410335899
1970.7093127959306
10397.000000000002
10397.000000000002
4163.5887540677595
10397.000000000002
Inf
12283.667958006004
Inf
3829.5397014984333
1927.2370446839973
7.089765464242751e199
2841.2399350708315
1924.929721103833
10397.000000000002
10397.000000000002
2214.644138902717
3.6248489214898266e100
9.5532667267954e97
2385.7862992557484
10396.99999999995
10396.999560389659
2080.5332583039058
10396.999561944996
8.472400626012362e50
2046.743743543269
8.502482372584284e50
2000.5675585079882
1910.9349441420225
1.5245993390350858e26
1976.0558811980438
1914.55763315135
10395.70328242008
1914.600829721191
2048.932100464403
8.494961935941303e50
1914.55763315135
2078.870584193604
10396.999560778493
1.1115761388929707e26
2.0649290196925917e26
2.0685883480935318e26
10396.064833888942
10395.178041060455
10395.181264101955
1911.5021623063985
10323.325652124679
1943.9452686388793
1911.8406163943546
8.580362401680614e13
1955.938408946125
9786.917505914276
9.176788431852542e7
1934.157583426291
9.059794010731941e7
9770.282358747396
1927.6325362057664
1922.3918981116967
1910.7274954527006
208413.2096557154
1918.767159639524
1911.1613622051054
8300.797115998801
1927.8926002237517
9.173742243870905e7
9.28890870024274e7
1933.9336856330222
9769.935518341712
9752.54604862718
1910.985717737266
208595.43371935742
8319.5470102332
1910.9349441420225
8281.324892684876
208278.68253953726
20832.75477285594
5848.6021226916655
1913.473210713941
6204.705905960092
4165.07210690981
1912.668534716865
2512.579965844774
5878.239266353024
2130.382526652268
1735.3824926151103
4184.93195464681
2988.6727486062364
27417.939362502875
8451.370470929623
3500.09891987751
5785.790067320977
3472.8064534173404
8491.30900660146
2140.929949461152
3482.0382699797983
8489.10375852313
1912.668534716865
8464.961596533147
3498.2458367366444
1804.269664536663
1800.5423665350377
3752.109545512977
1784.86584697115
1785.8118437592059
2510.067053891252
1723.4212359612034
1911.9210932013677
1802.4515563132122
1745.9807902655434
2144.731879288194
1785.3254069868833
3518.1489661128758
1761.340304542879
1854.579179976413
2576.6435197077694
1821.0747954506746
1883.2324555634825
1803.2540979081061
1722.1088002002616
1991.9969713411838
1760.095229059949
1724.7343264802198
2035.2930546298062
2576.35102452446
2152.7188363103214
2150.405370254813
3510.3799096000025
2294.7413493296035
2285.636510237866
1768.04683093549
1802.961397738358
2034.0119117326938
1748.8535992422337
1758.3417222905985
1992.9975566940716
1725.4102290779488
1739.980041796951
1762.389956119559
1739.256108006495
1730.4149264253376
1819.734549778629
1749.2550362477198
1722.1839527112138
1710.3051559379774
1745.2507344451062
1722.0325879207567
1732.9186944304276
1711.028953693527
1732.065089557002
1755.5006221204494
1712.1328663663428
1767.356665800756
1848.1329248126854
1780.9275523187307
1715.1516617279701
1735.7008421815337
1736.007605457821
1720.9032807674614
1781.0360627203584
1721.8526556583838
1717.137431066483
1723.6131132374328
1738.6612634377345
1725.9627726079707
1744.615958125351
1710.5718232603297
1710.1146524176997
1717.1619260467915
1710.0378302816268
1710.4955761752642
1725.6197281333812
1745.5083648602076
1732.7584360822082
1720.2457008233976
1723.3910149695014
1719.2597754226795
1714.586223675101
1713.5029811480683
1716.9758125201017
1716.8371726690793
1712.3887465645478
1726.51862230137
1726.5643603362946
1711.4236689579802
1713.494907911215
1710.0073840383093
1710.9366313907792
1716.8811525520484
1711.125020394818
1715.867806331831
1709.5776530414955
1719.8378500980025
1729.3884364183232
1712.0265506914966
1712.475330622945
1710.3209874791642
1734.0347679146157
1723.1407569243995
1710.14190666678
1718.5920427305489
1746.3006569327806
1713.8096941956412
1716.3828412147172
1722.1298657946757
1719.8045873248996
1727.4453179570025
1714.6923988469625
1715.5933915384815
1712.9775924198998
1713.0822312400433
1712.2433838322377
1711.3895036036556
1717.758863852953
1709.58857266838
1709.8918886537772
1712.8896383713413
1709.566732753084
1709.26272439244
1711.332307544593
1710.8315710532884
1712.7273587585705
1713.4145029564502
1713.2708255721395
1718.7055799970508
1710.9146625189007
1713.8258114853668
1710.505267906899
1710.8021123926194
1711.025490306191
1712.4597416156325
1709.9518014633873
1711.3819067689687
1709.193367721555
1709.740469731632
1710.141722586898
1709.3320588381364
1709.5540232270762
1711.4995850896516
1709.4508598772893
1713.9889769144231
1710.05690200699
1709.3466779100543
1710.9469797880304
1709.3423757876828
1711.543894662471
1709.6670969931424
1709.5111069571378
1710.0683837903791
1710.3762740828379
1709.1971936907003
1709.6277082722436
1710.3144473458626
1709.1895416694276
1710.31477121761
1709.6390946739327
1709.8561076102656
1710.5678370125925
1710.074850056681
1709.449756549176
1709.7098906532358
1711.5506883892592
1709.6067348573436
1709.6814018180091
1709.632660189937
1710.2772852198511
1709.404393017533
1710.3254038890004
1709.712577271895
1709.2621282993073
1709.1852664889423
1709.4093441240034
1709.251346532678
1709.1938167066044
1709.865498862996
1709.1650129350605
1709.6260457293477
1709.4548028847037
1709.2101647810555
1710.3399222249323
1709.407230587618
1710.1716819233498
1711.6206491679334
1709.8537546441682
1709.5331000811084
1710.0359562075066
1709.431949324479
1709.1606891819004
1709.6010379458096
1709.9214062518242
1709.181979950111
1710.3931156122164
1709.8247597204513
1709.1862120296933
1710.0402768532645
1709.4075518142458
1709.2509541205811
1711.6024304330338
1709.3647965029693
1709.1583365720717
1709.6012723420329
1709.2390883885712
1709.1630417691729
1710.3762045296248
1711.5921889459387
1709.4003768913078
1709.966474688361
1710.0404172855917
1709.8449660525935
1709.4591607048667
1709.2753465892147
1709.2394263346844
1709.5980589964124
1709.448671891837
1709.3702229941039
1710.3670277174817
1709.2242102008981
1709.7525140221685
1709.4275200041075
1709.1887351162993
1709.3800614469917
1709.2591751911677
1709.3396008062693
1709.1562029876964
1709.26859668457
1709.2304864079156
1709.160470151496
1709.445822768648
1709.2808971964105
1709.4097125793699
1709.3776214773618
1709.203650362304
1709.2510270884802
1709.7545413562661
1709.4478217762062
1709.2126608941878
1709.250448390451
1709.2662406013922
1709.183547184479
1709.1953492820253
1709.1850419831098
1709.294176806032
1709.1708605027436
1709.1719099900104
1709.2112537907797
1709.1793589733506
1709.1764452492591
1709.1835894102128
1709.1608969652505
1709.1963920279281
1709.2173964921606
1709.16387205155
1709.1789018289871
1709.1668532840436
1709.1539223035843
1709.1700695263223
1709.170678408719
1709.1584836425227
1709.1722450396664
1709.1531853634165
1709.1815209277877
1709.1629496130076
1709.1566852013163
1709.2233202445452
1709.2650393796116
1709.1850664005317
1709.3066338101137
1709.1914593963625
1709.2496327981667
1709.2068607272897
1709.2006819925787
1709.174282023302
1709.1767162345195
1709.1685640396029
1709.217521385206
1709.225402596501
1709.1524559360537
1709.1915744580301
1709.1685055963192
1709.1568145644837
1709.1650129617349
1709.1564786346073
1709.1798476026556
1709.1844572590408
1709.164130417428
1709.226433778249
1709.1653384352837
1709.181625651462
1709.1562297807195
1709.1739241943915
1709.188001456566
1709.1600949489477
1709.1613831852878
1709.16613542931
1709.168746596488
1709.1574905686668
1709.153283528202
1709.1593967200786
1709.1638263682266
1709.1520219413828
1709.164121263384
1709.1633327158677
1709.190454939223
1709.1868840526113
1709.1558681764625
1709.165346470206
1709.1677625507741
1709.151931461949
1709.1585205629076
1709.1572827301554
1709.1521124208145
1709.1712280526785
1709.159625445752
1709.190291642839
1709.1805107120508
1709.1744893458851
1709.1655147874667
1709.1616466997339
1709.1589000170527
1709.1621443256236
1709.1585082374256
1709.153981192655
1709.1552128459934
1709.1711229757698
1709.1540448793162
1709.1529598437876
1709.1550238448583
1709.1588799305662
1709.1519845711484
1709.1615322534271
1709.152151541046
1709.1532984354046
1709.151890412697
1709.151711382786
1709.1567315504653
1709.1528844222257
1709.1531450389584
1709.161320637505
1709.154627537639
1709.1559746003704
1709.15507752502
1709.1598773818746
1709.1553038518523
1709.1565111464508
1709.1518995856782
1709.1529234093848
1709.1533789893988
1709.152343812456
1709.1539662193297
1709.151837841486
1709.1525096414675
1709.152469823505
1709.1522641437516
1709.1541129291545
1709.1520829140907
1709.1518095871972
1709.151887083482
1709.1529112244625
1709.152170488742
1709.1517154292917
1709.152022017842
1709.1520834800526
1709.151867686281
1709.15175912303
1709.1517840414288
1709.152310985303
1709.1517030805578
1709.1520115753046
1709.1516799484796
1709.1517196850155
1709.1517578463001
1709.1517896361104
1709.1516877420886
1709.151677574507
1709.151895405043
1709.1516721548703
1709.151682322453
1709.1522333012945
1709.1528537923361
1709.1521001135495
1709.1517681008133
1709.1521071726165
1709.1528560471427
1709.1519380136008
1709.1517407338251
1709.152077422913
1709.1518891269038
1709.151853415233
1709.1518217899106
1709.1522544458173
1709.151687349563
1709.15176467087
1709.1517802559097
1709.1516828665835
1709.151710233568
1709.1519547289588
1709.1517258009376
1709.1517093330467
1709.1516761797411
1709.1518048755925
1709.1516924407936
1709.1516681300009
1709.1517621946848
1709.1519652174438
1709.1517298204503
1709.1519311233437
1709.1517762195463
1709.151833072138
1709.1517225632256
1709.1517216947132
1709.151678188937
1709.1518151040104
1709.1518153852512
1709.1516951749493
1709.1517394644713
1709.1516759803626
1709.1516949601564
1709.1516951347462
1709.1516880699958
1709.1517402997442
1709.1516685079741
1709.1516782651945
1709.1517027170366
1709.151667752028
1709.1516939673156
1709.1516817163676
1709.151674034439
1709.1516984377622
1709.1516948077394
1709.151684740481
1709.1516790981464
1709.151741260698
1709.1516964049672
1709.1516679498554
1709.1516812091452
1709.1516785889366
1709.1516675542016
1709.151703792954
1709.1517422430372
1709.151694335564
1709.151679633372
1709.1516947897535
1709.1517423880996
1709.1517019739526
1709.1516942896178
1709.1516735895038
1709.1516809406933
1709.1516774138486
1709.1516844293646
1709.1517048553287
1709.1516696195824
1709.151672721729
1709.1516860534339
1709.1516730386436
1709.1516819591368
1709.1516743517725
1709.1516708933295
1709.1516766888674
1709.1516678146236
1709.151676705166
1709.151670944401
1709.151667687139
