4881.683091261819
5839.852751664966
6539.398879305907
28529.0763687676
7449.689320786507
6545.896824635759
7884.290790323411
4877.946894194087
25736.94394342773
3730.020371405852
4885.419288329552
3999.948474034488
4.138390578046323e7
2984.534697755587
1.133964525039829e7
5890.075994127792
7884.290790323411
3454.3906188106794
7988.211639010714
3.86393385932694e14
1.9753505207790604e16
6.711027084008076e8
6129.527948442785
5318.331882240145
2983.471892753686
3641.5583293584978
5160.421678954298
2985.597502757486
3730.020371405852
4.147197617005476e7
3.872104735744854e14
1.9879889626692788e16
4456.693638385319
6120.426745563535
5310.910865689946
7868.692932419256
1.1339645250398293e7
3641.5583293584978
4.164811694923782e7
6289.344563144733
3738.1794587604654
5160.421678954298
2982.9404902527363
3161.871812912342
32525.45014854357
2984.003295254636
3115.1616908352103
4291.048325877697
2981.877685250836
3736.139686921813
4.160408175444205e7
2984.003295254636
3620.03920356075
5143.74081734164
2979.752075247035
3.8680192975358975e14
4462.961225715375
2984.003295254636
6088.5725354861615
7923.285435083789
3177.7698060105454
2984.003295254636
7.173154692793023e28
5651.095256629616
2975.500855239434
7065.09103536235
3.7651982439188116e57
7091.527905224095
8011.571932113531
8089.880414766397
5330.268521348575
3.641594868349514e57
2971.2496352318326
7037.055931485579
3183.430576336757
2979.752075247035
7.2335105245612195e28
5611.162613246566
5203.439317864975
5372.544922509774
3.734297400026487e57
7119.108499320053
7008.786122936222
8031.149052776747
2966.9984152242314
7009.020827608804
3189.0913466629695
2975.500855239434
7.293866356329416e28
5571.229969863519
3.82699993170346e57
7036.366717032179
7972.417690787099
8050.726173439964
5245.715719026174
3.7033965561341625e57
2962.74719521663
3194.752116989182
7.354222188097612e28
2971.2496352318326
5531.29732648047
6980.985723732031
2954.2447552014282
7008.786122936222
7991.994811450315
2971.2496352318326
5203.439317864975
3.7960990878111354e57
8526.227992323977
8402.384757413085
1.0879468838825373e115
7682.607291201908
7851.140633722701
8894.561914027345
2945.742315186226
6953.6249347443045
7952.840570123883
2962.74719521663
5118.886515542575
3.8579007755957845e57
8870.493589073934
8433.345566140806
2962.74719521663
1.1053752620485377e115
7724.740626832106
2928.737435155821
9529.602088106854
10397.000000000002
10397.000000000002
8.529214972643147e229
Inf
Inf
2911.732555125416
7640.473955571711
1.140232018380539e115
2945.742315186226
8371.42394868536
8822.356939167117
2945.742315186226
9493.553933828332
9.362364796071045e229
2877.7227950646065
9286.176498346786
9554.590549886323
10079.002495752948
10062.481458251716
2945.742315186226
Inf
10020.512881355735
3251.176310872192
3042.3637159485743
9504.613626327386
9220.275597992328
2911.732555125416
9.917798011689642e229
9439.955941803682
2937.9574184867647
10396.99999972125
10396.999105938394
2894.7276750950105
5.857595762893513e163
3.034907090807615e171
2.9387041834262446e77
6402.013052825149
4.475917653442271e57
9915.249898303637
4442.464096963382
7639.606639512422
6392.248542319795
4692.711815436441
2881.974015072207
8.621694655229735e28
3364.3019280557637
2873.471575057005
4.5068184973345956e57
6429.593646921105
7541.721036196341
7620.029518849206
4315.634893479781
4.383215121765298e57
4612.846528670343
6336.178334566248
1.873210598754679e27
3364.3019280557637
8.621694655229735e28
9465.689878877773
3184.3734103840657
2872.703482573133
4.701448692163096e14
9751.27145745301
2875.5971850608057
5160.2498418026735
8.772584234650228e28
9462.452740538238
3455.995741858572
6378.2309903814075
1.8797216864253943e27
4672.745493744915
2885.7542697558592
2.432440835808627e16
7445.727293822287
2873.471575057005
6313.562178556675
8.23531535059624e8
2578.139407030948
2879.228876164496
5.085203214322212e7
4326.390772773793
2872.4087700551045
3976.0805044557233
4.618295457147412e15
3972.120261479076
8138.916718374298
6514.617733551681
4326.390772773793
1.2533825733041332e13
2872.4087700551045
3171.8382357239548
1.150780274618858e8
3146.767886403734
2879.228876164496
5371.001862353437
45092.33359978436
4889.123631860446
2602.207473455812
3713.5509455418087
41826.984739249005
2771.329711747442
2577.083423899765
3806.8296106048424
3233.9989764411575
2579.1953901621314
3863.826807826629
3272.0850276147366
2761.9135691306296
3699.0693338928304
41886.507229627925
2603.3531815624096
45028.676265315844
4891.506380700208
3514.665852068998
3803.9761843848746
3233.9989764411575
3555.853410532663
3867.2130863227335
3278.345157336834
2421.3649524863176
2366.520146172639
2847.2453414467104
3056.9826985335826
2934.96001043837
2470.0532178617445
2935.8648950468687
2294.2088579095544
10659.262013827427
10445.623910822767
2439.5856114704643
3092.0964549002324
269120.53798476217
295574.85109305836
4883.167915992872
4402.493837235223
3827.988379142781
241049.91116248575
2367.0042707843722
3358.63305490102
10659.262013827427
2223.6909120319074
10445.623910822767
3613.3449386558923
2222.5985451175607
282336.70748710877
2247.961325715667
2224.783278946254
4651.138252057903
2367.0042707843722
5816.12746444623
2418.820250350458
2224.783278946254
1.5890259989167771e9
2545.084106780147
2220.413811288868
2.2532181896100628e18
8381.857697346059
3729.874153496587
4327.484002968505
1.0695494200515042e15
3153.14672673687
7.064228189463415e8
2.9706657044533243e9
2402.5587478107655
6648.250227548248
4676.750349451979
2545.084106780147
2219.3214443745205
256097.43194095785
309426.26913444354
2221.5061782032144
5100.54237814053
4107.64490707154
2545.2575324042564
2545.11879190497
1.59315100307382e9
2414.7548747155342
2398.4933721758425
5804.235858387023
2363.1312738905076
2220.413811288868
283328.4953900988
2238.368732556105
2218.2290774601743
4631.233252315222
4686.615766077635
2410.6894990806113
1.5917760016881394e9
2.9860889816005793e9
2545.292217529078
5792.3442523278145
4631.233252315222
2235.9705842662147
283328.4953900988
283824.38934159384
2362.1630246670416
4621.28075244388
3822.8694655600784
10301.216171492284
10094.858097227894
10495.496349275047
3586.907262212283
3322.0434035668245
2156.557705762275
2889.3591454255147
2494.377690153445
2442.0926632071264
2784.194905108739
2210.4664111750844
2156.4075030741687
2277.3171265132964
20740.729680899636
2156.7079084503807
2056.1820666592002
3212.688348081282
2277.3171265132964
2057.413905032161
823327.5880896056
1974.8628665618348
2054.950228286239
4649.390976025714
1960.1162286660417
2278.1246345850986
8.307119223930433e9
2276.5096184414942
1977.8694011225646
6340.528965035585
1944.752129134719
9039.462439307646
6711.584054118156
1977.8694011225646
2.764366441604414e17
4.897072825467498e19
3924.1724556447625
4935.277608290228
1.6611016792395128e36
4817.5213946511185
4012.3951530323166
9168.789256826232
1934.2118444977257
4.913931568510331e19
3086.895728305802
1960.1162286660417
6698.896580876088
2279.7396507287017
1913.1312752237375
4905.83855488045
1.666800595878437e36
1960.1162286660417
3946.228129991651
9164.575504755627
1870.9701366757604
5167.3592938904785
9863.986808165122
1960.1162286660417
3653.2799200827117
1.8619320056568552e71
10277.556897025386
6615.480537523234
2.403615603164455e141
2.5360112256816725e141
4085.272759849711
10270.97774853222
9863.986808165122
5096.322911260502
1.8619320056568552e71
1.912514797790288e71
3748.313297195753
9849.506528861124
10099.016576172236
3769.7827352165436
5.1907465234705604e39
1.5880700146426292e28
5023.5947685195615
4848.024706019806
1860.4298520387663
6610.084268181602
2.8404996667798714e17
1881.5104213127547
5.031942769810165e19
9002.074591142211
3747.7270608696554
9126.651736120199
1.593390596679356e28
5053.03382192934
1.6952951790730575e36
10098.018228972529
1849.8895674017722
5.0488015128529986e19
8997.401110121531
1870.9701366757604
6597.396794939534
2.8500163199268035e17
10099.016576172236
3725.671386522767
1.7009940957119816e36
1.609352342789536e28
5082.4728753391155
9122.437984049593
2861.1798203141198
1839.3492827647788
6.08271339670955e18
2374.8791690397725
1860.4298520387663
8127.727678624887
10096.02153457311
5.3133032707369086e39
5.243270843727566e39
1.6040317607528094e28
4866.491943044508
4792.622994945698
1828.808998127784
6.102956937921966e18
2836.1002749817103
1849.8895674017722
8120.1754392271205
2391.3392752884497
1.7351875955455266e36
10095.023187373403
4774.155757920996
9130.8654881908
1.609352342789536e28
5.260778950479902e39
8978.707186038813
5.116236485024333e19
2836.1002749817103
2.869049626220668e17
6572.021848455394
2424.2594877858023
2234.3943200676204
1823.5388558092868
1.551639552727118e10
1912.3694224023307
1834.0791404462805
6895.830205963219
8981.043926549153
5.12466585654575e19
2823.560502315506
2.883324605941066e17
6565.6781118343615
2432.4895409101405
1904.5577418823932
8.665213592163162e9
2.5300972870401894e10
2247.8650002107843
7464.947505350364
6158.672577822178
1.1669306540766004e6
1936.3880746022344
1820.9037846500382
5608.418063073
1829.20309135052
1826.1739269685352
1815.6336423315418
2.532184986602778e10
7467.362890162037
1826.1739269685352
6155.175339606533
8.686699254257128e9
2444.834620596649
2411.9144080992955
6.148504905649904e18
2804.7508433161984
2754.591752651379
8103.182900582145
1903.2557951290703
1820.9037846500382
1.5580517809707163e10
2214.188299852874
1810.3635000130446
6881.361449946908
1799.8232153760505
8099.406780883262
2436.6045674723105
1820.9037846500382
6.158626676256111e18
2767.131525317584
4723.370856103064
10092.2777325742
5222.3083790355595
5.308926244048825e39
1.6239839433905346e28
3620.906933375047
1789.2829307390562
6.178870217468529e18
2742.051979985176
1810.3635000130446
8091.854541485494
2453.0646737209872
3598.8512590281584
5369.503646084448
1.745160699663644e36
5251.747432445336
3687.0739564157125
9106.636413784832
5.162598028392125e19
2691.8928893203565
6.219357299893361e18
6511.756350555566
2453.0646737209872
8091.854541485494
1890.2363275958405
1794.5530730575533
1.5708762374579126e10
2146.8348991370535
1784.012788420559
6852.423937914283
1773.472503783565
2704.432661986561
8080.526182388845
1794.5530730575533
2477.754833094002
6.209235529287153e18
3609.8790962016024
1752.391934509577
1.75370907462203e36
5354.7841193795575
1794.5530730575533
9100.315785678926
1710.2307959616
4896.533085113697
9836.383775741879
1794.5530730575533
4015.594670326179
1.9583554531612116e71
2.596002992134786e141
6422.272280862246
1653.6754999025543
10267.996571871252
3762.7892109245417
1794.5530730575533
1768.6356016162165
7859.915396388161
10389.885678407512
1794.5530730575533
6927.409290937856
4.5666228269964994e281
3424.4458153309215
2.596002992134786e141
6320.91712982697
6422.272280862246
10261.417423378085
3593.6175131277314
9814.663356785884
4683.423937223768
1676.4441944082785
2.034229641361361e71
4300.694801665299
1673.992143342964
1658.218233630755
3301.099655345165
9041.323256690477
1665.0598471554165
5767.604892275866
1.833493907566968e36
7959.69035202458
8893.416157411415
6327.787988545565
6.492645106260982e18
3.061761852446045e17
5.440767288598877e19
1650.8294130893387
1.6503878676785313e10
1803.122257835853
1656.52158671577
6673.011363312007
2010.4389253136153
5.415479174034627e19
2315.6997093342184
6.543253959292024e18
6296.069305440391
2732.88647994849
7971.018711121228
2.6908501533595016e10
6661.436358498955
9.245326468700188e9
5889.38523521771
1.6503878676785313e10
7288.624414098318
1673.1590791512913
1.2422905935266316e6
1675.7513908136154
1825.1104709955775
5308.120901926288
1827.2225105313635
3813.7504570601304
4007.931129054308
23371.003368188147
23352.019327412156
23377.12483151374
4185.5748318336555
2209.094213602917
1635.1079961364908
4970.103525338039
2151.5516881938925
1690.8249927321333
2910.816966226423
23355.560342461522
4273.665452256887
1691.8281004127407
3913.3124228518477
23363.389568527164
1663.9120504034113
1635.76395735846
1649.0799068284227
4882.540964727991
1634.452034914522
1650.8294130893387
3005.300282096207
1633.1401124705844
23364.50129543438
1661.9601702977968
1635.76395735846
4096.594594568444
1691.3265465724367
1684.0278943002627
1631.6459333437708
1.2691901235811857e6
1780.7515036449897
1635.76395735846
5391.079444340465
1628.773978846149
5991.2972178379405
1.0006850771868313e10
1635.76395735846
2.8487912930783577e10
7347.56668387668
2336.4161232103893
2653.427058311599
7.624126134757581e18
2621.1938486455037
2386.147603281177
8030.616114448265
2.8576202591680763e10
7338.1158898972635
1980.3049284862968
5991.2972178379405
1.0006850771868313e10
1831.5692995401675
5000.467867380835
5721.659812248914
1786.980666722211
1.3798393197381722e6
1.1642018937794697e6
1676.2807419334063
1652.8513964715953
1628.0559902217435
23438.677874111378
1698.34830033669
1629.4919674705545
4079.489293062516
1626.6200129729327
1.3814463210578058e6
5716.230344238135
1629.4919674705545
5002.553633621298
1.1637503989445898e6
1809.045988398944
1983.6362799116455
1.771926978653215e10
1974.7526761107142
1825.426578319834
6737.284699899984
1.1637503989445898e6
1677.5719339945488
1.2746197139765157e6
5708.991053557098
1794.2480236456367
5377.4938769012815
1648.9476362603652
1625.9020243485272
23470.467836401524
1701.357623378512
1627.3380015973378
4072.158449559975
1624.466047099716
1673.6983578111203
5371.671490855919
1627.3380015973378
1793.2098297994328
1.2741261148496675e6
6738.698637831071
1811.0935621390558
1.7712423911593014e10
1.776719091110611e10
1982.5258294365294
6727.38713438236
4996.296334899909
1671.1159736888346
1.2741261148496675e6
1.3851959908036173e6
1795.28621749184
5363.908309462099
1625.1840357241217
1645.0438760491365
23502.25779869167
1623.748058475311
1704.366946420335
4064.827606057435
5369.730695507463
1669.8247816276926
1.2746197139765157e6
1.2765941104839083e6
1796.324411338043
5361.967514113644
23512.854452788386
4239.23553526145
1623.0300698509054
4062.383991556588
23517.124239837438
1624.466047099716
1668.5335895665496
1621.5940926020946
1.2761005113570602e6
1797.362605184247
1624.466047099716
5363.908309462099
1623.3345752346004
5967.402472889744
1.0061123893161943e10
1624.466047099716
2.8642419837353653e10
7331.027794412705
1621.396883517431
1.3862673250167063e6
5699.941940205798
1623.0300698509054
4983.781737457132
1.16781385245851e6
6724.55925852018
1798.8081196983885
1623.0300698509054
1.7780882660984383e10
1989.1885322872276
1625.2722669517689
1623.3345752346004
5696.322294865279
4979.610204976206
1621.5940926020946
1.16871684212827e6
1.3873386592297952e6
23591.340977711363
23565.837723271958
1635.935102222935
4232.112104158946
4050.1659190523546
1709.382484823373
4993.684668996211
2027.3918567163817
2069.414509164492
2995.789686315172
2170.05664589381
2196.656788104037
1632.3124668718983
2088.963891220598
1887.7893898268997
1737.9824551031936
2207.907898690393
1665.9460054953022
1625.2488354871412
1616.0282541988172
1638.220144964566
1675.2944678763758
1632.3517692036055
1862.532204136863
1619.9027065889331
1621.6845096316981
2089.0684469021635
1632.321360416257
1616.8892043451692
2231.9215430990753
1825.7820183196304
1610.8146870189244
1881.7175529861793
1616.5430340702083
1707.8797928506215
1631.4664747165639
1624.7915198982892
1596.5128512921267
2454.7859181804643
1657.2186480051682
1646.9460687043922
2113.74755946303
1999.3115396052995
3026.1664889774784
6817.378410850517
3156.499938693964
1925.8444665538475
2651.3594978035517
1774.5917417872545
1579.8493273153979
1944.038302241953
2442.5785324462763
1731.6590589043865
3057.6186161814526
1563.1435356257002
1580.3257864627806
5613.3558895743245
1620.6340568657176
1579.3728681680163
2932.207972068828
1562.4036134440723
1621.1184145326472
27640.05628697528
1563.883457807328
1559.4164207074266
4167.3071990471035
1.5875204804319702e6
1.8698086248655752e6
1.8726964766224916e6
5977.989985259771
5327.908247595956
5335.708720994753
1558.0852376390878
4337.990127511469
1563.1435356257002
1560.747603775765
27681.382988623518
1586.960983563559
5972.88597735176
1.731184902202377e6
1619.6489623445111
1.5869077554386307e6
5672.217317067167
1624.0245605342245
1585.6404052585935
1556.7540545707495
27693.56388860126
1562.4036134440723
1559.4164207074266
4335.657385245612
1624.993275868083
1.7291831052448344e6
1.8726964766224916e6
1617.5316457301255
5663.118515839618
5327.908247595956
1555.4228715024115
27745.716174192792
4496.629501255537
1558.0852376390878
4162.510287338451
27664.3862650504
1.731184902202377e6
1.873418439561721e6
1606.9450626581938
5664.938276085128
5325.958129246258
1622.087129866506
1554.0916884340736
27717.925688556752
1582.999248648662
1556.7540545707495
4330.991900713897
1560.9237690808166
1.7318521678548916e6
1609.06237927258
1551.4293222973977
5663.118515839618
1624.993275868083
1556.7540545707495
1766.6708215942915
6351.397586350449
1.733946113367025e10
1791.9066500960523
4.573474596984334e10
7571.9648184513835
1626.930706535801
1554.0916884340736
1.7331866991599204e6
1605.484649946612
1548.7669561607213
5659.4789953486
1543.4422238873683
7029.234646004757
1798.1086912721207
1554.0916884340736
2.9317090675248535e10
1770.7748159652301
1.808955553009511e19
2309.330844501474
1532.792759340664
8289.301991208462
2364.2017566826134
1554.0916884340736
1511.4938302472538
3197.3920768858543
9290.577350664798
1554.0916884340736
4723.014064297847
1.234267830129296e37
9975.929368150328
10396.014780743202
5984.719752637947
7.915101284393526e72
1.81975233967973e55
9.072554492669185e83
4824.172018863147
1532.792759340664
1.2418128988294078e37
3197.3920768858543
1507.2027158805722
9283.813798462581
4446.420785702386
1536.2172737478481
8.061148911869309e72
6154.142837430111
1532.792759340664
9978.45701487671
9277.050246260367
3109.369793443414
1511.4938302472538
1.249357967529519e37
4824.172018863147
1521.7099948142102
1514.4563553473913
2439.855106254137
1.8366856344850799e19
1503.8347170829281
2185.35227341038
8256.992387242542
10143.083187453629
3131.375364304024
1.2380403644793518e37
3.297804980809248e30
4798.882530221823
9273.66847015926
1.24704547159733e18
1.2696737723982171e20
1.2773881195824869e20
9065.605666913845
6860.471648681945
6881.829298021911
1705.1109060302115
1688.6949285464568
2.9722182000365517e10
1839.455632445915
1831.1862442111558
6982.700275970956
5586.688585528199
5903.131202608952
1661.8044585547232
1.7572082626504381e6
1.6144803801389036e6
1553.0678690615985
1527.534959840104
28187.480793665563
28257.959819758147
1579.8617217910928
4403.562878079734
4061.7751414567506
2299.368108061024
5485.720847683778
2301.0183251750323
2260.4227026195163
3028.824659219944
2338.637348200726
2257.923348510572
1507.9725993987686
1825.9384075265225
2215.9074816745533
1519.95986452458
1547.5012187563384
1503.3410953092607
1670.6800465575557
1557.5430707660928
1504.328856615047
1497.2903190787165
1833.8051085483785
1862.408327233001
3004.9870194631003
1806.4641851331746
1614.8716480325788
1969.605346989548
2427.1766473731855
1539.0439365385766
1489.8782254507428
1863.9945925557854
1669.2970874364876
1590.9201429811196
1614.8073885142246
1489.6893807494132
1473.8578902214458
2198.7857387804115
1490.0670701520714
1608.6967603919663
2384.447014377396
3033.6642760974623
6991.588370323777
2066.2947507514577
2045.7873715264946
2867.2146898530546
3072.1006994127056
2033.3831697631913
2295.7075139814588
1626.4823051684998
3011.8107985478173
1791.3009945359613
1833.0467070582554
1621.3898286092026
1465.9787989092952
1474.179162600447
1806.1439616356329
1479.5294138318702
1493.5727813919202
1656.5578219634713
1447.967508133505
2082.0840024580843
1698.8039874457158
1484.1010035822692
2799.042789329711
1435.5352830276058
2980.8874109488947
2838.4029280094005
1465.5318504154116
6588.932083559201
2179.975512642495
1434.7594761494715
35472.08757620961
4453.592658065419
1436.3110899057397
4129.093769860303
35194.056070934304
1579.5968039846157
5372.714455510455
2.2549968613045225e6
1423.0678067193094
2.6673616895259907e6
5995.02654664277
8.723492508841269e10
1689.2405908679336
5.808773426422339e10
6802.675349025492
1572.1114093934136
7390.125234843659
5998.35794239146
1499.922573337203
1425.789740050774
2.663321460742507e6
1436.3110899057397
1420.3458733878456
7387.844465923189
1695.8256045434593
5.795595228392198e10
5.813166159099053e10
1577.7254553368148
7378.7213902413105
1417.6239400563811
1495.6683722419145
5995.02654664277
1423.0678067193094
1434.7594761494715
2.6653415751342494e6
5.799987961068912e10
1689.2405908679336
5.817558891775767e10
7376.44062132084
1579.5968039846157
7385.563697002719
1420.3458733878456
1491.4141711466257
2.6673616895259907e6
1414.902006724917
1433.2078623932046
5991.6951508940765
1420.3458733878456
1682.6555771924086
5.813166159099053e10
1409.4581400619893
1581.4681526324155
7378.7213902413105
8602.715409932174
2176.935272629028
1420.3458733878456
5.727701635594256e19
2068.57069326604
1398.5704067361326
3952.9341711587135
1420.3458733878456
9.85360135424186e37
3002.285241228977
1376.7949400844207
9530.222898909413
1347.784460158242
10127.686095820767
9432.211193829336
1420.3458733878456
4.0455845847288997e74
4219.93470743155
10368.707530906355
5730.919802380387
7.067069758405813e147
7.409362870686693e147
1935.9578144876775
10367.337186813082
9752.584708007942
9432.211193829336
4.0939854252098427e74
4219.93470743155
4072.13151824869
10124.464059785558
9514.57427949639
2868.7825485733206
1360.4179966359607
1.0031496290836458e38
4088.4086891138836
1358.4846490418415
1351.8633748256098
8564.808754874311
2166.5878120997636
1354.1012283971004
5.848706971858449e19
2003.2754419095534
5.953733604753897e10
8.95508497880029e10
1511.180917731354
7314.859860468166
6718.413835594172
1633.8659147708238
5885.090486935914
2.944552773900831e6
1393.0795218497058
2.7279651212782515e6
5586.2881316279945
1489.4887099768837
1414.6741308044461
1363.6041199447639
36578.30562479394
1360.9036220494409
1416.381383545155
4463.251816665934
2260.9857071566994
2512.6863642398184
3287.24381131635
2582.94045389551
2182.7143252073806
6628.617369720849
1763.5354599052112
1938.3121551108063
2547.7730405801467
1528.1311229049697
1970.7454319086112
2222.2303969712266
1347.251655586758
1746.5818750322942
1457.0577089561725
1377.5873671960967
1503.943212889505
1340.7494352896786
3102.5358255682345
1583.773362502047
1793.8118716457236
2045.5729041456914
1810.1564245009242
1573.7899611554608
1341.0339532501469
1427.1304054881157
1555.5779843301236
1340.680433337896
1498.322587911465
1765.6103831541066
2229.0365971396504
2039.2859555299942
1332.0536293785437
2763.5473585142017
1904.444819461549
1459.8807896901935
8493.878974443227
2008.3847829835665
2942.3111106675196
2984.0674002330898
3585.357059019924
8455.61109981282
1702.3626624002077
1311.5884050727864
3512.1068694600326
2727.693628325171
1354.4800871011919
1935.2823233740119
3442.779145106777
3096.7966839629553
1914.5035505705923
1936.5985651627432
8524.423069673887
3405.680667430151
1332.1347108029559
1472.5522728511107
3494.508687226372
1486.282270488387
2012.476559201521
1988.8759684598751
1720.635367257414
1307.7509319546268
2023.0679010912174
1390.6436773055955
1352.0801739842393
1474.3985326537957
1307.9544098295805
3259.584973943786
1405.0949450788887
1307.5474540796743
2076.120464938326
1344.2456760709372
3181.348012283545
3055.944477894213
8074.5595096373745
1990.6594306392435
7969.588622313889
3172.0922102760346
1778.8639067164856
2077.2734197692425
1456.7060349385445
2468.976922750733
3259.2516599604364
1358.8638532259747
1547.0814060332361
1313.9941008116828
1845.7901536266309
1865.9034334091327
1316.9636161323617
1534.622045894661
1432.7424566579589
1306.3183357523599
1307.1880584359126
1352.4231224832197
1313.3032221777512
1307.3482017370457
1319.5113866832367
1331.3345462577468
2085.229538334834
1525.4132507622157
1641.9786420761932
1461.9612195459288
1306.0509036863725
1317.9340866942987
1351.637037525576
1306.58579970663
1538.9703962436154
1298.269638115179
1298.168327002594
1290.6213573163154
1908.3858221449295
1298.3709492277644
1305.9419461191787
1513.4898654061026
2095.552489060493
3300.9746349111574
1405.2557013619044
3343.9828840567848
2048.6469780421817
1331.9968666014263
1365.5730304188912
1421.2695140973208
1901.9514117001936
1316.8980750409291
1605.542841230236
1530.8269302792676
1294.7264272795082
1297.1934295093995
1436.4164874469627
1286.0477152743315
1297.7742051547827
1336.8114370871272
1955.39552359335
1305.3172302350415
1303.5065697388202
1488.6606604073268
1413.0255552879112
1286.3134971755187
1422.0705241240196
1320.999052602817
1367.1341411016288
1315.353866614375
1468.9067247894345
1294.3832242831445
1350.186624506554
1345.7455066252533
1282.4171604104533
1290.6177372831817
1291.43856835991
1289.4032013371902
1314.8843045276135
1317.7270581035864
1494.3436444393394
1504.5664791935048
1290.9249457996561
1315.9717734883054
1282.1161242675869
1334.2046965409934
1286.8770965801875
1282.7092562477892
1289.5896817040457
1366.4018577007755
1307.7644823823075
1290.236218140263
1505.6915701417975
1290.0731522662513
1350.3481619133022
1314.5054962633537
1287.585949995307
1280.8803163076252
1367.1900294526667
1347.8044547267205
1284.3039199353937
1288.3930047231606
1312.5899674436187
1501.2137271757365
1347.6040923138041
1512.4987879712537
1313.989159792032
1289.8933221005568
1283.431362867772
1308.977591642938
1365.8585948767607
1340.8365046169154
1285.1469111080933
1287.2277274477449
1289.3048082636135
1301.00664553874
1283.4019757807828
1281.3830634685514
1284.3911993973218
1315.6403624787888
1293.5609443378555
1282.0484460496696
1280.8349246758273
1282.6667264979644
1294.4420432171962
1280.925480091685
1288.4348637397145
1314.2698800997005
1292.2595858285001
1281.4868922229232
1284.400843784501
1283.796883363944
1290.4375142396839
1282.191273520902
1282.9621136184107
1282.5055795213532
1293.0417060896543
1290.674115856926
1281.699587907724
1280.5489193050971
1287.456643988266
1280.6863699570542
1281.1209913241635
1281.806497568172
1282.8542794433106
1282.5508797128684
1288.8657036558216
1291.2086273476968
1293.9041405345877
1281.28384122312
1281.2996483546317
1284.2524475868931
1285.984094654918
1287.3563188141964
1281.254788079391
1281.5298057494172
1282.6991343682012
1280.6779327142906
1284.0086452464438
1280.872386914609
1282.6987408460316
1280.8537963988772
1280.6101040270207
1280.899158542633
1280.9798500084448
1282.239925519432
1280.4446260716636
1280.4064171061505
1280.8992179892737
1280.9317555387643
1281.004312369809
1282.7359346499204
1280.7160272833091
1283.5088170563845
1281.7738222952617
1280.376205646065
1280.4188681485196
1280.7387545129081
1280.4365502545215
1280.4587737109302
1282.6653755143068
1280.8376560090592
1280.945560638088
1280.9675484512804
1283.0433769098602
1282.0435009500013
1280.3757182117956
1280.5662411733567
1281.5341053531179
1280.3763926183622
1280.4491086149903
1280.718628296129
1280.611709404756
1280.8075114999083
1282.909659163568
1280.1385582144837
1281.0146069369953
1280.9726549826105
1280.9607299633403
1283.3751334817068
1281.2257620860858
1284.546709773578
1281.089487811491
1286.868654121461
1283.3312437212148
1280.0382927461364
1280.7252726118727
1280.7780656313496
1280.2960427938397
1283.0693011603387
1281.216254004336
1280.0941660761969
1286.7409054318443
1284.9414188035446
1282.14722818992
1281.1867065282074
1283.4169383175367
1283.272294630215
1279.9012238608493
1280.527089342561
1280.6897417681212
1280.3809645907202
1280.1277867187134
1283.7400828977118
1286.1327271060397
1282.3693602055696
1280.5491639078361
1281.2886771075068
1280.1221299917672
1283.1480399304053
1282.2106292082312
1279.9481326268171
1280.4576438985546
1280.5402818753143
1280.2499350939179
1280.0108148147924
1281.4014722839092
1281.0913742905839
1280.5791379669884
1280.1997279122559
1279.946756900426
1280.320766496854
1280.495957514078
1280.1120921852514
1280.0116507335456
1280.0882171111425
1279.9066695110616
1279.8760764596727
1280.1045644287044
1279.8957431060364
1279.926287267857
1279.9890361746664
1280.0802362119077
1280.708689356603
1280.124109458656
1279.9061538913734
1280.0330612674318
1279.9650308934836
1279.8854215151714
1279.9679870066961
1280.2768781115394
1279.8736411166888
1279.8781191135884
1279.9615720799372
1280.0972854300865
1280.6666213064082
1279.8694585878973
1279.9145945527089
1280.0450176599036
1280.0092868518916
1281.1979113986042
1280.1606036511969
1280.676734510603
1280.2424974271044
1281.3292083358444
1279.9911747941
1279.9705058664656
1279.8384485814083
1280.5090213980661
1280.1992443042855
1279.9004692001968
1280.0347315304125
1280.122248337022
1280.1669421685833
1280.4934093324537
1280.7391686986216
1281.3075486779712
1279.9320368814078
1280.4870073584843
1279.7982109178251
1280.4746075533121
1279.9968635857113
1279.878679676525
1280.0053990751333
1280.3773737867061
1281.254589212946
1279.9670988352586
1279.9237400706388
1280.172951591664
1280.8908600304346
1279.7994799627597
1279.746435411077
1279.95895937442
1279.796941808272
1279.8499511616221
1280.497629804746
1280.0634407740854
1279.8404228703405
1281.419393824745
1279.887150776021
1280.1795449056533
1280.0576857311737
1279.8985180112732
1279.9017339616264
1279.8115677235762
1280.3646433230479
1280.577984050093
1279.7253981829087
1279.885386279788
1279.6897987028908
1281.3204765973812
1280.3212375255164
1279.8493273957345
1280.0492152550255
1279.651265279452
1279.802463693057
1282.7757068458816
1279.7283327312302
1279.5771335166355
1280.3351844984388
1281.4496116042728
1282.5095789900015
1285.7487774909227
1279.7045163252233
1280.070260741805
1280.9301840747855
1280.825754475466
1282.096492103641
1282.4587142553091
1279.7331242870907
1280.0474275013983
1280.310644837847
1279.7674319393514
1279.8868105139193
1280.9904214724822
1279.8430936442564
1280.6006259346718
1279.8605917771888
1280.1010222607235
1279.5411446412795
1280.0372782374125
1279.7380809225021
1279.613120823688
1279.731616340545
1279.9632520063406
1279.5977460425845
1280.9429716270795
1279.7560516871201
1279.7728396767593
1279.8524289102636
1279.7015855156556
1279.48573897183
1279.5557658019418
1280.09460574933
1279.5965011660735
1279.5264909437474
1279.598123495069
1279.7859045081343
1279.67501350937
1279.833203342902
1281.0507271899369
1279.9265729350054
1279.74908979906
1279.4523236349353
1280.1786465975206
1279.5612554935135
1279.5191543782473
1279.6511901960293
1279.5036977304023
1279.4438353358025
1280.9857432678164
1279.4126858094583
1279.4668352423914
1279.7833680858064
1281.1851859863775
1279.8840876684292
1282.6411804141562
1279.959191694202
1281.650517413859
1279.9418883355645
1279.3634860209186
1279.672532932878
1280.8624976332376
1279.4618160246177
1280.0860462919454
1279.7061127418117
1279.5204823135477
1279.2914568387648
1282.597082770146
1279.26390213143
1279.4355157736818
1280.011059752689
1281.4709153357242
1279.447415643382
1285.7357604983106
1280.0397369477744
1280.8690456889221
1280.4651071354388
1279.6920655774586
1281.4822820873733
1281.5974554819966
1281.9909177919953
1279.8032354285133
1279.9009148670486
1279.394994139875
1279.4164960550982
1280.7225142818031
1279.310523920289
1279.6100714345214
1279.5713571134943
1279.3472812592984
1279.2788224747544
1279.8695858109118
1279.2625239844797
1279.2488910875895
1279.4235293626825
1279.7137662416926
1279.3842454413514
1280.871809985458
1279.27355473501
1279.3329510661822
1279.5833000808857
1279.3601242591074
1279.415871328766
1279.5622498982127
1279.645542130082
1280.0469008408804
1279.2804696613423
1279.2567587555654
1279.2833831372056
1279.340292248809
1279.252795609319
1279.4841027118907
1279.6209437558682
1279.2626145888787
1279.2486577631632
1279.2916429317254
1279.2580588906358
1279.262576246041
1279.4233297802389
1279.2417210433964
1279.2326382321394
1279.5874151982566
1279.2585942168812
1279.2646774198986
1279.3316439596713
1279.2958919018095
1279.4051097411643
1279.448297933947
1279.2684025081614
1279.9794092359314
1279.2530244022755
1279.2803324428553
1279.2373566694496
1279.3191628762988
1279.3894585084697
1279.2750735672282
1279.5685564688524
1279.2326886049143
1279.247890739368
1279.3617534245577
1279.2325877855478
1279.241323737433
1279.2768486694395
1279.3171048415888
1279.22949843143
1279.24594144887
1279.5655563045998
1279.2356648977836
1279.2192234743648
1279.3244554658863
1280.0358857043577
1279.6024323128063
1279.9232855641476
1279.3869499365082
1279.3356112672247
1279.266991762294
1279.298499010554
1279.2385166046658
1279.4051510137942
1279.6286140405075
1279.2104516021598
1279.2980132431767
1280.0329163878052
1279.2253290372862
1279.8221704763957
1279.3721912799786
1279.2405924400418
1279.2820425547102
1279.2565524387292
1279.585577962112
1279.5287902808777
1279.5324349366874
1279.2575797436227
1279.2015644130038
1279.416749769413
1279.200561780575
1279.2196895228149
1279.2428138901141
1279.2605194225926
1279.5762378664547
1279.189036291828
1279.2041546970738
1279.2838608261982
1279.212086208115
1279.196968204488
1279.4736009784071
1279.2428850679455
1279.9745865495636
1279.2958718321345
1279.451074098879
1279.3421531651393
1279.2953545668342
1279.5316208603158
1279.20220834359
1279.217739651118
1279.2782997391416
1279.2839779594146
1279.2047791437035
1279.3334149448426
1279.3043191499885
1279.2498787726643
1279.2273156119504
1279.234252608054
1279.2080650493092
1279.181296876376
1279.186428541798
1279.231131294904
1279.2049995980578
1279.1916440206203
1279.358065777929
1279.2127476783214
1279.2912601813139
1279.2175430721509
1279.3922465390026
1279.185534785745
1279.231896208774
1279.2465295708257
1279.2819958511934
1279.1784484316415
1279.1851007345665
1279.1962124126048
1279.1667749869932
1279.1732821563937
1279.3394380843395
1279.1901194948068
1279.183614254857
1279.2196320895919
1279.1863016108427
1279.236148113502
1279.2457657434293
1279.2507567516907
1279.2023899542817
1279.5733685317384
1279.1952800772165
1279.2033123076405
1279.369091269917
1279.246881635774
1279.3214020914977
1279.2016929248807
1279.254180720581
1279.1660457433838
1279.1977240273138
1279.1883667064646
1279.1709331302004
1279.1752914350106
1279.2932204575807
1279.2399668490402
1279.3331230495512
1279.1889221575188
1279.1923304887332
1279.2121350052782
1279.2165209192597
1279.184381952573
1279.2324410726576
1279.1783249089367
1279.179302651857
1279.1890265361328
1279.1761370404924
1279.1616509951018
1279.170546317229
1279.184016303202
1279.1704399958735
1279.161543092435
1279.2583165253316
1279.1655467842959
1279.2268367537517
1279.1845719962469
1279.200760358471
1279.1735783406757
1279.1632766032603
1279.166041826977
1279.1730432837232
1279.1654555015732
1279.1917234957302
1279.2079084869415
1279.1835287674285
1279.160455406014
1279.1661440658563
1279.1667077486225
1279.162630778173
1279.1807037845053
1279.1661837573315
1279.1695010128926
1279.2109032786686
1279.173890475945
1279.195168952897
1279.1696168154936
1279.1770071971978
1279.1658863611283
1279.1826198940298
1279.1632792035136
1279.1631832202024
1279.165965208372
1279.160089520137
1279.1666509999648
1279.1626908970654
1279.1608212790325
1279.1629585085182
1279.1705834169513
1279.1606503870614
1279.1661686396787
1279.1862934388755
1279.1605811319914
1279.1838216103345
1279.1643507422978
1279.1712551843013
1279.1597019891692
1279.172117150621
1279.1625799860133
1279.1604770505498
1279.162665950798
1279.1610161298684
1279.1849334651938
1279.1821786058867
1279.169319541912
1279.1643401852814
1279.1656840851829
1279.1622047716598
1279.1590106051572
1279.1666103875511
1279.171240409328
1279.1603933696936
1279.1614751925993
1279.1633880641652
1279.1602618880113
1279.1640596901361
1279.180809198775
1279.160505339069
1279.1848793293045
1279.1607327533363
1279.1600748563683
1279.1719697481747
1279.1643266896938
1279.1645804187463
1279.1613856048577
1279.159077129432
1279.159798680463
1279.1650957692846
1279.1589440807516
1279.1589545412235
1279.1603364500934
1279.17163345883
1279.1607301244633
1279.167131872423
1279.1613281097602
1279.1600164368779
1279.1608528757868
1279.1594554979245
1279.159556958652
1279.1649228762517
1279.1593874641783
1279.1605980506401
1279.1601666222962
1279.1592028924051
1279.1590741022992
1279.1615919588808
1279.1588660918899
1279.1590125507093
1279.1595690525623
1279.158706870155
1279.1644976622508
1279.1651098803427
1279.1590702130316
1279.1595162180797
1279.1601678739928
1279.1644784269663
1279.1585920372047
1279.1613719744541
1279.159877059318
1279.1610140793405
1279.171585791346
1279.164530479283
1279.1611364935977
1279.1785309370184
1279.1802349994136
1279.1735786492675
1279.1622877765587
1279.158305641582
1279.1603996321508
1279.1610240647965
1279.1588784253895
1279.1599924100599
1279.1695726120029
1279.1602694660312
1279.1634473467448
1279.1601449065565
1279.1657496710782
1279.183965978271
1279.1576006254463
1279.1669890353041
1279.1581780295505
1279.2081486363434
1279.1912150294884
1279.1702857869232
1279.1676323235968
1279.1571839281548
1279.1591011720934
1279.1814311361768
1279.1592927274746
1279.1579824989376
1279.1629040190937
1279.201933724767
1279.1666116052668
1279.1593893794145
1279.1689120779085
1279.2052797139472
1279.154978473762
1279.1639553933983
1279.1734591251252
1279.2581370047499
1279.1746763786841
1279.2231418802814
1279.1737076189258
1279.1615189601482
1279.1635146615704
1279.202547673362
1279.1547248992972
1279.1566225377026
1279.165741621747
1279.1753890766581
1279.1499414228354
1279.1680681662033
1279.2448101623932
1279.15950831391
1279.2093100070563
1279.2482518880424
1279.2981340744686
1279.3411526546254
1279.1618798791246
1279.178448995802
1279.19708660522
1279.149850883503
1279.1706131896958
1279.154096288591
1279.1500319610286
1279.2453571058325
1279.1457865589728
1279.1877422284367
1279.14176629417
1279.1597742250042
1279.3460937502812
1279.1651979271635
1279.2054059693903
1279.1367877005719
1279.1742273887855
1279.5327151948486
1279.1467446459505
1279.1804859617819
1279.2215301022834
1279.143966858214
1279.587035095219
1279.2840150547008
1279.1528132830401
1279.2675479258278
1279.9758505542886
1279.341296750402
1279.1310763320362
1279.531894761613
1279.1741797690904
1279.1583699649025
1279.2208093368101
1279.1223697425412
1279.3016408795345
1279.9547949326889
1279.3547056268528
1279.1512853213965
1279.2866282358589
1279.5581613803308
1279.188591008314
1280.5962916405276
1279.3261846716653
1279.4274801910226
1279.4329275047978
1279.2047777347043
1279.075340993981
1279.731325010589
1279.5143747416514
1279.192631937891
1279.293325248114
1279.198253464198
1279.0081214198083
1280.7429893128892
1279.7264494461792
1279.2315203760465
1279.3778705256789
1279.680996279446
1278.972008907422
1280.8641463620759
1282.2051957299466
1279.4918109952816
1279.3719155270746
1280.3986442146725
1279.402753427134
1282.9692629800668
1284.722913286059
1282.1431097606353
1279.7173124523722
1279.0059673329413
1279.58938334999
1279.223800870607
1278.9379853855849
1281.7083445362123
1278.8680547063193
1280.4530614586222
1283.5579602291198
1285.3272991075335
1278.8035283071983
1279.3330200278783
1280.0968162235172
1291.0003980915617
1290.0762923777575
1278.2431714622344
1280.7659334154403
1281.4145362431454
1279.3635815403127
1282.5538384958
1278.7633343796015
1281.0695955723745
1308.6657922627444
1286.3571838921177
1291.133670305142
1279.4992445927226
1280.4227980294936
1279.207057600503
1282.7142535944554
1290.5616216517483
1279.0688752216636
1282.8281413385869
1278.8268417158986
1279.5223566168359
1279.3977106327618
1281.758975927224
1282.6159654402227
1278.0227587665615
1278.4959178188567
1280.5070589117258
1278.4627931526506
1277.9876746798286
1278.8520579112142
1284.696172350554
1279.4375451209237
1278.0809775712341
1279.1874994884627
1278.5743158959303
1278.0806378144316
1280.1713766033292
1278.541263940476
1278.458561131011
1278.469577177506
1281.441610572731
1279.6054164763084
1277.9948999299609
1279.6902465721998
1278.7832907183172
1278.029302745502
1278.2852867328536
1278.2215817268375
1277.9724558243317
1278.1644385654852
1278.808619999019
1278.0729708222998
1277.9864385525439
1278.156633508118
1278.3132677916844
1278.0200945869854
1278.150899062985
1279.535295422722
1278.5056058470539
1278.6629745958442
1278.006237597308
1278.00837168634
1278.723903171342
1277.938674092887
1277.9365345353763
1278.1363103587375
1278.258957951338
1278.016874788543
1277.9742081825352
1279.5755868298386
1278.0339712772568
1278.1415389381941
1277.9221283495815
1278.0066185793978
1278.7307082870266
1278.0168213367915
1277.9475508901126
1278.1050019286017
1277.9397662556344
1277.98990162982
1279.4553294481018
1277.9044906224417
1277.85435408732
1278.24830473847
1278.3174862539754
1279.8457809814415
1280.4345547262155
1280.8912615997647
1278.352826731407
1278.4900684008987
1278.5725804297476
1278.035753852424
1278.2321989826708
1278.0283585686145
1279.0485691304964
1279.3470918114886
1278.5693103955732
1277.8658290739163
1278.2436985711772
1278.0320502987042
1277.9986722746303
1277.9413792557966
1277.931194121908
1277.9583381988832
1277.85176036141
1278.17992315981
1277.9135001781203
1277.8569456925838
1277.8557017569028
1277.9072978721076
1278.03161698736
1277.8478180262064
1278.1876290894786
1278.5318819612419
1277.8595522366707
1278.1637997684081
1277.9731692942396
1277.8758981408391
1279.4188901919808
1277.9908688952448
1277.8783618453135
1277.8915342190185
1278.572532202179
1277.8172733627196
1277.8040880323033
1278.0109548292935
1278.1307845987087
1277.7429392098918
1278.7737978718683
1279.4377566574371
1277.8652392808121
1278.0047957136724
1277.9198304233107
1278.2467936115524
1281.109278434975
1278.1169500166216
1279.512362300034
1278.3339434508407
1278.3183914567924
1278.0630546262314
1277.8092622292281
1277.890741487504
1279.3793846334786
1277.6766169795565
1279.117100337743
1277.8016110794028
1278.3720965457892
1277.9750065507174
1279.0434307326072
1280.9144128053626
1279.3381883625239
1277.987799554192
1277.8215149511104
1277.9949310094578
1277.81698264126
1278.485911598366
1277.680700516877
1277.7672887990102
1278.5070606039646
1277.6879259899072
1277.9258251110411
1277.8314337480651
1277.706781774825
1277.9966771421023
1277.7455916098872
1277.8227171656913
1277.7625525314545
1278.0957616002345
1277.697703797096
1277.6941876536798
1277.7230459178993
1277.7572851191
1277.7937624755968
1277.8600662417875
1277.700074090069
1277.6943622290974
1277.6799485580493
1277.759120219543
1277.7674266095592
1277.676951362104
1277.705835975485
1277.710437661236
1277.671751614656
1277.6838447910736
1277.687339150161
1277.6814816360113
1277.679712085359
1277.6750384422335
1277.7756077037973
1277.6687001566397
1277.6721279033025
1277.6926555942496
1277.6898255056321
1277.7214050273087
1277.8688197447325
1277.8165598284143
1277.6888138379263
1277.7123039320807
1277.6738303283844
1277.690341602256
1277.7715939911152
1277.67798969815
1277.7486512741948
1277.686771802633
1277.6731996396852
1277.677115051955
1277.7148319776138
1277.6977746592254
1277.673363713382
1277.6795913418878
1277.6707719529845
1277.689967413547
1277.683998095036
1277.6795892315497
1277.6735786182267
1277.6739805724867
1277.668500500348
1277.6693510937037
1277.6765192910407
1277.6688998129007
1277.6680492174326
1277.6712696222978
1277.6696778108928
1277.669457348968
1277.6901997963694
1277.6703965388049
1277.6709946606652
1277.6729886456087
1277.6690610416847
1277.6702304404862
1277.6706593826427
1277.6683213808583
1277.6774049749908
1277.6739322127348
1277.6705133051028
1277.6670999175792
1277.667237429864
1277.6691908729251
1277.6689984768127
1277.6688609656699
1277.6692094470902
1277.669419595128
1277.6683605557425
1277.6762082907405
1277.680478642159
1277.6704598655863
1277.6704830527929
1277.666917891648
1277.6684111113436
1277.6677856315666
1277.6675946772395
1277.6735416986855
1277.66771051722
1277.6672773561993
1277.669665296485
1277.6702889568598
1277.671218528453
1277.679306581607
1277.668346898497
1277.6673940971455
1277.6686639228938
1277.6728203987338
1277.6703525307282
1277.667216076156
1277.6676312539905
1277.6673236557147
1277.6669971730655
1277.6696593042268
1277.6692630682612
1277.6668386102347
1277.6674475046896
1277.6707824147973
1277.6679473707363
1277.669690307167
1277.6680024325988
1277.6732056302985
1277.6697220007336
1277.6667139653525
1277.668730421896
1277.6674534818014
1277.6670449855696
1277.6673241151368
1277.6672137908854
1277.6669215121774
1277.6680303225805
1277.6694800008481
1277.66962488238
1277.6730845210443
1277.669637846226
1277.667002854449
1277.6699444293201
1277.6671440693642
1277.6668366754027
1277.6673002343764
1277.666842959705
1277.6674314978857
1277.6683117478492
1277.666632480111
1277.6667029580178
1277.6669782383485
1277.6685649205722
1277.6695126952498
1277.6695875802352
1277.6668806261303
1277.6671849059746
1277.667377053152
1277.6667132268458
1277.6666811773193
1277.6682207389495
1277.6666223122538
1277.6667233203955
1277.6669523684177
1277.669996338603
1277.6674665785374
1277.6695323901665
1277.667121036958
1277.6668676204506
1277.6671827995942
1277.6666627867537
1277.667039423777
1277.6682280079986
1277.6675461399855
1277.666684028085
1277.6668922978715
1277.6666852765063
1277.6674438086088
1277.6667359493285
1277.666560642917
1277.6667091956097
1277.666610890247
1277.6681547213657
1277.666731028102
1277.6667436215755
1277.666908301875
1277.6677755393089
1277.6672124291806
1277.666709228548
1277.6666853867102
1277.6672059258144
1277.6673937543612
1277.6666221113744
1277.6666992109094
1277.6665632067568
1277.6667888755471
1277.6669575080268
1277.6666264657426
1277.6665880856642
1277.6666480289264
1277.6666282903768
1277.6665625405035
1277.6666029807768
1277.6665746400577
1277.6666144866904
1277.6667603992955
1277.6666303053912
1277.6666579428966
1277.6665639759435
1277.6665728057947
1277.6665831392963
1277.6665986606408
1277.666564176352
1277.666564650878
1277.6666108986146
1277.666565524733
1277.6665732080803
1277.666570342012
1277.6665631456385
1277.6665607682994
1277.6665849501724
1277.6665662229045
1277.6665644476911
1277.6665656115006
1277.6665635863735
1277.666561641761
1277.6665713684906
1277.666571240821
1277.6665669204226
1277.6665627339448
1277.666562076701
1277.666561761186
1277.666560811256
1277.6665654698047
1277.6665659287123
1277.6665604745788
1277.6665609819775
1277.6665624414748
1277.666571845558
1277.6665599976573
1277.666565794278
1277.6665627789641
1277.6665602428789
1277.666562896905
1277.6665853538993
1277.6665598764125
1277.666559407751
1277.6665651048397
1277.666558998725
1277.66655962762
1277.6666077937102
1277.666566554485
1277.666561200355
1277.6665696948864
1277.6665960083187
1277.6665881998138
1277.6666471428325
1277.6665640974948
1277.6665677635383
1277.6665808723899
1277.6665643640736
1277.6665619460862
1277.6665994105865
1277.666564622933
1277.666564707559
1277.66656854816
1277.6665589685779
1277.6665622510752
1277.66657241234
1277.6665590288708
1277.666560778968
1277.6665645394282
1277.6665693308503
1277.666562128598
1277.6666004164854
1277.6665654088233
1277.6665678340723
1277.6665684391483
1277.6665632873944
1277.6665594959893
1277.6665742557657
1277.6665645087069
1277.666558441166
1277.6665638546244
1277.6665733662062
1277.6666091322827
1277.6665897125642
1277.6665604945342
1277.6665677097008
1277.6665672562583
1277.666561683021
1277.66658119274
1277.666560814713
1277.6665750227673
1277.666564348059
1277.6665746044157
1277.666558184946
1277.6665581373852
1277.666569644084
1277.6665586973852
1277.6665587449463
1277.666561002718
1277.6665599749047
1277.6665664331601
1277.6665822417672
1277.6665722491784
1277.6665604572295
1277.6665635768222
1277.6665582610121
1277.6665697922354
1277.6665586831068
1277.6665580137583
1277.6665608508179
1277.6665629121637
1277.6665585755838
1277.6665611445937
1277.6665833536385
1277.6665578259972
1277.666557504116
1277.6665631581018
1277.6665658601373
1277.6665676881594
1277.6665781754082
1277.6665870129787
1277.6666057148302
1277.6665598967722
1277.666561304347
1277.666577900506
1277.6665693296475
1277.6665795661506
1277.6665625693101
1277.666561548624
1277.666558721624
1277.6665573332023
1277.66656764495
1277.66655888053
1277.666557675029
1277.6665600061358
1277.6665749670806
1277.6665671511544
1277.666577103328
1277.6665606140107
1277.666560860362
1277.6665629884646
1277.666556824088
1277.666558903401
1277.6665602344779
1277.666557842316
1277.666563554257
1277.66656503854
1277.6665644643122
1277.666566016059
1277.6665614611427
1277.666558556883
1277.666560118738
1277.6665813237396
1277.6665586022411
1277.6665591816918
1277.6665576871815
1277.6665627766797
1277.6665682246887
1277.6665567274958
1277.6665614408587
1277.66655619921
1277.6665747982959
1277.6665815859728
1277.6665636590842
1277.666559300864
1277.666579694856
1277.666558286732
1277.6665671710114
1277.6665624085426
1277.666571644109
1277.6665994953942
1277.6665573913745
1277.6665569826957
1277.6665753377001
1277.6665550070454
1277.6665554157235
1277.666561209301
1277.6665697254994
1277.6665713791433
1277.6665997947837
1277.666556653722
1277.6665589899392
1277.666565930134
1277.6665568728813
1277.6665542892285
1277.66657550823
1277.6665566687989
1277.6665557248627
1277.6665600570634
1277.666559919511
1277.6665524578332
1277.6665987642043
1277.6665765839753
1277.6665561206241
1277.6665644793698
1277.6666157125371
1277.6665703697427
1277.6666462482767
1277.6665619348037
1277.6665618234697
1277.66657359929
1277.6665630773748
1277.6665545936487
1277.6665580142844
1277.6665958946264
1277.6665678251366
1277.6665689118586
1277.6665526167649
1277.6665720203455
1277.6665623169915
1277.6665522989017
1277.6665569208135
1277.6665569221814
1277.666578732078
1277.6665507639987
1277.6665978432575
1277.6665589051993
1277.6665538338032
1277.6665624004747
1277.6666448124076
1277.666547909283
1277.6665594866033
1277.6665711563912
1277.6665536187152
1277.666585682676
1277.666589524815
1277.6665435726893
1277.6666652520767
1277.6667367234613
1277.6665586540357
1277.6665734050957
1277.6665401957853
1277.6666382261074
1277.6669378622041
1277.6665469495927
1277.6668929197172
1277.6666109433222
1277.666642300379
1277.6665803379726
1277.667349070738
1277.6668509844365
1277.666802510691
1277.666693737273
1277.666629993814
1277.6665919890193
1277.6668365638952
1277.6668798892617
1277.666834920939
1277.6665888100906
1277.6665429382133
1277.666576981201
1277.6665693839773
1277.666537453357
1277.666730998512
1277.6666223505192
1277.6665462029862
1277.666697866704
1277.6669322904481
1277.666668023636
1277.6665649770298
1277.6666243241907
1277.6665377673387
1277.6667387430198
1277.6665599680248
1277.6665371393751
1277.6665768274413
1277.666551888432
1277.6666431503697
1277.6666647257798
1277.666935671379
1277.6665404647288
1277.6665575667218
1277.6666225961035
1277.666594052854
1277.666530225196
1277.6667382849264
1277.6665493664634
1277.6665457437318
1277.666577738899
1277.6665517837596
1277.6666089801372
1277.6665552316178
1277.6666124610035
1277.666934380904
1277.666557789791
1277.6665553724251
1277.6665701991353
1277.6665606056006
1277.6666245277602
1277.6667281564587
1277.666528539651
1277.6669133773844
1277.6666270088144
1277.6668856051251
1277.6665963394007
1277.6665750244222
1277.666615432523
1277.666566392185
1277.6665154620077
1277.6666553259824
1277.6666943034334
1277.666541617291
1277.6665640348303
1277.6665300657232
1277.6665100955188
1277.6669137992383
1277.6665008582936
1277.666520828497
1277.6665967135643
1277.666728857647
1277.6664825635476
1277.666665399434
1277.6665486248507
1277.6665800303854
1277.667300173731
1277.6680493704148
1277.667046910877
1277.666637988712
1277.6667916662416
1277.666685445136
1277.6673537700228
1277.6672055224826
1277.6664738663626
1277.6665943534313
1277.6666495757433
1277.666536665048
1277.6665168649383
1277.6664135385245
1277.6665248386087
1277.667888918106
1277.6665341942016
1277.6664228941142
1277.6667978918047
1277.666754749753
1277.6663633170406
1277.6694699923396
1277.6675196376673
1277.6666836661013
1277.6670540025864
1277.6666428354972
1277.666736533941
1277.6722544035968
1277.6660837984427
1277.6661412267956
1277.6676455071984
1277.668184216529
1277.6688861713035
1277.6730845446095
1277.66676456139
1277.6784280628788
1277.6669741721041
1277.6661738612006
1277.6660913034723
1277.6721811594389
1277.667626293434
1277.6664322856466
1277.6674032532328
1277.6660446350231
1277.6666085614834
1277.6666968765958
1277.6661229617212
1277.6664120460216
1277.669006580248
1277.6666910983652
1277.66729924534
1277.6663446611815
1277.6685745949262
1277.6724889759014
1277.665958236793
1277.6659103625109
1277.6677396018285
1277.679367481825
1277.666347073439
1277.6730283861004
1277.668081250822
1277.6736617041324
1277.6909931963191
1277.66711667608
1277.6672820900408
1277.6715417709788
1277.6774282197036
1277.6693381915672
1277.6687454124258
1277.6784295016641
1277.666079003734
1277.6665554217932
1277.6686245395192
1277.6666228721442
1277.6657417310812
1277.6672218861925
1277.6661179212183
1277.6661864715118
1277.672065865593
1277.670287974655
1277.6682622960707
1277.666302637966
1277.6670232888332
1277.6780940351646
1277.6651808238526
1277.6680858602142
1277.689642868992
1277.6678943874183
1277.680965891354
1277.6712265300062
1277.6843079033833
1277.6650310908142
1277.6669987839239
1277.6777769210673
1277.6655013904497
1277.665027921302
1277.6678295865377
1277.6706717760565
1277.6684051397174
1277.6672941900656
1277.6880501393696
1277.6854388881038
1277.6695906109394
1277.6652651721377
1277.6761796568858
1277.675107679205
1277.665277254776
1277.6671527919423
1277.668014984124
1277.666234766443
1277.6671643308923
1277.6654185055936
1277.6692932408205
1277.6662210709478
1277.665710210005
1277.665103886096
1277.6657812030119
1277.6658714071166
1277.6649519562898
1277.6657509504716
1277.6655268091358
1277.6652895220686
1277.6658381474954
1277.6696099055896
1277.6657234736924
1277.6668813367721
1277.6661015714506
1277.6656456094477
1277.6650294560968
1277.6647588481565
1277.6660711145084
1277.6648744533031
1277.665145060266
1277.667595378605
1277.6704546520127
1277.6646892633269
1277.6653405067677
1277.666130938765
1277.6651496147265
1277.6697285836522
1277.66529227504
1277.6758503391425
1277.6654669512923
1277.6656701865263
1277.6673708988465
1277.6661565760235
1277.6658110841458
1277.6647291209813
1277.6692128022887
1277.6697153058087
1277.6646494033223
1277.6659921770072
1277.6746422683823
1277.6645645744263
1277.6698872531915
1277.667416966257
1277.6647342194474
1277.686660499783
1277.6726773213877
1277.6814956834503
1277.6688919959722
1277.668336033441
1277.669609270113
1277.6644342689392
1277.6655776024468
1277.6726678143407
1277.6661657374655
1277.6648274508796
1277.6669573554254
1277.6903132310495
1277.663091151966
1277.6657192675095
1277.6682818499035
1277.6709094740231
1277.67687108469
1277.6727185349437
1277.6744219417328
1277.6970758886214
1277.667290779965
1277.7087028942567
1277.668557568298
1277.683193155341
1277.6671274060977
1277.6634868967697
1277.6688527526535
1277.6839506489812
1277.6626953986324
1277.6711786963824
1277.6599457359546
1277.7072794718247
1277.7019664501736
1277.6654450072854
1277.6733266062463
1277.6597034504766
1277.669077074988
1277.7615028452587
1277.6601880209687
1277.6575553790112
1277.6809566738832
1277.6837196522433
1277.7045576306853
1277.8383694162587
1277.6688511673767
1277.8466125072162
1277.686523014439
1277.6708437927475
1277.6564525770375
1277.7509670563445
1277.699471659426
1277.6642110128382
1277.677939038264
1277.8400847218597
1277.6979856801584
1277.6544197393523
1277.6955411309568
1277.6797742007614
1277.6584853840525
1277.815417457208
1277.9545917667676
1278.0231314778762
1277.6741099993149
1277.711419556627
1277.748019200174
1277.6543252538988
1277.8250935927913
1277.6671492515222
1277.6598752926282
1277.6995708573756
1277.7324794183278
1277.9199587990263
1277.6960660952461
1278.0876587366035
1277.720575331852
1277.9190088708792
1277.7204433272727
1277.7160156881323
1277.6583464360117
1277.6935908743726
1277.6617021305726
1277.7480685460773
1277.8582109213928
1277.6577974317422
1277.6500432855914
1277.7592019344256
1277.6753422954664
1277.6730304592274
1277.6692824730821
1277.6540103481275
1277.8244478931354
1277.6846004191011
1277.6567347391217
1277.6970381409462
1277.854141429945
1277.673760475957
1277.6584763841515
1277.7083672919557
1277.7355529323888
1277.701538036549
1277.6622086470657
1277.6518540884042
1277.6881984676552
1277.6856929321402
1277.6539888693308
1277.6584940008793
1277.6618344855576
1277.654656350155
1277.660737483047
1277.649818171978
1277.6625238101888
1277.6558844906028
1277.650268354462
1277.6524243551041
1277.6722942722984
1277.6585983223854
1277.6472113649902
1277.660428986528
1277.6852785075366
1277.718040473709
1277.6574389418436
1277.7528098497385
1277.6664934518917
1277.707236329731
1277.6654301701947
1277.6567492659558
1277.656224523654
1277.6750214146616
1277.69822934358
1277.6517993504783
1277.6539290960184
1277.6492773844361
1277.6526592822256
1277.657003710512
1277.6525364015467
1277.6705680192313
1277.6484710543912
1277.6490910812076
1277.646487997977
1277.6578123447716
1277.655472237908
1277.6479347272898
1277.6498740550812
1277.6504906561668
1277.6710980463374
1277.6580941604975
1277.671430335186
1277.6520481394355
1277.650168830672
1277.6492173870251
1277.6467214726613
1277.64753299666
1277.6584259806048
1277.649690605696
1277.646734993596
1277.6478314279527
1277.6465979592886
1277.647065343774
1277.652038020415
1277.6476029316932
1277.6480964170935
1277.6470761411301
1277.6464882731773
1277.6474701506365
1277.6489345546659
1277.6468127835972
1277.646915034421
1277.6472631802458
1277.6465864740412
1277.6463968004475
1277.6467807395643
1277.6467611433293
1277.6465791952305
1277.6485981582914
1277.6465394402235
1277.6491623510838
1277.647094050835
1277.6472805411574
1277.6470053470532
1277.6464674851243
1277.6462984136124
1277.6474620476688
1277.6464487855792
1277.646495187059
1277.6467298347252
1277.6487598096724
1277.6463826670893
1277.6493636339
1277.6469854441089
1277.6472040748624
1277.646916187468
1277.6476070930328
1277.6466029123635
1277.6467414284389
1277.6466793372324
1277.647718258012
1277.646360697758
1277.6464682942733
1277.6468513484087
1277.6463339519992
1277.6463682290248
1277.6464766701329
1277.6464193931408
1277.646459660245
1277.6463356607603
1277.6463477034815
1277.6463848326996
1277.646337415534
1277.6462491236182
1277.6462930147718
1277.64639306783
1277.6463771762872
1277.646437828894
1277.6470862599397
1277.646704105059
1277.6463251278672
1277.6463553830702
1277.6463402135603
1277.6466598133945
1277.646289306453
1277.6462740041784
1277.6464540239383
1277.6462860781266
1277.6463951750434
1277.646286046902
1277.6462664924672
1277.6462815838754
1277.6463478808528
1277.6462724537091
1277.6462635723904
1277.6462687393116
1277.6462591600307
1277.6463262459154
1277.6462506237833
1277.646295310762
1277.6462497448051
1277.6462539529114
1277.6462597409482
1277.6462596465408
1277.646254786538
1277.6462514642665
1277.6462712005587
1277.646252197446
1277.6462568976583
1277.6462537464774
1277.6462487229119
1277.646248684838
1277.6462578161165
1277.6462495243256
1277.646249562399
1277.646251663195
1277.6462485184084
1277.6462532194616
1277.6462526224993
1277.6462495896976
1277.6462706719042
1277.6462584253782
1277.6462579357926
1277.6462463404062
1277.6462492901496
1277.6462994051283
1277.6462506964122
1277.646256320876
1277.6462652810624
1277.646260267893
1277.6463473866977
1277.646245156091
1277.6462487623498
1277.6462667461892
1277.646432565431
1277.6462613264569
1277.6462588398942
1277.6462846661968
1277.6462610749631
1277.6463057560213
1277.6463295589429
1277.6462402895943
1277.6462493220513
1277.646265202501
1277.6462500225887
1277.6462497781843
1277.6464242376655
1277.6462422786426
1277.6464350759989
1277.6462865586677
1277.6462841671494
1277.6462791067431
1277.6463327927318
1277.6462537085436
1277.646270576445
1277.6462591459265
1277.64624983264
1277.646249899331
1277.6462791700949
1277.6462414832065
1277.6462422776683
1277.6462508710683
1277.646246254855
1277.6462383015187
1277.6462498124267
1277.6462463694086
1277.646338671108
1277.6462457007297
1277.6462646238351
1277.646257612034
1277.6462387992253
1277.6462453476895
1277.6462857843092
1277.6462493612692
1277.6462405435618
1277.6462488313564
1277.6462379589384
1277.646239597391
1277.6462609773314
1277.6462386440994
1277.6462370056465
1277.6462433159204
1277.6462400328812
1277.6462481187564
1277.6462720394975
1277.6462466389557
1277.6462856891053
1277.646241893975
1277.646261319713
1277.6462373151353
1277.6462387857878
1277.6462423025127
1277.6462434324335
1277.6462372476963
1277.646240592011
1277.6462394748808
1277.646248739381
1277.6462373144839
1277.6462377509247
1277.646239666377
1277.6462375117774
1277.6462372619128
1277.6462425008915
1277.6462369833916
1277.6462372094018
1277.6462383127857
1277.646239152085
1277.6462409310232
1277.646244248824
1277.6462481381125
1277.646238755976
1277.6462391443542
1277.646239238398
1277.646241074633
1277.6462370623913
1277.6462377190471
1277.6462383656924
1277.6462369043918
1277.646239485553
1277.6462367349377
1277.6462374988876
1277.6462493486238
1277.6462386973415
1277.6462393902045
1277.6462558162516
1277.6462599397428
1277.6462493467307
1277.6462398071485
1277.6462419386442
1277.6462407937688
1277.646238238852
1277.64624736196
1277.6462383478345
1277.6462445770424
1277.6462393007241
1277.6462380425944
1277.646238156462
1277.6462369145436
1277.646240180732
1277.6462408190025
1277.6462370172446
1277.6462377373477
1277.6462367799236
1277.6462373328714
1277.6462379806953
1277.646236689953
1277.6462369603662
1277.6462372865203
