1.5562591941792702e7
2.2285757564404076e6
2.2131157955374043e6
8.85692808592102e10
2.1934230767714134e6
2.2088929378855824e6
2.162427900582063e6
2.197636828383999e6
1.6431882812548214e17
2.2243439021497746e6
2.189213865017811e6
1.895997459059645e7
1.3413450117692068e30
2.2243439021497746e6
1.2130635547156e30
1.993304479993592e7
2.1002249017375945e6
1.9937650214220714e7
2.000529188346589e7
9.941618293759488e55
1.549571175817873e56
6.190619770704755e55
2.000521526195485e7
2.000511174202761e7
2.091925351359209e6
2.162427900582063e6
1.993311631754032e7
2.1085430193414516e6
2.0377572633311215e6
1.0888347109848493e30
7.890398088025461e55
1.2432983584900896e56
2.145692811305341e6
2.000516787223823e7
2.0005050273605186e7
1.9282778486769332e6
3.412377583050654e106
2.2130722103161984e6
2.6842013736547697e107
2.000558173206174e7
1.643756722719343e6
2.000558171955311e7
1.583551865869448e6
1.1432565947816996e6
1.3058717217717641e209
1.7052884335582461e6
2.145692811305341e6
2.000558174e7
1.0422941745872103e6
373830.4571584385
Inf
1.2503351680811932e6
2.145692811305341e6
2.000558174e7
324194.4639387095
Inf
2.145692811305341e6
458365.0134580508
2.000558174e7
3.0856709184957217e7
371057.05124565953
458365.0134580508
Inf
3.630484342503325e6
329618.1667389016
2.000558174e7
Inf
1.8878829993677102e6
2.000558174e7
2.000558174e7
3.395335614989441e7
Inf
312463.42848380114
2.000558174e7
1.9511363015566685e6
344650.1401635886
Inf
947447.9074977251
3.8914402939272635e7
3.2383960911294322e7
Inf
2.0144463485153655e6
1.536291633778658e6
2.000558174e7
309457.0337988638
2.000558174e7
2.1619797124705743e6
324194.4639387095
Inf
858717.7935132445
Inf
1.6488056419993553e6
2.000558174e7
2.000558174e7
3.7218577163883574e7
Inf
315175.2798838973
2.38750644491072e6
Inf
312463.42848380114
776103.8326337679
2.000558174e7
311225.57674513414
437095.5299571262
2.000558173942272e7
309869.6510450861
693321.6641372404
4.7052601429700555e194
340987.6335302133
327859.0277727445
2.8736824901287925e99
415639.95113199635
397189.4470300867
2.0005477296795297e7
309694.68576738535
309798.93971517775
1.996102439942496e7
309355.7043423733
339068.6748071387
7.322774933832164e51
2.0005477490639593e7
337520.472339946
309562.0129654845
2.8630253791119327e99
401573.84895820386
309694.68576738535
1.996102439942496e7
1.997517060352019e7
1.993984542694906e7
7.26851205801023e51
2.9689257002166797e51
1.7101296265597216e52
309389.3287566147
318988.2484463982
1.3781560241381242e28
309356.1605561395
307126.175574227
1.9065940929937907e7
308099.7521108183
321862.1105636543
1.1216177614530197e52
306285.4400255341
318988.2484463982
1.9968861865510885e7
2.0005509729474112e7
353865.28631708835
308099.7521108183
6.993261880091471e99
367370.29440723074
305002.491891844
304030.68747924466
2.0005581739721384e7
616401.0615910832
308099.7521108183
2.890409087570474e195
458580.2531944637
308463.44607317017
2.000558174e7
2.0005581739204068e7
308099.7521108183
Inf
Inf
1.1031505562629507e201
411098.4046306132
2.976556957436298e195
2.0005581601146422e7
616401.0615910832
2.0005581739721384e7
2.000550892757378e7
331894.84372108104
304250.9077097474
7.149881577642818e99
390373.30755804694
304341.83120033535
1.1552351356012732e52
306600.7391570129
1.99683161279465e7
1.99684525609969e7
329660.4565434266
1.1467842562249985e52
301735.81542843406
1.914409860969899e7
1.4142657653161278e28
312451.11071211274
1.7249922442148905e28
1.922592022647174e7
315448.2206195691
300981.0491340154
1.7516401371199302e52
313438.53649680346
302620.10555354087
1.9974746810708523e7
1.719190675315894e100
2.0005569306867875e7
366898.91603215033
2.0005531280123897e7
4.602808484226718e98
353679.6698302507
300355.80667028466
3.923290208002209e52
1.9984159654965356e7
301735.81542843406
1.9960404838607427e7
7.500522936965923e51
341984.80715445435
299493.8932348875
1.712925387024453e100
363358.1495799764
301735.81542843406
2.000553100200528e7
1.754102096301891e196
439614.82654932025
2.0005581739999343e7
2.0005581739863295e7
605889.0203043538
2.692940347599621e189
363358.1495799764
341984.80715445435
1.7254674008283864e100
328039.36743324634
378384.1810957655
2.0005530816592872e7
3.9809532777950655e52
1.998404229099555e7
320420.5031007192
1.9960239625503715e7
7.583279376716447e51
308561.9223158706
299359.3672702182
1.9292531980879694e7
1.913790481322726e7
299660.8001572289
1.7568298560718926e28
2.580365144784113e28
303671.301754414
1.9960033110968057e7
7.62482786234391e51
317968.0665254636
3.959280329420107e52
1.9984061851611294e7
1.9218190780694135e7
1.929189349135811e7
1.913790481322726e7
2.1347848220287266e28
1.7600296292788452e28
2.589768832118098e28
3.1552104995315196e16
3.2835056350898824e16
298480.585588441
1.5862157377752231e7
1.5750960798445864e7
301665.18772745004
1.9178808159585863e7
302196.6566467748
2.350672951518481e28
2.839269827324493e28
301916.08069495874
1.925541701804216e7
3.289480558149977e16
3.421355947558261e16
1.6065744900091065e7
1.5966420123059515e7
1.5858719937513404e7
3.152343026599009e16
298692.06611930765
1.0296362423310282e7
5.747587531788219e10
298659.29670652986
5.7889226799414566e10
1.0361829292632105e7
298440.4645715857
1.6500498862801567e8
1.918460304252436e6
298521.2063062272
4.996745117723433e6
1.21090034995665e7
1.0293738484687356e7
298605.6801600483
298521.2063062272
5.787604149751039e10
298665.64426533994
298361.7216406672
3.423688885663628e16
1.6064514224922825e7
299227.26610124693
1.5857431053225717e7
3.1544935090877544e16
299285.38389103115
5.751516698144971e10
5.82630719075986e10
298396.1802717984
1.035921706115033e7
1.0222365969773324e7
298665.64426533994
298318.02523960057
1.6517223368915272e8
1.6510759777792722e8
298423.5392725229
5.036941863787625e6
4.978629016607121e6
298430.38054993167
298542.81594742194
5.8012429319807175e10
298650.31566655054
298429.42157052894
1.0307982602386823e7
298352.6107086132
298360.0422895279
1.651777353142488e8
298380.5404592427
298276.50711944344
5.021037964523225e6
1.024114938566051e7
298594.3483412029
5.799921898965591e10
5.843961834289409e10
298403.5267706185
1.0305362442952245e7
5.035320224700939e6
298332.2684916214
1.651777353142488e8
1.652695050063179e8
298317.89713818853
5.018876633048272e6
653760.6977493472
1.2086061538004557e7
1.2060449298426671e7
2.4991361960535822e6
1.9070329492317364e6
1.8944123806414406e6
502904.01441473333
2.489524050978657e6
296400.42297802767
240126.25217433262
646683.966683014
897858.3030735782
239612.38339944143
1.5393661796013569e6
8.439092721218579e6
240642.31708886495
918753.288055509
2.2721662160774777e6
236536.98685867988
239858.72612932997
1.1926320852406421e8
242771.96577924956
239366.49455940473
5.401526478410984e6
242268.35246725843
230189.8161718476
3.893038194417741e10
231099.38315341136
243277.38874370602
1.0535289766362824e7
229287.58316979726
1.6105235739282602e7
1.5894673330942675e7
231099.38315341136
2.0208159436812776e16
2.189100084019845e16
252402.99274898705
208285.59577677507
1.4457892164265923e28
211043.87763697674
256781.79004390392
1.925063331605745e7
205647.82286083617
1.8703184881982258e52
252402.99274898705
211043.87763697674
1.9953294067694478e7
189749.74803220158
188302.46383730925
257920.12870651524
9.248799390161171e98
191706.36122945132
252402.99274898705
2.000543921799136e7
186935.88245459832
383488.16132206895
2.0005581738931213e7
191706.36122945132
555572.4171457251
7.010418753127662e193
2.000558174e7
758282.2557430874
Inf
Inf
2.540643337701012e6
2.000558174e7
2.0005581738931213e7
357055.7003755001
7.010418753127662e193
7.214625545547973e193
597028.032536304
2.0005581738915753e7
2.0005548743974958e7
221488.42099657323
3.064596001413372e100
1.8571004785059334e97
273786.7852378376
2.0004885264681805e7
186912.56773539403
1.9926791834782828e7
1.4191931533865853e51
187086.5294243919
8.439540444923041e51
1.9969674570054665e7
218138.57535338702
2.0005436891114842e7
1.8637716767130523e97
278111.75567608164
9.417338579823849e98
2.0005548684762884e7
187016.58526677918
8.469857515936005e51
1.9969610189382173e7
186935.88245459832
1.9926650712198745e7
1.4242912721636827e51
1.9071871456455808e7
185387.50602474448
8.192394266480564e27
6.666911092483237e27
195956.3024263432
1.8969480474088605e7
204288.468287091
184573.47269244122
5.54094623774678e51
197041.7413054669
186325.37390047897
1.9961967828997508e7
2.0005558467765305e7
7.075214714565302e100
6.974814050514913e100
5.249860045454832e97
2.0005117211499423e7
2.0005113880098496e7
183883.27390356944
5.560797305745711e51
201691.62545169497
185387.50602474448
1.9961889854707938e7
198258.19516588174
2.3923358887869676e99
2.00055584261893e7
2.000511304724835e7
2.000548270871156e7
5.268634633155873e97
6.999846954062699e100
1.9975608082327746e7
1.2978824895595935e52
201691.62545169497
2.2821467386102827e51
1.994086170157757e7
201084.14783058493
187330.76910920293
183584.61246292025
1.0149286333581145e28
187247.93504875386
184212.8939800764
1.9066957614269394e7
1.997563474194165e7
1.3001939398431008e52
200437.20791107556
2.294394346065279e51
1.9940803979949903e7
201872.52036006784
187833.70769157092
8.280760826978624e27
1.2389420849732828e28
188092.30169995778
1.915546973094593e7
1.8964955884672087e7
1.8550891548779856e16
184540.7212806188
183446.89123104233
1.5473199656165281e7
184568.93806426149
183730.07335376253
183194.66774418007
1.2400460629238074e28
1.915584069023826e7
183730.07335376253
1.8964503480215844e7
8.30292653367866e27
203116.49242677214
199963.00230884104
5.6055919902446704e51
198610.58644649453
194062.290972854
1.9961714413624406e7
187959.19039519023
183446.89123104233
1.0194585378460633e28
186244.9587906937
182973.4028931756
1.9064910522172894e7
182623.74909874023
1.9961675426917773e7
202278.98927930518
183446.89123104233
5.6155707679370037e51
195155.36096418562
2.000511075691062e7
2.0005558311855283e7
257164.38985186332
7.0689186535419e100
5.320437540500483e97
221570.06840135247
182397.9298477365
5.635554945168104e51
192998.55689957485
182973.4028931756
1.9961597453723576e7
203986.74931956196
218153.99257639822
278160.91935159464
2.4072380230376876e99
261085.70836513647
232487.00760976184
2.0005481689602375e7
1.310620914636179e52
189036.97978698128
5.675629787016042e51
1.9940313352586254e7
203986.74931956196
1.9961597453723576e7
189651.7220427843
182495.36015530938
1.0285486066373903e28
183115.1586483967
182331.45817602135
1.906081694177018e7
182291.39074016456
189983.3701880511
1.9961480494479988e7
182495.36015530938
206794.04246986803
5.6655977656308404e51
219848.09899442634
182582.75949874546
2.420048107754116e99
275904.8984966181
182495.36015530938
2.000548142374781e7
182375.15784773926
188119.92530396377
1.9961402522016045e7
182331.45817602135
208829.33996335272
5.685670682350055e51
1.0340220141940618e28
181598.8053958065
182317.794976023
1.9058361179954343e7
191049.23778310895
182295.94514016394
180738.53940774113
201095.6399041095
1.996911124591914e7
182579.58032813435
191049.23778310895
8.706657820998444e51
247062.2701665199
5.831961220314075e99
239674.66129665828
247976.14484333692
2.0005512182880476e7
240025.37316550303
1.9969046866988264e7
198517.5079997213
181598.8053958065
8.737450506130626e51
192140.08025656227
179998.7823639386
178880.7951091211
235686.97944876758
2.00055123051245e7
181598.8053958065
243476.37320448481
5.894057835801574e99
2.0005581739745963e7
2.0005581739998896e7
2.000558161832668e7
2.8142382209080984e195
3.030044908906989e188
1.0297041693112788e201
178244.84363135457
5.935638269892514e99
228037.73560388238
179998.7823639386
2.0005512060636453e7
250783.06405160812
1.0082898094294471e201
342747.0581961585
2.914559515533057e195
2.0005581616176978e7
531185.0034655982
2.0005581739748623e7
1.6204951383252627e101
2.0005511571660366e7
1.4961649387361357e98
2.000526116574665e7
5.935638269892514e99
2.0005565003846604e7
185449.60376076255
8.923348090809837e51
187341.7678973304
197776.77265626952
1.9968789353255156e7
199504.27638266992
1.9048541030884396e7
1.9141007438796226e7
1.0542154422105588e28
1.5595092450143661e28
1.289107815405457e28
1.9221354245372504e7
178297.97623451776
177929.68584724783
2.094456259219376e16
178199.24283720745
180449.84236595305
1.5634705378808655e7
1.7164156403028278e28
1.9258903135017715e7
180603.1185924005
1.9096507463175308e7
1.1645455980658885e28
183351.14245500608
178097.44806405596
179403.4731158367
2.1817457206563184e16
177769.3553156092
178244.84363135457
1.5748756363531841e7
177470.98930784018
1.4188234024894466e28
182191.59497020478
178097.44806405596
1.9181961839107294e7
180522.66326068403
189683.52631483963
176963.43751433495
1.0983444945329019e52
190649.51549557448
178097.44806405596
1.997201157479157e7
176305.05481545517
2.0005317349452365e7
2.4320568180282894e98
178097.44806405596
2.405189485560846e101
2.0005567552796565e7
315515.8434445299
556435.2865269097
7.018001830844238e195
481093.3649846706
363637.56504022214
2.000558173982239e7
2.4388427254084322e101
2.000556745388821e7
261925.06507886964
2.0005317349452365e7
2.4320568180282894e98
225835.10093035793
1.9955976630897954e7
1.998234047196e7
194929.43569719
2.4772422527733914e52
4.7486319971353215e51
183720.74727453684
177641.76794811172
176214.77599242917
1.436232077524237e28
182343.7716703761
176425.06037915868
1.9177020099152178e7
176123.39856840967
2.490189461604702e52
1.9982279850202825e7
176425.06037915868
1.9956019583702117e7
4.740402151753069e51
207276.26326074317
268415.0914597412
9.379463030470346e99
251773.0049951918
220451.45876721747
2.0005523002404206e7
4.740402151753069e51
184643.99810728745
1.1195400810900929e52
1.998219902146761e7
201350.93349495676
1.9971806598451108e7
176126.15867325437
176122.29996741633
1.4437254332204674e28
183582.31292221977
176154.22391008073
1.9174902566704642e7
176209.2829874625
181958.90041779584
1.9971718752065636e7
176154.22391008073
200339.4058384045
1.1176048391795636e52
1.9174902566704642e7
175678.86446053584
1.4437254332204674e28
1.4487318353402988e28
184056.23550205014
1.917349099710784e7
1.9964695799677107e7
194276.14389169312
1.675907844589406e52
3.7003502154625223e52
184056.23550205014
1.9977448938827828e7
176126.15867325437
181958.90041779584
1.7480400240286666e28
175260.52468726755
176122.29996741633
1.925217389779623e7
1.997752180401717e7
193042.0452416581
1.6788148764794195e52
1.6904681949023222e52
184560.69582982163
1.9977424650488015e7
1.7510669260222807e28
1.9320653183245983e7
174871.1393534495
1.92515331299245e7
1.4462275511148154e28
175678.86446053584
191835.46246365242
174179.2320041642
1.6875510866671693e52
185095.6939055344
175678.86446053584
1.9977448938827828e7
173142.87057899695
2.000540028643332e7
6.42729580896296e98
175678.86446053584
5.2679684763338485e101
2.0005571530096028e7
172459.96082227505
8.921180488728452e201
2.000558173999956e7
175678.86446053584
2.000558170303349e7
8.904915426136299e189
2.000558174e7
669091.7681131798
175678.86446053584
Inf
2.0447263855520198e6
176653.39368328327
173630.13519037058
2.000558173999956e7
2.000558170277931e7
173142.87057899695
9.027793092970268e189
9.044282594857642e201
6.605900435327768e98
2.2523964736643267e100
200447.69893083436
2.00055714596527e7
2.0005540257938296e7
246695.25765753706
7.546905946079603e51
3.7774720787136105e52
176272.2966115114
1.9985819048973992e7
1.9963987605755117e7
193897.61515350387
172504.89208021102
1.7967846665244643e28
171927.5563843431
172443.98400378934
1.9241923946394056e7
180147.5590836723
172786.41861431173
189530.9242161177
2.5729721058798116e52
171181.56723272114
180147.5590836723
1.9981895916503042e7
224319.98483136232
170028.20816451678
5.1533833840222425e100
223349.61589964145
172786.41861431173
2.000555264857581e7
2.0005581739955556e7
334682.86890257336
2.000558173999976e7
2.1701527221437774e197
453264.8307936316
7.794570110300375e190
229844.16806164835
171181.56723272114
5.188574898379572e100
217159.39016511227
169326.34140969848
2.0005552549414866e7
2.000558173999976e7
301099.6981470834
2.185023072218171e197
7.742059582534401e190
436877.44498608913
2.0005581739955407e7
2.0005552351092983e7
210408.2438207463
2.0005552549414866e7
5.188574898379572e100
236840.9646412547
5.259317176155366e100
178967.84780919322
169144.71764980938
2.6170856027541307e52
186527.82231941595
169620.83824793436
1.9981693848976217e7
169120.08936507048
240527.70458765762
5.241586700578774e100
169620.83824793436
207186.2137692697
2.0005552400673453e7
7.820891927309468e190
3.6531812150447824e202
3.752964544845027e202
2.000558173999976e7
2.000558172289161e7
2.000558172312058e7
169546.953393718
2.0005552301512513e7
248277.86779366343
169144.71764980938
5.2770775891537176e100
201049.23990772935
1.998878978987393e7
2.6526463675298063e52
175494.27953429922
1.1763903217591441e52
1.998161302251419e7
193772.3582367958
168432.85961699227
169184.47796785255
2.220235392839693e28
176653.39368328327
169083.91903187524
1.9303186196715828e7
177698.7527010141
3.8815385352682363e52
8.211154280932785e52
187289.41681713096
1.9985515543572716e7
1.9976720300951935e7
168079.26887188733
3.1659483128923778e28
1.9424426704531025e7
168813.9662341262
1.9303186196715828e7
2.220235392839693e28
3.9012084209091286e52
8.224989387044766e52
181692.92232758377
1.9985532404867943e7
1.997669601346167e7
176174.14583359333
167753.19399881162
2.6617674236244866e28
173170.97668608223
168432.85961699227
1.936661383353926e7
169184.47796785255
3.907776096827103e52
182759.81340857036
167183.59186874746
1.9985515543572716e7
177698.7527010141
168432.85961699227
207943.6683209967
2.0005493821209513e7
4.182650644075318e99
215345.68896959044
2.408275777568516e102
2.0005576330365643e7
178859.92947654604
167753.19399881162
3.920928019719568e52
180652.23515505862
166724.05322679933
1.9985481821023207e7
166135.16640725208
2.000556090495139e7
224693.76476005468
167753.19399881162
1.1897127442107715e101
211222.44854595838
1.1656101210523313e198
312611.52580986085
166278.15462555265
2.0005581739977483e7
454404.2440198755
167753.19399881162
165986.53354016997
204764.90100610047
2.000556083512317e7
166724.05322679933
231536.5702458552
1.19770070492824e101
2.0005581739977255e7
2.0005581739999864e7
2.000558173221303e7
1.1578361856939083e198
6.294801896423954e191
1.4858151156662086e203
246687.99311863573
166135.16640725208
1.2057153923507232e101
204764.90100610047
166278.15462555265
2.0005560765294954e7
171686.57839518692
166077.3123388031
3.987019055312205e52
186403.0797212218
166005.81822965285
1.998531320909421e7
1.935972774386954e7
165895.21950830068
165982.41794889682
2.7203154237853124e28
172589.3923364015
166018.16500347198
165178.5484758283
172589.3923364015
5.816214351115206e52
166719.27086761268
182794.236927175
1.998862045733872e7
2.0005577798238523e7
215442.5309819777
2.6281147914807358e101
1.026040012931856e100
211028.2141565561
2.00055668109839e7
2.715455135894713e52
1.2041363058306656e53
1.212167188377716e53
1.9993581417128433e7
1.99812088949072e7
1.9981289719801504e7
170934.1342157377
169507.85758222349
3.251836852669794e28
166163.97554616342
166018.16500347198
1.941670151109826e7
1.6371462511530304e7
1.6461898444797108e7
164918.47382339617
3.281488985801305e16
3.1657951525754784e16
166729.97547226658
166729.97547226658
2.4983770741457853e28
3.540709792641422e28
168549.76792059507
1.9444121721556105e7
1.9327447488371897e7
164848.9566874107
3.163165211766864e16
165347.64932830536
164994.7851229417
1.6282384725730466e7
166044.29918713393
2.985783830474702e28
166989.18840924813
1.9387973439433824e7
1.938898451487518e7
168944.67074865644
2.97587665316666e28
164786.23371498586
1.6186104592576822e7
3.0502163146633028e16
164918.47382339617
3.28421730414026e16
1.6372856134428503e7
2.9882631972873436e28
3.5465986937589963e28
1.9442738376319267e7
1.938873174151674e7
1.9326892528051086e7
2.4942286782277605e28
1.61846463984728e7
1.6372856134428503e7
3.0502163146633028e16
3.28694675620664e16
3.055287324151327e16
1.6370068984651584e7
164757.4200401085
164710.99173118809
1.0582417867152592e7
164816.74593075324
165251.63469859114
4.981247865967377e10
164604.8260629103
3.3472845259632052e16
165692.23766566947
164823.90988140888
1.6232466375956316e7
165251.63469859114
1.9401794767215554e7
3.703919795263201e28
168426.94760549886
3.113810964360754e28
1.9342594715562478e7
167711.77185043387
1.6324451999872375e7
165487.7579151808
164710.99173118809
3.230009748841773e16
165246.68027182267
164505.41287657517
164326.84394973385
167526.94870787993
1.9402041750153072e7
164710.99173118809
167598.66598151514
3.121577673808297e28
164050.7358793651
1.998778649861889e7
2.471103387601563e52
164710.99173118809
5.336750249812818e52
1.9993030125420738e7
163822.63887188397
4.2529365123228665e102
2.000557743828755e7
164710.99173118809
2.0005514388711136e7
8.279149856763859e99
488343.4096246762
2.0005581735606473e7
2.880378708854056e192
319903.5713073188
4.092024607950186e203
2.0005581739999913e7
4.2529365123228665e102
191350.0464132747
2.2251137354223053e101
2.0005513942677766e7
225429.100012252
2.0005565468115292e7
1.9987698003216933e7
170079.477770391
163882.66752008168
5.389984225886229e52
182743.73659123774
163870.64993477194
1.9399078143681232e7
164111.20930802834
3.1527412526398696e28
3.1631635090651146e28
169812.05985595158
1.9398090366386183e7
163824.5129146917
163221.02423620046
1.6303323461557409e7
163827.51731101918
165992.72262619808
3.2703592124396028e16
3.4375104290850468e28
166420.40409962262
3.448874068624568e28
1.9425765425578445e7
165992.72262619808
1.9426708814809933e7
163325.44616439554
164111.20930802834
3.3919144393432216e16
163123.27282949182
163822.63887188397
1.6394314690033063e7
163325.44616439554
166131.7724022922
3.4460314007545346e28
162947.78158053305
166097.14936688333
1.942600126898069e7
1.998918984887749e7
173634.85556732613
163325.44616439554
6.510735531927805e52
176343.09237458894
162676.84534045027
222465.06157868137
163325.44616439554
3.2718118328301724e101
200955.61863308444
162455.15789162467
2.000556794174039e7
163292.52311933186
2.0005581739990164e7
445252.9539077504
163325.44616439554
8.792448043213676e198
294650.8415553187
2.000556794174039e7
195058.381247189
3.2718118328301724e101
3.315021336793675e101
229386.54733751455
2.000556785092524e7
182620.81300551127
179257.635955837
6.575277611255566e52
170213.651575674
167199.50860048932
1.9989108833379418e7
1.942269969829086e7
162774.6892922258
162470.55662491368
3.485935402034255e28
168276.9376478917
162466.44124428075
162457.46430720962
1.6373678477493882e7
164559.76011799855
162459.52199752608
3.434023413453403e16
161884.89660327515
3.802975337720531e28
4.490041414608128e28
164493.3060401606
1.944950194196174e7
1.9394880406237997e7
164373.69501992626
1.6460965241086233e7
3.692122799896179e16
162972.1529025481
3.5571394093643536e16
1.6375053570366958e7
162457.46430720962
162008.97654744465
162226.06897718547
5.259788253912428e10
162079.1310864985
161958.61578443795
1.079998565444892e7
2.0028320303920056e6
1.108968245754679e7
5.332148861544151e6
1.1120755391671643e7
1.9853618727199861e6
1.5063706575850993e8
644202.2204482247
5.240944925572577e6
1.1105720439425515e7
2.1558791724714334e6
1.2614544276608177e6
1.994203992793313e6
224534.7681369918
639953.7079501146
168859.5932035035
134574.62732238648
2.1500494642703817e6
474409.0977537447
9.288108082499165e6
784619.8584388336
1.664749202884234e6
2.1957612891322756e6
1.667200095384256e6
782133.7913022257
224562.935391997
400961.41664867644
776929.049208431
169857.42247085765
677426.5517558473
1.6589300928444564e6
303321.64614779653
327023.6190771026
144155.88692060416
476085.7127901701
224965.80135740998
132660.7137989956
1.0889057195222068e6
195787.51874565074
850796.1798305076
706151.4852671518
188792.2075639168
1.4499662837321195e6
281141.1114302577
132953.20269066145
395853.8614925568
297928.6048007043
132369.50562245314
347923.72971851815
569848.6632263578
853611.4974344407
568643.4953762026
450919.0456457436
1.4556440683571803e6
796841.002007614
168397.10648118018
208279.61931403083
396679.1321378537
161885.26781167934
205556.43317104108
347522.7854717056
159166.6214686832
133741.2187392544
188702.4559723572
166146.60592938485
132062.31918329408
193906.49332078226
132510.54171336224
425473.38191073947
142313.63065424445
133489.34341573773
329052.63927502895
138416.98057042612
145677.56850829322
183375.0589662817
181204.76511897185
141314.9085286692
201178.04208719844
168989.68069949787
138733.89898781653
144576.22834644566
132574.38764532306
142222.81010423912
149610.3247436647
132156.2673405828
134440.07820572332
132499.55712384192
136851.20637720032
136298.0693359324
132004.9730473895
134768.9025648208
145978.79788331612
133628.36112211103
132521.8208215286
147676.2523862226
134506.13746822238
132077.17821564586
133308.52439343053
133843.20813105136
135042.61879283938
132655.27848760557
132984.284474815
136380.19864762353
131995.1390065931
133275.61378694637
131957.40044411205
132016.1932763177
132581.53716914429
132180.70142918307
131974.17505647583
131990.46398500373
136018.96473841052
131951.98203949505
131924.3572891418
135353.62308264527
145786.8238769361
148020.4798168364
132934.7475722608
147997.11457427056
145637.15153581076
132529.45543455964
132443.01758861548
133520.61486063947
135984.81277864773
132201.22202805657
134001.80653273404
135336.16915994178
131908.40173581115
131981.8204381861
132995.52524753398
131962.14492322222
132110.85331042975
132718.93117490597
135573.56656187636
132492.2920233111
131903.567058466
135667.8760571004
132334.74353728472
131950.63731965498
144916.19741422546
145468.598541838
137138.81011195754
142514.30477038384
148253.2900296212
136173.1677338107
136086.63465023972
136117.19003107861
132151.62065645217
135207.79184677615
135143.7752299314
131935.89924135813
132638.39387454232
132064.78707465224
133047.2126894824
133011.7364312946
131913.86355428828
132623.80926435225
131905.74293987014
132122.6450831955
132044.3149670814
131901.74274891298
131955.40293175343
132230.38690380933
132015.273579758
131989.1357713192
133009.11241774616
131899.78087088143
132157.191519312
132661.83148382138
134720.75736212172
131922.2987794154
135113.97093544816
133876.1523669751
131880.8054032341
136088.89774373447
147634.91026968957
145851.39921977118
134364.8744670434
145822.76435754859
147476.14810616808
135424.73160895682
134329.99366299555
132332.87020183713
134938.0664574157
133268.14445857075
132940.49161050335
136205.72894732372
131852.73063866096
132175.29066574437
133176.21927694633
132080.74452844757
132698.51498450732
132438.29092586463
136079.88604695612
135129.925111087
131806.31452195902
135075.42663100417
136054.49001357533
131920.14131816884
132845.67204056436
147331.89129669717
135418.579680691
132877.89157078892
146103.26449966224
135131.8979584799
133898.5557138823
134637.86401113952
134077.53803275016
133807.4796996834
134690.7723235635
134239.51735795708
131820.76869062652
131823.18406136121
132749.7295317986
131820.9498139183
131789.51768752612
132722.49192527702
134454.83369796854
135461.5207135943
133013.6359818875
134596.4787656065
135563.62567454693
133063.8454052706
132694.30046680113
132129.89010540253
132472.85087935824
132663.5554411174
132110.61245191793
132450.99937051264
131908.0071000857
131886.2883821581
132012.66270824746
131895.97532255636
131877.95258931268
132032.3913174519
131850.8388775624
131796.99672042404
131794.67390312447
131844.5080034668
131789.8449449213
131792.9552088682
131799.22140152814
131792.56367695067
131805.9204738593
131797.52551827914
131788.98819772206
131802.2015546391
131828.6203106748
131795.17668561148
131786.78709816583
131865.37084547867
131783.649057116
131794.784548912
131939.7257974323
131994.47226466288
131899.31050045125
131964.038594859
131947.44273320664
131892.75619858882
131790.9041028263
131784.49080894646
131833.99426697806
131779.923866626
131798.24589204564
131849.32725796002
131775.5886820231
131818.20004210857
132033.45072644614
131801.0218641019
131855.47450409413
131992.0766412122
132287.37700414096
132008.2432009717
132840.2330258727
132111.52435763378
132118.56357992004
132570.5863944568
131942.0866611253
131780.79534069452
132031.5108203081
132073.0044293889
131772.1035541309
131912.1720170462
132474.7465429114
131906.08621450534
132517.76349531044
132219.0679890643
131770.5170725541
132881.03130878447
135995.89678257727
136217.7148001643
131778.96142781907
134694.3671992718
134787.7861880367
131785.6654851646
131793.24539469264
132267.1828801397
133031.92529163347
131980.74716409406
131917.15961904792
132374.60799113192
131788.94549180855
132154.55533579
132055.34210824905
131758.34303104834
131854.7744321889
131788.51712601556
132293.66918812977
131897.7823286523
132896.41146065766
132697.7097113391
132066.2801440735
132488.4347337779
131768.1559261497
131954.4580300291
132099.3699286665
131843.27022506902
131812.83254507964
131882.5175028284
131753.6080363129
131784.01513365665
131868.58794451426
131769.83694828706
131749.7389095488
131764.5507954051
131762.8957302944
131993.07421194037
131792.5949928822
131763.993301968
131971.75430313763
131767.7238580959
131748.2620139943
131749.15488961822
131814.53875528142
131751.34131341035
131754.9623039284
131801.11190339638
131771.00820352638
132003.01812087058
131758.7671348088
131765.03303516383
131958.25589122745
131748.21851313015
132809.86817523467
132449.34578817617
132114.90464682487
132417.0749334105
132799.42570872555
131950.6277249869
131783.98710056508
131757.45718233552
132072.02605677073
131893.51151261097
131739.02804019532
131890.5084230973
132060.02768414046
132493.23282492108
131997.3221767557
132335.82240633373
132849.35613687782
131872.73994316146
132056.46702389454
131754.1336412907
132057.75653878407
131887.92419578973
131726.00084739327
131886.34185258017
131933.00659325803
132784.6804573739
132112.21548477025
131851.12795599474
132524.98876299348
132234.02608831474
131725.09142555622
131745.78452405444
131905.60044566594
131726.92574094
131714.72146132964
132012.19834637753
131783.95928716002
131787.1101389568
132630.2608813447
131760.18904363216
131781.10381876695
132659.45307524395
131862.46489646437
131958.8058998128
131706.8634042206
131861.12871413823
131935.7725319915
131723.66723308465
131855.39160115147
131726.51086752888
132671.66078262893
131888.5634818059
131695.81849733138
132602.25159543194
131704.70430190835
131664.83528367744
135806.90368106368
131686.93423638167
131727.4644608378
135041.63376490652
133014.93253832572
135342.08011066107
147981.12690201047
132702.2892750213
134562.7526119786
145182.2603502125
132462.89187772787
134514.281242206
135863.4807065874
132204.74664251335
133844.93213159768
134909.65435538272
131718.78777634594
132143.33301581655
132784.6972248279
131904.44143027015
132486.57307690463
132414.00434322847
131992.37550718072
131677.28699147014
131955.2856912679
131803.5739578407
131653.10877112029
131779.0030291311
131953.15509344864
131692.31244018313
132741.3449917518
131773.4203253672
131758.15910935873
132430.14797622059
131810.67575949585
131679.16855360425
131649.37742740172
131961.60926577155
131638.76761676618
131663.49133912768
131716.89987225138
132564.89037524522
131767.07285313035
131728.3460915547
132574.39902221184
131803.27980738948
131691.9414128172
131647.3678822382
131873.81947414973
131691.18277400726
131630.47587613657
131868.4271954742
131615.40778295585
131631.8194834451
132549.1803343139
131651.42802994433
131636.41661235443
132569.6096145603
133415.72711556865
133512.46709558784
135562.07360771077
133083.4830775053
133821.21366343848
135140.2304267692
131635.715990886
131892.98689023135
132631.6628942006
131611.3077047014
132034.2263290718
132463.94366090756
131577.10375001727
131629.6264055153
135222.5152427716
131650.13790233823
131594.59266594957
135425.38839152566
134324.36385065495
132535.87120636812
147093.22561473923
134083.13409702532
132489.91700117738
145859.6227716464
134167.1955176748
133758.94944368818
134150.0677873176
134202.5328333353
133659.04485758246
133989.37581363218
131602.74940693937
131698.1971161283
132514.74428490855
131639.07563289255
131716.37206852424
132500.11162712946
131593.62291752128
131591.22806451033
131810.99446485023
131610.74286034034
131580.88864263656
131808.0984415005
131576.93829025715
131581.3190918966
131636.49306524094
131584.50369182575
131574.96257540918
131633.8389882702
131654.2236824525
131835.0617087835
131587.37744979895
131634.91681290098
131778.975022843
131624.98349437347
131576.29728159975
131608.20826786524
131645.0217184392
131574.5215241721
131582.43897554334
131620.72907884791
131583.3895451087
131591.0632293818
131812.96432911942
131588.2913275422
131571.33059892664
131800.29109553492
131615.02497312144
131591.08130299477
132652.0633446689
131575.5802595676
131552.17996479725
132353.49844783844
131715.9032141992
134974.85862827595
131915.42674911817
131628.1694168725
135572.38043126484
131852.31244979845
131782.76499113493
131594.32396705687
132363.0223263814
131910.2343428324
131610.27963653923
132601.8447631825
131551.85724702364
131598.74923182695
131841.97259038172
131552.72313775975
131574.37324366617
131727.26833493938
132344.5413300151
131568.9879096072
131551.41084651984
132620.89455070577
131570.34744285658
131589.069518337
134218.3104482952
135069.3703077394
132466.60942776888
133799.7633968278
135451.37106882973
132655.7275857181
131840.18250529803
132609.05116127685
131546.01071968325
131724.75867169115
132349.6321772973
131562.84891821124
133711.78008139503
134849.61287316936
131565.24311194514
133050.36669788
135642.90753054302
131561.70085086688
132334.21603326476
132258.01035095096
132011.2585078684
131986.63709676312
131887.96976388627
132439.60434019458
131551.28244844542
131659.78324056088
131585.7791686993
131541.59169324508
131894.66942290726
131523.12796986202
132398.0104396334
131543.33464750205
131524.68085254167
132504.50290436737
131505.425510458
131523.84981653094
132362.6830937081
132029.54868136178
135300.80170546717
132270.5992012843
132028.89399146574
135156.16599590852
131647.19670728978
132455.46351042984
131623.05134934143
131653.6841588307
132411.23589149615
131594.5745945246
131583.0538241083
131730.86033414493
131710.58614438042
131570.5035380235
131730.76348510117
131687.06496969916
131564.17054092837
131530.6657814747
131508.00954386484
131562.99896317025
131521.19190044882
131502.95533150528
131694.17709041576
131740.6703441234
131545.02299866668
131685.40602674152
131730.0293140153
131567.10813026008
131508.6294246303
131522.86184482076
131561.22593055308
131519.3742496468
131527.03760978964
131560.57272070402
131504.87715517337
131505.01520008827
131516.169634615
131501.58876330304
131500.9675700015
131518.77498393055
131503.97701630247
131508.93672184044
131559.6602057837
131504.54977093678
131500.39365836472
131558.5180658625
131580.62069035156
131706.15736217337
131669.05002857975
131539.8759267429
131615.32110903278
131796.6786278747
131530.68723968387
131509.6790413336
131497.9894688135
131585.92173707162
131493.38750782615
131525.1166685603
131590.30656470516
131553.70794099834
131705.99891280982
131642.54966030546
131571.44648559773
131744.06672733795
131513.8397073161
131506.01579184068
131541.22844976143
131541.23189039883
131514.11165221356
131561.3763316929
131514.43626093905
131494.7803994927
131500.54626319426
131501.3606586203
131493.77113451934
131493.0222528236
131569.40684481128
131499.11839467371
131525.60474457938
131532.66055191227
131502.56319922407
131509.13097982825
131491.9185360238
131495.76957620645
131498.49210441575
131494.8384962175
131501.05428123978
131516.56150589584
131556.25248393745
131496.37135870976
131532.14594464598
131543.7987173483
131487.59678307918
131544.04974703505
131509.13209759505
131613.73272743044
131721.19777960182
131530.8221194097
131631.79411381125
131719.59124013124
131515.43459265045
131500.65321490634
131549.58227904365
131519.6927595309
131491.3545212185
131541.65108759713
131487.86426966244
131499.69995224808
131502.50776123963
131488.00482814596
131493.50146146907
131501.79675725856
131487.75095696538
131489.5502686349
131490.78486983659
131487.47637314774
131492.88047531477
131491.61698255863
131500.94452647917
131489.5528892871
131502.07796900556
131499.7275771672
131485.42020527684
131501.9179541071
131496.61047893192
131543.07902787972
131547.09534911398
131492.14888549526
131544.1524084883
131534.15028505953
131499.40233197002
131487.69176890538
131492.835892093
131500.49769225833
131483.38768294358
131490.68659210784
131527.82502558245
131487.91076275764
131545.39368000167
131522.76065425662
131480.31365395285
131537.56501946246
131542.5053209273
131543.42974254096
131677.73590006094
131528.04286780924
131510.19471602477
131747.61023808696
131477.7899302469
131475.16126032284
131522.79344943183
131482.92913464786
131487.46947606167
131553.7983741807
131703.5225914375
131496.35857788858
131586.85387938732
131711.95945781132
131479.98168103024
131585.31497280297
131473.70827813432
131481.87989719986
131531.18577314704
131482.0393393194
131485.13393547112
131535.3823580422
131488.4928821548
131496.76795190058
131653.2870094857
131481.9915132113
131472.0930198953
131758.15049380081
131470.24750802145
132155.31443566948
132519.38146816625
131475.33284339294
132022.33609724737
132281.29492495672
132253.45205173496
131558.39121012078
135015.24172999652
132162.42875512116
131516.42382162323
135361.77765174728
132271.28758464614
131818.25138996585
132130.09347961983
132408.8414472996
131851.6291756959
132064.55716162073
131475.1479615167
131517.56932012204
131682.22682641263
131471.53395944592
131484.40568296297
131723.68025991926
131470.9606539486
131517.29512249617
131466.71120949488
131481.4143081812
131539.44638587895
131473.9663431951
131560.28946928115
131480.84570222461
131730.90151518496
131622.93039618598
131478.05471739208
131667.79726249646
131469.8100292875
131468.11214232192
131541.33758764708
131464.6681267627
131467.0572237152
131508.2942208752
131757.5539664582
131646.69896375545
131454.29413702953
131636.13642227338
131748.7377424823
131475.56478115078
131485.87623201645
131885.61715694788
132463.372237268
131560.28614231144
132033.48498846646
132309.03122482542
131456.90650771093
131471.89808884144
131727.83553020578
131462.42783340454
131459.8513978881
131645.57821370283
131493.09334892157
131459.6565173483
131467.3238249086
131531.7713049141
131449.2720603353
131491.37140208686
131502.75790009147
131593.5860068541
131714.31190994574
131496.10590566433
131558.63522592594
131648.04437408762
131449.06998843962
131494.4941319279
131444.8310561693
131449.47824085032
131520.2867699005
131453.77903498954
131655.12832496312
131453.06688126447
131462.60566624568
131699.24626830022
131439.54805277867
131475.9070011328
131445.19268861724
131440.43226611978
132491.68841201632
131434.90391783018
131523.3218050142
132250.36115791378
131433.07547630486
132984.35401336523
134963.98719020723
131448.0451347926
132705.7606063324
135363.54085968094
135300.56731175835
131566.17972471783
146624.0884991377
135478.809249021
131473.81687258836
145965.36529858672
131678.2276639105
131567.78397613004
135080.8610325144
131548.252054914
131628.59196362153
135205.1314993575
131598.1405293397
131539.30756447784
132292.79990508853
131626.94160376562
131482.65456704094
132430.93926429047
131573.64913803572
131446.21348609324
131631.35334064154
131506.63746882143
131449.04049896816
131698.37333164446
131449.13879115394
131438.2444917556
131472.7595587363
131435.76054376116
131428.1368160416
131509.37881552978
131683.64081793456
131443.33019105467
131490.13492767964
131636.42266044058
131419.9288132473
131521.3109450524
132264.56990535592
131656.9998692857
131877.78735285808
132430.8832889795
131688.05535964936
131803.30887300023
131418.1444366464
131622.56371561158
131415.15123250705
131422.56565297456
131682.56994364105
131444.3349817627
131412.71036549422
131718.03781924254
132228.9196087994
131492.11809276798
131914.30279844312
132452.51406789848
135692.01614400026
135722.662515643
131467.34088544207
134616.49932467958
134551.9385581503
131368.6205216426
145216.02138001804
132622.96744752952
135472.011365877
147314.25772396286
132766.9493352219
136159.965539977
131968.78837578298
134823.80630188083
131435.5413268951
132189.27991677818
135367.9910885067
131581.2307976647
132174.06128368044
131704.1232698332
131955.58228586908
131974.1625661627
131809.93388705386
132176.7254665024
131390.6130578195
131367.1548574831
131652.0861465786
131358.33729375625
131407.13719057513
131550.77749632974
132248.36444927708
131430.2771900719
131360.89497303337
132326.29189630537
131419.65938779005
131357.13621144003
132974.21699608798
135215.17482798654
132482.94011451775
133163.17834968088
134939.05448285915
132374.26246398158
131359.97048451356
132192.37613441548
131585.43763994487
131355.6865121508
132379.8959987184
131649.19713620117
131404.40785266843
131417.13475872445
135062.24990879177
131337.23102830775
131517.8523306695
135073.79920937074
144839.9746781308
132613.28940644112
134366.15080160246
147667.88179479362
133003.13074903708
135293.52089556365
131295.02804451066
131299.69843307603
135529.98672534226
131382.97336555732
131402.66063886392
134602.49526829727
145141.3406950466
131644.79348120352
131538.66909133305
147272.4006228729
131398.97921212908
131642.66930888064
131336.45295724133
131354.0289225969
135323.4931394842
131310.57627486967
131325.87435655374
134710.19238659673
131288.9477846096
131276.17243157656
132347.48273950472
131301.1297409105
131315.52618669748
132103.8775404175
134112.94341731028
132988.2982753862
134086.17024559874
134360.69979417764
132758.93361832955
133746.0467647431
131539.93711175
131739.95724093594
132121.3864449445
131476.8876451475
131798.08205027448
132285.11413148456
131541.9563023446
131291.0569973226
131366.87404231765
131474.5280727241
131288.8969490141
131338.99653099352
131321.51087727424
131304.71629042525
131277.8864759988
131347.18082165357
131281.20354300275
131274.84266707208
131273.45527504807
131322.30678985786
131459.52178559496
131276.4055549665
131348.96182671413
131554.43330035667
131283.30268835236
132131.47414965436
131281.07851792322
131273.84963062618
132276.22165544328
131341.36480025935
131264.93820096608
131264.54238865135
131539.61499789185
131282.4416537707
131285.99709983123
131472.26408914468
132200.6465066752
131281.1109203392
131598.6193912279
132185.7659256628
131248.1655345197
131610.93675048565
131325.10498782154
132544.03399543217
134959.02651023466
131350.03209206174
132556.86785638024
134975.81285922055
131378.41592738047
132204.00249716957
131232.26795800318
131394.84964320992
132149.42685972655
131264.94815259273
131882.96340092635
131821.62953598276
134996.82132858102
132001.61618168923
131651.85265358715
134879.45139490077
132091.17155171212
131287.76260364166
131488.95180460118
132229.553785629
131291.23489033428
131411.38335390418
131232.28378607667
131269.33348268265
131424.83751436524
131232.8181669481
131258.51391536003
131503.9594784275
131248.544094984
131263.11425459528
131313.29727873835
131233.3418002563
131287.11780528552
131267.53073300034
131239.6880767473
131245.20716376556
131254.7945870152
131231.52963218372
131229.7192072552
131238.664727633
131268.47518708734
131275.63027231797
131230.61542479388
131306.88808325754
131300.33200862983
131231.8864120147
131245.17530297884
131252.65636008795
131235.29229568897
131235.62321443378
131235.81303796987
131226.6554131335
131222.4806023844
131226.64044006888
131283.7802885808
131230.92736103537
131226.77698641564
131285.5877937866
131336.87537639527
131255.25466149286
131462.67519974083
131326.1301575053
131238.11019952522
131446.21025750478
131221.43696963455
131260.10216244787
131279.9187447241
131226.61775584883
131272.05383292274
131281.40687284383
131336.3172263519
131239.06103064862
131423.35357436445
131278.59628300564
131246.52034513993
131482.87255863953
131253.72434599872
131261.14970537418
131252.544445378
131226.9277548649
131297.8151696385
131271.79299496053
131221.95967926426
131219.99202012428
131227.4268821686
131220.91929189835
131223.038879213
131244.43950613716
131222.76175125563
131230.04844556906
131255.84535231054
131226.03729475793
131218.7245277271
131300.16016148802
131238.5200924442
131436.45387171526
131351.3483692748
131258.17061038341
131467.01506934775
131405.0765980789
131285.1500124958
131246.89529512776
131243.36423069262
131268.71297342982
131225.95621368548
131227.99907903429
131221.29221406998
131229.1333473412
131216.45072104927
131231.49318884118
131237.4144599639
131223.80698822511
131228.59317905968
131220.94107061817
131281.09022437673
131236.58166203863
131212.10870046323
131267.80413304796
131233.00776282986
131245.1877480335
131446.17899714556
131231.53971044967
131224.82058925624
131441.7963711675
131270.49230050299
131235.14163294315
131215.0973600975
131269.5688745346
131223.2488536226
131220.2885869778
131226.84638094052
131224.7757776806
131210.88388639555
131226.33102723557
131218.05379844192
131213.33508242533
131227.18238849827
131242.61606626134
131276.00923342662
131223.05278379467
131239.16764933773
131262.1262753979
131223.15168992637
131213.056860412
131217.37199358287
131227.65344982783
131209.2875231843
131219.39636222573
131224.2772559906
131227.26310781605
131276.94417408507
131215.688637142
131209.6900291801
131257.46413616912
131214.40649629643
131210.9064803903
131218.23928480045
131226.3048704761
131208.22106210171
131229.32037844564
131205.5248894219
131205.41346860566
131248.21758827855
131211.3649556165
131228.85618636536
131284.01043366024
131298.31085331467
131434.82011260957
131484.2117494536
131257.47666565524
131343.54291352397
131365.26343413666
131199.5936051324
131202.4582151699
131289.30106057684
131211.83013597253
131209.51362707478
131237.83324705338
131463.36977099653
131241.4165689195
131427.25134391748
131401.6605927613
131202.12860278727
131356.60998600605
131210.36857626538
131212.09381448157
131276.66121093582
131220.0269395007
131196.80305914397
131238.62678555964
131194.37199515445
131396.70253104024
131207.29674539884
131201.67180476864
131460.9506006235
131202.68133771283
132141.1429531257
131655.722451946
131355.76654759864
132102.84439657224
131634.9116534454
131386.50539044477
131428.37786154615
131212.44435628288
131349.97167320317
131425.44986504092
131195.53587904156
131340.52473818377
131197.54649497024
131205.83647748386
131255.19739125072
131193.33269437507
131213.6140471943
131249.46389897514
131231.2430371426
131205.70631140377
131388.9057711203
131209.1148069805
131203.92218247455
131462.1915262267
131229.0568509147
131270.75935992767
131198.28952089138
131210.64130718738
131231.87353044655
131201.60746946494
131190.15995623078
131191.13513580553
131215.686721039
131197.35223183775
131198.1277443141
131200.05164498548
131189.96458275386
131194.10699874006
131254.657255883
131202.1576578264
131189.2769114714
131241.82582484206
131355.0824759522
131239.7257069305
131429.5104734452
131474.50843313208
131280.67745741576
131341.61615638237
131218.29329748932
131224.80671042576
131186.54855725585
131276.24638880327
131270.27932731927
131192.1963685634
131178.2609322023
131225.63773036542
131477.0532959874
131201.3508458571
131314.95989493994
131362.0399414276
131175.28374825153
131166.27408889632
132128.8497600272
131181.27049566509
131197.87105065357
132084.85255858928
131233.0079110296
131225.54113331152
135229.683591474
131234.08701290205
131151.50258075714
134547.7097165962
133523.21565442206
133393.9280833505
145986.40529811542
134094.5105385473
133793.56277988298
145949.16275519296
131608.25064168405
131655.93542956957
134612.38238543656
131771.45161354914
131445.9065205152
135109.67622594422
131144.71121874312
131309.38187092828
131937.7915087055
131159.70718654554
131504.09812277433
132214.35575051449
131871.29344320187
131727.63819201424
134710.26511995768
131982.68661539833
131563.71984836552
135005.62051836622
131623.89834466635
131266.3454339738
131973.1189840337
131518.11397017198
131171.44433478572
132171.21774199753
131144.44873107274
131321.25638754223
131227.65162368308
131185.5317793622
131432.2771551824
131283.56020438529
131478.47408572407
132266.87645479492
131438.81828627017
131711.86958211727
131879.0111251721
131627.6489802973
131147.94672449733
131151.94916576755
131463.4776403267
131143.62776268963
131138.0328812367
131290.9035420818
131354.7788145765
131325.09182832408
132208.55922570376
131457.39070548932
131217.25815114187
131925.8979126288
131135.0843742118
131436.95550974857
131157.4722537614
131142.2730899892
131303.74400253023
131189.43975607946
131130.3920161658
131129.7871148345
132150.81727305814
131139.90490838033
131151.05533842187
131978.3290522251
132461.47833550454
134348.68850857357
131899.34783355158
133149.51792100002
135368.0918526586
131599.75285058102
131733.0074282583
132141.23455116493
131641.57338331483
132115.70801427428
131713.71957094694
131333.0677403003
131114.83463850556
131129.5113421291
131471.64534616176
131201.97181622163
131135.6043246708
131253.9438925678
131639.83754655928
131388.4778999153
131930.36688957232
131841.83075220918
131492.39927866595
132105.8194383617
131112.81818282686
131311.3445318258
131392.34232429008
131133.82468719178
131209.39594450378
131299.47354103596
131255.46385534998
131369.07197236028
131973.62205711962
131210.5567482394
131269.09271146584
132113.92881085878
131175.2587382454
131313.7610113647
131105.57739027974
131226.93195633343
131377.25592676792
131132.93484273515
132100.96834893365
131188.56367971326
131499.32660012192
131961.9461383623
131115.84643818502
131619.10706807775
131162.31097517454
131163.7075889148
131374.67641936135
131212.20399974353
131114.54560262864
131299.29322940097
131102.73463339382
131106.5666893127
131141.82296057272
131108.80942239126
131105.47257877325
131185.2406334782
131101.6083671506
131118.61570269224
131282.23530759747
131156.64677772755
131166.33360587
131385.9459312686
131236.83363218364
131112.39953862678
132242.79589732128
131113.25208297887
131092.82169497982
131823.84641667255
131968.75076024607
131129.48706321107
135426.06887580326
132578.54130049693
131056.44929018801
134220.40523433342
137921.71136359073
132722.98767655375
147567.11390623564
136494.7680839636
131990.6437977018
144389.56653548684
134218.205861977
131453.52811787833
131654.44993296164
135346.43505501075
131761.17276840645
132147.9756875215
131048.06624825927
132227.25788222466
131702.54187857537
131068.27924631098
131753.91960168479
131327.80194071276
132763.54054397845
131075.59084550527
135165.03843906056
132312.45144273958
131025.19780034276
134380.9438052076
147587.10502669236
131074.76093601875
133200.5555360318
144330.21994371116
131007.76920935101
134156.29161011192
182194.17899653112
131132.24970265693
158157.5737517494
200192.47606621953
131375.1826046144
150753.84885124795
131084.7498659587
142874.31202151952
148597.27156563028
130959.98305319795
148103.87145598108
143497.39993538448
142371.8282508767
136073.9704430423
198051.2678244434
145623.99079730967
137562.8515992923
183920.13141102294
142474.79208097945
138053.3015622451
140008.36202076098
145605.04089720003
140009.70198384943
138061.35602804308
130938.13911313002
134109.6857905573
131735.84377584723
131010.82413242372
135283.18956373676
132401.97487171052
132141.7633755114
133274.26695982405
146567.7743162129
132110.9625392931
133149.44264384915
145023.31380976443
130935.70154348227
134789.88638507348
131100.898851878
130941.02053648527
134521.5838861183
131011.04894237187
131597.19755993725
132251.54751648524
146440.4100887966
131716.50529879457
132244.74773932365
145142.90900969817
131269.4169337445
130968.946090408
134731.5544439494
131255.8201614173
130902.47727507078
134567.64906427028
131681.13552044137
145139.36878893443
131117.76607631193
131749.67956088673
146422.24715403075
131261.65040799425
131876.1077543641
134527.63842386802
130939.78426307422
131956.20342589222
134707.8101078638
130999.18190176651
131836.31122978317
131067.3612370377
131853.44797140168
131830.5094192505
131024.11822530993
131805.91368207804
131133.07765840428
130916.24509886748
131071.64235210909
131136.59526964236
130898.72313409366
131058.82502364629
130883.38795621495
130907.05345799493
131706.6967803304
130914.13160932293
130890.43242904148
131942.93445495144
131127.05441165456
130949.706854311
134785.45270237458
131292.8633051761
130847.4799442548
134388.21749912458
146745.91168515518
134183.25490536087
135262.5650899855
144760.57827863513
133577.16763928565
135870.1259502851
134844.52987862902
130909.33838330209
131092.81121204447
134284.50419242278
130890.47154501565
131011.62471195948
130864.3357603293
130832.10225512653
131884.83582115217
130830.81851425195
130864.12365815388
131669.29858084122
131424.55169115256
130888.425268631
134783.54364971287
131604.6497263189
130852.35247853372
134315.1696769799
130811.97753216843
130818.57462426543
131848.05709361398
130853.46898424323
130867.94060543444
131672.45007593613
130971.72192079091
134435.47802127094
131776.8732054777
130957.20791057136
134602.4236274173
131832.8378513393
130887.68592084249
130835.94665768684
131746.13012852066
130850.1700100824
130808.11223028331
131733.0180906974
130795.21094087073
131109.61709835328
134840.7622134327
130850.01131716176
131295.49231659822
134183.35068457964
133296.39522701787
144935.7538146528
130777.23607207018
133565.41150611665
146422.09152450677
130923.60598692759
130910.33965248035
152303.76965929655
191676.215078142
130757.13351690574
150676.5905429778
188627.2363105588
155424.55500573578
414004.03927973245
162459.8719001493
152719.93367781056
332085.53571207967
166646.82827583922
134547.01553113537
134639.4340074182
195774.0511049403
134491.0435569809
134298.72149110388
185106.5026604718
131143.78318065783
130850.44843516231
144837.88193724147
131096.69712223462
130733.56322381299
146418.31344407765
144024.3400687144
182645.830078792
130553.4125126556
140294.90742758088
199048.8124326393
131018.79107615718
214840.42645758274
411794.1041659042
232072.29517320133
233369.65432070667
332426.90980709775
256606.39028599815
130680.48543583974
131337.19180300695
194823.36337110508
130547.38678288598
131671.8545441874
185493.19532892617
326780.15232673375
264183.1402060253
150214.22900318552
421823.85552823165
318268.19022595487
157357.28931009263
133287.23830210927
199203.4474408983
199080.4610606394
132049.03611604174
182440.39106290444
181890.16350837742
143182.06594612487
140560.90809252465
132661.11057708788
147877.78139401652
137291.29355394578
134189.69896245108
130493.33966278014
133294.36291113804
134694.90256701983
130646.59058794449
135254.4870766023
132991.41571048502
133479.56511751653
135753.66752045762
146581.9314509191
132764.27728695786
136838.2576768779
144252.94801285665
133824.72759281765
130768.97896930773
131030.84385587226
134592.11715006246
130880.2575752487
130836.4216524598
130819.04282804902
131584.3192096074
130505.30773072109
130678.49382555523
131259.6610074444
130509.32549216271
130572.16012219717
130529.1297413214
130801.64447261555
130518.15377009044
130480.6946688085
130649.58565750415
131442.28663598115
131473.85096326517
130473.65052205465
131367.3933392747
131345.14083002662
130515.49582830207
131585.63732537618
134613.2937122293
130535.71746251546
131989.92153409863
133766.81952232117
130562.10846239876
131567.76941341488
130873.75246959258
131351.97135803942
131244.90061749116
130650.57706058362
131029.46918625216
130563.80441006433
130479.50330412056
130787.28049914973
130473.43641434042
130547.56395333455
130625.64988373034
131167.62447536355
130575.33128444818
130804.47154434597
131625.65487100073
130446.00047525448
130581.9430649481
130907.42326945516
133798.90461615962
132470.75446164448
130707.00074372342
134516.56433480346
132113.7911781051
131524.65759527878
131168.1479570042
130442.71556151495
131222.4229676414
131403.75244505942
130455.10369977797
132846.54637905915
130550.56339044432
134720.11654713197
133749.5698180437
130398.17361298375
133610.39772016136
130399.57218001629
130364.84007077038
145416.7701649167
130396.7751008209
130553.14437906069
145025.49195426932
133081.83939455432
182179.20284859612
182224.63872935902
131821.6528326258
198271.06576227077
170612.07101597742
133873.73768779894
130484.640995647
147408.4167863306
135759.4823664559
130723.59220458819
143216.76791007456
134907.26686420233
131227.43404320627
130363.42761565473
133294.80420326805
130586.65695551662
130368.18546492599
133321.25677952718
140325.14682812575
147164.4495512082
132367.91051602707
137926.6165674646
143352.85441489203
130532.63277237373
134799.48433703472
130943.78216564277
130359.01230170112
133372.49542373844
131487.2930090561
136915.23303262194
136609.89749431453
144780.62588568983
137711.1013035974
135668.7817314725
145596.3929657327
130542.53552257743
131171.6590155848
134439.54928637957
130826.42412033511
130728.20719675683
133656.21160210596
130459.94907149281
130428.20227952302
131048.35996030516
130372.066850328
130333.22415742706
131516.94325108203
130361.75423992524
133873.6106117111
133927.2069845023
130381.19055846999
133514.18998596055
134185.33954861894
131193.89425249383
130640.64874477034
130776.57017738059
131323.29028102022
130657.89818551458
130729.2017382654
130355.55226424985
130563.30670322523
130593.22549198431
130356.53282840028
130536.22709777148
130535.90064000452
130383.1742140804
130404.47332691734
130337.30688628627
130399.45098166521
130377.68092995137
130331.2384074066
130333.96869223147
130549.65326575347
130518.24554939505
130361.28249232826
130443.67207102037
130609.8711333868
130387.832436827
130337.13610829205
130412.48022168035
130340.17115287739
130363.70376873655
130366.34752148588
130333.75579470527
130337.75592599285
130344.82542558137
130357.7852370364
130326.78236558632
130327.86280387721
130327.07283586539
130372.93355371112
130337.21313437162
130338.11341065972
130396.49262064898
130336.4744647982
130332.65847958328
130329.51851552493
130346.96570959433
130339.16679795276
130324.35635085944
130335.57165113365
130375.5018861415
130388.2990979325
130347.52217520494
130376.47872637244
130375.9650605553
130333.69719603081
130335.9259645233
130326.88915039395
130324.56784501205
130341.73754941253
130323.87018520091
130324.69281125086
130360.781372669
130326.79618611904
130324.24446059181
130402.90839824695
130328.8105410101
130341.8840349739
130329.5543158737
130330.65825347646
130335.81931941299
130347.24454172072
130320.14845510479
130322.19271507087
130377.09940343502
130350.76143574741
130324.36373194213
130379.28804761918
130340.38268851164
130319.8888518947
130478.61498914668
130378.98933421397
130508.89141149749
130531.782239297
130331.95128193202
130594.32917187508
130315.63952616982
130321.5357929388
130358.16431133078
130337.01110727523
130321.53293214663
130397.27800164877
130537.06696604665
130333.46934994968
130583.24309018854
130452.91993453406
130340.2100912098
130512.55788945226
130395.93662330529
130356.43016882309
130325.914488664
130351.00648516607
130390.97974456003
130321.14757079253
130322.75082844528
130340.52861893077
130316.259590117
130315.37663908632
130319.70125477
130319.49074452696
130364.9563378163
130348.69829518156
130330.78212470189
130381.46896851156
130328.36383686583
130327.44911653888
130316.99234423235
130336.12639180751
130321.75149956075
130315.4820128522
130323.63569908122
130319.869039969
130321.83009904347
130315.97868616297
130315.39167410391
130316.16882750054
130315.51448873238
130315.81180785688
130314.80958307165
130315.66638903793
130315.08353143567
130317.75578286618
130315.20048651389
130316.68979160635
130319.36493950358
130316.6053585393
130316.41765542056
130317.50374898918
130313.74629955625
130317.59308923715
130314.6515086994
130326.52479672754
130317.19129135122
130313.6591921479
130329.90293013482
130311.92710730151
130330.75828825081
130319.8499501693
130377.15635354636
130314.54102207972
130328.84075959215
130362.83513614011
130313.15697683665
130313.99206576878
130331.05282043765
130311.37319554835
130309.8623452043
130321.78701452556
130313.0463644627
130360.90794897995
130320.76631221702
130309.7971250845
130374.981434494
130340.55636976252
130559.28447950676
130317.9991657507
130318.7677258316
130523.47713931785
130301.61321109363
130311.5910948496
130296.59707817464
130314.05522137457
131195.2160316721
130342.06087821268
130323.75197443341
131259.85050255648
134517.56058284466
130598.86071870319
130662.00338560644
133523.91150148664
130345.28337717592
130979.17570745446
131448.34065235432
130331.02474020427
130387.61205701488
131005.81570687934
130269.9878070168
130294.59818421381
134264.27922840812
130440.60315032129
134239.43708237834
133684.77136052825
130459.70138828683
133736.28377217034
131294.80050975658
130393.02503555048
130478.21611202187
131104.26807060742
130304.55086965712
130391.61204882141
130551.03527441266
130284.50504584571
130265.18059438752
130452.76463703437
130295.19978057407
130284.41776022632
130306.77382949064
130358.58732343554
131155.66888759774
130290.37431880522
130351.69375915585
131228.969181201
130289.81101803377
130270.86057507058
130478.95069448436
130263.83712551098
130278.22216200539
130514.20214519552
130270.08116880222
130239.40642691834
131368.6945138143
130257.83034362654
130300.29197959916
131018.46184844467
130404.1007337138
133813.6734010136
131856.37908238373
130452.98713017104
134071.95557509625
131832.07221388732
131196.97358267885
130303.10180182797
130243.56240589479
131134.70276523053
130278.91770952872
130250.36815556977
130254.11916594034
130259.86142720502
130483.00715588698
130265.44237171618
130251.57742655181
130458.9748021648
130237.35824995757
130241.83521328897
130302.47374939708
130244.34149348637
130240.1707162825
130292.1656389787
130430.63983117686
130332.73496299676
130411.40046854416
130509.447429922
130269.36532070304
130331.98390447369
130275.69279309915
130320.2725985663
130239.21015173945
130250.01486839628
130270.27811033156
130241.9626589071
130240.2948397311
130238.38752207307
130235.50631680041
130263.4188866394
130236.67365070498
130240.57868941964
130274.52253014734
130304.45854523712
130268.43506795728
130267.36719752649
130282.41511205155
130247.92694229062
130241.2749831212
130255.07742540597
130241.02752825864
130245.50382585858
130244.91488898854
130233.29067183353
130297.70937190736
130246.50955667498
130265.79975524025
130284.40743032367
130231.78259574431
130284.05856453227
130228.09106651916
130317.30876817013
130514.19945452413
130236.3983087846
130418.67135316954
130414.72459787667
130268.29455754641
130426.28773938004
131227.8530809303
130228.24595604751
130535.14190214431
131086.67693841737
130235.6531745978
130234.98547525334
130496.29518200617
130227.28920344438
130228.23611691767
130423.623025323
130957.91872584003
130471.98707261689
130214.50628031856
131353.1910458726
130659.03463407431
130242.27338227133
130838.93535362413
134241.2480875813
130293.01187889175
130682.78859020218
133617.24533450912
130188.91343500119
139598.32557767507
144822.23370715952
130253.30195439824
138877.90193938918
145122.2636852089
130185.00445943938
130306.95005043609
188701.4717663252
139576.33263238738
131096.0966607638
189960.2310252921
137194.47439864473
130202.30290027929
130287.52917431606
143390.5793454855
130193.57564430639
130091.10078603252
146404.338324158
165976.7410863068
190952.25873759988
132174.0894473026
166501.4387695065
187422.7537194178
130940.14694119705
143838.3402084264
138062.75194872866
133950.60143326022
145794.2322291099
136107.82949885397
132669.78772501272
134497.6447417741
130246.83341842915
134135.61417775255
133045.22722598538
130013.69577583055
132733.9329431713
140042.97424268103
145387.99371291348
131027.24360199201
139608.56314730577
144252.51745403028
130874.7868163649
130095.82687636685
133741.69958864877
130868.91306993584
130132.19328785794
133705.9890602369
130830.08724633284
130012.8016930473
130320.75241870694
130918.8163067694
130019.29137715034
130330.70539070801
130964.097249339
130316.53879048805
130562.75608187937
133887.34703653035
130200.6672691676
130674.177613431
133547.43791620847
130913.61259846664
130748.85370686576
130325.49204924148
130745.30516015744
130547.72576487483
130499.6510274465
130009.93185657208
130297.74094332312
130011.41517252788
130018.77593722988
130189.6669034962
130067.46479310427
130892.39436024266
130271.21994014617
130753.57574083586
130984.57275749138
130275.59898350277
130797.74328865613
130008.01857436907
130215.73749673013
130217.09810475388
130018.91528503683
130268.30597397395
130237.5206536592
130150.2192622773
130197.35799096948
131012.4047357977
130068.45352268405
130288.52850069434
130861.89688594284
130085.3249354528
130199.30178816423
130073.41407898179
130039.08306137499
130280.15135772317
130053.92938980646
130006.09888471724
130049.79502542489
130010.0720489137
130017.33597828896
130082.39735604443
130037.66208939113
130048.13745784719
130039.72241828687
130215.09866158188
130046.59302117782
130019.00827907346
130260.3995907415
130010.56108107568
130001.44172874145
130053.70796403395
130001.86543163715
130011.9405155395
130074.17605645423
130232.77066808744
130015.45454394788
130078.54728984617
130233.80538214193
129998.5141970063
130071.72751991317
131041.49472871688
130186.04229234751
130228.22415177626
130800.83989704342
130051.88300436073
130395.98921743085
130019.94385837507
130003.26140099739
130161.5558410892
129984.49975532119
129994.98071483333
130297.50900625752
130911.54447427776
130216.10329328166
130147.43909787181
130906.20934118608
130162.68787837721
130177.00375727155
130229.24789293978
130015.40534160493
129996.78055226574
130203.32101158651
130006.58374447592
129995.04803546617
129997.63525235481
130038.86442522443
129992.62901648166
130007.70311911903
130045.72007901092
129982.18794358103
130255.02340140156
130005.95322048143
130067.27795096434
130173.39927311956
129974.11861268582
130122.76005529944
130352.25789947598
130820.70030854602
130367.66299183818
130504.71138909397
130977.48611536575
130451.10512054255
129980.08736466552
129984.96371635573
130164.61984920646
130028.40143186477
130007.75489875766
130245.65198108359
129978.33186620516
129979.67568215911
130009.85038472337
129974.02076975915
129968.84468729349
130054.01596482265
129966.99798694791
129988.09971945755
130171.30347294766
130000.90034875966
130018.25958009047
130228.51560900966
129987.49467901344
129941.66346480622
131075.96853044326
129949.16190771661
130013.89152768705
130716.60699959342
129990.16140321085
129970.30266639759
133665.71234253174
129928.0912858143
129924.9067691919
133627.3570537792
129943.6960707185
136779.63565163218
145905.1113191428
129935.57394110317
135928.81704617114
143621.12774077296
131416.34313666084
133323.051674967
130538.09913051176
131850.04044536204
133954.90550116618
130408.51101402653
130715.62011566506
130092.81724535604
129915.42567270418
130988.22130595752
130174.52691289212
129937.72081932922
129951.24121270774
129922.79470377832
133785.3584165528
129891.85502104848
129924.4928277978
133461.5921268662
132250.24995989838
134319.60094965855
146177.49771800358
132865.3246942703
133380.09932398706
143322.46798612754
130125.96074086985
130177.11635501304
134076.95467149577
130285.75030898995
129986.93858278598
133136.66731555294
130543.31824478671
131030.51416361639
129902.20699283831
130904.40029558382
130608.34742809058
129927.83703964629
130222.34951517585
129894.77593550002
129940.71535506874
130025.78810955798
129890.95920259565
129885.080533048
129941.13212471253
130745.03332053739
130649.6463462286
129905.38243588807
130869.72625918289
130479.26188079402
129885.8502620697
130157.16157389137
129875.35159194759
129884.81585670734
130075.20336863089
129904.41861702448
130147.36542995858
129944.07186960788
130854.81068305412
130063.76174667632
129950.23358348165
130751.41715789575
130042.09137892317
130083.51037660752
129886.42734929813
129992.02440398895
130130.81384765486
129892.27062855774
129887.73601852011
129880.6018350548
129944.45237408127
129910.5836370519
129877.7269887041
129922.1742792567
129876.00997336129
129889.81116890787
129897.12353213083
129876.21846426457
129883.80167939317
129882.48017108381
129882.44239895786
129876.93231606882
129873.8554991926
129875.48953819461
129881.03157396697
129877.15554529695
129878.39680310553
129877.6617768053
129885.99198858926
129876.18134421583
129872.00110585392
129890.69577334973
129916.99538235781
129881.54016409883
129919.52400245906
129925.83869889626
129869.16899164517
129940.27619307807
130098.85980337458
130006.77997069467
129998.21947123166
130014.06836574413
130065.1711290746
129962.77543981656
129911.8423435912
129882.87129444626
129947.47296637167
129942.6960647707
129864.53662083099
129906.63049311204
129856.09053534575
129866.39414057812
130069.48232465915
129873.02349857619
129862.69309896273
130122.21707105555
130811.92627632314
130074.47029112563
129996.3967109016
130749.22943020942
130000.9458966892
129975.18676929761
130070.65785734639
129917.80809052274
129928.31125103185
130103.20830394537
129881.96847561521
129965.04678252163
129852.55737738278
129864.51414213398
129904.19829559624
129862.89596520648
129885.61785543348
129923.49264644002
130105.0511119001
130075.28804847474
129849.84027727178
130062.57842727787
130094.42797381301
129871.97992559876
129894.28120668561
130845.52792869363
130889.50621380872
129852.67668358644
130552.1826437903
130652.34268426032
129903.8510757451
130018.48602842001
130002.37800141657
129977.62875262939
129915.98714541484
130160.62229724006
129871.46126336236
129855.87329881782
129937.96667182012
129943.70899828873
129844.07841625305
129869.60696504058
130006.38576448846
129849.71336254364
130017.10701277548
129904.97022038305
129861.0434046838
130132.81422386279
129929.1739210634
129935.72584177615
129849.83029192679
129874.25729891374
129868.24489656751
129844.02707691056
129987.33357607372
130068.7900838135
129913.30225535079
130019.4357701459
130081.84693203036
129907.54136065775
129843.9223799417
129908.64632729058
129855.38572250273
129844.34405831358
129895.30696126197
129859.09995560876
129869.10964976336
130061.19741066103
129923.25595317985
129856.40763117363
130088.57311521984
129886.52298351425
129910.14854296317
129849.9734287286
129890.19734154233
129893.27257386343
129839.32136457681
129909.7765313484
130077.7775257552
129850.23380121132
129846.60914083487
130064.14087804398
129832.34294995636
129848.66644617249
129999.87742010328
130707.7764295267
130611.01326260483
129941.70183964662
130801.22801885847
130462.68370855917
129845.1391684305
129834.20889813246
130028.89229464333
129822.34568040166
129831.55242752789
130098.19168034875
129813.20243167691
129844.24240410372
130759.55606761207
129848.34583503507
129866.30239822625
130736.48220121738
130815.80605722524
130901.42153147214
133972.47929015727
131174.97525492308
130522.60483367048
133072.36762629775
130393.26994581164
129869.50541838151
130929.41517621026
130153.44606974299
129788.87154279095
130554.04473657337
133439.1737917677
130016.1959485328
129928.70160774112
133534.18738018005
129895.66696254452
130004.51338991609
129806.1257678014
129790.7352174498
130656.78195855943
129771.67391408728
129787.03300967663
130770.95633139534
133447.9504474872
131131.54557146464
129818.24073871311
133486.4140528165
130966.07930147421
129890.14873297045
130661.63409197978
129939.32062844299
130493.49433887676
130727.0363528836
129866.30315921947
130598.25417450926
129772.72732390102
129839.16574043341
129972.05301530904
129773.01065177599
129827.31806906118
130034.56270632143
129770.9879912886
129776.61072688884
129843.28580892688
129772.47343914358
129766.98718693589
129815.67842215492
129812.51337157283
129933.06690272847
130005.94291813986
129827.32754741983
129890.13599376631
129989.33890564417
129770.11936728045
129816.20337596806
129771.09771093552
129766.68456131389
129833.44470050503
129762.89094726066
129771.09734478322
129834.47784115262
130008.45904817748
129780.95498577022
129798.8093612519
129979.2356689098
129834.66685415777
129812.65838528944
129774.81650015565
129807.12012147087
129828.37832662056
129775.4720010293
129771.43579632186
129770.52705896019
129771.11323285429
129775.81518778933
129762.51712354443
129783.63834581756
129774.61876399032
129772.60666733714
129840.28385129798
129767.88435628431
129758.42453627249
129800.57196017735
129772.26146673744
129888.35061659571
130010.61689957105
129765.95007237639
129893.13794937318
129970.14078606396
129758.44731778168
129765.13768408833
129810.6728139161
129771.96631971467
129771.74326664222
129821.7074230479
129768.70227684594
129760.46833956511
129758.51565700036
129777.09049501184
129757.96089187592
129758.86038512662
129768.89230700012
129839.96369929613
129800.8901181486
129793.54583731352
129790.54129972967
129778.74786844749
129756.87841784989
129782.84071786291
129754.72401496253
129764.08845867879
129761.9758608857
129761.67179466679
129758.33995966736
129828.55864571298
129777.7618933016
129754.91235770809
129796.7479827983
129770.38694265024
129762.78800677034
129759.60004122657
129757.76362078963
129775.55301221937
129751.90422617731
129754.78684987042
129755.08025353821
129761.76649809736
129813.45315171209
129750.82897984718
129768.62151498559
129805.96437500615
129843.20122883664
129766.63627491308
130016.4546542524
129788.47050983956
129778.32039854513
129949.17334424693
129756.58593858698
129777.80048904757
129828.86074716417
129762.01556271146
129760.97835198866
129788.4519198091
129751.49732600275
129758.31527114823
129751.6611748857
129750.32674242587
129772.38927208494
129770.68581204413
129748.26668653138
129790.89187382508
129817.68696709338
129753.59335604435
129825.2583446233
129799.16683024446
129751.56692536367
129898.74260247097
129977.48266660052
129748.36345196847
129921.59860708947
129983.24264022274
129757.5974661648
129803.6115437769
129766.83760259632
129765.73182962456
129808.57954163004
129773.17148297148
129748.1012835833
129763.92332580987
129751.04618938961
129748.49609075204
129761.52461120315
129747.23431112221
129742.67713054987
129747.87324205053
129820.77058033155
129751.92227782465
129746.69741576427
129789.56765884039
129837.84687430749
129994.86731152426
129856.26269533101
129866.7506718687
129930.94781210793
129873.47394864623
129751.16964110406
129812.85759495803
129746.7409102546
129746.70029513356
129788.28515852735
129738.61339798346
129996.472620494
129750.91789001945
129748.55792551622
129943.73252581486
129743.56032209602
129744.3526169105
129755.2871355085
129784.86903662943
129751.84000331431
129779.91253371787
129808.1913171053
129749.22615223483
129739.82124645067
129757.3486538044
129760.67014705455
129739.63544430098
129748.90697844725
129745.43391541178
129739.31873657175
129739.2424940304
129737.88275502359
129738.11301948731
129745.22170465247
129739.4139583174
129744.86130896713
129750.9963510845
129761.32008441069
129740.72072854529
129740.19953685277
129743.32965902294
129737.2823432811
129739.05777841422
129737.9385462479
129738.71166074589
129736.71738364466
129745.0686472691
129734.03401120348
129734.71439910801
129757.6278109662
129739.65431612867
129739.66045578837
129744.78038403053
129782.53545977555
129739.16410981656
129747.08157569914
129801.22267116165
129734.03948956955
129741.52471488155
129753.0810401323
129738.83902226067
129735.66093956355
129743.91013159453
129739.55560744315
129743.77958445658
129734.57211340037
129735.23283363837
129734.47958354281
129733.6595702132
129740.06342469135
129734.88778537074
129732.17949297672
129733.92189975701
129750.45926716822
129735.55019245729
129736.59780934946
129745.77846668263
129737.32988707376
129739.92189078334
129802.0852413993
129734.52982849874
129735.35149866474
129777.9708772699
129732.03999654006
129743.52568508186
129753.55359181188
129732.32327641419
129739.27011387837
129739.68682747583
129783.28673080394
129796.61344742673
129745.73937209787
129796.88741335383
129770.87991161196
129732.15793848076
129740.20532295681
129743.00462199224
129730.80043515078
129752.7684598368
129748.14814947016
129733.31266971224
129729.5957495943
129734.32022384813
129800.9893377534
129734.34633129518
129728.43742161753
129776.40639508674
129954.02768936439
129840.76345277327
129736.99199439092
129965.11971502965
129824.88853227581
129746.40242281741
129728.16671305629
129783.70988600941
129764.80661719512
129728.70982226572
129789.17403759896
129756.05249542197
129730.14588514542
129962.99901438846
129764.41578818191
129732.52152112636
129956.93696610574
129780.68161052818
129727.69375759963
129724.40931851548
129785.63473422156
129728.64004138033
129732.65520119517
129786.46100492726
129978.93178909448
129915.79300963935
129731.58531891672
129933.43669481127
129933.28676742692
129722.25925938087
129748.82785517047
130771.91440903937
129714.62461410025
129722.65938520234
130520.67568860938
129734.36842630651
129755.88436330592
129770.76239976563
133031.03500289973
129851.15317773356
129670.64522453667
133780.17995742793
130050.06843503981
133020.69403974325
144808.0191296278
129884.8232396393
133311.8905375479
144121.38794628094
131102.50356601653
130824.73788831058
133282.18708429768
131186.4258573497
130669.63727831762
133474.2947930841
129936.79097287271
129921.27112981405
130539.43867581773
129834.1567492969
130005.40289018264
130647.222438514
129694.46882170755
129786.3699420099
129871.54003111683
129746.58635690516
129850.31109998155
129930.89299554966
129730.05789231719
129680.44858047494
129709.24470114574
129702.10335566688
129664.84897041412
129747.67838252058
129720.4551536062
129677.73227250442
129904.25894066453
129712.37459680132
129660.4287774819
129888.20235489645
129902.68554414532
130682.37404453724
129984.10795493292
130000.17863987511
130484.72137162444
130165.3208362533
129664.57565101353
129938.6400875355
129828.6864888037
129683.62874947628
129842.85607419867
129955.49189682801
129663.48335683288
129733.13302797159
129686.47128590851
129659.42146823693
129688.26940425468
129750.19121703767
129667.18947097036
129663.35235270327
129867.64994118306
129654.53651486561
129696.16372223236
129913.29031013775
130121.37684977967
129984.28869672936
130601.7188898919
130192.93394353853
129996.769683599
130563.7100077623
129882.78807993687
129829.70993325971
129736.37247631115
129890.67463677337
129800.63913415662
129710.5096007439
129653.49822122898
129652.64654113688
129716.78789253724
129655.61742131584
129663.40357278506
129708.13188153433
129674.93197888545
129663.88333429304
129928.62196711997
129654.8857033443
129642.5842728619
129838.76476332916
130524.46205943682
129700.75155723527
130162.05474968404
130613.70151326638
129688.02810263475
130217.72463982225
129735.46138610739
129690.92999104752
129848.68273453307
129747.90527419258
129663.06094957289
129899.6012214638
129660.0170285233
129692.80826385783
129707.97179332658
129651.15529644174
129666.0779676365
129692.49681704609
129643.16532626706
129644.6405213058
129651.27692013347
129642.00333715725
129640.52815297486
129662.79764112801
129709.14010085932
129646.12324856932
129648.23351547547
129687.4979802513
129635.77987692576
129659.30362145587
129715.6394855474
129875.50714854492
129690.58288510772
129714.58572097366
129859.91407909284
129705.10619673438
129697.67598291155
129695.55277433785
129639.61792991146
129689.81144326997
129691.3997880456
129631.94411066789
129631.34635379293
129815.31585177664
129858.44872508173
129632.54346641632
129793.17102593728
129866.9726789495
129657.6222106107
129692.78802769016
130553.75811429073
129629.86710926004
129722.8083256378
130561.40368275686
129584.71097604769
129624.13722574027
132951.50911212017
129731.591650821
129766.87781340079
133685.34020392472
134123.8948315322
130028.77031637431
145455.58107431556
134924.6342584629
130034.05554631368
143433.83415135922
129872.61582368436
133575.5643620389
129642.01280779563
129986.82114967084
133009.5652603354
129618.77139077333
129594.01515168128
129672.83147303622
130395.88112398787
129632.61385393977
129707.83743212887
130626.10218436569
129641.89131148264
129589.9437890532
129866.83541569304
129588.84712732253
129587.8407031268
129766.35483173975
129665.49577631784
129671.89584463842
129585.99639322975
129620.03657487861
129613.0474679274
129594.62858681234
129586.83022717215
129585.62667472368
129592.81525460581
129583.06782383156
129612.72426342018
129584.19750036467
129586.25966452307
129622.53937175126
129583.5652135307
129581.51678640966
129659.37582391176
129585.93932712525
129814.91317989927
129615.66675748127
129823.78643578534
129812.40528475377
129593.22781534345
129801.77981173678
129637.49307387341
129596.50016690689
129590.05865787463
129641.44624912624
129585.39823628752
129583.94638305285
129579.52446976889
129583.52197459344
129597.85997993268
129583.74250218667
129579.56164432268
129594.10849080782
129581.99483211421
129583.61711881992
129636.23290844294
129579.54903598336
129575.44618321047
129638.49779304487
129574.9813704627
129818.254914501
129722.20056005567
129576.25882683304
129796.54392549572
129731.50416412504
130485.05401320301
130193.20632152037
129646.41734042797
130519.29887711887
130128.11480375011
129627.81020656262
129606.39435357174
129794.95719576345
129672.25689679071
129625.49222550263
129817.4395232582
129678.00369057535
129571.11654770523
129574.9461656523
129635.94807377181
129580.69214950617
129580.36956407667
129629.81031289237
129623.84412623756
129785.00811572756
129594.18107699824
129655.09315769257
129819.05378862548
129568.92871677363
129624.24101734487
130344.4560549767
129656.56046596696
129742.42081436557
130652.57756706554
129821.50791881542
129880.89830801848
129585.20194184242
129558.6931880385
129720.50802527525
129632.79956006512
129591.54300923654
129862.76382876132
129661.21480149376
130465.20449974494
129856.64708683969
129629.80537601169
130501.21596232074
129555.11494085519
129564.45997154014
129793.30013405195
129571.6320826067
129564.80904920104
129786.66822670955
130624.40928603422
129602.4720114892
129568.03729545567
130341.9076107867
129536.0149845532
129621.79144251994
129772.53782857732
130321.37278010765
133367.9095266784
129885.0545656825
130418.47246794053
133110.04086555817
129668.41945746896
129573.28398823873
130550.42661543246
129607.30291124812
129579.74903634256
130371.26298037956
129717.60341916233
129571.61854171458
129537.94719084539
129817.04758585415
129597.88301446146
129534.32433821636
129992.69261642768
130347.77085929106
129971.21522742457
129819.27223494102
130569.95335261022
130099.95300161788
129530.03336739723
129566.9210400844
129712.07737060748
129583.62942865951
129636.28139025165
129817.72050931647
129545.17486431211
129583.5686783946
130643.2968488708
129573.29091244975
129526.44497514523
130272.28998683699
131925.86168967895
133045.16390902555
129605.60469828853
131556.98985603626
133388.58520144946
129494.29875035012
129476.60725520064
131065.48831675302
145632.82926284868
129519.01664951789
131725.63033741043
143124.0789419969
149023.7812654789
183857.3445748931
132832.98113228907
151697.34930750047
194453.19629554442
133442.09827141353
145128.76307479612
129860.80687844985
144160.34050373948
143537.55779914916
129665.1897525378
142630.41761926867
129569.43915720888
132966.8077210922
133340.55554249207
129642.09321667723
133378.6244966189
133047.2681832633
129719.95420449917
130409.70553206526
130095.89326258087
129772.11230655061
130262.54795628272
130156.94735103007
129510.7002243773
129517.45373873324
129737.31738708689
129508.1895220857
129496.13514441956
129678.47963517946
129548.88149314297
129484.82664828027
129478.48238397992
129519.96087647456
129486.90984146605
129477.94925784566
129485.40427345429
129488.10262770219
129478.56243656704
129496.78363524812
129476.22168612246
129481.83610085583
129471.8247849235
129507.9259042662
129507.82306247913
129485.10352538507
129560.29062173484
129542.02856158465
129675.59836824524
129491.7209178882
129705.00192415206
129678.36765595709
129475.34688501718
129701.72306647246
129498.02769442186
129480.41410928454
129530.15519379608
129506.2807762324
129471.77897278083
129529.09566399368
129529.59224281272
129521.00032338336
129645.50264193732
129633.20799556325
129590.37594810469
129758.7461289745
129476.21789975492
129484.30716898633
129559.91907559214
129518.53863388379
129463.63708878128
129498.96599278411
129705.98497819516
129493.21659013043
129675.62935653528
129682.68318003241
129466.12915404655
129714.43168808654
129502.29196570706
129469.3521092619
129530.27925215095
129489.4737010351
129459.12885591474
129512.56817478963
129559.71007190528
129469.67034588577
129697.90314231513
129559.46405043591
129452.52139035132
129682.92769615725
129830.52825605698
129661.7670543744
130305.59987814908
129775.07484883825
129579.79265250923
130450.43238646064
129464.74610070534
129644.79222147772
129473.5412885485
129451.05408892753
129722.81208835369
129481.36198956086
129532.17983704651
130447.38080637054
129789.57612115682
129560.86036785286
130310.12626021245
129679.30595830975
129588.48318082675
129516.07199602622
129690.40610648796
129663.8476457323
129542.52224282842
129635.0764404453
129521.18619355376
129487.74121292545
129503.36573826888
129496.18093323681
129459.83134222333
129472.29071133869
129471.78759157012
129474.90434941636
129458.26413522575
129459.36106417202
129456.10466126482
129448.08600451764
129507.2966543531
129513.34256518612
129444.4540009381
129504.16133340541
129498.617137697
129453.80415375484
129519.03824274892
129452.22681680913
129696.29298320928
129493.70100884652
129437.59946377981
129655.72610912251
129440.64988881248
129418.97822710044
130454.19134765514
129434.57339550694
129458.82173271841
130274.59961025699
129690.29643783072
130874.19336727596
133232.79321936937
129645.29044137964
130869.76830728746
132999.8654833051
130118.8040407389
129463.2312298386
130363.66238744739
130171.56724549556
129432.98396859245
130326.32630212161
129648.4408225153
129662.84551217077
129438.20677953832
129653.09669294395
129636.77545877878
129423.03667806198
129417.13960315708
129421.80962861197
129478.9385760554
129426.77437232027
129422.55985263649
129474.78801333455
129597.4086555545
129438.50319002352
129530.81850806264
129699.7991364549
129454.24457815709
129599.29739301547
129418.19399383571
129423.14154889634
129451.35859537154
129422.10015184701
129411.78304343326
129498.42806636573
129435.64597457394
129442.7681501703
129611.98388861833
129438.3885382453
129423.74087550552
129674.2769604924
129459.99677772952
129456.79417048316
129419.84442791497
129433.18278680374
129482.14999072147
129406.53165495837
129420.24441643411
129409.75249191582
129644.58168324057
129401.76502235308
129411.95821810084
129631.45181510547
129521.07894047088
129516.48962937125
130215.74403371489
129479.40184426017
129441.77305738884
130436.52121032281
129572.09659982519
129449.3438619205
129403.06118442093
129693.95263249593
129495.41429476492
129419.76059796462
129487.12349787509
129420.21223793099
129438.5819636586
129431.75628737807
129394.14692855245
129406.38674612468
129402.88792595493
129398.53027412841
129641.08916520486
129389.77972818798
129407.30221013457
129609.82024676829
129388.54503801132
129721.5995539693
130450.1184985087
129396.60922774824
129623.72441254479
130180.57431273232
131204.44919336005
133196.7758743008
130022.42370168572
131246.76453820892
132987.4122598738
129920.47849681959
129951.66584541812
129548.73242756336
130343.82490636098
129948.67300339465
129508.8838924598
130282.05511869228
129393.70646733746
129632.94940228421
129470.56366313693
129394.15630683629
129606.00961568576
129463.07724713717
129388.71986598008
129447.69564004459
129422.643522294
129390.42587205155
129445.31015403819
129409.34335879353
129391.12032266369
129401.53669313104
129387.02966651571
129396.01359315468
129404.48990188974
129390.552491909
129385.71767880917
129431.66447251155
129400.6556698583
129389.00822833004
129457.97671366941
129398.47789074686
129385.51855803747
129616.96711248005
129469.70662063855
129387.94795296191
129618.13268601352
129493.00864337623
129396.41951334491
129474.60666900719
130272.05698225845
129452.14108267527
129525.95083338939
130346.256345803
129457.01285504265
129523.27512700595
129568.62969384121
129507.0163998431
129563.1693612217
129598.95305856022
129385.28920337369
129458.39052305359
129404.40518971252
129385.75315377876
129428.3973605147
129399.0509728792
129649.00604585026
129412.50674885066
129496.22034257904
129584.80416464333
129415.97545705712
129528.48906029227
129393.75390671662
129419.55762844007
129432.52666062306
129382.85463335467
129454.00174229847
129453.32646036462
129430.95796684948
129426.14279095805
129643.69358527024
129424.81056415444
129401.82131247182
129584.51335821686
129383.46446164101
129380.41020007974
129452.35126709723
129382.30251272448
129396.84244280707
129429.22919538521
129370.70992663567
129381.09537121301
129565.18082233191
129390.80152996864
129380.16607270706
129657.4835996061
130360.13711793638
130253.24763978005
129421.44858494737
130234.61077562072
130333.44611098831
129413.50747785621
129393.86901643255
129385.4300818803
129572.41678782582
129396.84312140878
129362.71598654524
129631.31979644323
129435.1664543816
129865.37888185249
130357.91500288011
129438.39562931164
129809.85773742142
130216.55517131415
129516.16408712596
129626.678813096
129386.12051608102
129484.06695961935
129560.78091487239
129387.2661559797
129436.13326891095
129369.80383455772
129386.3114792939
129404.8365513905
129371.53195283793
129375.3261329511
129368.76534243567
129372.33664932687
129385.09482881664
129365.70071005361
129363.76450758251
129369.21264516389
129363.3511072165
129368.4415918857
129370.39025788318
129362.98874002449
129363.62865403376
129362.25841184729
129384.51842654821
129364.71512332639
129361.28602575246
129368.87656419443
129359.85656242061
129366.45194562594
129405.61979964467
129386.51391845415
129371.92635472002
129429.53197086368
129364.5733841831
129366.31385050325
129360.30366921578
129366.26012829629
129364.15051736997
129359.4899767118
129382.40238194902
129369.07577739195
129405.57587823556
129376.7296426654
129378.71624734273
129429.11748863614
129379.88512761027
129364.90892039202
129361.1234980223
129360.76294345935
129368.46965268362
129358.7331299113
129358.94545195988
129379.41858892754
129394.3912252398
129396.0644421655
129362.56365831662
129364.74071594686
129436.91264547131
129367.21375164122
129368.16679358258
129382.99616434138
129357.8197576302
129360.13458881297
129363.32828970098
129377.96144265456
129424.75736294067
129360.65602579607
129439.96143085562
129372.65749267617
129374.33008675693
129391.68142914127
129356.61598188465
129383.60354945972
129387.03744285872
129362.86102164688
129361.06974505645
129357.4810548889
129409.42516150046
129360.68450458418
129358.04860471259
129419.47634626071
129352.77712968012
129359.64186877181
129561.95232620326
129361.73427170033
129433.11433446112
129606.27246672347
129349.12649551264
129411.92025154365
129495.83578009394
129479.85123043082
130133.72772857278
129407.09671490028
129367.54446177755
130420.99780403687
129386.53981836709
129354.89970061572
129651.37085361697
129469.73640175437
129344.2742214684
129510.58290154923
129429.3813323863
129431.53835728193
130464.52979708649
129373.00685037699
129345.55778911954
130078.89808493905
129662.1487136637
129674.5406871679
129357.14175732281
129491.4202273879
129476.61062069895
129333.26261084626
130397.6361495165
129376.06828576766
129733.8964203466
130120.3717780073
129404.1556663765
129596.05660468621
129552.80450831339
129630.92613347658
129337.20462907391
129458.48117103237
129498.33636092064
129335.63813388118
129329.95729432881
129354.28818554633
129362.27978850441
129338.82590409153
129325.49659194745
129420.25558786576
129540.91574197194
129335.1571610364
129354.88623236326
129572.24099241836
129316.92137874752
129371.00799957813
129581.65174424024
129462.18597359057
130266.10401326058
129600.90819792394
129436.17979440044
130216.32834914631
129326.686376676
129558.08273851812
129380.61647091869
129327.76246407768
129537.64229131003
129368.72485509915
129326.54571603953
129321.10588491934
129377.45900785181
129326.9660043575
129312.7783745293
129372.02643398201
129324.10919786354
129320.85186161475
129545.30891823546
129306.2451183821
129305.61862261871
129542.87478194102
130194.42365522447
129709.47943358189
129579.86455813865
130272.80312154716
129621.56232029012
129514.43148677843
129415.2056518278
129561.02007147598
129317.10958044369
129398.41810028398
129512.75311245394
129297.58019056449
129323.35887370918
129564.58637433543
130188.55063076927
129341.23514252176
129557.22065157689
130257.93814339075
129448.84146488456
129548.53237409092
129364.10843746217
129437.20881331606
129509.18528890082
129402.45322811976
129315.49891370011
129307.51597570624
129345.06642930635
129317.54503174024
129295.06639223523
129365.73812653412
129397.05265187388
129399.10684154561
129493.21813414495
129455.14577930441
129337.77792222665
129561.26674426263
129370.43102068307
129376.49073810167
129299.7036115017
129335.71675064549
129329.10095444984
129306.92709184097
129295.05193671212
129317.58162597398
129301.5136714378
129295.08714838125
129295.70853577444
129317.64858402735
129331.11624239037
129362.81538915716
129353.3163589082
129311.82074304584
129324.22510162578
129312.03339390337
129294.95311267446
129298.2590860905
129320.08308187612
129298.47183998144
129292.16355803752
129298.96031673158
129324.75412510466
129335.69358213415
129291.56460195547
129302.43041548441
129364.41644270704
129295.61216793889
129448.98249137694
129434.97336469518
129351.93525104612
129596.45818182078
129543.2805816863
129309.6091783364
129318.93221869213
129310.03390034416
129333.57804373447
129380.28269824518
129282.93835640211
129291.13646455211
129281.65346625521
129291.3946848712
129513.39023660234
129284.36156418579
129274.48801473941
129514.99825658626
129511.45654342957
129402.13476478295
130197.6296574077
129515.06177827765
129368.41217902327
130203.69192076445
129292.34265217333
129282.95342716853
129505.03499363826
129275.78553694695
129282.29545162637
129506.76806690864
129275.60882487147
129278.6022894171
129332.23547915823
129273.93393069928
129270.3785838634
129332.37427369694
129263.11173480598
129274.09379013981
129503.6874182554
129279.47559943191
129267.7058663444
129499.67809784092
129271.6982480697
130139.70613724747
129282.96667830541
129263.6703265035
130235.55179518864
129260.31488189794
131208.86237571752
129716.19658020294
132550.93431780432
131792.23425600052
129393.74201190748
133349.43960358767
129544.47991083271
129661.07591375534
130390.74119714217
129856.5475070453
129382.70548348529
129968.51097049666
129263.17763968273
129266.28505866902
129374.7850323208
129258.65798817843
129255.91083602571
129606.62182561931
129269.30595806561
130331.81170732446
129758.02433899202
129251.54855600484
130019.75738256918
130084.04542932185
129249.32885348528
133006.72021063123
131332.1116437098
129257.85432443768
132910.08262886657
131313.1625696121
