  0.2999999999999999889    0.4000000000000000222  4171.306162
  0.2999999999999999889    0.42000000000000003997 6322.348210
  0.31500000000000000222   0.4000000000000000222  4734.543239
  0.31500000000000000222   0.38000000000000000444 3190.755899
  0.32250000000000000888   0.35999999999999998668 2369.047143
  0.30749999999999999556   0.35999999999999998668 1952.717486
  0.30375000000000001998   0.34000000000000002442 1218.170401
  0.32624999999999998446   0.2999999999999999889  852.287676
  0.33937499999999998224   0.25                   574.632317
  0.32062499999999999334   0.23000000000000000999 258.397649
  0.31968750000000001332   0.16500000000000000777 163.782117
  0.35531249999999997558   0.07499999999999999722 356.548370
  0.33562500000000000666  -0.01000000000000000021 207.425516
  0.2999999999999999889    0.08000000000000000167 206.578528
  0.28406249999999999556   0.25500000000000000444 149.863485
  0.25828125000000001776   0.3875000000000000111  2274.340747
  0.30093750000000002442   0.14499999999999999001 157.178518
  0.26531250000000000666   0.23499999999999998668 130.955324
  0.23812500000000000333   0.27000000000000001776 126.375303
  0.22125000000000000222   0.38000000000000000444 1450.049243
  0.28101562499999999112   0.20374999999999998668 140.102821
  0.23507812499999999889   0.21875                221.826279
  0.27181640624999997558   0.24593750000000000333 125.574262
  0.22892578124999998779   0.31218750000000000666 201.845194
  0.2679931640625000111    0.23085937500000000555 131.788650
  0.24194824218749999556   0.28507812500000001554 135.413891
  0.26148193359374999334   0.24441406250000000111 127.370888
  0.24845947265625001332   0.27152343750000001998 126.038930
  0.28215087890625001332   0.24746093750000000555 136.001065
  0.24913146972656000089   0.26436523437499998002 124.709401
  0.2724884033203099909    0.23877929687499999112 125.728204
  0.26648117065429999251   0.24696533203125001221 124.846345
  0.24379623413085999006   0.2653930664062499889  125.839299
  0.26481136322020998319   0.25080139160156000866 124.588004
  0.24746166229246999158   0.26820129394531000422 124.878468
  0.26172629356383997346   0.25227432250976999928 124.532281
  0.27740618705748998352   0.23871047973633000017 126.565685
  0.25620014905929000548   0.25795154571533002175 124.440636
  0.25311507940291999574   0.25942447662354001237 124.711749
  0.26188729226589002597   0.25295716285705999171 124.464521
  0.25636114776134000248   0.25863438606262001418 124.381961
  0.25367857486008998924   0.26181441783905001763 124.436357
  0.250674004554739982     0.2636287689208899887  124.580947
  0.25908397033809998922   0.25562506437302001672 124.403797
  0.25924496904014998622   0.25630790472031000915 124.372056
  0.26076737903058000434   0.25548608422280000285 124.408655
  0.25652214646338999948   0.25931722640991000661 124.372400
  0.25940596774219998322   0.25699074506760000158 124.388394
  0.25712235275655997979   0.25822347581387000703 124.366629
  0.25984517533332002204   0.25521415412427000957 124.396129
  0.25735290368086999324   0.2582914583384999796  124.363170
  0.25523028739727998682   0.26020702943205997748 124.390761
  0.25824129862943001612   0.25728268589824998536 124.363737
  0.25847184955373997406   0.25735066842288001343 124.364632
  0.25813447535444999925   0.25756887027063002371 124.362639
  0.25724608040588997637   0.25857764271088001795 124.365240
  0.25799249407355001606   0.25760642510141001926 124.362438
  0.25877406574713002207   0.25688383703354000787 124.366196
  0.25770819419743001832   0.25793955301226001442 124.362243
  0.25756621291652997963   0.25797710784304000997 124.362758
  0.25799240974497000822   0.2576709296637300084  124.362304
  0.25770810986885001048   0.25800405757458000355 124.362411
  0.25777920592003000788   0.2579046494562899916  124.362238
  0.25749499037249001798   0.25817327280481999763 124.362710
  0.25786805490184999679   0.2577965154490000077  124.362195
  0.25793906662444998634   0.25776161189302998489 124.362304
  0.25776591230418999245   0.25789506773245002291 124.362205
  0.25785476128600998136   0.2577869337251599835  124.362190
  0.25789253896899999585   0.25772807585960000321 124.362243
  0.25795690388366998569   0.2576883814417100238  124.362264
  0.25781366019905999076   0.2578433961597699775  124.362185
  0.25780036658321997534   0.25783381443593000881 124.362193
  0.25781728866288000646   0.25782448968920002041 124.362185
  0.25777618757593001586   0.25788095212381001442 124.362196
  0.25783511785849000386   0.25781043832481997935 124.362184
  0.25783148939466998817   0.25782934479538999195 124.362186
  0.25782083884583001376   0.2578257034657500113  124.362183
  0.25784229650526002686   0.25779274563080001315 124.362193
  0.25782081927561001367   0.25783073352752999829 124.362183
  0.25780654026295002357   0.25784599866845997473 124.362184
  0.25781368466184001464   0.25783710858254998977 124.362183
  0.25782797345960001278   0.25781932841073001983 124.362183
  0.25782440126015998549   0.25782377345369000832 124.362183
  0.2578172617538350142    0.25783140602415000053 124.362183
  0.25782082906072001371   0.2578282184966400048  124.362182
  0.25781725686127998642   0.25783266353959999329 124.362183
