  0.5                      1.5                      1                        0.01000000000000000021   0.02000000000000000042 16.158797
  0.5                      2.5                      1.1000000000000000888    0.00899999999999999932   0.02999999999999999889 41.078503
  0.5                      2.5                      1                        0.01000000000000000021   0.02000000000000000042 40.171388
  0.5999999999999999778    1.5                      1.1000000000000000888    0.01000000000000000021   0.02000000000000000042 21.273440
  0.4000000000000000222    1.5                      1                        0.01099999999999999936   0.02000000000000000042 12.500039
  0.10000000000000000555   1.5                      1                        0.01400000000000000029   0.02000000000000000042 8.363306
 -0.80000000000000004441   1.5                      1                        0.02299999999999999961   0.02000000000000000042 43.815857
  0.10000000000000000555   1.5                      1                        0.0129999999999999994    0.02000000000000000042 8.332920
  0.10000000000000000555   1.5                      1                        0.01000000000000000021   0.02000000000000000042 8.363836
  0.5999999999999999778    1.5                      1                        0.01400000000000000029   0.02000000000000000042 15.983016
  0.2000000000000000111    0.5                      0.9000000000000000222    0.01400000000000000029   0.01000000000000000021 1.628044
 -0                        0.5                      0.9000000000000000222    0.01700000000000000122   0                      4.778878
  0.10000000000000000555   0.5                      1                        0.01499999999999999944   0.02000000000000000042 4.300504
 -0.2000000000000000111    0.5                      0.9000000000000000222    0.01700000000000000122   0.02000000000000000042 13.053017
  0                        0.5                      0.9000000000000000222    0.01499999999999999944   0.02000000000000000042 6.343819
  0.2999999999999999889    1.5                      1                        0.0129999999999999994    0.02000000000000000042 9.688785
 -0.10000000000000000555   0.5                      0.9000000000000000222    0.01499999999999999944   0.02000000000000000042 9.141917
  0.5                     -2.5                      0.5999999999999999778    0.01700000000000000122  -0.02000000000000000042 395889.137500
  0.5                      0.5                      0.9000000000000000222    0.02299999999999999961   0.02999999999999999889 1.956650
  0.2000000000000000111   -0.5                      0.80000000000000004441   0.0210000000000000013    0.01000000000000000021 2.558459
  0.4000000000000000222    0.5                      0.9000000000000000222    0.0210000000000000013    0.01000000000000000021 2.059319
  0.5999999999999999778    0.5                      0.9000000000000000222    0.0210000000000000013    0.02999999999999999889 2.641648
  0.69999999999999995559   0.5                      0.80000000000000004441   0.02500000000000000139   0.02000000000000000042 3.939810
  0.5                      0.5                      0.80000000000000004441   0.02299999999999999961   0.02000000000000000042 1.701256
  0.10000000000000000555   0.5                      0.80000000000000004441   0.02000000000000000042  -0                      4.541072
  0.5                      0.5                      0.9000000000000000222    0.0210000000000000013    0.02000000000000000042 2.143738
  0.5999999999999999778    1.5                      1                        0.02000000000000000042   0.02999999999999999889 11.440308
  0.2999999999999999889    0.5                      0.80000000000000004441   0.0210000000000000013    0.01000000000000000021 1.229559
  0.5999999999999999778    0.5                      0.5                      0.04200000000000000261   0.01000000000000000021 1.539088
 -0.2000000000000000111    0.5                      1.1000000000000000888    0.02500000000000000139   0                      4.309935
  0.69999999999999995559   1.5                      0.80000000000000004441   0.03099999999999999978   0.02000000000000000042 10.719085
  0.2999999999999999889    0.5                      0.80000000000000004441   0.0240000000000000005    0.01000000000000000021 1.218246
  0.2999999999999999889    0.5                      0.80000000000000004441   0.03300000000000000155   0.01000000000000000021 1.186931
  0.2999999999999999889    0.5                      0.80000000000000004441   0.05999999999999999778   0.01000000000000000021 1.107971
  0.2999999999999999889    0.5                      0.80000000000000004441   0.14099999999999998646   0.01000000000000000021 1.004415
  0.2999999999999999889    0.5                      0.80000000000000004441   0.38400000000000000799   0.01000000000000000021 0.962581
  0.2999999999999999889    0.5                      0.80000000000000004441   1.1129999999999999893    0.01000000000000000021 0.960836
  0.2999999999999999889    0.5                      0.80000000000000004441   3.2999999999999998224    0.01000000000000000021 0.960714
  0.2999999999999999889    0.5                      0.80000000000000004441   9.8610000000000006537    0.01000000000000000021 0.961313
  0.69999999999999995559   2.5                      1.1000000000000000888    3.2999999999999998224    0.02999999999999999889 13.506925
  0.69999999999999995559   1.5                      0.69999999999999995559   1.7789999999999999147    0.02000000000000000042 5.505059
  0.2999999999999999889    0.5                      0.80000000000000004441   0.46100000000000002087   0.01000000000000000021 0.961358
  1.3000000000000000444    0.5                      0.80000000000000004441   3.3780000000000001137    0.01000000000000000021 29.320944
  0.5999999999999999778   -1.5                      1.3000000000000000444    2.222999999999999865    -0.01000000000000000021 5666.951937
  0.2000000000000000111    0.5                      1.3000000000000000444    3.5849999999999999645    0.02000000000000000042 3.905684
  0.2000000000000000111   -1.5                      0.69999999999999995559   3.5499999999999998224    0.02000000000000000042 5.786213
  0.2999999999999999889    0.5                      0.80000000000000004441   8.3000000000000007105    0.01000000000000000021 0.960843
  0                        2.5                      0.2999999999999999889   -0.62900000000000000355   0.02999999999999999889 42217187485490652571719550126436539802913815710176362717367952660463337008251713377573084710953058684792229203436140116408175407412345646862078778522907694415736840385135116288.000000
  1.3000000000000000444   -1.5                      1.1000000000000000888    3.5499999999999998224    0.02999999999999999889 19.774830
  0.80000000000000004441   0.5                      0.5999999999999999778    2.7189999999999998614    0.02000000000000000042 3.622421
  0.4000000000000000222   -0.5                      0.80000000000000004441   2.7419999999999999929    0.01000000000000000021 0.114198
  0.69999999999999995559  -3.5                      0.80000000000000004441   1.0680000000000000604    0.01000000000000000021 11.130352
  1.3000000000000000444   -1.5                      1                        0.01000000000000000021   0.02000000000000000042 9.008743
  0.2999999999999999889    0.5                      0.5999999999999999778    2.8650000000000002132   -0.01000000000000000021 1141.911206
  0.5                      0.5                      0.80000000000000004441   0.73399999999999998579   0.02000000000000000042 1.223281
  1.1999999999999999556   -0.5                      0.80000000000000004441   5.2389999999999998792    0.02000000000000000042 15.907036
  1.3999999999999999112   -0.5                      0.9000000000000000222   -1.3189999999999999503    0.01000000000000000021 inf
  0.9000000000000000222   -0.5                      0.80000000000000004441   7.7419999999999999929    0                      38.251051
  0.2000000000000000111   -0.5                      1                        3.5310000000000001386    0.01000000000000000021 0.861771
  0.4000000000000000222   -2.5                      0.80000000000000004441   2.6019999999999998685    0.01000000000000000021 4.693836
 -1.1000000000000000888   -0.5                      0.69999999999999995559   1.7720000000000000195    0.02000000000000000042 87.870532
  1                       -2.5                      0.80000000000000004441   0.01000000000000000021   0.02000000000000000042 16.932106
  0.2000000000000000111   -0.5                      0.80000000000000004441   4.5449999999999999289   -0.00600000000000000012 211.377919
  0.4000000000000000222    0.5                      0.9000000000000000222    1.1539999999999999147    0.0210000000000000013  1.611471
  0.2999999999999999889   -0.5                      0.80000000000000004441   3.4140000000000001457    0.00300000000000000006 1.213464
  0.10000000000000000555  -0.5                      0.9000000000000000222    4.9059999999999996945   -0.00279999999999999997 39.122221
  0.4000000000000000222    0.5                      0.80000000000000004441   1.776999999999999913     0.01430000000000000021 1.041249
  0.2999999999999999889    0.5                      0.9000000000000000222    1.570999999999999952     0.01870000000000000134 2.164662
  0.2999999999999999889   -0.5                      0.80000000000000004441   2.9529999999999998472    0.00689999999999999988 0.106556
  0.2000000000000000111   -0.5                      0.9000000000000000222    3.6789999999999998259    0.00449999999999999966 0.142730
  0.2999999999999999889   -1.5                      0.9000000000000000222    5.3689999999999997726    0.00659999999999999996 1.420657
  0.2999999999999999889    0.5                      0.80000000000000004441   2.1770000000000000462    0.00910000000000000045 0.833868
  0.2999999999999999889   -1.5                      0.9000000000000000222    2.7330000000000000959    0.00619999999999999978 1.461819
  0.2999999999999999889    0.5                      0.80000000000000004441   3.1579999999999999183    0.00910000000000000045 0.833232
  0.4000000000000000222    0.5                      0.5999999999999999778    2.3530000000000002025    0.0057999999999999996  0.580063
  0.2999999999999999889   -0.5                      0.80000000000000004441   3.777000000000000135     0.00540000000000000029 0.156746
  0.2999999999999999889   -1.5                      0.80000000000000004441   3.0440000000000000391    0.00389999999999999982 2.081244
  0.2999999999999999889    0.5                      0.80000000000000004441   3.1290000000000000036    0.00779999999999999964 0.681043
  0.2999999999999999889   -1.5                      0.80000000000000004441   3.0729999999999999538    0.00519999999999999976 1.672420
  0.2999999999999999889    0.5                      0.80000000000000004441   3.1150000000000002132    0.0071999999999999998  0.634280
  0.2999999999999999889   -1.5                      0.80000000000000004441   3.0870000000000001883    0.0057999999999999996  1.606421
  0.2999999999999999889    0.5                      0.80000000000000004441   3.1080000000000000959    0.00689999999999999988 0.618960
  0.2999999999999999889   -1.5                      0.80000000000000004441   3.0939999999999998614    0.00610000000000000039 1.589952
  0.2999999999999999889    0.5                      0.80000000000000004441   3.1040000000000000924    0.00670000000000000023 0.611742
  0.2999999999999999889   -1.5                      0.80000000000000004441   3.097999999999999865     0.00630000000000000004 1.583887
  0.2999999999999999889    0.5                      0.80000000000000004441   3.1019999999999998685    0.00659999999999999996 0.609452
  0.2999999999999999889   -1.5                      0.80000000000000004441   3.1000000000000000888    0.00640000000000000031 1.582798
  0.2999999999999999889    0.5                      0.80000000000000004441   3.1009999999999999787    0.00659999999999999996 0.609411
  0.2999999999999999889   -1.5                      0.80000000000000004441   3.1009999999999999787    0.00640000000000000031 1.582702
 -0                       -0.5                      0.80000000000000004441   3.5859999999999998543   -0.00309999999999999989 29.550042
  0                       -1.5                      0.9000000000000000222    0.01400000000000000029  -0.00309999999999999989 43.058862
  0.2999999999999999889   -1.5                      0.80000000000000004441   3.1009999999999999787    0.00689999999999999988 1.593020
  0.2999999999999999889    0.5                      0.80000000000000004441   3.1009999999999999787    0.00689999999999999988 0.618200
  0.10000000000000000555   0.5                      0.80000000000000004441   7.2199999999999997513    0.01689999999999999836 5.385201
  0.5                     -1.5                      0.80000000000000004441   6.2210000000000000853    0.01689999999999999836 1.332735
  0.5                     -0.5                      0.9000000000000000222   -2.0470000000000001528    0.01689999999999999836 inf
  0.2000000000000000111   -0.5                      0.9000000000000000222    4.8879999999999999005    0.00689999999999999988 0.306266
 -0.69999999999999995559  -0.5                      0.80000000000000004441   2.4239999999999999325    0.00689999999999999988 34.403885
  1.1000000000000000888   -0.5                      0.69999999999999995559   0.92800000000000004707  -0.02309999999999999901 3496253.335123
 -0                       -0.5                      0.80000000000000004441   3.5859999999999998543   -0.00239999999999999979 18.034434
  1.3000000000000000444   -1.5                      0.9000000000000000222    6.2210000000000000853    0.01689999999999999836 22.226560
  0.2000000000000000111   -1.5                      1.0800000000000000711    4.8630000000000004334    0.00770000000000000025 1.431873
  0.2999999999999999889    0                        0.71999999999999997335   2.9799999999999999822    0.00630000000000000004 0.089990
  0.4000000000000000222   -0.2999999999999999889    0.7079999999999999627    1.5640000000000000568    0.00630000000000000004 0.204466
  0.4000000000000000222   -0.3499999999999999778    0.75600000000000000533   2.3950000000000000178    0.0064999999999999997  0.261483
  0.2999999999999999889    2                        0.52000000000000001776   3.0609999999999999432    0.00630000000000000004 4.426567
  0.4000000000000000222    1                        0.71999999999999997335   3.777000000000000135     0.01629999999999999852 2.152044
  0.2000000000000000111   -1                        0.92000000000000003997   4.8879999999999999005    0.00630000000000000004 0.646508
  0.4000000000000000222    0                        0.71999999999999997335   2.3950000000000000178    0.00630000000000000004 0.300099
 -0.2000000000000000111    0                        0.71999999999999997335   3.2290000000000000924    0.00630000000000000004 8.947534
 -0                        0                        0.81999999999999995115   2.8319999999999998508    0.00630000000000000004 2.590558
  0.2000000000000000111    0                        0.71999999999999997335   3.0230000000000001315    0.01629999999999999852 3.063233
  0.2999999999999999889    0                        0.71999999999999997335   4.9800000000000004263    0.00630000000000000004 0.090037
  0.2999999999999999889   -1                        0.71999999999999997335   2.9580000000000001847    0.00630000000000000004 0.737364
  0.80000000000000004441  -0                        0.71999999999999997335   2.7120000000000001883    0.00630000000000000004 7.739915
  0.2999999999999999889    1.5                      0.47999999999999998224   3.0609999999999999432    0.00449999999999999966 2.486848
  0                        1                        0.7079999999999999627    4.9800000000000004263    0.01629999999999999852 8.960812
  0.2999999999999999889   -0.10000000000000000555   0.77600000000000002309   3.1570000000000000284    0.00820000000000000069 0.193639
  0.2999999999999999889   -0.4000000000000000222    0.79400000000000003908   3.6219999999999998863    0.00610000000000000039 0.061522
  0.4000000000000000222   -0.05999999999999999778   0.63400000000000000799   3.2320000000000002061    0.00970000000000000029 0.161547
  0.2999999999999999889   -0.39000000000000001332   0.8329999999999999627    3.5670000000000001705    0.0057999999999999996  0.103572
  0.2000000000000000111   -0.02000000000000000042   0.74699999999999999734   4.498999999999999666     0.00259999999999999988 0.353846
  0.4000000000000000222   -0.38000000000000000444   0.78700000000000003286   3.1810000000000000497    0.00809999999999999956 0.124796
  0.2999999999999999889   -1.3999999999999999112    0.99399999999999999467   5.5480000000000000426    0.00610000000000000039 1.327710
  0.2000000000000000111   -1.3999999999999999112    0.69399999999999995026   4.9800000000000004263    0.01609999999999999973 4.934141
  0.2000000000000000111   -0.4000000000000000222    0.79400000000000003908   4.498999999999999666     0.00610000000000000039 0.329588
  0.4000000000000000222   -0.4000000000000000222    0.79400000000000003908   3.1810000000000000497    0.00610000000000000039 0.453572
  0.2999999999999999889   -1.3999999999999999112    0.89400000000000001688   3.3790000000000000036    0.01609999999999999973 2.227055
  0.2999999999999999889   -0.4000000000000000222    0.69399999999999995026   1.7110000000000000764    0.01609999999999999973 1.570699
  0.2999999999999999889   -1.3999999999999999112    0.79400000000000003908   4.5480000000000000426    0.00610000000000000039 1.362822
  0.10000000000000000555  -0.4000000000000000222    0.79400000000000003908   3.4340000000000001634    0.00610000000000000039 1.259564
  0.2999999999999999889   -0.4000000000000000222    0.69399999999999995026   5.6219999999999998863    0.01609999999999999973 1.568547
  0.5                      0.5999999999999999778    0.89400000000000001688   4.4950000000000001066   -0.00389999999999999982 114.298646
  0.2999999999999999889   -1.6000000000000000888    1.0160000000000000142    5.5480000000000000426    0.00549999999999999968 2.003364
  0.5                     -1.3999999999999999112    0.69399999999999995026   3.3439999999999998614    0.01609999999999999973 1.321753
  0.2999999999999999889   -0.71999999999999997335   0.7840000000000000302    2.8969999999999997975    0.01110000000000000049 0.813086
  0.2999999999999999889   -0.51000000000000000888   0.84399999999999997247   3.3709999999999999964    0.00540000000000000029 0.216260
  0.2000000000000000111   -0.56999999999999995115   0.78900000000000003464   3.2440000000000002167    0.0050000000000000001  0.262204
  0.2999999999999999889   -0.9000000000000000222    0.77800000000000002487   3.8239999999999998437    0.00270000000000000014 1.724119
  0.2999999999999999889   -0.17000000000000001221   0.78000000000000002665   2.6219999999999998863    0.00309999999999999989 0.946136
  0.4000000000000000222    0.02999999999999999889   0.81299999999999994493   5.0080000000000000071    0.00309999999999999989 2.807355
  0.10000000000000000555  -1                        0.71999999999999997335   5.0080000000000000071    0.00459999999999999992 1.878574
  0.3499999999999999778   -0.38000000000000000444   0.78700000000000003286   3.1810000000000000497    0.00809999999999999956 0.065425
  0.32000000000000000666   0.02999999999999999889   0.74199999999999999289   4.3789999999999995595    0.00610000000000000039 0.102077
  0.32800000000000001377   0.08999999999999999667   0.67200000000000004174   4.0899999999999998579    0.00740000000000000033 0.193216
  0.30699999999999999512  -0.27000000000000001776   0.79300000000000003819   3.6979999999999999538    0.00619999999999999978 0.042789
  0.30299999999999999156  -0.4500000000000000111    0.7840000000000000302    3.0049999999999998934    0.00710000000000000041 0.101660
  0.30699999999999999512  -0.33000000000000001554   0.77300000000000002043   3.349000000000000199     0.00689999999999999988 0.056803
  0.32600000000000001199  -0.55000000000000004441   0.82699999999999995737   1.7520000000000000018    0.00710000000000000041 0.116851
  0.30599999999999999423  -0.14000000000000001332   0.74699999999999999734   4.1730000000000000426    0.0064999999999999997  0.048021
  0.32800000000000001377  -0.60999999999999998668   0.83799999999999996714   4.2290000000000000924    0.0071999999999999998  0.149539
  0.30699999999999999512  -0.14999999999999999445   0.74899999999999999911   3.2919999999999998153    0.0064999999999999997  0.045350
  0.26100000000000000977  -0.14000000000000001332   0.75500000000000000444   4.0730000000000003979    0.00479999999999999958 0.045105
  0.29499999999999998446  -0.01000000000000000021   0.7329999999999999849    3.811999999999999833     0.00630000000000000004 0.086349
  0.29899999999999998801  -0.2999999999999999889    0.77900000000000002576   3.6699999999999999289    0.00610000000000000039 0.038377
  0.28499999999999997558  -0.07000000000000000666   0.75600000000000000533   4.2130000000000000782    0.00510000000000000037 0.069715
  0.30199999999999999067  -0.27000000000000001776   0.76900000000000001688   3.5649999999999999467    0.0064999999999999997  0.040189
  0.28399999999999997469  -0.30999999999999999778   0.79100000000000003642   3.1459999999999999076    0.00549999999999999968 0.050440
  0.30099999999999998979  -0.17999999999999999334   0.75800000000000000711   3.9159999999999999254    0.00630000000000000004 0.037811
  0.28100000000000002753  -0.30999999999999999778   0.79300000000000003819   4.277000000000000135     0.00549999999999999968 0.047719
  0.30099999999999998979  -0.19000000000000000222   0.76000000000000000888   3.5379999999999998117    0.00619999999999999978 0.035100
  0.34300000000000002709  -0.34000000000000002442   0.78900000000000003464   3.2820000000000000284    0.00770000000000000025 0.054224
  0.28199999999999997291  -0.19000000000000000222   0.76300000000000001155   3.875                    0.00549999999999999968 0.033718
  0.28699999999999997735  -0.17999999999999999334   0.73899999999999999023   3.7280000000000002025    0.00600000000000000012 0.046911
  0.30199999999999999067  -0.25                     0.77900000000000002576   3.7050000000000000711    0.00619999999999999978 0.034513
  0.29199999999999998179  -0.17000000000000001221   0.7670000000000000151    3.9169999999999998153    0.00559999999999999994 0.040319
  0.2999999999999999889   -0.25                     0.76800000000000001599   3.6530000000000000249    0.00630000000000000004 0.035413
  0.29499999999999998446  -0.11999999999999999556   0.75200000000000000178   3.8050000000000001599    0.00610000000000000039 0.043645
  0.29799999999999998712  -0.26000000000000000888   0.77200000000000001954   3.7040000000000001812    0.00610000000000000039 0.034131
  0.29199999999999998179  -0.28000000000000002665   0.77900000000000002576   3.474000000000000199     0.0057999999999999996  0.038049
  0.29899999999999998801  -0.2000000000000000111    0.76300000000000001155   3.8060000000000000497    0.00619999999999999978 0.034568
  0.29299999999999998268  -0.19000000000000000222   0.7670000000000000151    3.7980000000000000426    0.0057999999999999996  0.034279
  0.28899999999999997913  -0.25                     0.77800000000000002487   4.0170000000000003482    0.00570000000000000021 0.036198
  0.29799999999999998712  -0.2000000000000000111    0.76400000000000001243   3.6579999999999999183    0.00610000000000000039 0.033555
  0.28999999999999998002  -0.23999999999999999112   0.7750000000000000222    3.6899999999999999467    0.00570000000000000021 0.035796
  0.29699999999999998623  -0.20999999999999999223   0.76600000000000001421   3.777000000000000135     0.00610000000000000039 0.033166
  0.28499999999999997558  -0.17000000000000001221   0.75400000000000000355   3.8199999999999998401    0.00559999999999999994 0.034068
  0.2909999999999999809   -0.22000000000000000111   0.76100000000000000977   3.7360000000000002096    0.00600000000000000012 0.033952
  0.2829999999999999738   -0.14000000000000001332   0.75100000000000000089   3.8420000000000000817    0.00559999999999999994 0.036491
  0.29399999999999998357  -0.23000000000000000999   0.7670000000000000151    3.7389999999999998792    0.00600000000000000012 0.032702
  0.2999999999999999889   -0.25                     0.77400000000000002132   3.6939999999999999503    0.00630000000000000004 0.034517
  0.28899999999999997913  -0.19000000000000000222   0.75900000000000000799   3.7890000000000001457    0.0057999999999999996  0.032913
  0.29299999999999998268  -0.19000000000000000222   0.7670000000000000151    3.7989999999999999325    0.0057999999999999996  0.034276
  0.29199999999999998179  -0.20999999999999999223   0.76200000000000001066   3.7519999999999997797    0.00600000000000000012 0.033341
  0.30599999999999999423  -0.23000000000000000999   0.76400000000000001243   3.6110000000000002096    0.0064999999999999997  0.037440
  0.28799999999999997824  -0.2000000000000000111    0.76300000000000001155   3.8090000000000001634    0.0057999999999999996  0.032243
  0.28599999999999997646  -0.22000000000000000111   0.76300000000000001155   3.8879999999999999005    0.0057999999999999996  0.032451
  0.28999999999999998002  -0.20999999999999999223   0.76500000000000001332   3.849000000000000199     0.0057999999999999996  0.032408
  0.28199999999999997291  -0.20999999999999999223   0.76100000000000000977   3.8530000000000002025    0.00559999999999999994 0.032517
  0.28699999999999997735  -0.23999999999999999112   0.76900000000000001688   3.866000000000000103     0.0057999999999999996  0.032521
  0.27900000000000002576  -0.2000000000000000111    0.76100000000000000977   3.9670000000000000817    0.00549999999999999968 0.032656
  0.2829999999999999738   -0.20999999999999999223   0.76300000000000001155   3.9100000000000001421    0.00559999999999999994 0.032491
  0.28499999999999997558  -0.17999999999999999334   0.75700000000000000622   3.8580000000000000959    0.00559999999999999994 0.033477
  0.28599999999999997646  -0.23000000000000000999   0.76600000000000001421   3.8639999999999998792    0.0057999999999999996  0.032363
  0.2909999999999999809   -0.22000000000000000111   0.7670000000000000151    3.875                    0.00589999999999999986 0.032233
  0.29599999999999998535  -0.22000000000000000111   0.77000000000000001776   3.8860000000000001208    0.00610000000000000039 0.032809
  0.29299999999999998268  -0.22000000000000000111   0.7670000000000000151    3.8039999999999998259    0.00600000000000000012 0.032542
  0.28599999999999997646  -0.20999999999999999223   0.76400000000000001243   3.883999999999999897     0.00570000000000000021 0.032261
  0.28999999999999998002  -0.20999999999999999223   0.7670000000000000151    3.8239999999999998437    0.0057999999999999996  0.032401
  0.28599999999999997646  -0.22000000000000000111   0.76600000000000001421   3.8530000000000002025    0.0057999999999999996  0.031997
  0.28499999999999997558  -0.22000000000000000111   0.76600000000000001421   3.8559999999999998721    0.0057999999999999996  0.032042
  0.28499999999999997558  -0.22000000000000000111   0.76300000000000001155   3.8900000000000001243    0.0057999999999999996  0.032599
  0.28899999999999997913  -0.20999999999999999223   0.76600000000000001421   3.8410000000000001918    0.0057999999999999996  0.032145
  0.28999999999999998002  -0.19000000000000000222   0.76400000000000001243   3.8410000000000001918    0.0057999999999999996  0.032813
  0.28699999999999997735  -0.22000000000000000111   0.76600000000000001421   3.8580000000000000959    0.0057999999999999996  0.032006
  0.27100000000000001865  -0.22000000000000000111   0.76300000000000001155   3.7869999999999999218    0.00549999999999999968 0.033433
  0.26100000000000000977  -0.11000000000000000056   0.77900000000000002576   3.474000000000000199     0.00589999999999999986 0.055918
  0.28699999999999997735  -0.23999999999999999112   0.76900000000000001688   3.9039999999999999147    0.0057999999999999996  0.032573
  0.28799999999999997824  -0.20999999999999999223   0.76500000000000001332   3.8330000000000001847    0.0057999999999999996  0.032053
  0.28699999999999997735  -0.19000000000000000222   0.74599999999999999645   3.813000000000000167     0.00589999999999999986 0.039106
  0.27400000000000002132  -0.27000000000000001776   0.76200000000000001066   4.3529999999999997584    0.00400000000000000008 0.221911
  0.27900000000000002576  -0.41999999999999998446   0.76400000000000001243   3.4500000000000001776    0.00470000000000000018 0.139059
  0.33600000000000002087  -0.25                     0.76600000000000001421   3.9049999999999998046    0.00559999999999999994 0.140115
  0.27900000000000002576  -0.41999999999999998446   0.76400000000000001243   4.1459999999999999076    0.00779999999999999964 0.279397
  0.25500000000000000444   0.05999999999999999778   0.77200000000000001954   3.7010000000000000675    0.00889999999999999993 0.626323
  0.27100000000000001865  -0.17000000000000001221   0.7750000000000000222    3.6530000000000000249    0.00559999999999999994 0.031812
  0.22600000000000000644  -0.02000000000000000042   0.80200000000000004619   3.0529999999999999361    0.0050000000000000001  0.056874
  0.26100000000000000977  -0.17999999999999999334   0.79300000000000003819   4.0730000000000003979    0.00549999999999999968 0.029814
  0.26100000000000000977  -0.20999999999999999223   0.84699999999999997513   5.3330000000000001847    0.00519999999999999976 0.079014
  0.26100000000000000977  -0.14999999999999999445   0.7750000000000000222    4.3529999999999997584    0.00530000000000000002 0.032320
  0.26100000000000000977  -0.19000000000000000222   0.78100000000000002753   3.883999999999999897     0.00559999999999999994 0.033269
  0.26100000000000000977  -0.20999999999999999223   0.76900000000000001688   3.8460000000000000853    0.0057999999999999996  0.050012
  0.36099999999999998757  -0.27000000000000001776   0.81499999999999994671   4.4359999999999999432    0.00749999999999999972 0.094498
  0.36099999999999998757   0.02000000000000000042   0.74299999999999999378   3.2299999999999999822    0.00700000000000000015 0.136637
  0.16100000000000000422  -0.04000000000000000083   0.84299999999999997158   3.4700000000000001954    0.00659999999999999996 0.550402
  0.16100000000000000422  -0.08000000000000000167   0.76800000000000001599   5.0730000000000003979    0.00630000000000000004 0.690580
  0.16100000000000000422  -0.38000000000000000444   0.75800000000000000711   3.4799999999999999822    0.00659999999999999996 0.929279
  0.06099999999999999867  -0.23999999999999999112   0.8090000000000000524    4.3520000000000003126    0.00229999999999999996 0.206591
  0.23100000000000001088  -0.20999999999999999223   0.84699999999999997513   5.3330000000000001847    0.00519999999999999976 0.030867
  0.36099999999999998757  -0.38000000000000000444   0.75400000000000000355   5.0730000000000003979    0.00749999999999999972 0.062576
  0.25200000000000000178  -0.20999999999999999223   0.81000000000000005329   4.5560000000000000497    0.00540000000000000029 0.028287
  0.23400000000000001354  -0.20999999999999999223   0.8329999999999999627    4.9180000000000001492    0.00530000000000000002 0.027913
  0.13400000000000000799  -0.20999999999999999223   0.90200000000000002398   6.0039999999999995595    0.0050000000000000001  0.117950
  0.13400000000000000799  -0.07000000000000000666   0.90200000000000002398   4.6109999999999997655    0.00400000000000000008 0.041895
  0.23400000000000001354  -0.19000000000000000222   0.85399999999999998135   5.2350000000000003197    0.00510000000000000037 0.043396
  0.23400000000000001354  -0.20999999999999999223   0.78800000000000003375   4.2019999999999999574    0.00559999999999999994 0.067269
  0.23400000000000001354  -0.22000000000000000111   0.82499999999999995559   3.9180000000000001492    0.00570000000000000021 0.045425
  0.23400000000000001354  -0.22000000000000000111   0.88300000000000000711   5.0929999999999999716    0.0057999999999999996  0.045532
  0.23400000000000001354  -0.11000000000000000056   0.82699999999999995737   5.0199999999999995737    0.00559999999999999994 0.049731
  0.23400000000000001354  -0.17999999999999999334   0.85399999999999998135   4.5519999999999996021    0.0043                 0.160263
  0.13400000000000000799  -0.17999999999999999334   0.8579999999999999849    4.4850000000000003197    0.00540000000000000029 0.307711
  0.3340000000000000191   -0.35999999999999998668   0.74299999999999999378   5.4500000000000001776    0.00540000000000000029 0.145456
  0.17999999999999999334  -0.20999999999999999223   0.90200000000000002398   6.0039999999999995595    0.0050000000000000001  0.034858
  0.24499999999999999556  -0.15329999999999999183   0.75400000000000000355   6.0039999999999995595    0.00481000000000000004 0.038907
  0.21900000000000000022  -0.192000000000000004     0.85399999999999998135   5.2350000000000003197    0.00508000000000000031 0.029927
  0.23100000000000001088  -0.2106999999999999984    0.8329999999999999627    5.4180000000000001492    0.00532999999999999967 0.028575
  0.22700000000000000733  -0.2116000000000000103    0.85299999999999998046   4.9139999999999997016    0.00536899999999999964 0.030659
  0.22200000000000000289  -0.16000000000000000333   0.83199999999999996181   4.9109999999999995879    0.00542199999999999974 0.041307
  0.23799999999999998934  -0.22159999999999999143   0.82999999999999996003   4.8879999999999999005    0.0057999999999999996  0.044478
  0.18399999999999999689  -0.22200000000000000289   0.82999999999999996003   4.8869999999999995666    0.00529799999999999976 0.113335
  0.24099999999999999201  -0.19650000000000000799   0.8159999999999999476    4.4519999999999999574    0.00470000000000000018 0.054619
  0.16400000000000000688  -0.07000000000000000666   0.8329999999999999627    6.0039999999999995595    0.00400000000000000008 0.039607
  0.25200000000000000178  -0.18950000000000000178   0.79600000000000004086   4.7660000000000000142    0.00527500000000000017 0.028641
  0.27300000000000002043  -0.20810000000000000719   0.77200000000000001954   4.2569999999999996732    0.00564200000000000031 0.031427
  0.23300000000000001266  -0.19600000000000000755   0.83399999999999996358   4.9909999999999996589    0.00522099999999999995 0.028392
  0.22000000000000000111  -0.22650000000000000688   0.84899999999999997691   5.7869999999999999218    0.00510999999999999996 0.027609
  0.19900000000000001021  -0.24970000000000000528   0.87800000000000000266   6.6429999999999997939    0.00491600000000000023 0.029690
  0.21599999999999999756  -0.23180000000000000604   0.86799999999999999378   5.5019999999999997797    0.00526900000000000025 0.030945
  0.24299999999999999378  -0.20010000000000000009   0.81399999999999994582   4.9500000000000001776    0.00527400000000000004 0.027638
  0.24199999999999999289  -0.20630000000000001115   0.82299999999999995381   4.6630000000000002558    0.00519199999999999957 0.029656
  0.23400000000000001354  -0.20960000000000000853   0.83099999999999996092   5.2290000000000000924    0.00529600000000000036 0.027777
  0.23999999999999999112  -0.22650000000000000688   0.82099999999999995204   5.1849999999999996092    0.0053309999999999998  0.027734
  0.21599999999999999756  -0.21909999999999998921   0.84899999999999997691   5.8719999999999998863    0.00512400000000000008 0.027401
  0.19900000000000001021  -0.22359999999999999321   0.86899999999999999467   6.5289999999999999147    0.00498700000000000011 0.027949
  0.22700000000000000733  -0.22270000000000000906   0.8329999999999999627    5.8910000000000000142    0.00515399999999999973 0.026890
  0.22400000000000000466  -0.22909999999999999809   0.83199999999999996181   6.3780000000000001137    0.00508099999999999958 0.026805
  0.22300000000000000377  -0.23089999999999999414   0.83499999999999996447   6.0400000000000000355    0.00507200000000000012 0.026857
  0.20999999999999999223  -0.21579999999999999183   0.85099999999999997868   6.4260000000000001563    0.00493299999999999988 0.026502
  0.19600000000000000755  -0.21040000000000000369   0.86499999999999999112   7.0460000000000002629    0.00473499999999999963 0.027141
  0.19400000000000000577  -0.24849999999999999867   0.87199999999999999734   7.251000000000000334     0.00485399999999999981 0.027733
  0.23100000000000001088  -0.21219999999999999973   0.82899999999999995914   5.5250000000000003553    0.00516899999999999998 0.026985
  0.22200000000000000289  -0.21629999999999999227   0.82899999999999995914   6.3090000000000001634    0.00504199999999999961 0.026463
  0.22200000000000000289  -0.21129999999999998783   0.81999999999999995115   6.57099999999999973      0.00500700000000000017 0.027113
  0.22800000000000000822  -0.22259999999999999232   0.82099999999999995204   6.3990000000000000213    0.00499500000000000031 0.027154
  0.22500000000000000555  -0.22170000000000000817   0.82799999999999995826   6.2670000000000003482    0.00502700000000000022 0.026653
  0.21099999999999999312  -0.23330000000000000737   0.8409999999999999698    7.0430000000000001492    0.00489299999999999978 0.026555
  0.21399999999999999578  -0.21560000000000001386   0.83699999999999996625   6.92900000000000027      0.00491799999999999963 0.026028
  0.20899999999999999134  -0.20790000000000000147   0.83899999999999996803   7.373999999999999666     0.00484199999999999995 0.025783
  0.20699999999999998956  -0.20890000000000000235   0.84299999999999997158   6.9900000000000002132    0.0048139999999999997  0.025812
  0.19900000000000001021  -0.21119999999999999885   0.85299999999999998046   7.3899999999999996803    0.00478299999999999993 0.025562
  0.18499999999999999778  -0.20589999999999999969   0.86599999999999999201   7.9509999999999996234    0.00466000000000000008 0.025295
  0.20200000000000001288  -0.18859999999999998987   0.8499999999999999778    6.9770000000000003126    0.00482300000000000003 0.026047
  0.2000000000000000111   -0.19520000000000001239   0.83999999999999996891   7.8140000000000000568    0.00473900000000000016 0.025718
  0.17899999999999999245  -0.18629999999999999338   0.86599999999999999201   8.5329999999999994742    0.00450899999999999999 0.025390
  0.19000000000000000222  -0.21310000000000001164   0.85199999999999997957   8.4879999999999995453    0.00460300000000000032 0.025447
  0.17799999999999999156  -0.19450000000000000622   0.86199999999999998845   9.0739999999999998437    0.00452699999999999977 0.025004
  0.16400000000000000688  -0.18720000000000000528   0.87199999999999999734  10.116000000000010317     0.00438399999999999988 0.024872
  0.15800000000000000155  -0.18720000000000000528   0.87900000000000000355   9.78700000000000081      0.00431600000000000039 0.024689
  0.13300000000000000711  -0.1768000000000000127    0.9000000000000000222   10.993000000000000327     0.00405300000000000018 0.025012
  0.14999999999999999445  -0.19670000000000001372   0.89400000000000001688  10.136000000000009891     0.00425000000000000031 0.025201
  0.14399999999999998912  -0.17219999999999999196   0.89900000000000002132  10.121000000000000441     0.00424499999999999964 0.025462
  0.17899999999999999245  -0.20289999999999999702   0.86399999999999999023   8.8960000000000007958    0.00451299999999999965 0.025029
  0.15499999999999999889  -0.20569999999999999396   0.88400000000000000799  10.221000000000000085     0.00434000000000000011 0.024862
  0.13700000000000001066  -0.18599999999999999867   0.89100000000000001421  11.711000000000000298     0.00406100000000000037 0.024893
  0.16700000000000000955  -0.19089999999999998637   0.86199999999999998845  10.156000000000000583     0.00439599999999999973 0.025747
  0.153999999999999998    -0.19530000000000000138   0.88600000000000000977  10.141000000000000014     0.00428599999999999988 0.024717
  0.12800000000000000266  -0.1817000000000000004    0.90100000000000002309  11.894000000000000128     0.00404199999999999959 0.024605
  0.10299999999999999434  -0.1710000000000000131    0.91900000000000003908  13.394000000000000128     0.00380599999999999992 0.024956
  0.16700000000000000955  -0.19680000000000000271   0.87800000000000000266   9.153000000000000469     0.0044860000000000004  0.025041
  0.14399999999999998912  -0.18870000000000000662   0.88800000000000001155  11.07099999999999973      0.0041669999999999997  0.024646
  0.13200000000000000622  -0.19620000000000001328   0.90300000000000002487  11.130000000000000782     0.00407599999999999976 0.024714
  0.13100000000000000533  -0.17389999999999999902   0.89900000000000002132  11.387999999999999901     0.00401500000000000034 0.025119
  0.14899999999999999356  -0.1978000000000000036    0.88800000000000001155  10.512999999999999901     0.00425899999999999977 0.024626
  0.13000000000000000444  -0.18529999999999999249   0.89800000000000002043  11.617000000000000881     0.00405799999999999998 0.024679
  0.15199999999999999623  -0.18010000000000001008   0.87900000000000000355  10.823000000000000398     0.00426100000000000003 0.024945
  0.13700000000000001066  -0.19220000000000000973   0.89700000000000001954  11.053000000000000824     0.0041219999999999998  0.024564
  0.11700000000000000677  -0.1910999999999999921    0.91000000000000003109  12.672000000000000597     0.00394300000000000032 0.024729
  0.14799999999999999267  -0.18820000000000000617   0.88700000000000001066  10.507999999999999119     0.00422300000000000019 0.024599
  0.15199999999999999623  -0.19409999999999999476   0.88600000000000000977  10.398999999999999133     0.00426699999999999996 0.024612
  0.14199999999999998734  -0.19289999999999998814   0.89600000000000001865  10.676000000000000156     0.00419800000000000034 0.024585
  0.13400000000000000799  -0.18179999999999998939   0.89900000000000002132  11.298999999999999488     0.00408199999999999969 0.024657
  0.14499999999999999001  -0.19380000000000000004   0.89100000000000001421  10.710000000000000853     0.004215               0.024586
  0.12800000000000000266  -0.18540000000000000924   0.90300000000000002487  11.53700000000000081      0.00405300000000000018 0.024560
  0.11600000000000000588  -0.18110000000000001097   0.91100000000000003197  12.106999999999999318     0.00394599999999999985 0.024641
  0.15199999999999999623  -0.19930000000000000493   0.88900000000000001243   9.9000000000000003553    0.00428200000000000022 0.024710
  0.13400000000000000799  -0.18609999999999998765   0.89800000000000002043  11.394999999999999574     0.00410199999999999974 0.024529
  0.12600000000000000089  -0.192000000000000004     0.90700000000000002842  11.640000000000000568     0.00405300000000000018 0.024524
  0.11600000000000000588  -0.19380000000000000004   0.9170000000000000373   12.207000000000000739     0.00396800000000000017 0.024581
  0.12199999999999999734  -0.18559999999999998721   0.9090000000000000302   11.810000000000000497     0.00399600000000000042 0.024546
  0.11700000000000000677  -0.18360000000000001319   0.91000000000000003109  12.298000000000000043     0.00393199999999999973 0.024684
  0.13600000000000000977  -0.19059999999999999165   0.89900000000000002132  11.082000000000000739     0.00413200000000000026 0.024512
  0.12099999999999999645  -0.18370000000000000218   0.9090000000000000302   11.932999999999999829     0.00401199999999999994 0.024601
  0.13300000000000000711  -0.19009999999999999121   0.9000000000000000222   11.272999999999999687     0.00409499999999999968 0.024516
  0.13200000000000000622  -0.1923999999999999877    0.90200000000000002398  11.342999999999999972     0.00409800000000000008 0.024550
  0.13100000000000000533  -0.19059999999999999165   0.90200000000000002398  11.39199999999999946      0.00408700000000000035 0.024507
  0.11600000000000000588  -0.19059999999999999165   0.91100000000000003197  12.321999999999999176     0.00395199999999999978 0.024729
  0.15199999999999999623  -0.17389999999999999902   0.9170000000000000373   11.361000000000000654     0.00410000000000000035 0.052833
  0.14199999999999998734  -0.1942000000000000115    0.89300000000000001599  10.903000000000000469     0.00419200000000000041 0.024587
  0.12700000000000000178  -0.18770000000000000573   0.90500000000000002665  11.583000000000000185     0.00404499999999999998 0.024510
  0.14399999999999998912  -0.19000000000000000222   0.90400000000000002576  11.490999999999999659     0.00358699999999999991 0.102496
  0.16200000000000000511  -0.18909999999999999032   0.88200000000000000622  11.634999999999999787     0.00415599999999999997 0.032736
  0.12800000000000000266  -0.14060000000000000275   0.90200000000000002398  11.371000000000000441     0.00408100000000000043 0.026852
  0.13500000000000000888  -0.1875                   0.91300000000000003375  11.89199999999999946      0.00422900000000000012 0.025517
  0.18099999999999999423  -0.18809999999999998943   0.91100000000000003197  11.191000000000000725     0.00419899999999999961 0.100834
  0.05000000000000000278  -0.24649999999999999689   0.90600000000000002753  11.058999999999999275     0.00382899999999999994 0.165812
  0.12600000000000000089  -0.18540000000000000924   0.90500000000000002665  10.676000000000000156     0.00404000000000000019 0.024526
  0.13500000000000000888  -0.19500000000000000666   0.9000000000000000222   12.112000000000000099     0.00412500000000000019 0.024531
  0.12800000000000000266  -0.18779999999999999472   0.90400000000000002576  11.035000000000000142     0.00406100000000000037 0.024555
  0.13300000000000000711  -0.20369999999999999218   0.91200000000000003286  11.205999999999999517     0.00415399999999999971 0.025117
  0.12900000000000000355  -0.20480000000000000981   0.90800000000000002931  11.592000000000000526     0.00401500000000000034 0.025776
  0.12800000000000000266  -0.17060000000000000164   0.91000000000000003109  11.393000000000000682     0.00398399999999999969 0.027122
  0.13200000000000000622  -0.19650000000000000799   0.9000000000000000222   11.307999999999999829     0.00388699999999999983 0.030761
  0.15099999999999999534  -0.18920000000000000706   0.90300000000000002487  11.413000000000000256     0.00408000000000000029 0.038828
  0.115000000000000005    -0.19179999999999999827   0.88900000000000001243  11.256000000000000227     0.00446799999999999975 0.095976
  0.13000000000000000444  -0.19070000000000000839   0.90600000000000002753  10.993000000000000327     0.00410799999999999967 0.024565
  0.13500000000000000888  -0.19500000000000000666   0.90020000000000000018  12.112000000000000099     0.00412500000000000019 0.024531
  0.12800000000000000266  -0.18779999999999999472   0.90380000000000004778  11.035000000000000142     0.00406100000000000037 0.024559
  0.14099999999999998646  -0.19759999999999999787   0.8989899999999999558   11.314999999999999503     0.0041650000000000003  0.024892
  0.13900000000000001243  -0.18290000000000000702   0.90532000000000001361  11.477000000000000313     0.00418699999999999975 0.025356
  0.12600000000000000089  -0.19509999999999999565   0.90700000000000002842  11.342999999999999972     0.00413700000000000005 0.025697
  0.125                   -0.18060000000000001052   0.89941999999999999726  11.326000000000000512     0.00415399999999999971 0.029044
  0.12299999999999999822  -0.1981999999999999873    0.89871999999999996334  11.492000000000000881     0.00417200000000000036 0.032521
  0.13100000000000000533  -0.19059999999999999165   0.90200999999999997847  11.39199999999999946      0.00408299999999999982 0.024508
  0.13728999999999999537  -0.19297400000000000664   0.90053000000000005265  11.711000000000000298     0.00416779994191000033 0.024567
  0.13719999999999998863  -0.18784000000000000696   0.89619999999999999662  11.048999999999999488     0.00412380000000000038 0.024532
  0.12879999999999999782  -0.19095999999999999086   0.90429999999999999272  11.492000000000000881     0.00407070000000000001 0.024505
  0.12851999999999999535  -0.19008400000000000296   0.90491999999999994664  11.503000000000000114     0.00407207999999999962 0.024544
  0.13187999999999999723  -0.19009599999999998721   0.90122999999999997556  11.330999999999999517     0.00408926999999999988 0.024506
  0.123869999999999994    -0.18938199999999999479   0.90681999999999995943  11.794000000000000483     0.00401798800000000012 0.024565
  0.13297000000000000486  -0.19029599999999999294   0.9009500000000000286   11.259999999999999787     0.00410349700000000022 0.024537
  0.12180000000000000548  -0.19206000000000000849   0.91120000000000000995  11.792000000000010473     0.00402169999999999958 0.024556
  0.1307999999999999996   -0.17955999999999999739   0.90261000000000002341  11.89199999999999946      0.00407770000000000007 0.024621
  0.12379999999999999338  -0.18936000000000000054   0.90681999999999995943  11.794000000000000483     0.00401769999999999992 0.024566
  0.13280000000000000138  -0.19026000000000001244   0.9009500000000000286   11.259999999999999787     0.00410370000000000006 0.024536
  0.12679999999999999605  -0.18986000000000000099   0.90463000000000004519  11.592000000000000526     0.00407370000000000041 0.024656
  0.1307999999999999996   -0.19206000000000000849   0.90397000000000005127  11.494999999999999218     0.00417070000000000028 0.025333
  0.13480000000000000315  -0.20095999999999999974   0.90127000000000001556  11.521000000000000796     0.00404269999999999977 0.025876
  0.13380000000000000226  -0.19356000000000000982   0.90929999999999999716  11.499000000000000554     0.00406369999999999995 0.026684
  0.13880000000000000671  -0.18226000000000000534   0.90276999999999996138  11.506000000000000227     0.00405669999999999989 0.028011
  0.11279999999999999749  -0.189760000000000012     0.90876000000000001222  11.432000000000000384     0.00411170000000000025 0.033226
  0.12220000000000000306  -0.19203999999999998849   0.91120000000000000995  11.792000000000010473     0.00402179999999999985 0.024558
  0.11985999999999999432  -0.18314600000000000324   0.89800000000000002043  11.640000000000000568     0.00388699999999999983 0.025567
  0.12687000000000001054  -0.18988199999999999523   0.90581999999999995854  11.602999999999999758     0.00405498799999999982 0.024545
  0.13147000000000000353  -0.19004599999999999271   0.90144999999999997353  11.355999999999999872     0.00408499699999999993 0.024532
  0.12948000000000001175  -0.19129099999999998882   0.90629999999999999449  11.502000000000000668     0.00406990000000000043 0.024641
  0.13053000000000000713  -0.18595999999999998642   0.90415000000000000924  11.516000000000000014     0.00406865999999999998 0.024623
  0.13106000000000000982  -0.18923200000000001131   0.90461000000000002519  11.442000000000000171     0.00407488000000000034 0.024689
  0.12915999999999999703  -0.19113600000000000034   0.90427000000000001823  11.496999999999999886     0.00412069999999999971 0.024831
  0.13380000000000000226  -0.19338900000000000534   0.90386999999999995126  11.503999999999999559     0.00406482000000000024 0.025371
  0.12116000000000000381  -0.19012999999999999345   0.9044299999999999562   11.525000000000000355     0.0040224283999999999  0.025269
  0.12759000000000000896  -0.18984598842799998986   0.90647999999999995246  11.640000000000000568     0.00406687286603000034 0.024513
  0.1321599999999999997   -0.18788199999999999346   0.90092000000000005411  11.359999999999999432     0.00408802914641000041 0.024515
  0.13062000000000001387  -0.18891199999999999659   0.90244000000000001993  11.429999999999999716     0.00407927185980999987 0.024503
  0.13178000000000000824  -0.18966299999999999826   0.89981999999999995321  11.275999999999999801     0.00407911587788999976 0.024539
  0.12864000000000000434  -0.18979999999999999649   0.90481999999999995765  11.548999999999999488     0.0040699336190000001  0.024499
  0.13301999999999999935  -0.19264899999999998692   0.90122999999999997556  11.319000000000000838     0.00411096219151999964 0.024551
  0.12851000000000001311  -0.18893699999999999384   0.90405999999999997474  11.51699999999999946      0.00406149054788000011 0.024507
  0.12803000000000000491  -0.18908400000000000207   0.90503999999999995563  11.560000000000000497     0.00406435841068000011 0.024516
  0.13025999999999998691  -0.1902210000000000012    0.90276999999999996138  11.433999999999999275     0.00407833960267000011 0.024526
  0.12270000000000000351  -0.19246399999999999619   0.91195999999999999286  11.906000000000000583     0.00404191889656999991 0.024564
  0.12826999999999999513  -0.18931500000000001105   0.90600000000000002753  11.711000000000000298     0.00407535946523999992 0.024498
  0.12715999999999999526  -0.18781500000000000972   0.90954000000000001513  12.196999999999999176     0.00409135946524000031 0.024616
  0.12875000000000000333  -0.18421499999999998987   0.90476000000000000867  11.906000000000000583     0.00409435946523999984 0.024588
  0.12828000000000000513  -0.18901499999999998858   0.90551999999999999158  11.612999999999999545     0.0040663594652399996  0.024501
  0.12917999999999998928  -0.19061500000000000665   0.90678000000000003045  11.810999999999999943     0.00408735946523999978 0.024561
  0.12327000000000000457  -0.18221499999999998809   0.90956999999999998963  11.734999999999999432     0.0040113594652400001  0.024611
  0.13242000000000000992  -0.17931500000000000217   0.90956000000000003514  11.691000000000000725     0.00412835946524000002 0.025245
  0.13031000000000000916  -0.18111499999999999821   0.90100000000000002309  11.737999999999999545     0.00400035946524000038 0.025290
  0.13167000000000000925  -0.19411500000000000976   0.90891999999999995019  11.695000000000000284     0.00397535946523999966 0.028949
  0.12815999999999999615  -0.20511499999999999178   0.8981099999999999639   11.606999999999999318     0.00407635946524000006 0.025738
  0.12715999999999999526  -0.18785999999999999921   0.90954000000000001513  12.196999999999999176     0.00409163700396000026 0.024616
  0.1343499999999999972   -0.20511499999999999178   0.90603000000000000203  11.516000000000000014     0.0041611260030600004  0.024739
  0.12595999999999998864  -0.18910499999999999532   0.90800000000000002931  11.78700000000000081      0.00405537976372000002 0.024546
  0.13039999999999998814  -0.18984799999999998898   0.90291999999999994486  11.445000000000000284     0.0040807974409299997  0.024546
  0.12823999999999999289  -0.18931999999999998829   0.90600999999999998202  11.660999999999999588     0.00407475946524000002 0.024545
  0.12809999999999999165  -0.18431500000000000661   0.90605000000000002203  11.711000000000000298     0.00407129946523999975 0.024532
  0.12762000000000001121  -0.18945400000000001128   0.90400000000000002576  11.711000000000000298     0.00405987946523999992 0.024522
  0.12626999999999999336  -0.189738999999999991     0.90659000000000000696  11.711999999999999744     0.00408057946524000015 0.024627
  0.12828000000000000513  -0.1888670000000000071    0.9053700000000000081   11.710000000000000853     0.00412535946523999962 0.024933
  0.13111999999999998656  -0.19375100000000000655   0.90736000000000005539  11.759999999999999787     0.00408977946524000015 0.024789
  0.13242000000000000992  -0.17931500000000000217   0.90044000000000001815  11.791999999999999815     0.00409945563309999962 0.024623
  0.12804999999999999716  -0.18852999537119999318   0.9072200000000000264   11.532000000000000028     0.00406730061764000016 0.024583
  0.1277300000000000102   -0.18922299884279999982   0.90480000000000004867  11.666000000000000369     0.00406173475333999976 0.024546
  0.12826000000000001289  -0.18931600000000001205   0.90593000000000001304  11.691000000000000725     0.00407152946524000012 0.024545
  0.12826999999999999513  -0.19131500000000001283   0.90600000000000002753  11.711000000000000298     0.00407540946523999963 0.024504
  0.12726999999999999424  -0.18931500000000001105   0.90603999999999995651  11.711000000000000298     0.00407760946523999957 0.024534
  0.12842000000000000637  -0.18930900000000000505   0.90683999999999997943  11.705999999999999517     0.00409535946523999998 0.024535
  0.12831999999999998963  -0.18931300000000000905   0.90500000000000002665  11.708999999999999631     0.00409161946523999964 0.024571
  0.12923000000000001153  -0.18929599999999999205   0.90702000000000004842  11.73300000000000054      0.00406047896524000008 0.024732
  0.12811797480000000626  -0.17931500000000000217   0.90129025200000001394  11.560000000000000497     0.00403308145324000021 0.024653
  0.12700000000000000178  -0.19645699537120001055   0.90574200000000004707  11.653999999999999915     0.00406090903946000007 0.024610
  0.12782499999999999418  -0.18734999999999998876   0.90597300000000002829  11.696999999999999176     0.00406870185879000014 0.024545
  0.12832899999999999863  -0.18904099999999998682   0.90549999999999997158  11.711999999999999744     0.00407835946524000032 0.024501
  0.12846659999999998636  -0.18955400000000000027   0.90614539999999998976  11.71299999999999919      0.00408535946524000038 0.024513
  0.12805489999999999928  -0.19031500000000001194   0.9058410000000000073   11.708999999999999631     0.00407594946523999989 0.024500
  0.12776999999999999469  -0.18891499999999999959   0.90606359999999996901  11.711999999999999744     0.00407972946523999999 0.024515
  0.12830530000000001101  -0.18915100000000001357   0.90602609999999994539  11.701000000000000512     0.00407715946523999964 0.024526
  0.12819920000000001314  -0.18851799999999999113   0.90648686400000000329  11.720000000000000639     0.00405992576523999966 0.024591
  0.12676378609559998956  -0.19645699537120001055   0.90800000000000002931  11.78700000000000081      0.00409452755716000014 0.024686
  0.12878619999999998957  -0.19090099999999998737   0.90573095999999997385  11.710000000000000853     0.00407644546523999989 0.024503
  0.12821743999999998809  -0.19080079999999999263   0.90548338399999994675  11.708000000000000185     0.00406724986523999965 0.024500
  0.1283930159999999987   -0.1888341199999999942    0.90542213760000000988  11.708999999999999631     0.00407393602524000042 0.024495
  0.12845452399999998661  -0.18759368000000001264   0.90513320639999994555  11.708000000000000185     0.00407319930524000038 0.024498
  0.12771954239999999681  -0.18842136800000000574   0.90556764863999994475  11.710000000000000853     0.00407189624924000036 0.024504
  0.1285195356000000122   -0.19028109200000001278   0.90569013216000004984  11.710000000000000853     0.00407530816124000023 0.024498
  0.12825295663999999873  -0.19077740479999999446   0.90587466150399997833  11.707000000000000739     0.00406876172764000007 0.024503
  0.12830998915999999865  -0.18947510119999999567   0.90559366537599994551  11.711000000000000298     0.00407596003083999982 0.024497
  0.1284015363040000024   -0.18848732528000000652   0.90593539005440004708  11.711999999999999744     0.00408335539388000011 0.024507
  0.12826346407600000554  -0.1902224313199999961    0.90559638551359999958  11.708999999999999631     0.0040712762474000002  0.024496
  0.12864750193439999926  -0.18893609780799999753   0.90547992825984002785  11.711000000000000298     0.0040727865067399999  0.024499
  0.12849935145079999232  -0.1892808233559999942    0.90557019619487999496  11.711000000000000298     0.00407357724637000002 0.024497
  0.1281747926747200117   -0.18856989835040000036   0.90558282171379000935  11.710000000000000853     0.00407273544479999985 0.024496
  0.12838624534460998938  -0.18923794969055998672   0.9051060825593100212   11.708999999999999631     0.00407163453262000038 0.024495
  0.12811165145132999421  -0.18925497686837999822   0.90535024091019999926  11.708000000000000185     0.00407263966599000042 0.024498
  0.12840242645093000173  -0.18927436173410000508   0.90551520737371005154  11.710000000000000853     0.00407334285128000025 0.024495
  0.12833798865849999071  -0.18898040323802001161   0.9052953885281600499   11.708000000000000185     0.00406921000969999967 0.024496
  0.12833098878387999564  -0.18910407772852000363   0.90536995774011996829  11.708999999999999631     0.00407089751498000002 0.024495
  0.12853566358744999976  -0.19009927783887001218   0.90522108660091005206  11.708000000000000185     0.00407169942380999992 0.024496
  0.12844544585927000768  -0.18971693296674999041   0.90531152037912998587  11.708999999999999631     0.00407195842905999986 0.024495
  0.12851978489947998852  -0.18824454552796998641   0.90509357674730994692  11.708999999999999631     0.0040734314938700002  0.024496
  0.12845570469361000665  -0.18873901697598000071   0.90521927893887998984  11.708999999999999631     0.00407289268225000025 0.024495
  0.12832754428186998741  -0.18972795987199000955   0.90547068332202995666  11.708999999999999631     0.00407181505902000015 0.024495
  0.12835958438479999622  -0.18948072414798999841   0.90540783222623999471  11.708999999999999631     0.00407208446483000013 0.024495
  0.1287620640000000094   -0.18739111999999999436   0.90368855039999995693  11.702999999999999403     0.00406966570524000017 0.024520
  0.12815851216720000605  -0.19080111999999999073   0.90500000000000002665  11.691000000000000725     0.00406867253523999963 0.024547
  0.12832754428186998741  -0.1897281200000000001    0.90547068332202995666  11.708999999999999631     0.00407181505902000015 0.024495
  0.12835958438479999622  -0.18948112000000000288   0.90540783222623999471  11.708999999999999631     0.00407208446483000013 0.024495
  0.12889301599999999914  -0.18933711999999999764   0.90552913759999997811  11.705999999999999517     0.00407251602524000018 0.024510
  0.12830291599999998908  -0.18874311999999998646   0.90592213759999995482  11.710000000000000853     0.00407205602524000031 0.024499
  0.12864921600000001067  -0.18783411999999999331   0.90547693760000003138  11.708000000000000185     0.00407927602523999993 0.024501
  0.12850501599999999969  -0.18835112000000001076   0.90531943759999999877  11.711999999999999744     0.00406393602523999996 0.024511
  0.12826751599999999809  -0.18870812000000000697   0.905395237599999958    11.698999999999999844     0.00407132602524000031 0.024535
  0.12813285199999999153  -0.18983611999999999709   0.90536256360000000321  11.710000000000000853     0.00406875512524000008 0.024495
  0.1287620640000000094   -0.18739147999999999916   0.90368855039999995693  11.702999999999999403     0.00406966570524000017 0.024520
  0.12864921600000001067  -0.1897281200000000001    0.90559366537599994551  11.698999999999999844     0.00406393602523999996 0.024564
  0.12842366459067000584  -0.18898625269998001186   0.90528213003466995179  11.708999999999999631     0.00407262327644000027 0.024495
  0.12839471599999999207  -0.18884158000000000888   0.90522213760000003191  11.708999999999999631     0.00407389562523999965 0.024496
  0.1283798160000000077   -0.18933411999999999464   0.9054188375999999705   11.711000000000000298     0.00407424822524000019 0.024496
  0.12859301600000000443  -0.18880338999999998761   0.90542033759999995812  11.710000000000000853     0.00407410252524000038 0.024496
  0.1283864160000000032   -0.18880525000000000779   0.90542043760000001651  11.710000000000000853     0.00406893602523999975 0.024498
  0.12833281599999998845  -0.18857217000000001117   0.90540703759999996425  11.714000000000000412     0.00407535532523999999 0.024502
  0.1284562479999999951   -0.18911278730000000148   0.90563898860000002777  11.702999999999999403     0.00407755233824000016 0.024512
  0.12837957669285998685  -0.18824454552796998641   0.90536628267366003886  11.708999999999999631     0.0040736477452399996  0.024497
  0.12829301600000000971  -0.18902600999999999432   0.90542513759999998513  11.708999999999999631     0.00407197712523999986 0.024495
  0.1283698159999999977   -0.18863411999999998847   0.90541903759999997625  11.708999999999999631     0.00407243592524000018 0.024496
  0.1283954160000000122   -0.18882945000000000979   0.90552213759999999887  11.708999999999999631     0.00407390092524000016 0.024496
  0.12849301599999998769  -0.18889710000000001222   0.90541913760000003464  11.708999999999999631     0.0040724968252399997  0.024496
  0.12839941599999998845  -0.18882181000000000659   0.90542193760000000413  11.711000000000000298     0.00407384362524000013 0.024496
  0.12838682400000001049  -0.18884592799999999624   0.90542136859999999832  11.707000000000000739     0.00407407775824000003 0.024497
  0.12864750193439999926  -0.18860767474000000865   0.90509357674730994692  11.707000000000000739     0.00407458758870000038 0.024497
  0.12842776812441000778  -0.18859508630367000093   0.90524523345856999779  11.708999999999999631     0.00407299697772000018 0.024495
  0.12841072218950999595  -0.18881649576474998642   0.90528588315048996726  11.708999999999999631     0.00407276884949999991 0.024495
  0.12841076300000001109  -0.1888344399999999923    0.90537213760000001539  11.708999999999999631     0.00407352272524000043 0.024495
  0.12839269400000000165  -0.18893412000000001094   0.90542199759999997255  11.708999999999999631     0.00407394352523999994 0.024495
  0.12837498899999999491  -0.18883489999999999998   0.9054408755999999725   11.708999999999999631     0.00407293602524000029 0.024495
  0.12844301599999999319  -0.18883502999999998706   0.90544395560000001666  11.710000000000000853     0.00407399112523999969 0.024495
  0.12841706099999999902  -0.1888345600000000124    0.90543262960000003847  11.708000000000000185     0.00407337612523999987 0.024496
  0.12831925422000001191  -0.18883067000000000601   0.90542109100000001121  11.708999999999999631     0.00407585405023999994 0.024497
  0.12864750193439999926  -0.1888875409639899916    0.9051060825593100212   11.70809000000000033      0.00407350108670999963 0.024495
  0.12829754702561999014  -0.18907175247729998691   0.90527014285010998229  11.708000000000000185     0.00407088999132000032 0.024495
  0.12833391426922000078  -0.1890125718579800107    0.90531359603757999288  11.708500000000000796     0.00407166527479999995 0.024495
  0.12837301600000000645  -0.18881875189999999809   0.90542688660000003598  11.709189999999999543     0.00407395696924       0.024495
  0.12840033400000000485  -0.18886081650000000054   0.90543480359999994889  11.709500000000000242     0.00407399188524000012 0.024495
  0.12839376099999999514  -0.18882994659999999265   0.90542342760000005253  11.709049999999999514     0.00407343602523999992 0.024495
  0.12838409000000000626  -0.18888411999999998869   0.90540668660000001022  11.709070000000000533     0.00407386788423999991 0.024495
  0.12838647599999999938  -0.18887075010000001218   0.90544213760000002988  11.708550000000000679     0.0040738861052400004  0.024495
  0.12839649017745999315  -0.18879179524440001248   0.90539643708715000781  11.709220000000000184     0.00407446649383999982 0.024496
  0.12849301599999998769  -0.18863411999999998847   0.90527014285010998229  11.707280000000000797     0.00407088999132000032 0.024497
  0.12843277519999998781  -0.1888902920999999957    0.90541355499999998102  11.709210000000000562     0.00407337480123999996 0.024495
  0.12841783540000001329  -0.1888724070499999963    0.905416887899999967    11.709210000000000562     0.0040735203432400004  0.024495
  0.12838520600000000171  -0.18883995519999999257   0.90541721860000001776  11.708959999999999368     0.00407373602523999987 0.024495
  0.1283830159999999887   -0.18884159100000000309   0.90543076759999996383  11.708949999999999747     0.0040740403802400002  0.024495
  0.12839396399999999931  -0.18882225859999998696   0.90543213759999996437  11.709089999999999776     0.00407377034424000022 0.024495
  0.1283976810000000135   -0.18885411999999998645   0.90542507559999996225  11.709030000000000271     0.00407388734424000021 0.024495
  0.12838992399999998861  -0.18883643029999999663   0.90542018960000003602  11.709199999999999164     0.00407396829523999984 0.024495
  0.12839792803950000888  -0.1888303266242699896    0.9054224536760200337   11.708809999999999718     0.00407388913511000025 0.024495
  0.12849301599999998769  -0.18863411999999998847   0.90527014285010998229  11.711000000000000298     0.00407088999132000032 0.024496
  0.12838101180000000001  -0.18887747679999999928   0.90542963320000002803  11.709070000000000533     0.00407441952244000025 0.024496
  0.12839057370000001024  -0.18884182915000000125   0.90542497899999996314  11.709059999999999135     0.00407368189953999978 0.024495
  0.12839316248999999015  -0.188832532500000011     0.90542533924000001555  11.709089999999999776     0.00407403602523999982 0.024495
  0.1283980160000000037   -0.1888339264999999989    0.90542209193000000589  11.708999999999999631     0.00407393459823999961 0.024495
  0.12839295896999999846  -0.18882883970000000073   0.90542713760000004264  11.708959999999999368     0.00407389709123999987 0.024495
  0.12839312400999999819  -0.1888441200000000042    0.90542449828000004519  11.708899999999999864     0.00407400975824000026 0.024495
  0.12839290798999999921  -0.18882412000000001195   0.90541977691999997457  11.708930000000000504     0.00407401379023999977 0.024495
  0.12838792654000000248  -0.18884118129999999391   0.90541398162999997545  11.709120000000000417     0.0040737248882399997  0.024495
  0.12839783439999999382  -0.18883545275999999435   0.90543490459999997899  11.70914800000000966      0.00407410493043999962 0.024495
  0.12839467730000000967  -0.18883657837000000779   0.90543048309999996093  11.709101000000009307     0.0040740127041399999  0.024495
  0.1283950160000000007   -0.18883462394799999107   0.90542293615000002394  11.709045200000000264     0.00407396127148000001 0.024495
  0.12839287954000000447  -0.1888291199999999892    0.90542224709999996612  11.709006199999999254     0.00407393948699999973 0.024495
  0.12839369434000000303  -0.18883377650300001149   0.90542413759999995637  11.708969200000000299     0.0040739188170999998  0.024495
  0.12839498698999998738  -0.18883312193499998677   0.9054205560700000488   11.708992000000000289     0.00407388602523999985 0.024495
  0.12839404098000001264  -0.18883360097400000988   0.90542131515000001674  11.7089534000000004       0.00407398602524000012 0.024495
  0.12838747815000001173  -0.18884047664000000455   0.90542163353000004733  11.70903400000000083      0.00407392452538000039 0.024495
  0.12839520299800000203  -0.18884529548000000831   0.90542870494000005088  11.709049999999999514     0.00407391160904000023 0.024495
  0.12839462924600000826  -0.18884000161000000229   0.90542647293500000405  11.70902000000000065      0.00407393715433999968 0.024495
  0.12839398378999999917  -0.1888350311210000021    0.90542113759999998113  11.709019400000000743     0.00407393016633000003 0.024495
  0.12839271702999999203  -0.1888321199999999922    0.90542176925999995341  11.709007099999999113     0.00407393386715000031 0.024495
  0.12839217726999999081  -0.18883506151099999082   0.90542259674000002967  11.70902000000000065      0.00407392997091000041 0.024495
  0.12839382765999998726  -0.1888332088789999863    0.90542313760000003864  11.709010499999999766     0.00407394188414999994 0.024495
  0.12839284097000000506  -0.18883431647300000233   0.90542192196000004234  11.70900420000000075      0.0040739560252400003  0.024495
  0.12839254927999999012  -0.18883498201599999144   0.90542226244000001412  11.708938800000000313     0.00407392423765999979 0.024495
  0.12839379616800000727  -0.18883230398039999032   0.90542349065799998531  11.709051640000000205     0.00407387062518000005 0.024495
  0.12839385737100000862  -0.18883262822880000908   0.90542294678099999317  11.709027080000000254     0.00407389947519999976 0.024495
  0.1283931888756000006   -0.18883420644900000829   0.90542194160360001121  11.708990000000000009     0.00407392604652999975 0.024495
  0.12839298722889999627  -0.1888331199999999932    0.90542212790289999802  11.708999499999999117     0.00407393553152999958 0.024495
  0.1283928736292999917   -0.1888341411649999968    0.90542263759999996875  11.708997600000000006     0.00407393358217999959 0.024495
  0.12839251600000001208  -0.18883419433099998819   0.90542196907789995741  11.709006499999999207     0.00407392744532000025 0.024495
  0.12839251600000001208  -0.18883419433099998819   0.90542196907789995741  11.708991400000000382     0.00407394256533000036 0.024495
  0.12839401426620000723  -0.18883486372399999054   0.90542218033770005547  11.709015000000000839     0.00407395098055000036 0.024495
  0.12839344772999999877  -0.18883350013139998946   0.90542238955999998495  11.709018600000000276     0.00407391274026999966 0.024495
  0.12839329603999999341  -0.1888337042168000135    0.90542227265999997154  11.709015000000000839     0.00407392356151000008 0.024495
  0.12839321600000000445  -0.18883399364888001082   0.90542218478640001944  11.708999524999999409     0.00407393404969999973 0.024495
  0.12839308353889999914  -0.1888336824713200135    0.90542201817339995618  11.709001201999999608     0.00407394102524000039 0.024495
  0.1283930818811999941   -0.18883443193953000638   0.90542233760000001563  11.709001172000000679     0.00407394090252000043 0.024495
  0.12839299817690000283  -0.18883403560990000281   0.90542216911590001072  11.709004999999999441     0.00407393470577000014 0.024495
  0.12839291040080000328  -0.18883362000000000758   0.90542232432739999659  11.708998121000000481     0.00407393578075000012 0.024495
  0.1283928060021999884   -0.18883495633037000738   0.90542179159689994972  11.708994979999999941     0.00407392968745999996 0.024495
  0.12839331669351999876  -0.18883371844700000408   0.90542235643585999849  11.709006040000000226     0.00407392088698999965 0.024495
  0.12839311652013998821  -0.18883383741800000011   0.90542225959637001598  11.709002379999999377     0.00407392630658000039 0.024495
  0.12839311600000000158  -0.1888341174528299915    0.90542213505010005203  11.70900012100000076      0.00407393588253000035 0.024495
  0.12839301731180000066  -0.18883391999999998845   0.905422144591000011    11.7089996670000005       0.00407393641651000032 0.024495
  0.12839301306529998792  -0.18883410437663999959   0.90542223759999995725  11.709000745000000876     0.00407393514990000028 0.024495
  0.12839302270520000504  -0.18883415569656999966   0.90542217333499996901  11.709000516999999775     0.00407393802524000023 0.024495
  0.12839300812140000407  -0.18883407805655000322   0.90542209561130004847  11.70900199999999991      0.00407393589407000021 0.024495
  0.12839291879629999293  -0.18883434441741001053   0.90542203941260002154  11.708996949999999515     0.00407393478319000024 0.024495
  0.12839324783799999086  -0.1888344854678500051    0.90542201458287996374  11.709004638599999737     0.00407393890264000011 0.024495
  0.1283931634787000009   -0.18883426910088998985   0.90542209201901002746  11.709003009199999923     0.00407393812216999985 0.024495
  0.12839300284457999535  -0.18883401999999999132   0.90542215923304003589  11.708999765999999809     0.00407393564444000038 0.024495
  0.12839306600000000014  -0.18883406735364999252   0.90542212288257994945  11.709000159000000352     0.00407393628431000025 0.024495
  0.12839303604113999624  -0.18883414726882999379   0.90542218760000003908  11.709000063999999597     0.00407393612908000038 0.024495
  0.12839300598212999294  -0.18883410636926001303   0.90542214054874003981  11.709001000000000658     0.00407393597332999981 0.024495
  0.12839299881787999413  -0.18883409662125999473   0.90542214265752996027  11.708999945000000409     0.00407393702523999989 0.024495
  0.1283929863142700134   -0.18883428238700000756   0.90542207267811003479  11.708999066000000511     0.00407393509504000006 0.024495
  0.12839306591151999903  -0.18883408895386999404   0.90542223565914004002  11.708998420000000351     0.0040739367057000004  0.024495
  0.12839305146398999335  -0.18883408622954001022   0.90542220064718004213  11.708999314999999797     0.00407393650278999996 0.024495
  0.12839303599999998817  -0.18883409729104999597   0.9054221359316699802   11.709000068150000828     0.00407393598224000016 0.024495
  0.12839302881028000214  -0.18883416999999999564   0.90542214704002998982  11.708999614379999699     0.00407393626852999968 0.024495
  0.12839301441372000245  -0.18883410408859999108   0.90542215759999999936  11.70900004774999914      0.00407393599511000036 0.024495
  0.12839301887228998789  -0.18883414881089999326   0.90542213971662000027  11.709000500000000144     0.00407393607979000035 0.024495
  0.12839301435874000967  -0.18883410353711999052   0.90542213639054003327  11.709000049409999278     0.00407393652524000015 0.024495
  0.12839298354497000187  -0.18883409627232999872   0.90542210892113994536  11.70899972031000047      0.00407393530053000007 0.024495
  0.12839305192926001031  -0.18883408777544000157   0.90542215648821000595  11.70900045059999961      0.00407393499732000043 0.024495
  0.12839303865141998839  -0.18883408998688999691   0.90542215303053996678  11.70900032419999981      0.00407393550430000008 0.024495
  0.12839302599999999344  -0.1888341217891799928    0.90542213914133995445  11.709000062070000325     0.00407393588242999961 0.024495
  0.12839301528502999883  -0.18883410000000000473   0.90542213799381998651  11.709000015859999166     0.00407393598875000016 0.024495
  0.12839301728991001084  -0.18883411917524001167   0.90542214759999994911  11.708999971389999928     0.00407393609106999986 0.024495
  0.12839301931680999203  -0.18883411787925000191   0.90542213577302999017  11.709000200000000191     0.00407393619452000016 0.024495
  0.1283930069831900056   -0.18883412576530000937   0.90542214256666997407  11.709000200000000191     0.00407393588827999979 0.024495
  0.12839301112505999147  -0.18883413539103000023   0.90542212252513998294  11.708999550679999757     0.00407393610639000033 0.024495
  0.12839303127977999552  -0.18883415253909999199   0.90542215076479004576  11.709000042701999789     0.00407393561511999996 0.024495
  0.12839302704951999212  -0.18883414028861000844   0.90542214717123004064  11.709000044378999661     0.00407393584265000001 0.024495
  0.12839302099999999607  -0.18883411593416998819   0.90542213626908996105  11.708999919860000105     0.00407393608338999999 0.024495
  0.12839301776677999878  -0.18883410999999999946   0.90542213856208997314  11.709000057929999983     0.0040739359831999996  0.024495
  0.12839301500964001024  -0.18883411835249000466   0.9054221425999999795   11.708999967529999608     0.00407393604879999986 0.024495
  0.12839301179692999555  -0.18883411300801000721   0.90542213531122994752  11.709000018339999372     0.00407393612524000002 0.024495
  0.12839301904969999124  -0.18883412507329999652   0.90542213926070003183  11.709000100000000799     0.00407393610883999974 0.024495
  0.12839301137695000032  -0.18883413763202999691   0.90542213359689005525  11.708999936339999692     0.00407393580196999984 0.024495
  0.12839303057351000859  -0.18883410577216999671   0.90542213667660997878  11.70899989972799915      0.0040739361845200002  0.024495
  0.1283930246759300009   -0.18883411077045000881   0.9054221381491199816   11.708999974796000743     0.00407393611045999988 0.024495
  0.12839301580563000638  -0.18883411499999999683   0.90542213685121997191  11.709000030220600763     0.00407393599160999972 0.024495
  0.12839301799999999765  -0.18883411632072999442   0.90542213809925997658  11.70899997985019958      0.0040739360476600003  0.024495
  0.12839301542803999157  -0.18883411904660998837   0.90542213959999995332  11.709000005762399965     0.00407393601883000028 0.024495
  0.12839301704295999484  -0.18883412173850000482   0.90542213786034997369  11.709000050000000215     0.00407393603693000008 0.024495
  0.12839301477817999242  -0.18883411796335999866   0.90542213729499998465  11.709000012309699557     0.00407393607524000022 0.024495
  0.12839301494519000935  -0.18883412993080000986   0.9054221358941699771   11.70899992185709948      0.00407393598117000016 0.024495
  0.12839301357964000294  -0.18883410584456999937   0.90542213687626005303  11.708999885463999391     0.00407393599750999983 0.024495
  0.12839301494715998908  -0.18883411065174998678   0.90542213747236999222  11.708999939097999743     0.00407393602534000029 0.024495
  0.12839301635598998619  -0.18883411909504999038   0.9054221368310400031   11.709000019999999509     0.00407393602172000015 0.024495
  0.12839301637666999945  -0.18883411799999999525   0.90542213787801995029  11.708999992768900356     0.00407393602651000015 0.024495
  0.12839301507375999734  -0.18883411919543000024   0.9054221385999999816   11.709000017781699299     0.00407393602210999982 0.024495
  0.12839301699999999817  -0.18883412086865000723   0.90542213833812001944  11.709000008757799449     0.00407393602861999982 0.024495
  0.12839301587123999604  -0.18883411988816001248   0.90542213750496003399  11.709000002471899649     0.00407393604524000034 0.024495
  0.12839301532233998726  -0.18883412295270998738   0.90542213644785995985  11.708999958219699522     0.00407393600723999962 0.024495
  0.12839301813247000483  -0.18883411887897999515   0.90542213870932997111  11.70900001402358015      0.00407393597286999972 0.024495
  0.12839301729390001361  -0.18883411865006999308   0.905422138355750028    11.709000013595110445     0.00407393599846000033 0.024495
  0.12839301650000001231  -0.18883411984293999031   0.90542213754955003235  11.709000001989000594     0.00407393602439999961 0.024495
  0.12839301610032000101  -0.18883411946118000557   0.90542213785364999978  11.708999990000000579     0.00407393602944999995 0.024495
  0.12839301593572000071  -0.1888341194940099943    0.90542213810000005125  11.709000006407700667     0.0040739360225399996  0.024495
  0.12839301612703998834  -0.18883412099999999367   0.90542213792120995741  11.709000000620900295     0.00407393603056999988 0.024495
  0.12839301595162000424  -0.18883411961916998778   0.90542213747766997489  11.709000004822799568     0.00407393603524000038 0.024495
  0.12839301538530001334  -0.18883412058269999356   0.9054221366979200436   11.708999996159599633     0.00407393600923999961 0.024495
  0.12839301645132999985  -0.18883411897548998959   0.90542213819391004215  11.709000013251460004     0.00407393600443999981 0.024495
  0.12839301630631000384  -0.18883411920366000025   0.90542213802167004211  11.709000010556570359     0.00407393601464000037 0.024495
  0.12839301619999998749  -0.18883411996079998985   0.90542213761757994739  11.709000000511350592     0.00407393602543000034 0.024495
  0.12839301602496999699  -0.18883411957669998804   0.90542213742809996013  11.708999994999999217     0.00407393602343000035 0.024495
  0.12839301602496999699  -0.18883412038326000126   0.90542213771582003012  11.708999994999999217     0.00407393602343000035 0.024495
  0.1283930160290500111   -0.18883412044590999757   0.90542213739999999333  11.709000001375830635     0.00407393602312999988 0.024495
  0.12839301600818001092  -0.18883412012553998927   0.90542213754369005319  11.708999998362280337     0.00407393603023999996 0.024495
  0.12839301571282998871  -0.18883411950778999921   0.90542213789480996411  11.709000009750539562     0.00407393602577999989 0.024495
  0.12839301631360999778  -0.18883412030008001059   0.90542213813209004858  11.708999994784250021     0.00407393601763999993 0.024495
  0.12839301622311000139  -0.18883412012985001383   0.90542213796849002616  11.708999997293879858     0.00407393602204000026 0.024495
  0.1283930160631600037   -0.18883412003797001022   0.90542213750000000161  11.709000000187510082     0.00407393602698999987 0.024495
  0.1283930159868600096   -0.18883411980000000541   0.9054221375846199793   11.709000000028829902     0.00407393602550999972 0.024495
  0.12839301590231000372  -0.188834120043390008     0.90542213763093004619  11.709000000214290438     0.00407393602724000041 0.024495
  0.12839301600635000256  -0.18883411999717999996   0.90542213760742995543  11.709000001999999796     0.00407393602511000024 0.024495
  0.12839301608548001066  -0.18883411996203000593   0.90542213770000001816  11.708999999812489179     0.00407393602638999978 0.024495
  0.12839301595583998972  -0.18883412015942999118   0.90542213757701994759  11.708999997756880163     0.00407393602019999988 0.024495
  0.12839301610341999349  -0.1888341200211300086    0.90542213756090994536  11.708999998392590314     0.00407393601801999978 0.024495
  0.12839301607961001173  -0.18883412004722999189   0.90542213755661005159  11.708999998385019481     0.00407393602107999995 0.024495
  0.12839301604636998988  -0.18883411995199000932   0.90542213762205003835  11.709000000999999713     0.00407393602487000038 0.024495
  0.12839301602020000703  -0.18883411990000001368   0.90542213758581002736  11.708999999356580091     0.00407393602548000028 0.024495
  0.12839301601770000683  -0.1888341200270700071    0.90542213765000001402  11.708999999436269235     0.00407393602544999997 0.024495
  0.12839301605000000284  -0.18883412007645999919   0.90542213756488998389  11.708999999962939498     0.00407393602582000001 0.024495
  0.1283930159863500009   -0.18883411997912999403   0.90542213760959000535  11.709000000434709676     0.00407393602623999998 0.024495
  0.12839301587938001248  -0.18883412006534999739   0.90542213756765999033  11.70899999980949957      0.00407393602358000016 0.024495
  0.12839301589798998715  -0.18883411998939000909   0.90542213746918998041  11.709000001159759918     0.00407393602564999971 0.024495
  0.12839301594485999503  -0.1888341199825500083    0.90542213752689004735  11.709000000822950227     0.00407393602582999982 0.024495
  0.12839301602000000035  -0.18883412000700000588   0.90542213760256995414  11.709000000060589386     0.00407393602518999962 0.024495
  0.12839301599524000075  -0.18883411996679999589   0.90542213762000001154  11.709000000470860314     0.00407393602483000026 0.024495
  0.12839301600437000306  -0.18883411994999999006   0.90542213761665002458  11.708999999567170747     0.00407393602562000027 0.024495
  0.12839301600437000306  -0.18883411994999999006   0.90542213758162004567  11.709000000497329808     0.00407393602562000027 0.024495
  0.1283930159967699991   -0.18883412003686000924   0.90542213761354994883  11.709000000319079504     0.00407393602573999977 0.024495
  0.12839301597925001364  -0.18883412008934000181   0.90542213756560996352  11.708999999084969801     0.00407393602443999973 0.024495
  0.12839301606736000516  -0.18883412000308000267   0.90542213759950995744  11.708999999467609499     0.00407393602450000034 0.024495
  0.12839301604711000904  -0.18883411999708998863   0.90542213760203005268  11.708999999709389428     0.00407393602493999994 0.024495
  0.12839301600999999953  -0.18883412000586999313   0.90542213759993994682  11.709000000023580768     0.00407393602526999986 0.024495
  0.12839301599583999303  -0.18883412001203001007   0.90542213759958001251  11.709000000168959588     0.00407393602544000016 0.024495
  0.12839301599993999115  -0.18883412000055999069   0.90542213761000001071  11.709000000002259156     0.00407393602524000042 0.024495
  0.12839301600144001347  -0.1888341199854400021    0.90542213760015000101  11.709000000199999647     0.00407393602516999999 0.024495
  0.12839301600193001041  -0.18883411998047999747   0.90542213760019996105  11.708999999921530843     0.00407393602544000016 0.024495
  0.12839301599085001238  -0.18883412001561999949   0.90542213759013001617  11.708999999683669557     0.00407393602488000019 0.024495
  0.12839301601281999377  -0.18883411991265999785   0.90542213759478995527  11.708999999919299739     0.0040739360248599997  0.024495
  0.12839301600881000698  -0.18883411994370999376   0.90542213759947998142  11.70900000001925001      0.00407393602507999993 0.024495
  0.12839301600020999738  -0.18883411999915000745   0.90542213759500000947  11.709000000016709819     0.0040739360252000003  0.024495
  0.12839301600038999229  -0.18883411998999999337   0.90542213760037004722  11.708999999998750852     0.00407393602524000042 0.024495
  0.12839301599499999829  -0.18883411999919000324   0.90542213760070999751  11.709000000015899801     0.0040739360252000003  0.024495
  0.12839301600078001364  -0.18883412000013000132   0.90542213760074996554  11.709000000099999639     0.00407393602525000023 0.024495
  0.12839301599788999209  -0.1888341199996599884    0.9054221375979899511   11.709000000006719588     0.00407393602534000029 0.024495
  0.12839301600572999851  -0.18883412001186999918   0.90542213760517997745  11.708999999861919861     0.00407393602521000011 0.024495
  0.12839301599958000133  -0.18883412003669000634   0.90542213760907996889  11.709000000005550746     0.00407393602559999977 0.024495
  0.12839301600003999448  -0.18883412002388000328   0.90542213760684997492  11.709000000054169632     0.00407393602549000009 0.024495
  0.12839301600200000997  -0.1888341200048100077    0.90542213760045997528  11.709000000004140318     0.00407393602526000004 0.024495
  0.12839301599799998743  -0.18883412000208998904   0.90542213760095002772  11.70900000000844976      0.00407393602529000035 0.024495
  0.1283930160003400045   -0.1888341199983500085    0.90542213760199996564  11.708999999998589203     0.00407393602522999974 0.024495
  0.12839301600010999405  -0.18883411999944998971   0.90542213759995004985  11.709000000050000523     0.00407393602524000042 0.024495
  0.12839301600065999853  -0.18883411999572999318   0.90542213760073997353  11.709000000045829637     0.00407393602511000024 0.024495
  0.12839301599996999492  -0.18883411999670998704   0.90542213760004996992  11.709000000036050793     0.00407393602516999999 0.024495
  0.12839301600100000433  -0.1888341199999999942    0.90542213760001000189  11.708999999999930353     0.00407393602524000042 0.024495
  0.1283930159999999987   -0.18883411999800001069   0.90542213759997003386  11.709000000000330033     0.00407393602524000042 0.024495
  0.12839301600000999071  -0.18883412000006999376   0.90542213760033996017  11.709000000008369824     0.00407393602526000004 0.024495
  0.1283930159999999987   -0.18883411999995999841   0.90542213760045997528  11.709000000019999632     0.00407393602522999974 0.024495
  0.12839301599917998797  -0.18883412000250998641   0.90542213760060996641  11.708999999957159233     0.00407393602530000017 0.024495
  0.12839301599940999843  -0.188834120001750011     0.90542213760044998327  11.708999999980370887     0.00407393602529000035 0.024495
  0.12839301600019001337  -0.18883411999915000745   0.90542213759961998054  11.708999999996789754     0.00407393602525000023 0.024495
  0.12839301600042998808  -0.18883411999899998857   0.90542213760027001612  11.709000000002250275     0.00407393602522999974 0.024495
  0.1283930159996599929   -0.18883411999951998927   0.90542213760050005433  11.708999999998200181     0.00407393602525000023 0.024495
  0.12839301599989000335  -0.18883411999985000307   0.90542213759992995481  11.70900000001000052      0.00407393602524000042 0.024495
  0.12839301600038999229  -0.18883411999794999514   0.90542213759969003561  11.708999999997869779     0.00407393602522999974 0.024495
  0.12839301600028998895  -0.18883411999845001183   0.90542213759987999477  11.709000000003410236     0.00407393602522999974 0.024495
  0.12839301600003000248  -0.18883411999950000526   0.90542213759992995481  11.709000000003030095     0.00407393602524000042 0.024495
  0.12839301600020000538  -0.18883411999984001106   0.90542213760005996193  11.70899999999724983      0.00407393602524000042 0.024495
  0.12839301599993999115  -0.18883411999985999508   0.90542213760019996105  11.709000000000850505     0.00407393602524000042 0.024495
  0.12839301600013999782  -0.18883412000030999622   0.90542213760003997791  11.709000000005000075     0.00407393602524000042 0.024495
  0.12839301600023000915  -0.18883411999925001079   0.90542213760036005521  11.708999999992249386     0.00407393602525000023 0.024495
  0.12839301600013999782  -0.18883411999940000192   0.90542213760025003211  11.70899999999667962      0.00407393602525000023 0.024495
  0.12839301600010000204  -0.18883412000005000975   0.90542213760001000189  11.708999999999969432     0.00407393602524000042 0.024495
  0.12839301599996999492  -0.18883411999998001018   0.90542213760006995393  11.708999999999839758     0.00407393602524000042 0.024495
  0.12839301600002001047  -0.1888341199998299913    0.90542213760010004098  11.709000000000109765     0.00407393602524000042 0.024495
  0.1283930159999999987   -0.18883411999902999234   0.90542213759987999477  11.708999999994169627     0.00407393602524000042 0.024495
  0.12839301600003999448  -0.18883411999934998637   0.9054221375999199628   11.708999999996880348     0.00407393602524000042 0.024495
  0.12839301600003000248  -0.18883411999989999086   0.90542213760000000988  11.709000000000029829     0.00407393602524000042 0.024495
  0.12839301599996999492  -0.18883412000009999754   0.90542213760000000988  11.708999999999969432     0.00407393602524000042 0.024495
  0.1283930159999999987   -0.1888341199999999942    0.90542213760000000988  11.709000000000999719     0.00407393602524000042 0.024495
  0.1283930159999999987   -0.1888341199999999942    0.90542213760000000988  11.708999999998999542     0.00407393602524000042 0.024495
  0.12839301599997998693  -0.1888341199999999942    0.90542213759999001788  11.709000000000180819     0.00407393602524000042 0.024495
  0.12839301599999000669  -0.1888341199999999942    0.90542213759998002587  11.708999999999779362     0.00407393602524000042 0.024495
  0.12839301599999000669  -0.18883412000000998621   0.90542213760001000189  11.709000000000409969     0.00407393602524000042 0.024495
  0.12839301599999000669  -0.18883412000000998621   0.9054221376000199939   11.708999999999500474     0.00407393602524000042 0.024495
  0.1283930159999999987   -0.1888341199999999942    0.90542213760000000988  11.709000000000200359     0.00407393602524000042 0.024495
  0.1283930159999999987   -0.1888341199999999942    0.90542213760000000988  11.708999999999800679     0.00407393602524000042 0.024495
  0.1283930159999999987   -0.1888341199999999942    0.90542213760000000988  11.709000000000100883     0.00407393602524000042 0.024495
  0.12839301600006999826  -0.1888341199998299913    0.90542213760009004897  11.709000000000839847     0.00407393602525000023 0.024495
