 10                       10                       10                      139.339286
 10                       10                       10.5                    139.293323
 10                       10.5                     10                      139.290199
 10.5                     10                       10                      146.839286
  9.5                     10.333333333333330373    10.333333333333330373   131.776406
  9                       10.5                     10.5                    124.246463
  9.3333333333333303727   10.666666666666660745    10.666666666666660745   129.217455
  8.8888888888888892836   11.111111111111110716    10.277777777777769685   122.543697
  8.3333333333333303727   11.666666666666660745    10.166666666666660745   114.171612
  7.7777777777777696855   11.388888888888880402    10.888888888888880402   105.805341
  6.6666666666666598573   11.833333333333319715    11.333333333333319715   89.071627
  6.6666666666666598573   11.999999999999989342    10.666666666666660745   89.106649
  5.444444444444430431    13.166666666666650087    10.944444444444430431   70.668788
  3.6666666666666500873   14.499999999999969802    11.166666666666639429   44.180519
  2.999999999999980016    13.888888888888860862    11.944444444444419773   35.514148
  0.33333333333331000015  14.999999999999959144    12.833333333333289517   7.642998
  0.44444444444441999487  15.555555555555509173    12.888888888888839546   7.955416
  0                       18.203703703703638439    13.259259259259199126   11.376986
  0                       18.006172839506099592    14.820987654320909144   11.426096
  0                       17.129629629629569365    13.907407407407340827   11.358073
  0.518518518518489957    13.586419753086380169    13.160493827160449243   8.121491
  0.86419753086414996535  12.298353909464989187    12.014403292181039973   10.264444
  0.64814814814810994825  13.506172839506140448    12.487654320987619627   8.747957
  0.21604938271603998934  15.92181069958841988     13.434156378600770054   8.309364
  0.32407407407404997812  15.317901234567850466    13.197530864197480227   7.660927
  0.21604938271602999733  16.995884773662499612    12.786008230452619472   8.328127
  0.44290123456787000578  14.438786008230410474    13.066872427983490468   7.919703
  0.28909465020572999716  14.282235939643310729    13.176268861454000003   7.720268
  0.18810013717418999635  15.294638774577000717    13.071216278006350109   8.554897
  0.37920096021944998954  14.652749199817060699    13.067958390489209819   7.736025
  0.25180041152261001258  15.080675582990350492    13.070130315500639639   7.970744
  0.34735082304524000918  14.759730795610389364    13.068501371742069495   7.657574
  0.38074417009599997863  15.769518747142159398    12.889974851394560673   7.771298
  0.31200703017830000441  14.654056641518019788    13.104695358939139282   7.656530
  0.33772005029717999669  14.291290390184400394    12.806822511812189447   7.619664
  0.34454303840875000198  13.777984967992669141    12.611468335619539616   7.597769
  0.31257144490166999251  14.194963610730040315    12.631163313519239821   7.612417
  0.34829151425084997618  13.994575744297090836    12.279281296042240612   7.595606
  0.36643375628712998582  13.664835295686620142    11.866574264593799271   7.612055
  0.33693733170753997763  12.978349548679910086    12.181275296787390516   7.536204
  0.33873933089465002588  11.967524323019880228    11.85524627851443924    7.473767
  0.37514447746782997317  12.298426412809719821    11.866167293264910043   7.579989
  0.36357384333346998151  11.729032685425119453    11.388994909594860161   7.494052
  0.37001358687977997652  10.002079869872719797    11.127657691540569829   7.406014
  0.3808746231942499727    8.0058319326605307253   10.551845889289729996   7.265805
  0.34698072081374997655   8.836499547927299858    10.664557425001110147   7.231780
  0.33289884248670997824   7.1055361154860898765   10.063752490869209311   7.006429
  0.3381013543836000057    6.3235622286858799157   10.258234862854060054   6.972412
  0.32536510990867001381   3.6208270003162601469    9.6928548394836600011  6.566218
  0.35401971949844002197   0.52060570928870997243   8.3503892012472906714  5.832271
  0.361659913800330024     0                        6.5979606626137199399  5.119010
  0.29907462093622000365   0                        7.0178661060213300971  5.079595
  0.25817461980721001513   0                        5.2508762143871301475  3.810182
  0.29723425319076002271   0                        4.2973753201204596408  3.355999
  0.27940195854278998544   0                        1.4141867347460899129  21.623536
  0.28601408129020000626   0                        1.0712866252638799658  31.338799
  0.31552735275404997228   1.8104135001581300735    7.5374627859287199882  5.732824
  0.29585183844481999227   0                        3.2266786788188199786  4.994789
  0.27770443649898501892   0                        4.7741257672537944501  3.524629
  0.29654304581779000749   0                        3.7620269994696400317  3.343939
  0.32944708349554502336   0                        5.4476679913670897903  4.305877
  0.20584722716153000532   0                        1.9186594796038800581  12.621145
  0.32270674214062999852   0                        5.4281353668612597474  4.252001
  0.30997049766569501061   0                        4.8627553434908596941  3.812266
  0.28955857164757997646   0                        6.757579255427080156   4.919792
  0.29113188834689002205   0                        5.8748541112750096715  4.392778
  0.29418307076882499462   0                        5.0861147156977342121  3.854417
  0.29427852174551000219   0                        4.109403822970890019   3.238571
