  0.25                     0.39000000000000001332   0.41499999999999998002   0.39000000000000001332 0.005313
  0.25                     0.48999999999999999112   0.51500000000000001332   0.28999999999999998002 0.005371
  0.3499999999999999778    0.48999999999999999112   0.41499999999999998002   0.39000000000000001332 0.059714
  0.3499999999999999778    0.39000000000000001332   0.51500000000000001332   0.39000000000000001332 0.038940
  0.14999999999999999445   0.39000000000000001332   0.41499999999999998002   0.48999999999999999112 0.024217
  0.14999999999999999445   0.28999999999999998002   0.21499999999999999667   0.39000000000000001332 0.019667
  0.05000000000000000278   0.39000000000000001332   0.26500000000000001332   0.39000000000000001332 0.088388
  0.2750000000000000222    0.39000000000000001332   0.45300000000000001377   0.39000000000000001332 0.009538
  0.31300000000000000044   0.39000000000000001332   0.38400000000000000799   0.23999999999999999112 0.038114
  0.19100000000000000311   0.39000000000000001332   0.40699999999999997291   0.42799999999999999156 0.008467
  0.33300000000000001821   0.54000000000000003553   0.68000000000000004885   0.35899999999999998579 0.033161
  0.19600000000000000755   0.35299999999999998046   0.33100000000000001643   0.38200000000000000622 0.006023
  0.16900000000000001132   0.42199999999999998623   0.38100000000000000533   0.35499999999999998224 0.009460
  0.19500000000000000666   0.41399999999999997913   0.39900000000000002132   0.36399999999999999023 0.004605
  0.25500000000000000444   0.43399999999999999689   0.42299999999999998712   0.28499999999999997558 0.007247
  0.23899999999999999023   0.42299999999999998712   0.41899999999999998357   0.32100000000000000755 0.003355
  0.27100000000000001865   0.50600000000000000533   0.54300000000000003819   0.30099999999999998979 0.011107
  0.21499999999999999667   0.39100000000000001421   0.38400000000000000799   0.36199999999999998845 0.003093
  0.2000000000000000111    0.31900000000000000577   0.29399999999999998357   0.42899999999999999245 0.007724
  0.23699999999999998845   0.44700000000000000844   0.46000000000000001998   0.3250000000000000111  0.002875
  0.19300000000000000488   0.44800000000000000933   0.4159999999999999809    0.29599999999999998535 0.002172
  0.16500000000000000777   0.47599999999999997868   0.41699999999999998179   0.24899999999999999911 0.005375
  0.24699999999999999734   0.44100000000000000311   0.44100000000000000311   0.28799999999999997824 0.004944
  0.20799999999999999045   0.42099999999999998535   0.40899999999999997469   0.34499999999999997335 0.002585
  0.18800000000000000044   0.43099999999999999423   0.4159999999999999809    0.34300000000000002709 0.004818
  0.22600000000000000644   0.4249999999999999889    0.41799999999999998268   0.32700000000000001288 0.002138
  0.21699999999999999845   0.47999999999999998224   0.46800000000000002709   0.28499999999999997558 0.001067
  0.21799999999999999933   0.52400000000000002132   0.50900000000000000799   0.24599999999999999645 0.001490
  0.18499999999999999778   0.44000000000000000222   0.39600000000000001865   0.30199999999999999067 0.003415
  0.22400000000000000466   0.44500000000000000666   0.44400000000000000577   0.31900000000000000577 0.001797
  0.22200000000000000289   0.47799999999999998046   0.46400000000000002354   0.26900000000000001688 0.001438
  0.25200000000000000178   0.46600000000000002531   0.48099999999999998312   0.30399999999999999245 0.005634
  0.20799999999999999045   0.45300000000000001377   0.43199999999999999512   0.29799999999999998712 0.001206
  0.20999999999999999223   0.50300000000000000266   0.48599999999999998757   0.25900000000000000799 0.000738
  0.20100000000000001199   0.5420000000000000373    0.52000000000000001776   0.22400000000000000466 0.000869
  0.20499999999999998779   0.51200000000000001066   0.48099999999999998312   0.23699999999999998845 0.000709
  0.19500000000000000666   0.54600000000000004086   0.5                      0.19500000000000000666 0.001424
  0.19800000000000000933   0.49599999999999999645   0.46999999999999997335   0.27100000000000001865 0.000957
  0.20699999999999998956   0.54300000000000003819   0.52100000000000001865   0.22800000000000000822 0.001059
  0.19300000000000000488   0.54700000000000004174   0.51100000000000000977   0.21299999999999999489 0.001006
  0.19600000000000000755   0.48599999999999998757   0.45300000000000001377   0.26200000000000001066 0.000943
  0.211999999999999994     0.45200000000000001288   0.43399999999999999689   0.30199999999999999067 0.001232
  0.19800000000000000933   0.52300000000000002043   0.49199999999999999289   0.23499999999999998668 0.000686
  0.20699999999999998956   0.51600000000000001421   0.48599999999999998757   0.22600000000000000644 0.000960
  0.2000000000000000111    0.50100000000000000089   0.47399999999999997691   0.26000000000000000888 0.000724
  0.21099999999999999312   0.5340000000000000302    0.51400000000000001243   0.23400000000000001354 0.001157
  0.2000000000000000111    0.49799999999999999822   0.46800000000000002709   0.25500000000000000444 0.000678
  0.192000000000000004     0.51400000000000001243   0.47199999999999997513   0.23499999999999998668 0.000830
  0.20499999999999998779   0.50600000000000000533   0.48199999999999998401   0.25300000000000000266 0.000637
  0.2039999999999999869    0.51900000000000001688   0.48799999999999998934   0.23000000000000000999 0.000774
  0.20100000000000001199   0.50500000000000000444   0.47699999999999997957   0.25300000000000000266 0.000646
  0.22000000000000000111   0.50600000000000000533   0.48199999999999998401   0.24699999999999999734 0.001671
  0.20100000000000001199   0.50600000000000000533   0.48199999999999998401   0.24299999999999999378 0.000634
  0.20100000000000001199   0.50600000000000000533   0.38200000000000000622   0.34300000000000002709 0.001337
  0.20100000000000001199   0.50600000000000000533   0.48199999999999998401   0.34300000000000002709 0.002060
  0.20100000000000001199   0.50600000000000000533   0.58199999999999996181   0.24299999999999999378 0.001151
  0.20100000000000001199   0.60599999999999998312   0.48199999999999998401   0.24299999999999999378 0.001284
  0.30099999999999998979   0.50600000000000000533   0.48199999999999998401   0.24299999999999999378 0.035755
  0.20100000000000001199   0.50600000000000000533   0.38200000000000000622   0.24299999999999999378 0.000701
  0.18900000000000000133   0.50600000000000000533   0.48199999999999998401   0.21299999999999999489 0.001072
  0.19600000000000000755   0.54700000000000004174   0.45300000000000001377   0.28999999999999998002 0.000722
  0.20599999999999998868   0.48499999999999998668   0.46300000000000002265   0.2670000000000000151  0.000713
  0.2000000000000000111    0.51300000000000001155   0.48499999999999998668   0.24299999999999999378 0.000641
  0.2039999999999999869    0.5170000000000000151    0.49499999999999999556   0.24099999999999999201 0.000669
  0.20300000000000001377   0.51200000000000001066   0.48799999999999998934   0.24499999999999999556 0.000635
  0.192000000000000004     0.49699999999999999734   0.49299999999999999378   0.29299999999999998268 0.002137
  0.23599999999999998757   0.46500000000000002442   0.53200000000000002842   0.23100000000000001088 0.003001
  0.24099999999999999201   0.4749999999999999778    0.43199999999999999512   0.25500000000000000444 0.005589
  0.24899999999999999911   0.55600000000000004974   0.49299999999999999378   0.25800000000000000711 0.009798
  0.2000000000000000111    0.50700000000000000622   0.48099999999999998312   0.23999999999999999112 0.000640
  0.20100000000000001199   0.49799999999999999822   0.49499999999999999556   0.24699999999999999734 0.000718
  0.20499999999999998779   0.50300000000000000266   0.48199999999999998401   0.24799999999999999822 0.000638
  0.20699999999999998956   0.50700000000000000622   0.48599999999999998757   0.25500000000000000444 0.000668
  0.20200000000000001288   0.50700000000000000622   0.48199999999999998401   0.24399999999999999467 0.000627
  0.20100000000000001199   0.51300000000000001155   0.48499999999999998668   0.24499999999999999556 0.000631
  0.19900000000000001021   0.51300000000000001155   0.48699999999999998845   0.23599999999999998757 0.000664
  0.20300000000000001377   0.50800000000000000711   0.4829999999999999849    0.24899999999999999911 0.000627
  0.20100000000000001199   0.50500000000000000444   0.47799999999999998046   0.24599999999999999645 0.000629
  0.20300000000000001377   0.51100000000000000977   0.48199999999999998401   0.24899999999999999911 0.000623
  0.20300000000000001377   0.51300000000000001155   0.48199999999999998401   0.25200000000000000178 0.000622
  0.2039999999999999869    0.50400000000000000355   0.47799999999999998046   0.25100000000000000089 0.000626
  0.20499999999999998779   0.51100000000000000977   0.48499999999999998668   0.25200000000000000178 0.000640
  0.20200000000000001288   0.50700000000000000622   0.47999999999999998224   0.24799999999999999822 0.000624
  0.20300000000000001377   0.50800000000000000711   0.47799999999999998046   0.24899999999999999911 0.000618
  0.20200000000000001288   0.50700000000000000622   0.47599999999999997868   0.24799999999999999822 0.000615
  0.2039999999999999869    0.50900000000000000799   0.47599999999999997868   0.25600000000000000533 0.000623
  0.20200000000000001288   0.51400000000000001243   0.47899999999999998135   0.25100000000000000089 0.000615
  0.2039999999999999869    0.51500000000000001332   0.47699999999999997957   0.25600000000000000533 0.000621
  0.20200000000000001288   0.51600000000000001421   0.48099999999999998312   0.24799999999999999822 0.000617
  0.20200000000000001288   0.51300000000000001155   0.4749999999999999778    0.25                   0.000608
  0.20200000000000001288   0.51300000000000001155   0.47099999999999997424   0.24799999999999999822 0.000604
  0.2000000000000000111    0.51000000000000000888   0.47699999999999997957   0.24199999999999999289 0.000625
  0.20300000000000001377   0.51400000000000001243   0.47699999999999997957   0.25200000000000000178 0.000614
  0.20300000000000001377   0.50800000000000000711   0.47099999999999997424   0.25200000000000000178 0.000609
  0.20300000000000001377   0.50700000000000000622   0.46899999999999997247   0.24899999999999999911 0.000606
  0.2039999999999999869    0.51400000000000001243   0.46800000000000002709   0.25300000000000000266 0.000617
  0.20200000000000001288   0.50900000000000000799   0.47399999999999997691   0.24899999999999999911 0.000610
  0.20200000000000001288   0.50500000000000000444   0.46600000000000002531   0.24699999999999999734 0.000599
  0.20200000000000001288   0.5                      0.46000000000000001998   0.24499999999999999556 0.000593
  0.20300000000000001377   0.50500000000000000444   0.46200000000000002176   0.24799999999999999822 0.000600
  0.20200000000000001288   0.50500000000000000444   0.46000000000000001998   0.24299999999999999378 0.000598
  0.20200000000000001288   0.50500000000000000444   0.45800000000000001821   0.24299999999999999378 0.000597
  0.20300000000000001377   0.49499999999999999556   0.44900000000000001021   0.24199999999999999289 0.000596
  0.20200000000000001288   0.49799999999999999822   0.45200000000000001288   0.23899999999999999023 0.000597
  0.20300000000000001377   0.49399999999999999467   0.4500000000000000111    0.24199999999999999289 0.000595
  0.20200000000000001288   0.48499999999999998668   0.442000000000000004     0.23899999999999999023 0.000577
  0.20200000000000001288   0.48499999999999998668   0.3420000000000000262    0.221000000000000002   0.001225
  0.192000000000000004     0.48499999999999998668   0.3420000000000000262    0.28499999999999997558 0.000773
  0.20300000000000001377   0.48499999999999998668   0.442000000000000004     0.24099999999999999201 0.000584
  0.19900000000000001021   0.48499999999999998668   0.3420000000000000262    0.23999999999999999112 0.000627
  0.2039999999999999869    0.48499999999999998668   0.442000000000000004     0.28899999999999997913 0.000897
  0.192000000000000004     0.38500000000000000888   0.442000000000000004     0.23300000000000001266 0.002345
  0.18199999999999999512   0.48499999999999998668   0.442000000000000004     0.24899999999999999911 0.002087
  0.20200000000000001288   0.48499999999999998668   0.442000000000000004     0.23799999999999998934 0.000578
  0.20200000000000001288   0.44000000000000000222   0.38800000000000001155   0.221000000000000002   0.000545
  0.20200000000000001288   0.34000000000000002442   0.18800000000000000044   0.16700000000000000955 0.002115
  0.192000000000000004     0.54000000000000003553   0.38800000000000001155   0.27100000000000001865 0.000492
  0.16200000000000000511   0.83999999999999996891   0.38800000000000001155   0.47099999999999997424 0.003357
  0.18199999999999999512   0.64000000000000001332   0.38800000000000001155   0.27100000000000001865 0.000600
  0.19600000000000000755   0.54000000000000003553   0.38800000000000001155   0.27100000000000001865 0.000486
  0.19300000000000000488   0.54000000000000003553   0.38800000000000001155   0.27100000000000001865 0.000479
  0.18399999999999999689   0.54000000000000003553   0.38800000000000001155   0.27100000000000001865 0.000879
  0.21699999999999999845   0.34000000000000002442   0.48799999999999998934   0.1710000000000000131  0.000863
  0.19500000000000000666   0.54000000000000003553   0.38800000000000001155   0.27100000000000001865 0.000476
  0.19100000000000000311   0.54000000000000003553   0.28799999999999997824   0.27100000000000001865 0.000527
  0.19500000000000000666   0.64000000000000001332   0.28799999999999997824   0.27100000000000001865 0.002656
  0.19500000000000000666   0.54000000000000003553   0.28799999999999997824   0.27100000000000001865 0.000785
  0.19500000000000000666   0.34000000000000002442   0.38800000000000001155   0.27100000000000001865 0.003541
  0.09500000000000000111   0.54000000000000003553   0.28799999999999997824   0.27100000000000001865 0.035624
  0.09500000000000000111   0.54000000000000003553   0.38800000000000001155   0.1710000000000000131  0.033294
  0.09500000000000000111   0.54000000000000003553   0.48799999999999998934   0.37099999999999999645 0.046938
  0.20100000000000001199   0.54000000000000003553   0.38800000000000001155   0.27100000000000001865 0.000656
  0.18599999999999999867   0.64000000000000001332   0.3420000000000000262    0.30199999999999999067 0.000461
  0.18599999999999999867   0.93999999999999994671   0.24199999999999999289   0.40200000000000002398 0.004236
  0.18599999999999999867   0.64000000000000001332   0.442000000000000004     0.30199999999999999067 0.000625
  0.18599999999999999867   0.73999999999999999112   0.3420000000000000262    0.30199999999999999067 0.001428
  0.18599999999999999867   0.54000000000000003553   0.3420000000000000262    0.20200000000000001288 0.001427
  0.18599999999999999867   0.73999999999999999112   0.3420000000000000262    0.20200000000000001288 0.008750
  0.18599999999999999867   0.73999999999999999112   0.442000000000000004     0.30199999999999999067 0.000738
  0.18599999999999999867   0.83999999999999996891   0.3420000000000000262    0.40200000000000002398 0.000926
  0.28599999999999997646   0.54000000000000003553   0.3420000000000000262    0.30199999999999999067 0.033464
  0.15900000000000000244   0.93999999999999994671   0.2039999999999999869    0.39500000000000001776 0.000720
  0.163000000000000006     0.83999999999999996891   0.3579999999999999849    0.36999999999999999556 0.001072
  0.18099999999999999423   0.73999999999999999112   0.31500000000000000222   0.33700000000000002176 0.000584
  0.19700000000000000844   0.54000000000000003553   0.36999999999999999556   0.25                   0.000720
  0.17999999999999999334   0.64000000000000001332   0.29199999999999998179   0.33200000000000001732 0.000488
  0.1749999999999999889    0.64000000000000001332   0.36399999999999999023   0.35199999999999997957 0.001667
  0.17199999999999998623   0.54000000000000003553   0.37099999999999999645   0.307999999999999996   0.003089
  0.13600000000000000977   0.64000000000000001332   0.33700000000000002176   0.28999999999999998002 0.009741
  0.18699999999999999956   0.64000000000000001332   0.3420000000000000262    0.30099999999999998979 0.000494
  0.18900000000000000133   0.81100000000000005418   0.41699999999999998179   0.36999999999999999556 0.000760
  0.19000000000000000222   0.54000000000000003553   0.36299999999999998934   0.28699999999999997735 0.000555
  0.18800000000000000044   0.61499999999999999112   0.34699999999999997513   0.29799999999999998712 0.000445
  0.19400000000000000577   0.51500000000000001332   0.36199999999999998845   0.28599999999999997646 0.000574
  0.18399999999999999689   0.71499999999999996891   0.28799999999999997824   0.36999999999999999556 0.000565
  0.20100000000000001199   0.51500000000000001332   0.44100000000000000311   0.23899999999999999023 0.000635
  0.18499999999999999778   0.61499999999999999112   0.32900000000000001465   0.30899999999999999689 0.000429
  0.17599999999999998979   0.61499999999999999112   0.2290000000000000091    0.30899999999999999689 0.000427
  0.17599999999999998979   0.61499999999999999112  -0.07099999999999999367   0.30899999999999999689 0.005331
  0.17599999999999998979   0.51500000000000001332   0.2290000000000000091    0.30899999999999999689 0.001181
  0.17599999999999998979   0.71499999999999996891   0.2290000000000000091    0.30899999999999999689 0.000972
  0.17599999999999998979   0.61499999999999999112   0.32900000000000001465   0.30899999999999999689 0.000847
  0.17599999999999998979   0.71499999999999996891   0.42899999999999999245   0.40899999999999997469 0.002219
  0.17599999999999998979   0.71499999999999996891   0.02900000000000000147   0.40899999999999997469 0.001799
  0.17599999999999998979   0.51500000000000001332   0.2290000000000000091    0.40899999999999997469 0.003850
  0.27600000000000002309   0.61499999999999999112   0.12900000000000000355   0.30899999999999999689 0.060075
  0.17599999999999998979   0.51500000000000001332   0.2290000000000000091    0.00899999999999999932 0.318161
  0.14899999999999999356   0.61499999999999999112  -0.07099999999999999367   0.30899999999999999689 0.001168
  0.13900000000000001243   0.67300000000000004263   0.02900000000000000147   0.25                   0.002331
  0.17299999999999998712   0.70299999999999995826   0.2290000000000000091    0.33800000000000002265 0.000459
  0.1749999999999999889    0.63400000000000000799   0.2290000000000000091    0.3250000000000000111  0.000464
  0.182999999999999996     0.63900000000000001243   0.32900000000000001465   0.307999999999999996   0.000423
  0.19300000000000000488   0.53900000000000003464   0.42899999999999999245   0.27400000000000002132 0.000636
  0.17799999999999999156   0.66200000000000003286   0.2290000000000000091    0.32200000000000000844 0.000499
  0.182999999999999996     0.73899999999999999023   0.62900000000000000355   0.307999999999999996   0.001426
  0.182999999999999996     0.73899999999999999023   0.2290000000000000091    0.4079999999999999738  0.000808
  0.182999999999999996     0.53900000000000003464   0.42899999999999999245   0.307999999999999996   0.002093
  0.182999999999999996     0.63900000000000001243   0.2290000000000000091    0.307999999999999996   0.000752
  0.182999999999999996     0.63900000000000001243   0.52900000000000002576   0.307999999999999996   0.001611
  0.182999999999999996     0.53900000000000003464   0.32900000000000001465   0.307999999999999996   0.001049
  0.182999999999999996     0.63900000000000001243   0.42899999999999999245   0.4079999999999999738  0.002555
  0.08300000000000000433   0.63900000000000001243   0.32900000000000001465   0.307999999999999996   0.044727
  0.182999999999999996     0.73899999999999999023   0.32900000000000001465   0.307999999999999996   0.001063
  0.2039999999999999869    0.71099999999999996536   0.62900000000000000355   0.30499999999999999334 0.000836
  0.15900000000000000244   0.64900000000000002132   0.2290000000000000091    0.27100000000000001865 0.001208
  0.18599999999999999867   0.68899999999999994582   0.32900000000000001465   0.30599999999999999423 0.000791
  0.16500000000000000777   0.6420000000000000151    0.2290000000000000091    0.25800000000000000711 0.000914
  0.1459999999999999909    0.63500000000000000888   0.42899999999999999245   0.28899999999999997913 0.008262
  0.13300000000000000711   0.64700000000000001954   0.32900000000000001465   0.3420000000000000262  0.012711
  0.192000000000000004     0.58699999999999996625   0.32900000000000001465   0.30299999999999999156 0.000497
  0.19000000000000000222   0.66200000000000003286   0.38400000000000000799   0.33200000000000001732 0.000481
  0.19300000000000000488   0.53900000000000003464   0.38800000000000001155   0.27400000000000002132 0.000490
  0.17799999999999999156   0.66200000000000003286   0.26900000000000001688   0.32200000000000000844 0.000423
  0.17299999999999998712   0.65100000000000002309   0.23100000000000001088   0.32600000000000001199 0.000482
  0.18399999999999999689   0.62399999999999999911   0.31800000000000000488   0.30499999999999999334 0.000417
  0.17599999999999998979   0.65500000000000002665   0.24399999999999999467   0.31300000000000000044 0.000440
  0.182999999999999996     0.625                    0.307999999999999996     0.30999999999999999778 0.000415
  0.18800000000000000044   0.66000000000000003109   0.38300000000000000711   0.31400000000000000133 0.000461
  0.17899999999999999245   0.62600000000000000089   0.26800000000000001599   0.30999999999999999778 0.000414
  0.18699999999999999956   0.59499999999999997335   0.34300000000000002709   0.29499999999999998446 0.000427
  0.17999999999999999334   0.64500000000000001776   0.28699999999999997735   0.31500000000000000222 0.000416
  0.17999999999999999334   0.62099999999999999645   0.26200000000000001066   0.31199999999999999956 0.000411
  0.17899999999999999245   0.61199999999999998845   0.22800000000000000822   0.31400000000000000133 0.000421
  0.17699999999999999067   0.63500000000000000888   0.24499999999999999556   0.31900000000000000577 0.000426
  0.18199999999999999512   0.62700000000000000178   0.2999999999999999889    0.307999999999999996   0.000413
  0.18199999999999999512   0.60499999999999998224   0.28199999999999997291   0.30499999999999999334 0.000409
  0.182999999999999996     0.58399999999999996358   0.28000000000000002665   0.2999999999999999889  0.000411
  0.17899999999999999245   0.61499999999999999112   0.24799999999999999822   0.307999999999999996   0.000411
  0.182999999999999996     0.6079999999999999849    0.27800000000000002487   0.30699999999999999512 0.000412
  0.17999999999999999334   0.59799999999999997602   0.23499999999999998668   0.307999999999999996   0.000412
  0.18099999999999999423   0.60499999999999998224   0.25100000000000000089   0.307999999999999996   0.000411
  0.17799999999999999156   0.61499999999999999112   0.24399999999999999467   0.30999999999999999778 0.000416
  0.18199999999999999512   0.60999999999999998668   0.26900000000000001688   0.307999999999999996   0.000411
  0.17899999999999999245   0.61299999999999998934   0.25300000000000000266   0.30899999999999999689 0.000412
  0.18099999999999999423   0.61099999999999998757   0.26500000000000001332   0.307999999999999996   0.000408
  0.17999999999999999334   0.62099999999999999645   0.27800000000000002487   0.30899999999999999689 0.000414
  0.18099999999999999423   0.60899999999999998579   0.25800000000000000711   0.307999999999999996   0.000410
  0.17799999999999999156   0.62900000000000000355   0.16500000000000000777   0.317000000000000004   0.000670
  0.17299999999999998712   0.58399999999999996358   0.16500000000000000777   0.28399999999999997469 0.000489
  0.17899999999999999245   0.63900000000000001243   0.26500000000000001332   0.317000000000000004   0.000416
  0.18199999999999999512   0.59799999999999997602   0.26500000000000001332   0.30399999999999999245 0.000406
  0.18499999999999999778   0.59799999999999997602   0.26500000000000001332   0.30399999999999999245 0.000455
  0.182999999999999996     0.49799999999999999822   0.16500000000000000777   0.30399999999999999245 0.000553
  0.182999999999999996     0.59799999999999997602   0.26500000000000001332   0.30399999999999999245 0.000413
  0.18099999999999999423   0.59799999999999997602   0.26500000000000001332   0.30399999999999999245 0.000408
  0.18800000000000000044   0.59799999999999997602   0.36499999999999999112   0.30399999999999999245 0.000473
  0.17899999999999999245   0.49799999999999999822   0.26500000000000001332   0.30399999999999999245 0.001359
  0.17399999999999998801   0.59799999999999997602   0.26500000000000001332   0.40400000000000002576 0.002634
  0.13200000000000000622   0.59799999999999997602   0.26500000000000001332   0.30399999999999999245 0.011476
  0.18499999999999999778   0.5590000000000000524    0.26500000000000001332   0.29199999999999998179 0.000404
  0.19400000000000000577   0.4590000000000000191    0.26500000000000001332   0.29199999999999998179 0.000698
  0.182999999999999996     0.4590000000000000191    0.22800000000000000822   0.29199999999999998179 0.000984
  0.18399999999999999689   0.5590000000000000524    0.28100000000000002753   0.29199999999999998179 0.000419
  0.18199999999999999512   0.5590000000000000524    0.26400000000000001243   0.29199999999999998179 0.000422
  0.18399999999999999689   0.4590000000000000191    0.26300000000000001155   0.29199999999999998179 0.001192
  0.17799999999999999156   0.5590000000000000524    0.24899999999999999911   0.3920000000000000151  0.002349
  0.23499999999999998668   0.5590000000000000524    0.31099999999999999867   0.29199999999999998179 0.009549
  0.23499999999999998668   0.5590000000000000524    0.21499999999999999667   0.29199999999999998179 0.014286
  0.17299999999999998712   0.5590000000000000524    0.29899999999999998801   0.192000000000000004   0.001803
  0.19400000000000000577   0.442000000000000004     0.26500000000000001332   0.25600000000000000533 0.000450
  0.18199999999999999512   0.54000000000000003553   0.22800000000000000822   0.27900000000000002576 0.000390
  0.17299999999999998712   0.44000000000000000222   0.11700000000000000677   0.27900000000000002576 0.000926
  0.18699999999999999956   0.54000000000000003553   0.22800000000000000822   0.27900000000000002576 0.000534
  0.182999999999999996     0.54000000000000003553   0.23000000000000000999   0.27900000000000002576 0.000398
  0.18499999999999999778   0.44000000000000000222   0.27800000000000002487   0.17899999999999999245 0.001065
  0.17999999999999999334   0.44000000000000000222   0.18399999999999999689   0.17899999999999999245 0.001572
  0.18599999999999999867   0.44000000000000000222   0.23599999999999998757   0.37900000000000000355 0.003422
  0.13200000000000000622   0.54000000000000003553   0.23100000000000001088   0.27900000000000002576 0.011426
  0.18199999999999999512   0.64000000000000001332   0.23899999999999999023   0.27900000000000002576 0.001138
  0.17299999999999998712   0.4829999999999999849    0.11700000000000000677   0.23999999999999999112 0.000548
  0.19400000000000000577   0.61299999999999998934   0.22800000000000000822   0.37900000000000000355 0.001102
  0.18499999999999999778   0.52100000000000001865   0.2290000000000000091    0.27300000000000002043 0.000406
  0.18399999999999999689   0.54000000000000003553   0.23799999999999998934   0.28100000000000002753 0.000399
  0.18499999999999999778   0.50800000000000000711   0.20799999999999999045   0.2999999999999999889  0.000508
  0.17799999999999999156   0.57799999999999995826   0.22600000000000000644   0.32900000000000001465 0.000658
  0.17899999999999999245   0.48999999999999999112   0.24699999999999999734   0.32000000000000000666 0.001678
  0.20200000000000001288   0.54500000000000003997   0.23100000000000001088   0.28599999999999997646 0.002178
  0.18199999999999999512   0.54400000000000003908   0.23300000000000001266   0.26600000000000001421 0.000444
  0.18499999999999999778   0.49699999999999999734   0.23000000000000000999   0.26600000000000001421 0.000380
  0.19400000000000000577   0.36799999999999999378   0.23599999999999998757   0.22700000000000000733 0.000453
  0.18699999999999999956   0.5                      0.26500000000000001332   0.25600000000000000533 0.000389
  0.18499999999999999778   0.49899999999999999911   0.23899999999999999023   0.25900000000000000799 0.000380
  0.18699999999999999956   0.47799999999999998046   0.25100000000000000089   0.25100000000000000089 0.000376
  0.18800000000000000044   0.44700000000000000844   0.26200000000000001066   0.23699999999999998845 0.000381
  0.19000000000000000222   0.44700000000000000844   0.26500000000000001332   0.23699999999999998845 0.000379
  0.18699999999999999956   0.46100000000000002087   0.22800000000000000822   0.25100000000000000089 0.000372
  0.18599999999999999867   0.44100000000000000311   0.20899999999999999134   0.24799999999999999822 0.000373
  0.18699999999999999956   0.36099999999999998757   0.15900000000000000244   0.25100000000000000089 0.000730
  0.18599999999999999867   0.46100000000000002087   0.20799999999999999045   0.22700000000000000733 0.000567
  0.19000000000000000222   0.46100000000000002087   0.24699999999999999734   0.22800000000000000822 0.000544
  0.18599999999999999867   0.46100000000000002087   0.23400000000000001354   0.25600000000000000533 0.000396
  0.18900000000000000133   0.46100000000000002087   0.27800000000000002487   0.25                   0.000411
  0.17799999999999999156   0.56100000000000005418   0.25300000000000000266   0.25800000000000000711 0.000488
  0.18699999999999999956   0.46100000000000002087   0.22700000000000000733   0.30099999999999998979 0.000874
  0.16700000000000000955   0.46100000000000002087   0.22400000000000000466   0.25                   0.001891
  0.18800000000000000044   0.46100000000000002087   0.22500000000000000555   0.24699999999999999734 0.000393
  0.18699999999999999956   0.40999999999999997558   0.15900000000000000244   0.25100000000000000089 0.000426
  0.182999999999999996     0.45400000000000001465   0.20799999999999999045   0.24099999999999999201 0.000368
  0.1710000000000000131    0.45400000000000001465   0.14799999999999999267   0.21099999999999999312 0.000687
  0.18699999999999999956   0.45400000000000001465   0.211999999999999994     0.22700000000000000733 0.000530
  0.18199999999999999512   0.45400000000000001465   0.182999999999999996     0.25900000000000000799 0.000408
  0.18800000000000000044   0.45400000000000001465   0.24499999999999999556   0.24199999999999999289 0.000370
  0.18499999999999999778   0.45400000000000001465   0.19400000000000000577   0.23999999999999999112 0.000402
  0.18699999999999999956   0.45400000000000001465   0.23699999999999998845   0.24799999999999999822 0.000374
  0.18499999999999999778   0.45400000000000001465   0.20799999999999999045   0.24299999999999999378 0.000367
  0.18399999999999999689   0.45400000000000001465   0.19400000000000000577   0.24099999999999999201 0.000379
  0.18599999999999999867   0.45400000000000001465   0.23599999999999998757   0.24099999999999999201 0.000367
  0.19100000000000000311   0.45400000000000001465   0.20799999999999999045   0.24299999999999999378 0.000571
  0.18599999999999999867   0.45400000000000001465   0.20799999999999999045   0.24299999999999999378 0.000379
  0.18399999999999999689   0.45400000000000001465   0.20799999999999999045   0.24299999999999999378 0.000363
  0.182999999999999996     0.45400000000000001465   0.20799999999999999045   0.24299999999999999378 0.000369
  0.18399999999999999689   0.45400000000000001465   0.10799999999999999878   0.24299999999999999378 0.000889
  0.18399999999999999689   0.45400000000000001465   0.307999999999999996     0.24299999999999999378 0.000769
  0.18399999999999999689   0.35399999999999998135   0.20799999999999999045   0.24299999999999999378 0.001258
  0.18399999999999999689   0.45400000000000001465   0.20799999999999999045   0.14299999999999998823 0.005614
  0.08400000000000000522   0.45400000000000001465   0.20799999999999999045   0.24299999999999999378 0.044135
  0.18099999999999999423   0.45400000000000001465   0.20799999999999999045   0.24299999999999999378 0.000405
  0.18199999999999999512   0.40999999999999997558   0.15900000000000000244   0.22700000000000000733 0.000360
  0.17599999999999998979   0.30999999999999999778   0.05899999999999999689   0.22700000000000000733 0.000900
  0.17199999999999998623   0.30999999999999999778   0.05899999999999999689   0.12700000000000000178 0.002931
  0.18599999999999999867   0.40999999999999997558   0.15900000000000000244   0.22700000000000000733 0.000423
  0.18399999999999999689   0.40999999999999997558   0.15900000000000000244   0.22700000000000000733 0.000374
  0.18199999999999999512   0.30999999999999999778   0.15900000000000000244   0.22700000000000000733 0.001332
  0.21599999999999999756   0.40999999999999997558   0.25900000000000000799   0.22700000000000000733 0.002696
  0.18699999999999999956   0.40999999999999997558   0.15900000000000000244   0.32700000000000001288 0.001709
  0.23200000000000001177   0.40999999999999997558   0.05899999999999999689   0.22700000000000000733 0.018461
  0.18099999999999999423   0.40999999999999997558   0.15900000000000000244   0.22700000000000000733 0.000366
  0.17599999999999998979   0.27800000000000002487   0.01200000000000000025   0.17899999999999999245 0.000507
  0.17699999999999999067   0.36099999999999998757   0.20899999999999999134   0.17899999999999999245 0.000773
  0.18399999999999999689   0.40999999999999997558   0.17299999999999998712   0.22800000000000000822 0.000353
  0.18399999999999999689   0.38800000000000001155   0.15599999999999999978   0.22200000000000000289 0.000349
  0.17999999999999999334   0.37700000000000000178   0.10499999999999999611   0.21900000000000000022 0.000381
  0.18399999999999999689   0.43499999999999999778   0.20300000000000001377   0.23499999999999998668 0.000360
  0.18599999999999999867   0.43399999999999999689   0.2039999999999999869    0.23699999999999998845 0.000360
  0.18399999999999999689   0.38000000000000000444   0.15299999999999999711   0.21799999999999999933 0.000347
  0.18399999999999999689   0.3420000000000000262    0.12600000000000000089   0.20499999999999998779 0.000344
  0.18099999999999999423   0.35399999999999998135   0.11799999999999999378   0.20799999999999999045 0.000361
  0.18499999999999999778   0.41399999999999997913   0.182999999999999996     0.23000000000000000999 0.000353
  0.18399999999999999689   0.3420000000000000262    0.10899999999999999967   0.20699999999999998956 0.000365
  0.18399999999999999689   0.41199999999999997735   0.17999999999999999334   0.22800000000000000822 0.000353
  0.18699999999999999956   0.36799999999999999378   0.16400000000000000688   0.21599999999999999756 0.000345
  0.18399999999999999689   0.24199999999999999289   0.02599999999999999881   0.20499999999999998779 0.000716
  0.18199999999999999512   0.3420000000000000262    0.02599999999999999881   0.30499999999999999334 0.001693
  0.18599999999999999867   0.3420000000000000262    0.12600000000000000089   0.20499999999999998779 0.000362
  0.16400000000000000688   0.3420000000000000262    0.02599999999999999881   0.20499999999999998779 0.000923
  0.17899999999999999245   0.442000000000000004     0.22600000000000000644   0.30499999999999999334 0.001969
  0.1749999999999999889    0.3420000000000000262    0.12600000000000000089   0.30499999999999999334 0.003681
  0.16800000000000001044   0.24199999999999999289   0.22600000000000000644   0.20499999999999998779 0.006687
  0.18499999999999999778   0.3420000000000000262    0.12600000000000000089   0.20499999999999998779 0.000349
  0.18399999999999999689   0.22800000000000000822   0.04499999999999999833   0.16600000000000000866 0.000378
  0.20200000000000001288   0.27600000000000002309   0.02599999999999999881   0.24099999999999999201 0.001799
  0.18499999999999999778   0.39700000000000001954   0.17399999999999998801   0.22600000000000000644 0.000349
  0.18499999999999999778   0.38300000000000000711   0.16200000000000000511   0.22000000000000000111 0.000346
  0.182999999999999996     0.3920000000000000151    0.10100000000000000644   0.21799999999999999933 0.000582
  0.18199999999999999512   0.36099999999999998757   0.17599999999999998979   0.22400000000000000466 0.000637
  0.17399999999999998801   0.33300000000000001821   0.11999999999999999556   0.20300000000000001377 0.000799
  0.18399999999999999689   0.32400000000000001021   0.11400000000000000411   0.25500000000000000444 0.001210
  0.18399999999999999689   0.3420000000000000262    0.12600000000000000089   0.2039999999999999869  0.000344
  0.19631000000000001227   0.30999999999999999778   0.11100000000000000144   0.22600000000000000644 0.000716
  0.18599999999999999867   0.33800000000000002265   0.13600000000000000977   0.20499999999999998779 0.000340
  0.18699999999999999956   0.31600000000000000311   0.12800000000000000266   0.19800000000000000933 0.000339
  0.18599999999999999867   0.30099999999999998979   0.11000000000000000056   0.192000000000000004   0.000340
  0.18349999999999999645   0.2829999999999999738    0.08100000000000000255   0.18399999999999999689 0.000353
  0.1861299999999999899    0.34699999999999997513   0.14299999999999998823   0.20799999999999999045 0.000341
  0.18756999999999998674   0.31099999999999999867   0.12800000000000000266   0.19800000000000000933 0.000344
  0.18667000000000000259   0.31900000000000000577   0.12700000000000000178   0.19900000000000001021 0.000340
  0.18890000000000001235   0.2999999999999999889    0.12800000000000000266   0.19400000000000000577 0.000346
  0.18523000000000000576   0.33100000000000001643   0.12700000000000000178   0.20200000000000001288 0.000340
  0.18632000000000001338   0.28699999999999997735   0.10299999999999999434   0.18800000000000000044 0.000343
  0.18618000000000001215   0.33200000000000001732   0.13300000000000000711   0.20300000000000001377 0.000340
  0.19000000000000000222   0.25                     0.10399999999999999523   0.17699999999999999067 0.000358
  0.19000000000000000222   0.31500000000000000222   0.17599999999999998979   0.18399999999999999689 0.000333
  0.19900000000000001021   0.31199999999999999956   0.27600000000000002309   0.18399999999999999689 0.000429
  0.18199999999999999512   0.317000000000000004     0.07599999999999999811   0.18399999999999999689 0.000514
  0.18800000000000000044   0.31600000000000000311   0.17599999999999998979   0.18399999999999999689 0.000335
  0.19000000000000000222   0.3420000000000000262    0.17599999999999998979   0.18399999999999999689 0.000484
  0.18699999999999999956   0.31099999999999999867   0.17599999999999998979   0.18399999999999999689 0.000359
  0.20499999999999998779   0.36499999999999999112   0.27600000000000002309   0.18399999999999999689 0.001096
  0.18599999999999999867   0.28499999999999997558   0.27600000000000002309   0.18399999999999999689 0.001686
  0.19000000000000000222   0.31400000000000000133   0.17599999999999998979   0.28399999999999997469 0.002407
  0.20999999999999999223   0.28499999999999997558   0.17599999999999998979   0.18399999999999999689 0.001412
  0.16400000000000000688   0.34100000000000002531  -0.0240000000000000005    0.18399999999999999689 0.001022
  0.19900000000000001021   0.31199999999999999956   0.32000000000000000666   0.14199999999999998734 0.000791
  0.18800000000000000044   0.35399999999999998135   0.153999999999999998     0.22000000000000000111 0.000371
  0.19000000000000000222   0.3420000000000000262    0.19800000000000000933   0.19400000000000000577 0.000341
  0.18699999999999999956   0.31099999999999999867   0.13200000000000000622   0.192000000000000004   0.000331
  0.19000000000000000222   0.2909999999999999809    0.17000000000000001221   0.17399999999999998801 0.000325
  0.192000000000000004     0.26800000000000001599   0.18699999999999999956   0.15900000000000000244 0.000340
  0.19100000000000000311   0.30099999999999998979   0.19900000000000001021   0.16900000000000001132 0.000360
  0.18800000000000000044   0.31199999999999999956   0.1459999999999999909    0.19100000000000000311 0.000327
  0.19000000000000000222   0.29899999999999998801   0.13600000000000000977   0.18699999999999999956 0.000346
  0.18800000000000000044   0.31199999999999999956   0.16600000000000000866   0.18499999999999999778 0.000329
  0.18699999999999999956   0.29799999999999998712   0.13100000000000000533   0.18699999999999999956 0.000327
  0.19000000000000000222   0.29599999999999998535   0.1749999999999999889    0.17699999999999999067 0.000327
  0.19000000000000000222   0.28699999999999997735   0.14499999999999999001   0.17999999999999999334 0.000323
  0.19000000000000000222   0.27400000000000002132   0.13500000000000000888   0.17699999999999999067 0.000323
  0.18800000000000000044   0.29799999999999998712   0.12099999999999999645   0.18900000000000000133 0.000339
  0.18900000000000000133   0.29699999999999998623   0.16200000000000000511   0.17999999999999999334 0.000323
  0.192000000000000004     0.29599999999999998535   0.18099999999999999423   0.17599999999999998979 0.000332
  0.18800000000000000044   0.29699999999999998623   0.14299999999999998823   0.18399999999999999689 0.000323
  0.19100000000000000311   0.27400000000000002132   0.16400000000000000688   0.16800000000000001044 0.000320
  0.192000000000000004     0.25500000000000000444   0.17299999999999998712   0.15700000000000000067 0.000326
  0.18900000000000000133   0.28699999999999997735   0.13700000000000001066   0.18199999999999999512 0.000323
  0.18900000000000000133   0.28799999999999997824   0.14499999999999999001   0.17999999999999999334 0.000320
  0.192000000000000004     0.27600000000000002309   0.16500000000000000777   0.17000000000000001221 0.000323
  0.19100000000000000311   0.28100000000000002753   0.16000000000000000333   0.17399999999999998801 0.000320
  0.192000000000000004     0.26800000000000001599   0.14499999999999999001   0.1710000000000000131  0.000328
  0.19000000000000000222   0.28999999999999998002   0.15800000000000000155   0.17799999999999999156 0.000320
  0.19100000000000000311   0.28000000000000002665   0.16900000000000001132   0.17000000000000001221 0.000322
  0.19000000000000000222   0.28100000000000002753   0.163000000000000006     0.17299999999999998712 0.000322
  0.19400000000000000577   0.23499999999999998668   0.26400000000000001243   0.16800000000000001044 0.001286
  0.192000000000000004     0.32400000000000001021   0.16400000000000000688   0.16800000000000001044 0.000824
  0.19000000000000000222   0.28699999999999997735   0.16400000000000000688   0.16800000000000001044 0.000343
  0.19100000000000000311   0.28199999999999997291   0.16400000000000000688   0.16800000000000001044 0.000336
  0.20100000000000001199   0.29499999999999998446   0.26400000000000001243   0.16800000000000001044 0.000426
  0.19600000000000000755   0.23400000000000001354   0.06400000000000000133   0.26800000000000001599 0.002367
  0.18499999999999999778   0.32200000000000000844   0.16400000000000000688   0.26800000000000001599 0.002062
  0.18599999999999999867   0.23200000000000001177   0.26400000000000001243   0.26800000000000001599 0.006829
  0.192000000000000004     0.23599999999999998757   0.06400000000000000133  -0.03200000000000000067 5.337082
  0.19400000000000000577   0.23499999999999998668   0.221000000000000002     0.13200000000000000622 0.000451
  0.18900000000000000133   0.25500000000000000444   0.13500000000000000888   0.15700000000000000067 0.000333
  0.18950000000000000178   0.28699999999999997735   0.14499999999999999001   0.17999999999999999334 0.000321
  0.18987999999999999323   0.28499999999999997558   0.15099999999999999534   0.17799999999999999156 0.000320
  0.19131999999999999007   0.25400000000000000355   0.16500000000000000777   0.16600000000000000866 0.000349
  0.19600000000000000755   0.2750000000000000222    0.17899999999999999245   0.182999999999999996   0.000379
  0.18907999999999999807   0.27400000000000002132   0.21399999999999999578   0.182999999999999996   0.000811
  0.19004999999999999671   0.27300000000000002043   0.14499999999999999001   0.21799999999999999933 0.000996
  0.19086000000000000187   0.27400000000000002132   0.163000000000000006     0.16700000000000000955 0.000322
  0.1902300000000000102    0.25400000000000000355   0.13600000000000000977   0.16400000000000000688 0.000313
  0.1879200000000000037    0.19400000000000000577   0.05199999999999999761   0.15199999999999999623 0.000368
  0.19405000000000000027   0.22800000000000000822   0.15199999999999999623   0.14999999999999999445 0.000316
  0.19114000000000000434   0.24099999999999999201   0.13900000000000001243   0.15700000000000000067 0.000311
  0.19120999999999999108   0.221000000000000002     0.12800000000000000266   0.14899999999999999356 0.000309
  0.19120999999999999108   0.16100000000000000422   0.12800000000000000266   0.14899999999999999356 0.000984
  0.17221000000000000196   0.16100000000000000422   0.22800000000000000822   0.14899999999999999356 0.006343
  0.19220999999999999197   0.19800000000000000933   0.12800000000000000266   0.14899999999999999356 0.000379
  0.19120999999999999108   0.25500000000000000444   0.12800000000000000266   0.14899999999999999356 0.000536
  0.20120999999999999996   0.21699999999999999845   0.22800000000000000822   0.14899999999999999356 0.000451
  0.19220999999999999197   0.1710000000000000131    0.12800000000000000266   0.14899999999999999356 0.000717
  0.19520999999999999464   0.22700000000000000733   0.02800000000000000058   0.24899999999999999911 0.001788
  0.18421000000000001262   0.21099999999999999312   0.22800000000000000822   0.24899999999999999911 0.006474
  0.17621000000000000552   0.26900000000000001688   0.12800000000000000266   0.04900000000000000189 0.023764
  0.19142000000000000681   0.16100000000000000422   0.09500000000000000111   0.125                  0.000316
  0.20120999999999999996   0.25500000000000000444   0.02800000000000000058   0.18800000000000000044 0.002041
  0.19231999999999999096   0.19800000000000000933   0.11400000000000000411   0.14199999999999998734 0.000310
  0.18987000000000001099   0.22500000000000000555   0.07799999999999999989   0.16400000000000000688 0.000363
  0.19620999999999999552   0.22200000000000000289   0.11899999999999999467   0.16200000000000000511 0.000396
  0.1910399999999999876    0.20100000000000001199   0.12199999999999999734   0.15800000000000000155 0.000493
  0.19026000000000001244   0.22400000000000000466   0.14699999999999999178   0.19900000000000001021 0.001446
  0.18715000000000001079   0.21699999999999999845   0.15499999999999999889   0.11400000000000000411 0.000752
  0.19620999999999999552   0.19400000000000000577   0.08799999999999999489   0.192000000000000004   0.001044
  0.1884000000000000119    0.2290000000000000091    0.10699999999999999789   0.15599999999999999978 0.000317
  0.19264000000000000568   0.22800000000000000822   0.14099999999999998646   0.15199999999999999623 0.000311
  0.19092999999999998861   0.23100000000000001088   0.12900000000000000355   0.14799999999999999267 0.000332
  0.19320999999999999286   0.22300000000000000377   0.11999999999999999556   0.16100000000000000422 0.000342
  0.19053000000000000491   0.221000000000000002     0.10799999999999999878   0.14699999999999999178 0.000340
  0.19234999999999999321   0.221000000000000002     0.12600000000000000089   0.12900000000000000355 0.000649
  0.19131999999999999007   0.21099999999999999312   0.14899999999999999356   0.16500000000000000777 0.000670
  0.18715000000000001079   0.25500000000000000444   0.11300000000000000322   0.16800000000000001044 0.000323
  0.19342999999999999083   0.19000000000000000222   0.125                    0.13600000000000000977 0.000308
  0.19501999999999999891   0.15800000000000000155   0.11999999999999999556   0.12199999999999999734 0.000311
  0.19140999999999999681   0.19700000000000000844   0.11200000000000000233   0.14000000000000001332 0.000309
  0.19304999999999999938   0.16200000000000000511   0.10100000000000000644   0.12700000000000000178 0.000314
  0.19162000000000001254   0.22125000000000000222   0.12900000000000000355   0.14899999999999999356 0.000309
  0.1915199999999999958    0.21662999999999998924   0.13300000000000000711   0.14499999999999999001 0.000310
  0.19172000000000000153   0.21196999999999999176   0.12800000000000000266   0.14399999999999998912 0.000309
  0.19212000000000001299   0.2026600000000000068    0.11899999999999999467   0.14299999999999998823 0.000309
  0.19201999999999999624   0.20497999999999999554   0.12099999999999999645   0.14299999999999998823 0.000308
  0.1924200000000000077    0.185239999999999988     0.11400000000000000411   0.13500000000000000888 0.000308
  0.19312999999999999612   0.2036100000000000132    0.13200000000000000622   0.14199999999999998734 0.000309
  0.19270000000000001017   0.20196000000000000063   0.12700000000000000178   0.14099999999999998646 0.000308
  0.20008999999999999009   0.09700000000000000289   0.11600000000000000588   0.09700000000000000289 0.000360
  0.19620999999999999552   0.2290000000000000091    0.15499999999999999889   0.16200000000000000511 0.000359
  0.19408000000000000251   0.17000000000000001221   0.11600000000000000588   0.12900000000000000355 0.000311
  0.1919299999999999895    0.20799999999999999045   0.125                    0.14399999999999998912 0.000308
  0.19142999999999998906   0.19100000000000000311   0.11100000000000000144   0.13600000000000000977 0.000310
  0.1946499999999999897    0.18199999999999999512   0.10499999999999999611   0.13600000000000000977 0.000336
  0.19431000000000001049   0.2000000000000000111    0.115000000000000005     0.13600000000000000977 0.000385
  0.19342000000000000859   0.19000000000000000222   0.125                    0.11600000000000000588 0.000602
  0.19134999999999999232   0.18800000000000000044   0.15499999999999999889   0.13600000000000000977 0.000459
  0.1910399999999999876    0.17000000000000001221   0.13400000000000000799   0.11899999999999999467 0.000357
  0.19336000000000000409   0.18309000000000000274   0.11899999999999999467   0.13400000000000000799 0.000308
  0.19300000000000000488   0.18931999999999998829   0.11999999999999999556   0.13600000000000000977 0.000308
  0.19242999999999998995   0.18740000000000001101   0.12199999999999999734   0.13400000000000000799 0.000308
  0.19306000000000000938   0.19500000000000000666   0.11799999999999999378   0.14000000000000001332 0.000310
  0.19365999999999999881   0.18696999999999999731   0.12099999999999999645   0.1459999999999999909  0.000373
  0.1928400000000000114    0.19107999999999999985   0.13500000000000000888   0.14299999999999998823 0.000371
  0.19342000000000000859   0.19032999999999999918   0.125                    0.13500000000000000888 0.000308
  0.1946499999999999897    0.19789000000000001034   0.14000999999999999557   0.13694000000000000616 0.000312
  0.19192500000000001226   0.20799999999999999045   0.12449999999999999956   0.14349999999999998868 0.000308
  0.19228375000000000328   0.2017700000000000049    0.12313000000000000334   0.14113000000000000544 0.000308
  0.19328729999999999523   0.1911200000000000121    0.12123000000000000442   0.14099999999999998646 0.000317
  0.19392999999999999128   0.19065999999999999615   0.12277000000000000413   0.13481000000000001315 0.000315
  0.19324089999999999323   0.18881999999999998785   0.11999999999999999556   0.13333999999999998631 0.000313
  0.19368460000000001231   0.18800000000000000044   0.12506999999999998674   0.13958000000000000962 0.000321
  0.19296957896049998782   0.19264999999999998792   0.13173999999999999599   0.13597000000000000752 0.000310
  0.19289823787999998972   0.18357000000000001094   0.11956999999999999573   0.13333999999999998631 0.000308
  0.19367500000000001381   0.18643000000000001237   0.11700000000000000677   0.13650000000000001021 0.000311
  0.19274125000000000285   0.18715999999999999304   0.12074999999999999623   0.13462999999999999967 0.000308
  0.19326689999999999148   0.18900000000000000133   0.12471999999999999753   0.13481000000000001315 0.000308
  0.19323000000000001286   0.19098000000000001086   0.12486999999999999489   0.13547000000000000708 0.000308
  0.19341010000000000146   0.18995999999999998997   0.12700000000000000178   0.13594999999999998752 0.000308
  0.1935238999999999987    0.19020999999999999019   0.12506000000000000449   0.13400000000000000799 0.000311
  0.19342778674575999975   0.18998999999999999222   0.12427000000000000546   0.13630999999999998673 0.000308
  0.19392999999999999128   0.19264999999999998792   0.11700000000000000677   0.14099999999999998646 0.000317
  0.1930287250000000121    0.18940499999999999003   0.12066000000000000336   0.13600999999999999202 0.000308
  0.19308826874999998613   0.18930374999999999286   0.12167000000000000037   0.1357099999999999973  0.000308
  0.19333000000000000185   0.19010569999999998858   0.12515999999999999348   0.13561000000000000831 0.000308
  0.19346450000000001146   0.19050000000000000266   0.12512000000000000899   0.1356999999999999873  0.000308
  0.19341890000000000471   0.19007319999999999771   0.12399999999999999911   0.13595999999999999752 0.000308
  0.19340019999999999434   0.19019630000000001258   0.12504999999999999449   0.13700000000000001066 0.000309
  0.19341673178386001308   0.1893655896720899956    0.12585999999999999965   0.13603999999999999426 0.000308
  0.19300858959000000148   0.19264999999999998792   0.11700000000000000677   0.13846723657000001295 0.000310
  0.19326335000000000042   0.19019500000000000295   0.12279500000000000137   0.13469000000000000417 0.000309
  0.19337341250000000814   0.19001874999999998628   0.12594874999999999821   0.13563500000000000556 0.000308
  0.19339425599999998662   0.18979999999999999649   0.12474000000000000365   0.13567799999999999305 0.000308
  0.19337999999999999634   0.1899643000000000026    0.12533890000000000309   0.13641980000000000772 0.000308
  0.19346421399999999546   0.18982160000000000699   0.12476810000000000678   0.13650000000000001021 0.000308
  0.19340698100000000559   0.19012000000000001121   0.12449999999999999956   0.13619329999999998937 0.000308
  0.19343183472323000061   0.19037517636679998634   0.12549041617684000838   0.13581203618054998872 0.000308
  0.19323000000000001286   0.19098000000000001086   0.12700000000000000178   0.13400000000000000799 0.000309
  0.19354114337288000347   0.19030430000000000956   0.1245350000000000068    0.13589499999999998803 0.000308
  0.19348835752966001      0.19025464999999999738   0.12469125000000000347   0.1358237499999999931  0.000308
  0.19345000000000001084   0.19002510000000000234   0.12515979999999998773   0.13588659999999999628 0.000308
  0.19343394199999999761   0.19009999999999999121   0.12492540000000000588   0.13605290000000000439 0.000308
  0.19344489700000000454   0.1899557000000000051    0.12498320000000000263   0.13619999999999998774 0.000308
  0.19341943100000000277   0.19003139999999998921   0.12520000000000000573   0.13612330000000000263 0.000308
  0.19340172999999999393   0.18988779999999999548   0.12473159999999999803   0.1357372000000000023  0.000308
  0.19340904037288000894   0.18975715000000001331   0.12517444999999999267   0.13601060000000000927 0.000308
  0.1934085255296600081    0.18984786249999999197   0.12500583749999999439   0.13605627500000000429 0.000308
  0.19342000000000000859   0.1900083760000000066    0.1250156000000000045    0.13600200000000001177 0.000308
  0.19343165500000000789   0.19004999999999999671   0.12499870000000000425   0.13599980000000000402 0.000308
  0.19343153499999998779   0.18999936500000000339   0.12509999999999998899   0.13599990000000000689 0.000308
  0.1934301920000000008    0.18999992099999998829   0.12499989999999999712   0.13609999999999999876 0.000308
  0.19343661800000000461   0.18994233799999998835   0.12488580000000000514   0.13589829999999999965 0.000308
  0.19345998850000001301   0.19000900000000001122   0.12483420000000000627   0.13594644999999999646 0.000308
  0.19344984912499998964   0.19001460000000000572   0.1249256499999999992    0.135990662499999998   0.000308
  0.19343426493999998916   0.18999625300000000383   0.12504999999999999449   0.13598058700000001386 0.000308
  0.19342928876000001215   0.19001999999999999447   0.12501341199999999043   0.13599479200000000323 0.000308
  0.19343499999999999583   0.19000706600000000224   0.12497487399999999969   0.13603660900000000278 0.000308
  0.19342823352999999331   0.18999750400000001149   0.12503331200000000756   0.13605000000000000426 0.000308
  0.19342321276999999147   0.18997917699999999908   0.12492840199999999395   0.13593801199999999696 0.000308
  0.19342640299999999676   0.19002894949999998842   0.12505725000000000868   0.13590084999999998971 0.000308
  0.19342735024999999083   0.19002169237499999532   0.12504291249999999192   0.13595063749999999891 0.000308
  0.19343199999999999283   0.18999590499999999271   0.12500975699999999913   0.13599311899999999564 0.000308
  0.1934290385000000112    0.19000609900000001162   0.12501999999999999225   0.13598589399999999605 0.000308
  0.19343114544000000743   0.19001000000000001222   0.12500516100000000352   0.13601680499999999063 0.000308
  0.19342905699999998759   0.18999176700000000584   0.1250196150000000006    0.13602000000000000202 0.000308
  0.19342875906000001063   0.18999622899999998871   0.1249454670000000045    0.13598418200000000899 0.000308
  0.19343604332000000068   0.19001415550000000376   0.12498583100000000556   0.13595599399999999668 0.000308
  0.1934340908724999919    0.19000999262500001263   0.12499770124999999565   0.13597949549999999164 0.000308
  0.19343099999999999183   0.1899989533099999961    0.12500830900000001189   0.1360002160000000071  0.000308
  0.19342982243000000908   0.19000500000000000722   0.12500465299999999336   0.13600012100000000159 0.000308
  0.19343096582999999566   0.19000318806999999532   0.12499000000000000388   0.13599934299999999476 0.000308
  0.19343001639999998775   0.19000005414999998621   0.12499957000000000429   0.13600999999999999202 0.000308
  0.19342819533999999759   0.1899928044699999985    0.12499746800000000047   0.13599031999999999787 0.000308
  0.19343203496999999969   0.19001423500000000355   0.12499784399999999684   0.13597790900000000791 0.000308
  0.19343129047749998972   0.19000861799999999024   0.12500328674999999778   0.1359884317499999995  0.000308
  0.19343018468410000388   0.19000099190999999998   0.12499577473999999577   0.13599500000000000477 0.000308
  0.19343020327960000482   0.19000200000000000422   0.12500159268999999629   0.13600188471999999362 0.000308
  0.19342950000000000421   0.19000091964999998861   0.12500464965999999456   0.13599536421999999791 0.000308
  0.19342950000000000421   0.19000091964999998861   0.12499608251999999586   0.13600260389999999089 0.000308
  0.19343061203629999256   0.18999516879000000191   0.12500190039000000364   0.13600514716000000615 0.000308
  0.19343087773000000595   0.19000351654000000035   0.12500191099999999333   0.13598984000000000072 0.000308
  0.19343066239750000834   0.19000265094249998987   0.12500132575000000301   0.13599488000000001242 0.000308
  0.19343005870790000444   0.1900004292899999947    0.125002000000000002     0.13600130029999998871 0.000308
  0.19343007677290000035   0.19000100000000000322   0.12499923810999999385   0.13599950465999999238 0.000308
  0.19343019999999999659   0.18999957398000000275   0.12500061764000000575   0.13599870959999998954 0.000308
  0.19343014747039999346   0.18999968586999999021   0.12499853651999999482   0.13600200000000001177 0.000308
  0.19342951704879998709   0.18999931085999999247   0.12499960773000000358   0.13599848544000001094 0.000308
  0.19343044398184999766   0.19000103612999999503   0.12500492602499999051   0.13599352056999999827 0.000308
  0.19343020798638999036   0.19000100701000000036   0.12500271514874999879   0.1359957914025000103  0.000308
  0.19343009999999999371   0.18999995429839999783   0.12499996694999999935   0.13599992329999999185 0.000308
  0.19342999004479999314   0.18999995290679999593   0.12499956913000000169   0.13599900000000000877 0.000308
  0.19342999617760001096   0.18999977122289998799   0.125001000000000001     0.13599961602999999233 0.000308
  0.19342999164589999572   0.18999949999999998784   0.12499963843000000407   0.13600025829000000899 0.000308
  0.19342992213169998839   0.19000082157190001375   0.12499982548999999388   0.1360012023799999914  0.000308
  0.19343002027000000265   0.19000081576499999736   0.1250023913549999921    0.13599775727999999231 0.000308
  0.19343005207010000035   0.19000053329124999557   0.12500142764624999625   0.13599881795999999023 0.000308
  0.19343002990970001309   0.19000012801349999703   0.12500049999999998662   0.13600022155899998966 0.000308
  0.1934300359060399932    0.19000020000000000797   0.12499955295690000356   0.13599980190710000971 0.000308
  0.19343004999999999227   0.18999984061860000772   0.12500007817389999221   0.13599972415110000989 0.000308
  0.19343001915082999598   0.18999993895430000723   0.12499976156540000549   0.13600049999999999639 0.000308
  0.19342986503342998739   0.18999989241359999115   0.12500010730380001212   0.13599975238279998768 0.000308
  0.19343005146530001248   0.19000033921404999027   0.12500062960999999695   0.13599901137500000625 0.000308
  0.19343003651044998747   0.19000012941054000848   0.12500038181500000567   0.13599932310375001387 0.000308
  0.19343002000000000806   0.18999998153709998783   0.12500001314149999931   0.1360000136490999989  0.000308
  0.19342999375652000782   0.18999990214709999714   0.12500019256170000204   0.13600019999999998777 0.000308
  0.19343000160525999909   0.19000006955769999095   0.12500020000000000575   0.1359999485779999906  0.000308
  0.19343000170041999008   0.1900000736808999946    0.12499994755559999671   0.13600019999999998777 0.000308
  0.19342998293780000463   0.18999997307720001283   0.12499964674119999619   0.13599963777290000055 0.000308
  0.1934300387570400126    0.19000014536175000024   0.12500030400000000652   0.13599937380859999925 0.000308
  0.19343003385549001338   0.19000009375988999305   0.12500016839135000279   0.13599965535645000547 0.000308
  0.19343001000000001333   0.19000000359429999874   0.12500001999290000221   0.13599998178200001231 0.000308
  0.19343000079524999557   0.19000005000000000366   0.12499995862349999598   0.13600003770319998853 0.000308
  0.19343000210923999571   0.18999998027056000383   0.12499999981079999711   0.13600010000000001265 0.000308
  0.19342999807801999901   0.19000001797793000802   0.12500010000000000288   0.13600001843090001041 0.000308
  0.19342998901749000606   0.18999994815720999686   0.12499992157280000182   0.1359998620838999972  0.000308
  0.19343000598046999894   0.18999990294005000835   0.12500025529600000684   0.13599988111354999187 0.000308
  0.19343000491046000167   0.18999994562526001385   0.1250001783608999939    0.13599996083515999978 0.000308
  0.19342999904016000556   0.19000001799522001078   0.12500004661100000414   0.13599995000000000833 0.000308
  0.19343000372467000769   0.19000001999999999169   0.12499998112757000623   0.13600002024460999817 0.000308
  0.19343000396514001271   0.1899999922434700006    0.12500005000000000144   0.13600002155164001016 0.000308
  0.19342999547239000946   0.19000000885682000185   0.12500002294081999366   0.13600005000000001121 0.000308
  0.19342999779764000201   0.18999996090449000619   0.12499989932060999454   0.13599995820374999322 0.000308
  0.19343000837422999472   0.18999999895450001008   0.12499988921360000171   0.13600004131169998733 0.000308
  0.19343000580017000178   0.19000000371035999369   0.124999941910200002     0.13600003559150000698 0.000308
  0.19343000199999998978   0.19000000020908999754   0.12500000005948000426   0.13599999966383000127 0.000308
  0.19343000004333998909   0.18999999792739000193   0.12499999646159000444   0.13600001999999999924 0.000308
  0.19343000000609000821   0.18999999825096000605   0.12500001999999998947   0.1360000028120700033  0.000308
  0.19342999996515999883   0.19000000999999999696   0.12500000284449000465   0.136000004656019996   0.000308
  0.19342999798540999601   0.18999999361256000863   0.12499998063443999718   0.13599997286807999353 0.000308
  0.19343000789260000882   0.1900000062625200048    0.12500001592846998744   0.13599994589812999801 0.000308
  0.19343000478753999416   0.19000000691110000006   0.12500001768155000192   0.13599997192359000731 0.000308
  0.19343000099999999031   0.18999999579040999231   0.1250000028583700129    0.13599999911263999097 0.000308
  0.19342999899999999136   0.18999999562104000206   0.12500000838121000379   0.13599999739813001254 0.000308
  0.19343000025949999565   0.19000000320310000967   0.12500000999999999474   0.13600000067518999702 0.000308
  0.19342999993266998815   0.18999999916895998764   0.12500000056429000361   0.13600001000000000451 0.000308
  0.1934299998078299887    0.19000000621648999166   0.12499997819612999883   0.1359999928140399883  0.000308
  0.19343000105954999412   0.18999998819371999303   0.12500000541604000537   0.1360000065819300108  0.000308
  0.19343000078596001012   0.18999999364528999402   0.12500000477316000613   0.13600000610044998828 0.000308
  0.19343000050000000445   0.18999999971623998674   0.12500000028439001154   0.13599999987351998887 0.000308
  0.19342999989511000525   0.189999998003370002     0.12500000499999999737   0.1359999977762400003  0.000308
  0.19343000003839000422   0.19000000182605999988   0.12500000499999999737   0.13600000081395000051 0.000308
  0.19342999998679999418   0.18999999937219000379   0.12500000062919999766   0.13600000500000000714 0.000308
  0.19342999957970000158   0.19000000108213999095   0.12499998908640999606   0.13599999653628999652 0.000308
  0.19343000019708000981   0.18999999813831000561   0.12500001005549998823   0.13599998859297998677 0.000308
  0.19343000013097999545   0.18999999839598000206   0.12500000768270000395   0.13599999394473999415 0.000308
  0.1934300001671100111    0.18999999900000000275   0.12499999850790000089   0.13599999850117999722 0.000308
  0.19342999980000000204   0.1900000004914600138    0.12499999822927999882   0.13599999822131000893 0.000308
  0.19342999985337999691   0.18999999913001999752   0.12500000199999999895   0.13599999869605999825 0.000308
  0.19342999985184999856   0.18999999912095000276   0.12499999868837000094   0.13600000200000000872 0.000308
  0.19343000032766000107   0.19000000225756999428   0.12500000257444998653   0.13600000258145000798 0.000308
  0.19343000022994999432   0.19000000040064998763   0.12500000451300000148   0.13599999423184999658 0.000308
  0.19343000016916001016   0.19000000014352999567   0.12500000354204998665   0.13599999692389000416 0.000308
  0.19342999995278001291   0.19000000030427999231   0.12499999968694000541   0.13600000100000000924 0.000308
  0.19343000005575000655   0.19000000049999998808   0.12500000009845999016   0.1359999996855000004  0.000308
  0.19342999997485998964   0.19000000004315001356   0.12500000099999999947   0.13600000014182000996 0.000308
  0.19343000009999999911   0.18999999982835000245   0.12500000017660001239   0.13600000073638998654 0.000308
  0.19342999991661000148   0.18999999932421998694   0.12499999903800000645   0.13599999843628998719 0.000308
  0.19343000005839999789   0.1900000001897899915    0.12500000068021999144   0.13599999570926998849 0.000308
  0.19343000000676000005   0.18999999992257998738   0.12500000018226001264   0.13599999728195999449 0.000308
  0.1934299999499999867    0.18999999984700999267   0.1249999997153399961    0.13600000013971000334 0.000308
  0.1934299999672199899    0.19000000019999999101   0.12499999992256000114   0.13600000003800999382 0.000308
  0.19342999997768001164   0.1899999999716600052    0.12500000050000001361   0.13600000002588000236 0.000308
  0.19343000001013999078   0.19000000001288000484   0.12500000002396000065   0.13600000049999999563 0.000308
  0.19343000009496000291   0.18999999996844998962   0.12499999983814000237   0.13599999929639999818 0.000308
  0.19342999989170001074   0.19000000059537000552   0.12500000021609999901   0.13599999967727000039 0.000308
  0.19342999994376999795   0.19000000040361000875   0.12500000020622001329   0.13599999994205000386 0.000308
  0.19343000001999999249   0.1900000000027499969    0.12499999999958000263   0.1360000000033800005  0.000308
  0.19343000000061999488   0.18999999994981001117   0.12500000002502001384   0.13599999979999999322 0.000308
  0.19342999999995999505   0.1900000000111999876    0.12500000019999998879   0.13600000001376000291 0.000308
  0.19343000000037999242   0.18999999989999999395   0.12500000001537001082   0.13600000010241999893 0.000308
  0.19342999997904000709   0.19000000013623999373   0.1249999997600299978    0.13600000008043999777 0.000308
  0.19342999993730999875   0.18999999999645000859   0.12500000004499001172   0.13599999960180000902 0.000308
  0.19342999995551998782   0.19000000000055999871   0.12500000003972999707   0.13599999982634999873 0.000308
  0.19342999999241999864   0.19000000005000000636   0.1249999999499299963    0.13600000001779999348 0.000308
  0.19343000000999999166   0.19000000004454001279   0.12500000002361999485   0.13599999999160000685 0.000308
  0.19342999999598001204   0.19000000000948999435   0.12500000010000000827   0.1360000000033800005  0.000308
  0.1934300000013199905    0.18999999999687999797   0.12500000000312000425   0.13600000009999999029 0.000308
  0.19343000000027998908   0.18999999989908999964   0.12499999992332999632   0.13599999988722000221 0.000308
  0.19343000000991000809   0.190000000081880005     0.12500000009692999181   0.1359999998061499904  0.000308
  0.19343000000752999523   0.19000000003640998836   0.12500000007653999656   0.13599999988021999053 0.000308
  0.19343000000071999822   0.19000000002000000388   0.12499999999579000654   0.1359999999845200036  0.000308
  0.19343000000499999125   0.1899999999993599864    0.12500000000459998706   0.13600000001689999118 0.000308
  0.19342999999960000523   0.19000000000174999126   0.12500000005000000414   0.13599999999865000633 0.000308
  0.19342999999838000891   0.19000000000707001346   0.12499999999850999743   0.13600000004999998615 0.000308
  0.19342999999630000607   0.18999999997181998834   0.12499999995110000484   0.13599999994993000607 0.000308
  0.19342999999787999221   0.19000000005514000589   0.12500000003365999146   0.13599999990639000114 0.000308
  0.19342999999873999872   0.19000000004056999403   0.12500000002601999172   0.13599999995479000736 0.000308
  0.1934300000020000021    0.18999999999707001264   0.12499999999289000685   0.13600000000681999879 0.000308
  0.19342999999914001208   0.19000000000862998784   0.12499999997999999835   0.13600000001920001247 0.000308
  0.19342999999909998854   0.18999999999139999263   0.12500000000819999624   0.13600000002000001142 0.000308
  0.19343000000085999734   0.19000000000824998625   0.12500000002000000165   0.1360000000098399997  0.000308
  0.19342999999890000962   0.189999999994650004     0.12499999999890999691   0.13599999994413999871 0.000308
  0.19343000000428001162   0.1900000000034899883    0.12500000002669001131   0.13599999995004000142 0.000308
  0.19343000000280000106   0.19000000000437999859   0.12500000001964001184   0.13599999997503001148 0.000308
  0.19342999999961998925   0.19000000000056999072   0.12500000000443001191   0.1360000000100000106  0.000308
  0.19343000000009999417   0.19000000000500000263   0.12499999999970999587   0.13599999999935000194 0.000308
  0.19343000000043000797   0.18999999999983999133   0.12500000001000000083   0.13599999999722001132 0.000308
  0.19343000000099999647   0.18999999999962999264   0.12499999999711999821   0.13600000000511999754 0.000308
  0.19342999999884999407   0.18999999999496000602   0.12499999998873999318   0.1359999999883099997  0.000308
  0.19342999999925999943   0.18999999999030001141   0.124999999970550002     0.13600000001317000264 0.000308
  0.19342999999966001279   0.18999999999479000312   0.12499999998291000392   0.13600000001233999991 0.000308
  0.19343000000050000753   0.1899999999996400124    0.12499999999880000157   0.1360000000001500009  0.000308
  0.19342999999991000726   0.19000000000062999828   0.12499999999499999959   0.13600000000060999406 0.000308
  0.19342999999988000348   0.18999999999799999095   0.12499999999876000578   0.13600000000080000873 0.000308
  0.1934300000000100106    0.19000000000023001268   0.12500000000076999518   0.13600000000500001018 0.000308
  0.19342999999970000857   0.19000000000149999679   0.12500000000666999789   0.13599999999344000723 0.000308
  0.19342999999908000452   0.19000000000308001069   0.12500000000995001304   0.1359999999981700014  0.000308
  0.19342999999956000945   0.19000000000221001217   0.12500000000673999745   0.13599999999990000643 0.000308
  0.19343000000019999751   0.19000000000001998623   0.12499999999904000403   0.13600000000136000522 0.000308
  0.19342999999999999083   0.19000000000100000785   0.12500000000004998779   0.13599999999993001021 0.000308
  0.19342999999991000726   0.190000000000030006     0.12500000000100000563   0.13600000000199999328 0.000308
  0.19343000000012999795   0.18999999999996000644   0.12500000000200001127   0.13599999999956000063 0.000308
  0.19342999999975998837   0.18999999999899000458   0.12499999999791000516   0.13599999999715001175 0.000308
  0.19343000000013998996   0.18999999999891001301   0.12499999999550999441   0.13599999999577999654 0.000308
  0.19343000000009999417   0.18999999999923999905   0.12499999999682999408   0.13599999999807999007 0.000308
  0.19343000000009999417   0.19000000000021000091   0.12499999999963999631   0.13600000000018000468 0.000308
  0.19343000000003998662   0.19000000000001998623   0.12500000000100000563   0.13599999999949999308 0.000308
  0.19342999999995999505   0.19000000000049999116   0.1250000000003400058    0.13600000000042999915 0.000308
  0.1934300000000200026    0.18999999999973998799   0.12500000000044000914   0.13600000000099998765 0.000308
  0.19342999999988000348   0.1899999999995299893    0.124999999998579997     0.13599999999889000879 0.000308
  0.19342999999992999127   0.19000000000056999072   0.12499999999803999839   0.13600000000209000461 0.000308
  0.19342999999998000682   0.19000000000041000758   0.12499999999902999814   0.1360000000014499888  0.000308
  0.19342999999995000304   0.18999999999989999888   0.12499999999991999455   0.13599999999995998623 0.000308
  0.1934300000000100106    0.1899999999998699951    0.12500000000049998894   0.13599999999994999422 0.000308
  0.19342999999999999083   0.18999999999994998667   0.12499999999996000422   0.13600000000049999871 0.000308
  0.19343000000020998952   0.18999999999962999264   0.12499999999949999718   0.13600000000008999335 0.000308
  0.19343000000015000972   0.18999999999983999133   0.12499999999970999587   0.13600000000017001267 0.000308
  0.19342999999998999883   0.18999999999993999467   0.12500000000020000668   0.1360000000001500009  0.000308
  0.1934300000000100106    0.19000000000010000556   0.12500000000020000668   0.13599999999993001021 0.000308
  0.19342999999999999083   0.19000000000006000977   0.12499999999994000632   0.13600000000019998869 0.000308
  0.19342999999999999083   0.19000000000044001136   0.12499999999944999551   0.13600000000033998782 0.000308
  0.19342999999999999083   0.19000000000028999247   0.12499999999970999587   0.13600000000024001223 0.000308
  0.19342999999999999083   0.190000000000039998     0.12499999999989999666   0.13599999999994999422 0.000308
  0.19342999999999999083   0.18999999999996999844   0.12499999999989999666   0.13600000000010001311 0.000308
  0.19343000000002999461   0.190000000000039998     0.12500000000006999956   0.13599999999953998886 0.000308
  0.1934300000000200026    0.19000000000001998623   0.12500000000003999578   0.13599999999977999132 0.000308
