250                       50                      -50                      -10                      308385880728.989929
250                       50                      -52.5                    -10                      309128246513.574829
250                       50                      -50                      -10.5                    308389212406.302551
250                       50                      -50                      -10                      308385880728.989929
250                       52.5                    -50                      -10                      329644582625.960205
262.5                     50                      -50                      -10                      352807359361.048401
237.5                     51.25                   -51.25                   -10.25                   278066114126.152527
225                       51.875                  -51.875                  -10.375                  245916420127.363129
237.5                     48.4375                 -52.1875                 -10.4375                 257517844843.461456
231.25                    50.15625                -49.53125                -10.65625                250218955872.396271
221.875                   50.234375               -51.796875               -10.234375               225892491161.095581
207.8125                  50.3515625              -52.6953125              -10.1015625              191899604917.235931
200.78125                 50.41015625             -53.14453125             -10.78515625             176525859453.941284
176.171875                50.615234375            -54.716796875            -11.177734375            129665562362.343719
182.6171875               53.0615234375           -52.2216796875           -10.7177734375           152373565912.462036
164.55078125              52.79541015625          -56.22314453125          -10.52978515625          120362611326.531433
131.201171875             54.114990234375         -59.569091796875         -10.466552734375         79709897283.313797
123.9013671875            52.1966552734375        -57.7264404296875        -10.8568115234375        65572302611.238808
 73.35205078125           52.35748291015625       -60.65216064453125       -11.09771728515625       28583786080.067795
 73.858642578125          54.723052978515617895   -60.884552001953117895   -11.628326416015630329   32622053186.274750
 44.6746826171875         52.8438568115234375     -65.6896209716796875     -11.467391967773439276   17612226729.338516
-24.29656982421875        52.735023498535163355   -72.42359161376953125    -11.842201232910159803   4177219552.899060
-49.114227294921882105    56.35004043579102273    -72.047901153564453125   -11.339664459228519178   3033737829.358054
-161.7572784423828125      59.217443466186523438   -80.713453292846679688   -11.420629501342780543   4518828857.762143
-94.301223754882826711    53.967809677124023438   -73.435010910034179688   -12.487401962280280543   1516845862.611717
-207.05242156982419033     53.894219398498542262   -80.367970466613769531   -13.497826576232920814   12304906500.447763
-121.03862762451171875     52.982125282287597656   -78.394780158996582031   -11.755166053771979762   2233190459.491146
-217.7273750305175497      55.660016536712646484   -87.498481273651123047   -12.614499568939219643   15658833106.948410
-144.95751857757568359     54.834383130073547363   -80.786901116371154785   -12.235303997993479896   3544523111.407814
-180.4092288017272665      56.332155764102928686   -79.908705055713653564   -12.066567003726969887   6808172471.023787
-63.324734568595893336    53.634306564927101135   -74.294869974255561829   -11.898292675614360547   2021665621.936288
-18.931888043880459094    53.632757849991321564   -68.299379982054233551   -11.504958577454090118   4687038509.030932
-113.45111094415187836     54.533976810052990913   -77.665020832791924477   -12.052717642858629787   1980595638.427049
-146.94362115114927292     51.209068731404826735   -79.846939784474670887   -12.757124708034110583   3847120901.220475
-73.57157575897872448     55.064797509694471955   -73.997660811292007565   -11.694029521429920138   1855251326.967987
-51.285694888792932034    55.61831999861170317    -71.301501105190254748   -12.311054847319619299   2714020836.698745
-103.60039444058202207     53.641173961368622258   -76.62146039554500021    -11.894138252158889202   1731202535.118795
-129.13741788070183247     54.969572414192953147   -76.564706500575994141   -12.165851013749499288   2394818535.294443
-79.777905396622372791    53.968123027243557033   -74.862329105835669907   -11.965182260148150561   1684501358.830570
-62.174438731381087564    53.786975277662349981   -71.793209778561504208   -11.967658355149989546   1932785977.486488
-74.993606784573785262    53.973725660760010214   -73.261162542119109276   -11.988923177077149163   1681895812.675628
-102.76498942935178604     52.710618653553638069   -75.092320665474971975   -12.473793304402320814   1633109588.775144
-72.318468242133349122    53.668964547972002777   -71.703951216186965212   -12.56351209979506045    1635012957.833382
-92.411238708848486567    53.192436242461276663   -71.883893561071943168   -12.791633011629260253   1411647718.586031
-98.727905364961543455    52.804592850070136478   -70.394675788690079798   -13.204858387369810657   1364532521.543767
-109.06268661109095319     52.602267203599886614   -72.05181674807397485    -13.375859699846589734   1591417118.607220
-130.10993433801019137     52.373679644201843075   -73.782960839949623733   -13.207444577154440424   2356152893.324534
-86.766334766102559684    53.345143322029457522   -72.223703622127629842   -12.724495219134910329   1447254477.237453
-91.664085819167141267    53.64928787285811751    -68.960282868987974325   -13.422514329913479258   1301302125.768515
-86.113634014074818879    54.118622482510367888   -65.8942639707444755     -13.896874842669049599   1213463161.032550
-73.891862338919906961    54.515816962267102497   -68.922010397724193353   -12.780955505880440271   1539242348.517912
-82.684568406962668519    54.037429522600298526   -69.704461985311638728   -12.929681554371979857   1396915297.975977
-82.844997521167968557    53.185084411481099664   -65.673541773402746458   -13.890553039492600007   1179270744.207436
-77.11688440431053948     52.793721778659637778   -61.792807205087029843   -14.592128578098749969   1070491004.564949
-85.555161329052239694    53.532039994890773471   -61.669400852788982093   -14.587276462119890041   1029315549.897745
-84.949574610527079699    53.625488331321420787   -56.392249468119658218   -15.518667083612379898   867152290.522960
-90.769430789974322238    52.633783198680497151   -57.532536231008990057   -15.676582891503020534   854059172.755909
-94.811861981480134887    51.931960036720596463   -51.446573353857672828   -17.05003356006854176    693142264.599832
-72.768072140234750123    53.430303464535882085   -47.368271210214352607   -17.323993644854549956   755257625.922891
-78.70956255420142611     51.77211432310839001    -42.605686647894870589   -18.345536590648059416   512461846.093205
-75.007526824264729726    50.598860243407401072   -30.961397986470071686   -20.56986746463757143    334549760.328051
-86.651633373942800631    51.999584259333026637   -31.291438804243860261   -20.639152298487768888   337029247.929342
-79.669972549434120879    50.354865670677028788   -24.141591209273318697   -22.272856400411839672   249042429.090472
-77.030171518887641469    48.719554340354832789    -8.0162620798501400543  -25.649951058811570448   151203967.175870
-93.98252470905292455     48.194675975372049948   -13.489564901996519808   -24.630508546148181637   202650280.337663
-71.524066231593920406    47.824377372513069417     9.567241467577380476   -28.694706123974011547   151923509.630297
-72.12051126795681455     45.66914970649064287      9.8414470538741802841  -29.133364298297898642   109072040.871600
-64.854950214963821509    42.503932430069440329    30.407889982933209438   -33.38047029820295819    150926435.358176
-82.321110039480927867    44.605018453957903546    29.912828756272521247   -33.484397548978272141   156735551.805793
-57.515404819906720491    45.214373961286192127    34.142192500933489896   -33.850700968882712516   310318115.861437
-84.865744736766373535    47.449600471850587269    -1.5816255512640200465  -26.935556651831809916   126707780.177334
-70.449136838121447113    50.226322491646676838   -25.007428311103819141   -21.722391517479369583   301174504.821189
-79.353116739141057678    46.010344463380093316    16.182764489428439703   -30.543896041103550942   119068465.059585
-85.160705899782030315    46.099947118525008705    -1.3540795114831500889  -27.436677901048401651   120499371.696061
-83.719867802935510781    43.894966539768340397    19.560515320127869643   -31.37479638732926901    117177574.018901
-75.311356118141333127    43.387603442231451822    23.696949227237688262   -32.308810662057751983   113171026.921781
-70.091720064305334859    43.381084957410273262    35.994917556817242144   -34.243755793345840743   186561795.728602
-81.393459440912863556    45.420231578246323068     7.9831697555919500786  -29.13844737412275876    103722091.737666
-76.919480575832210434    43.175631169988278657    14.358276188987399991   -30.433813319800290031   88548849.392197
-75.702662494177786812    41.758274523292371327    13.446032038766890793   -30.378771959148661352   77728075.696231
-68.544126857658881136    44.222663085362071911     7.923283717607479737   -29.104900759484269912   93065066.563491
-73.569023912211832794    45.147556004464249213    -4.0999829443174400367  -26.568931533469040573   98198692.296280
-77.484125084523853388    42.605212889191861336     2.7848042299502600017  -28.462161514814468433   81028658.751065
-66.256509733373320614    41.446621672908960932     2.0438987654116500536  -28.118935509335461376   63033589.968255
-58.688034879603549143    39.459816720240269206    -0.92573672967850995086 -27.609179576941819789   53970426.360765
-66.640450745770181129    38.875427604579030572    15.714174572640500216   -31.20857537172556917    56802891.078351
-70.713509744378796995    37.126702783289701415     7.5863533382320902376  -29.72444345183098946    53004637.832156
-71.798201187738754925    33.578722632253523273     7.4178881485444003729  -30.034214798004349234   60147492.075417
-58.388203847441317862    36.004897926508832029    15.125607380030229976   -30.998323665009060335   39725763.121452
-48.840243228900050099    32.704740445167317375    21.296008955070210078   -32.266404740106352733   38279852.704699
-46.738456805148501871    32.325069253345787956     8.3893680293652597157  -30.025529611153711329   21882434.031967
-32.256353960633859401    27.608466618372499823     5.8610360246644397364  -29.848908437156229212   14803364.316437
-38.608620160987960901    29.574435678955868667     1.1946562215036100607  -28.51589273129212998    16352702.590359
-36.521328667846788107    24.04735604265243154     18.894763999413680011   -32.568645103251029127   13441895.876558
-25.437975561968411142    16.341125703858498497    28.805014363959788426   -35.048377866405630243   27946182.830414
 -7.3997632648055295945   19.840796609284350183    16.036879262093879817   -31.875482054071881066   21292846.083438
 -8.5527897982370202357   17.830787029465259508    -0.30234120123240998401 -29.138059422779278407   11158699.234293
 11.590936917094499137    10.393810321614230574   -11.101516279383709218   -27.573886764115741244   33434286.224195
-50.569783029047286504    29.689726075438681363    -3.2128217399192200432  -28.160270793167448744   22389480.441280
-18.192268205865971709    22.303028975822929425    11.224454011590610847   -30.946679238845778315   12806759.164753
 -9.1527501553038597137   16.320383654200689705    16.644300195714549773   -32.735253369724020445   9859520.350048
  5.5751848475381997616    9.6933576418231108818   24.369122182820021294   -34.844933688939981664   19094865.820108
 -3.9532144529929600374   12.642311232698149936    17.369552478078780666   -32.845410130143818606   8938861.336165
 10.198355300827490311     5.1592335398609803221   23.123810704785949355   -34.343660976637622184   19382995.274814
 16.595817361646879817    10.500899403441080082     3.5732187426620898307  -30.264055977495420535   21361792.465014
-23.242042160473371126    20.660741882849588791    15.064377685225780468   -31.992497821812129644   8339313.115543
 -4.2581300776376300732   11.424082923783920762    13.163490567302739365   -32.408931133383852341   6212367.300528
  2.7089389864765300864    5.9846098977644102135   14.133008845158800071   -33.140057080652880472   10546597.734312
-11.750278624966890462    12.692972817300910648    31.423201664393328514   -35.852986804752632111   34396327.100674
 -9.3521620049194904567   16.546333476424170073     7.6290445151740300389  -30.816791268272620385   6158859.513607
-11.250024192707870796    14.316351103677229517     9.968932427176110167   -31.296561807082188267   4443548.218589
-12.29866121140987012     13.314334828415489653     6.6312485429069001341  -30.577216025761270402   3989840.215324
-20.622283274227221739    18.330435323038440032     3.8745281772259398956  -30.052307994471121333   4614581.769087
 -0.02357612362374000153   9.1468513929814196928    0.58477821607902003009 -29.935125389132309692   6603132.727968
 -5.8281926328361501888   12.025324015448459747     4.2046780833657102505  -30.449468497302259351   4753396.035734
-19.792519484058740176    18.684130897879359878    -1.9937409079664500933  -28.538960759519788724   7287000.878754
 -8.1417274292429091531   13.239094917307779653     9.3741826984854395022  -31.441438539917839989   4580851.310004
-14.09327026893858914     11.908261065680919799     4.4132742358179699593  -30.443424260453628705   4976132.680673
-12.907993202933809584    13.067779168366730147     5.2172168056569798722  -30.536766012408378401   4228327.887289
-21.157139926070758662    16.950498103115759108     8.3439100287719192295  -30.854395788977051041   4064051.104739
 -6.6304776106014502446    9.9554181855644401367   10.908750860684680362   -31.65260018906115036    5982095.818207
-17.124331858320779531    16.23668103866993917      5.633083848090629786   -30.452381043118631254   4019922.832112
-23.602335670124698908    16.545551651976179386     3.5385469142277701238  -29.768940895214829112   4692195.406364
-12.006879489463360144    14.06570910097488003      7.9152737524210197151  -31.023314128742089935   4101060.626109
-18.385513039698569315    17.215832367221299393     9.0445412804382598893  -30.916887480891141138   4203916.610663
-17.016133080507380271    16.178819067507660634     8.0877101617429403291  -30.821857113770448677   3965192.926850
-21.791253548691038588    17.274457417879549581     6.4327025383351799093  -30.329610857071610752   3954006.996123
-26.683440578304878699    18.878831576331879916     5.6914169312922497923  -29.982759221236371161   4420115.678551
-12.958049923393780034    14.551648073120560412     5.0484625167659098466  -30.236136730883938384   4026898.859375
-15.00782242406302025     15.151360580619359197     5.8723243947674097498  -30.390701495407220989   3901959.641012
-15.932603274014869754    14.722804908541089475     7.878908970785589716   -30.607311702886651261   3866976.502328
-15.336738981861920195    13.965866843476669956     9.0018215321330607992  -30.684777032770650607   4101005.285684
-22.575244952228281647    18.349386158858340679     7.504574489908660162   -30.497524558806698991   4090171.101153
-14.867807146614479663    14.573097661026199745     6.8495800296573401411  -30.557293159022631102   3862093.671827
-16.783610116184330963    14.682041216525439253     5.4290478050298203172  -30.120601493423620809   3888611.590566
 -9.5046679317473099502   12.290194765476499583     6.5822280617848996087  -30.508343068298451328   4096913.576640
-18.71960714445511087     16.028391754778791523     6.4700839191976102782  -30.374293909878318232   3837501.590208
-18.143991416571381592    14.851807189816399912     7.4414859675677700324  -30.439048637198389713   3947492.111028
-15.791864672190110142    15.076472232918620264     6.2646147879675000425  -30.402788280855020275   3838115.485119
-15.872331002452959581    15.518342062106910362     8.3025460487742002158  -30.850242032897689626   3954914.367037
-16.555790337751489005    14.891116427920810139     6.1474223659659203989  -30.30301162829213979    3829863.241584
-17.034931376490721533    15.561734129781120473     4.9869415806086001552  -30.211381786137408767   3964602.485806
-16.208185299633829146    14.932537213851100333     7.1559171232413403274  -30.508329223699341526   3827394.414215
-18.76991658040078903     15.891161153708459608     6.1694390685288498233  -30.23691836233977881    3813630.769209
-20.720971297293949931    16.550192900049598421     5.8293685879646002235  -30.076730963998361545   3865249.324662
-19.334885008930498884    15.795131042210959649     6.7068164504993603714  -30.308488281249768903   3842004.729727
-16.677619756375211324    15.256136935241709551     6.3751652036004697877  -30.379213280953710097   3817373.547721
-15.386148842625550159    14.457084110582249181     6.4538879614706798904  -30.33944233776416155    3822636.860621
-16.965144901766201713    15.377343278770949198     6.9297823124547504037  -30.428939974086361531   3792116.452434
-17.169822183773561619    15.620456704196019615     7.320962285699169847   -30.491904146983468848   3791605.031222
-17.793568381953718927    15.679882238013119533     6.0038101364082496758  -30.215409840321221679   3793689.681804
-19.81931460862609029     16.766734404997400532     6.4808003856476901205  -30.32228047753493172    3851045.113477
-16.494440284125690965    15.034496684186040127     6.4606160675149295614  -30.335151872706848764   3793477.759957
-18.436253958751670723    15.85686145481010989      6.6022485754751301101  -30.260478830221948954   3764815.913320
-19.315571059939898646    16.157223714594309172     6.7157902614124598273  -30.201111604856070159   3755278.509350
-16.616784374495651377    15.354868516786289945     7.0811503069885501915  -30.384870370094020586   3758897.603175
-17.004740569213680601    15.403640571868210785     7.7854493243993099227  -30.491109156998980723   3787457.014306
-18.559018809585708709    16.233598069536380848     7.9910600217348202179  -30.449345766759421394   3785260.968019
-18.5782352228439116      15.954208732196569542     7.4657626715683997887  -30.271314302370768701   3716811.011872
-19.282441742379081262    16.121084746196849835     7.5381628645030200886  -30.161019380064431061   3690892.158587
-19.882167423986491173    16.529746951688711221     6.8776324029201196808  -30.107064403887989101   3708833.824508
-18.989463490814859625    15.847863895096699238     6.1153078961772600053  -29.97768711269182873    3719813.150355
-22.118037484064519305    16.973091137002001005     6.5422964055178800535  -29.838570880656138939   3755546.320132
-20.742724206672299658    16.568535481948071464     6.6770098808855502526  -29.975145753015610239   3715445.327869
-20.132827371986468989    16.376391822870861148     6.8882662608305098573  -29.909346719973861184   3642003.423342
-20.541455528009748832    16.485975877009128254     6.9745042605395397572  -29.763464277532751368   3597641.202822
-21.234930959708940179    17.004807633324681149     7.9183468082468504434  -30.025659794558560378   3705660.906782
-19.727773620369831065    16.502272122161620871     7.9773132872192196174  -30.053458175006259268   3648860.801774
-20.511133501247311273    16.52732323765743061      8.3265312073342006016  -29.894736409693020818   3639859.187132
-18.796471236294049589    15.813520358187840742     7.489909001551139589   -29.910679326589669103   3580833.087133
-17.577241374586598965    15.217876720619420539     7.275690098203280165   -29.85318909260523057    3565582.287449
-19.896360269727658476    16.24563923252695119      7.7388565621451004262  -29.62140459735419995    3489969.467848
-20.20331953340194886     16.307916475692000091     7.8392034109661397068  -29.3515972059990915     3402805.188949
-19.688801348252969348    15.767274033327369764     7.2306512013023596097  -29.378035317908789636   3442888.837503
-18.49427539087832173     15.36219831566653049      6.3334932781714599059  -29.278406537329910719   3415810.822542
-17.440363295550170619    14.841656895643529523     7.3650147337820799365  -29.167149799388759845   3335197.794159
-15.889817179320379736    14.01949740496072927      7.560269970403349582   -28.868992560316758755   3295175.319490
-19.56086535134021176     15.510566394203889828     7.2061188322183697963  -28.585326718172048288   3175992.879200
-20.552677339717021709    15.656911230996129802     7.171333199225919941   -27.951395530955448265   3025715.900816
-17.881243373405858677    14.905987680330330392     7.2214987280810802872  -28.347160599391820313   3051987.110392
-18.769253322044288979    15.082958080323059846     8.5626593761667901816  -27.981166411001641592   3046313.652796
-16.343176073841828355    13.524760722613130781     7.4186772259724298451  -27.222760344833748292   2935149.432209
-14.413104344061769879    12.133182846073690797     7.2084141334755802433  -26.158341914251071358   2975546.151811
-20.883357875184131558    15.565811452170599694     7.6268142943197601014  -26.882248882774568699   2755841.598635
-23.380128223115999475    16.338968475775530464     7.6600864562779698019  -25.888877044003479      2643152.209834
-21.641374105953708806    15.395811574523600385     8.1848794007404706008  -26.174939066005340038   2772968.366551
-22.189424549269990194    15.375267921631140311     6.6548287649416097977  -25.637819581897371535   2647662.346578
-21.224374136373750588    14.660493116275569392     7.7879027247403200818  -24.510802487414519391   2517085.154587
-21.560222534702109698    14.162284058915290075     8.0961874874975201521  -22.790505965644058506   2492059.132137
-28.042398632679070403    17.111405292809649836     7.8793138287563602162  -23.0233104839413798     2772100.914533
-25.944712863929879632    16.098151300042211176     6.9603288679962602714  -22.495317471737799053   2444474.182311
-28.096382242917961491    16.449321162801510354     6.3480536016241497776  -20.655506674604040995   2524928.065627
-18.494845452829920873    13.875930585372440618     6.8064019596003202395  -25.382949547699979576   2525627.762272
-22.50052998801897175     14.862399288421599408     8.1066736207444201057  -22.641005432645290085   2305346.369223
-22.656082707393448317    14.605964971816819187     8.8325960486458292564  -21.142598358019238702   2288909.864584
-20.947803556311679785    13.032196982297849175     7.6876707255919995987  -20.016808627547060695   2464770.212658
-27.059565378338639619    15.073368071163640636     8.9819896052654897289  -17.839665663774098903   2765750.795696
-20.636025434207098783    14.175289956820240178     7.3502988710166103914  -23.497128576718509407   2349797.042649
-23.532089746218950665    14.793517546573269783     7.3192597691278296068  -20.785420551367248976   2137252.686734
-24.518023351977369373    15.109134290402259637     6.9307959099429803373  -19.782877844228838882   2023896.012277
-25.929618622442220044    16.962073277242918579     7.3493391232088400855  -23.442152497805128775   2339679.578120
-20.925162194080190403    14.328079948098899621     8.2711861084108697639  -21.437061166648060606   2023603.131952
-18.41538685915534046     13.443044272127249172     8.9266147286181798393  -20.907933014103189606   1997382.103972
-25.123530336277088537    15.884818448974380445     8.6693740341913105851  -19.140652280359688575   1920736.941056
-27.367282787312088743    16.73958269505144969      9.3289116157786491357  -16.962414132180281712   1965852.077165
-19.426893004959399747    12.559407714417439195     9.3303512374903103677  -17.044878250550350884   2240098.388078
-21.085834068791150742    13.892237391143849479     8.095971906475559976   -17.2955723366018006     1630320.329820
-20.300709749490000178    13.535373600807359296     7.7276598353904297767  -15.372059325893079773   1393976.199897
-24.751932143490510185    16.426777591738179751     6.7968710165811403456  -20.55688298174204931    1692122.041563
-19.777756192229098531    14.535872666421330024     9.1294638974475503801  -18.205885956820168303   1408972.583308
-26.561577351588010032    16.748376881843380914     7.2350696631870397013  -15.729807258304299822   1432922.463041
-20.572457382121719149    14.738381921430750765     6.7751581721117704049  -15.791665481020109141   948944.316053
-18.296920905044039785    14.165163657658929708     5.8280502410719998707  -14.117172081350309654   650624.818465
-17.716549955685071183    13.06561581162732999      8.1632508019673704069  -11.155579329441879466   917899.251116
-11.484391049636089477    10.902635986414090041     8.1891427247516404009  -13.695541088448420552   1206404.280549
-14.121529637698499116    11.298521861832529822     5.8245879041431702916   -8.9642899557466808602  816104.118439
-10.508986024541849602    11.180595057959079597     6.2748560005766602643   -8.5942319016005708221  517545.636271
 -5.6131241620677796433   10.003205786534939747     5.548454083169779949    -5.2053181894543101293  363867.857148
-16.389671280611608495    13.363617572412779921     4.4930287904245203023   -6.0256386895481703903  305790.290626
-18.842311396099368892    14.594108365412120421     2.644971823260959809    -2.1906874900980399801  240801.176781
-10.720393094769770315    11.964884024091929859     1.7597812238555901043   -4.0831545288827904017  154327.328102
 -7.2223146643121198807   11.414518130324230683    -1.441953565200309928    -0.54694212860324997738 115212.322209
-10.865805926063160314    13.789976108132579569     0.46517338700804999885  -2.0657699890062701797  119777.595900
 -2.9748571692271701394   10.735740537543010831    -2.2197273769527599008    9.1128131827693703571  279487.224798
-14.339520415783130858    15.263965784171029227    -5.824221949111810126     7.3600249769852199577  223638.443134
-22.6601190319017185      16.795543656476969119     0.14171222493120000374  -7.8345004981305397251  450978.950179
 -7.8961726348958096722   12.250691317276499959    -1.6293674764817700495    4.875984762544390172   123176.449942
 -1.3195954244277399159   11.765467304540049298    -6.8601566251538796948    7.0023363010580901289  553409.330608
-14.461632403181459594    13.886948100194100419     0.26868971115724998855   0.10756845769098999366 101022.278547
 -5.8834423984431403198   10.40710104379266987      4.6554929773534201587   -6.1746044256722898425  290563.601550
-12.225500911448129671    14.049749599076440276    -3.2042932174955001123    3.9763676263208398431  118011.410523
-14.491454317606629942    14.319904651587179956    -0.32682436578349000067  -4.140372779343239884   115793.194097
-13.334645222211010562    13.045584132458399651    -2.8173641056690801321    1.7640805770389400564  125568.675014
-11.483015750100120655    13.603878114214030148    -0.35546098616123000813  -1.1083073474949700632  95076.694546
-11.603707656152039362    12.562874899083329439     2.2765186145016098607   -6.8203945251960798046  160935.144612
-12.070052597624110646    13.678030924078159458    -1.8340902594962200656    1.2771770884416100422  93646.322308
 -8.1270533900022794427   11.971782982818080399    -1.3545831840667699186    4.0051208143604304368  112178.790177
-15.848562406141869729    15.155801930327960747    -0.19576879408317998665   2.6877216351022799046  128750.308723
 -9.3788765997695602294   12.349839080325159202    -1.1304073724210299545    0.26172381232313002286 92997.952854
-15.569735285335349673    14.787565126587649544    -0.17105126939383999418  -3.7360398088800499394  125540.608530
 -9.9877238638355496647   12.675728518760470465    -1.0587002053985399286    2.0698306585503098987  91525.639298
 -6.9982020024832101157   12.266790218494810105    -2.458019122895759967     1.1426436482190500676  131409.392411
-12.595774803006900555    13.481908629769279173    -0.41298749735599998845   0.3663372553230099804  87346.831893
-10.53319818201794078     12.488875462252510218    -1.8626316811746699287    3.0958417548139998132  101508.751693
-11.245561358079580572    13.32512745122365061     -0.73225365991459001602  -0.05727007191773000189 88749.558376
 -9.5339157147216901933   12.238270915961120267     0.16691589195114001076   0.04313373869775000147 95350.104927
-11.43601837689850953     13.318090922048899216    -1.3338387216343801089    0.96866625100564995865 88498.212383
-13.253662601140710819    14.050588680575989642    -0.63848266973072997921   1.4120582341574900997  93942.363863
-10.347573100112349209    12.775026480387870365    -1.0074261967484499092    0.54930741778171998657 88162.002508
-12.82473995521312915     13.774348222954380105    -0.68455283242816999945  -1.1563102324539800136  91204.032493
-12.115485932368729394    13.499693296905899587    -0.77808967567076003924  -0.34977500970290997806 87692.820017
-12.001864748113669989    13.21223221333231912     -1.0339173857901999831    0.82453802912147000637 87476.882859
-12.094330914902320373    13.166339388148790235    -0.28237165614831999383  -0.27346240474400002052 87966.630246
-14.056155099083460058    13.90506028369027014     -0.24625691073419000987  -0.26548848278293002423 95426.520048
-11.274718599855129142    13.05753493121346942     -0.81713387524488001468   0.34560844264056000963 86389.886219
-11.899591126769889726    13.459345147461689862    -1.2386925608826000467    0.86681676343506997018 88056.473964
-12.045645967869209159    13.239590827977020027    -0.52145188233188999316   0.01160738730076999944 86706.318537
-11.843516127053730358    12.9959400042401505      -0.61465564469072997422   1.1238205668958201056  89884.259711
-12.047493481039980523    13.373754973739460539    -0.73723116792575005274   0.01862388444676999974 86551.130332
-11.9799516777719397      13.364162468017299901    -0.21048482563906001364  -0.45344954426591999042 86328.856319
-11.968995142601080772    13.440127595359790291     0.20123145443650999886  -1.0924433309596099928  87804.275278
-11.078130060261230483    13.035612970704349323    -0.73016337821479004866  -0.40514217026192000937 86763.017590
-11.457541245947650665    13.147186885470580009    -0.65086940800008996622  -0.21227231386569000993 86209.137766
-11.334206534438139968    13.231728801243379579    -0.68640775607299997496  -0.16235215282290998973 86817.511769
-11.867786109511440529    13.237625321293609915    -0.56269085076716995886  -0.03188249773014999872 86226.612551
-11.242505335503100383    13.029499829258019972    -0.38335831189984997946  -0.19462184105736998752 86255.487273
-11.999173584511940049    13.331702320806289919    -0.08656782290820000392  -0.79172154110013004402 86677.337577
-11.455832346019329648    13.126076778611670548    -0.6344923621607100328    0.06127594670539000116 85994.452931
-11.031880840718820025    12.906031939299639433    -0.90522064077484998279   0.26469919129201002761 87121.142566
-11.742933968508660669    13.249629835837890113    -0.38416877942300997617  -0.27391236037644001167 85980.146792
-12.019541499490440373    13.35075958134886065     -0.73275238827564004307  -0.03377377157607999725 86421.721147
-11.43676437649994071     13.109814767280729697    -0.47070683099380000725  -0.15440982368705000183 85996.295333
-11.178749858976349429    13.07872881230682971     -0.5074278395216399451   -0.25777677788175001883 86192.170525
-11.449599029054489563    13.134938211547979137    -0.34752849804948998669  -0.10013919375424000513 85857.327872
-11.4456279206079099      13.128813874586679589    -0.19585804307418999692  -0.04407263369850999979 86050.014483
-11.863815001064860866    13.231500984332310367    -0.41102039579186999685   0.02418406232557999969 86195.750283
-11.350016144498480841    13.11692185531319943     -0.48332597858920001155  -0.18728656782992000873 86059.869455
-11.692548715542729454    13.193307941325940646    -0.4351222567242999939   -0.04630614772624999653 85996.909666
-11.606915572781669965    13.174211419822750457    -0.44717318719053000819  -0.08155125275216999758 85886.050879
-11.690876081682139542    13.232613355629419871    -0.43597458241807002244  -0.04275360640168000131 85979.953367
-11.789329979994150222    13.269619632807350129    -0.1729301613798399917   -0.31045415334766002236 86087.679151
-11.539206754513040565    13.161962492160590443    -0.51910181196548998983  -0.03165657830786999805 85875.410768
-11.400364750507009148    13.10223290374248073     -0.49072026038878002741   0.14586204476845998634 86040.072702
-11.657291664008250009    13.212780602814040876    -0.41080664966445001873  -0.16896875909021999429 85972.561176
-11.435630428496590838    13.109333007543259697    -0.42633049101691000704  -0.14840428555057000315 85965.559780
-11.358384228414649897    13.077441962723250768    -0.4592603444467600049   -0.0119068960922100002  85979.953435
-11.582564805109850425    13.178945942791349566    -0.42292007336003001328  -0.12970329334072000504 85944.939481
-11.653512652232940638    13.215696025618079545    -0.44203129426586001971  -0.02312087352692999975 85977.016991
-11.490100984430679176    13.135923762061970876    -0.43025569182915002209  -0.11708343254465999883 86063.246357
-11.528257300918079764    13.154574815685364797    -0.39735084262000996969  -0.09084522325320500136 85859.869762
-11.516081917082169994    13.156942077169663463    -0.38522428570475997223  -0.11492124354748001203 85856.316622
-11.494402891783764176    13.14845035185428479     -0.4333151550074899605   -0.06589788603105500853 85946.158958
-11.4426147287755402      13.122135609545619417    -0.38692949453320002462  -0.12427173965240501108 85918.793309
