  0.25                     0.39000000000000001332   0.41499999999999998002   0.39000000000000001332 0.005312
  0.25                     0.48999999999999999112   0.51500000000000001332   0.28999999999999998002 0.005372
  0.3499999999999999778    0.48999999999999999112   0.41499999999999998002   0.39000000000000001332 0.059665
  0.3499999999999999778    0.39000000000000001332   0.51500000000000001332   0.39000000000000001332 0.038906
  0.14999999999999999445   0.39000000000000001332   0.41499999999999998002   0.48999999999999999112 0.024212
  0.14999999999999999445   0.28999999999999998002   0.21499999999999999667   0.39000000000000001332 0.019672
  0.05000000000000000278   0.39000000000000001332   0.26500000000000001332   0.39000000000000001332 0.088340
  0.2750000000000000222    0.39000000000000001332   0.45300000000000001377   0.39000000000000001332 0.009536
  0.31300000000000000044   0.39000000000000001332   0.38400000000000000799   0.23999999999999999112 0.038089
  0.19100000000000000311   0.39000000000000001332   0.40699999999999997291   0.42799999999999999156 0.008467
  0.33300000000000001821   0.54000000000000003553   0.68000000000000004885   0.35899999999999998579 0.033140
  0.19600000000000000755   0.35299999999999998046   0.33100000000000001643   0.38200000000000000622 0.006017
  0.16900000000000001132   0.42199999999999998623   0.38100000000000000533   0.35499999999999998224 0.009462
  0.19500000000000000666   0.41399999999999997913   0.39900000000000002132   0.36399999999999999023 0.004602
  0.25500000000000000444   0.43399999999999999689   0.42299999999999998712   0.28499999999999997558 0.007246
  0.23899999999999999023   0.42299999999999998712   0.41899999999999998357   0.32100000000000000755 0.003355
  0.27100000000000001865   0.50600000000000000533   0.54300000000000003819   0.30099999999999998979 0.011097
  0.21499999999999999667   0.39100000000000001421   0.38400000000000000799   0.36199999999999998845 0.003093
  0.2000000000000000111    0.31900000000000000577   0.29399999999999998357   0.42899999999999999245 0.007731
  0.23699999999999998845   0.44700000000000000844   0.46000000000000001998   0.3250000000000000111  0.002876
  0.19300000000000000488   0.44800000000000000933   0.4159999999999999809    0.29599999999999998535 0.002173
  0.16500000000000000777   0.47599999999999997868   0.41699999999999998179   0.24899999999999999911 0.005374
  0.24699999999999999734   0.44100000000000000311   0.44100000000000000311   0.28799999999999997824 0.004947
  0.20799999999999999045   0.42099999999999998535   0.40899999999999997469   0.34499999999999997335 0.002585
  0.18800000000000000044   0.43099999999999999423   0.4159999999999999809    0.34300000000000002709 0.004820
  0.22600000000000000644   0.4249999999999999889    0.41799999999999998268   0.32700000000000001288 0.002137
  0.21699999999999999845   0.47999999999999998224   0.46800000000000002709   0.28499999999999997558 0.001067
  0.21799999999999999933   0.52400000000000002132   0.50900000000000000799   0.24599999999999999645 0.001489
  0.18499999999999999778   0.44000000000000000222   0.39600000000000001865   0.30199999999999999067 0.003412
  0.22400000000000000466   0.44500000000000000666   0.44400000000000000577   0.31900000000000000577 0.001798
  0.22200000000000000289   0.47799999999999998046   0.46400000000000002354   0.26900000000000001688 0.001437
  0.25200000000000000178   0.46600000000000002531   0.48099999999999998312   0.30399999999999999245 0.005630
  0.20799999999999999045   0.45300000000000001377   0.43199999999999999512   0.29799999999999998712 0.001205
  0.20999999999999999223   0.50300000000000000266   0.48599999999999998757   0.25900000000000000799 0.000738
  0.20100000000000001199   0.5420000000000000373    0.52000000000000001776   0.22400000000000000466 0.000868
  0.20499999999999998779   0.51200000000000001066   0.48099999999999998312   0.23699999999999998845 0.000710
  0.19500000000000000666   0.54600000000000004086   0.5                      0.19500000000000000666 0.001423
  0.19800000000000000933   0.49599999999999999645   0.46999999999999997335   0.27100000000000001865 0.000958
  0.20699999999999998956   0.54300000000000003819   0.52100000000000001865   0.22800000000000000822 0.001058
  0.19300000000000000488   0.54700000000000004174   0.51100000000000000977   0.21299999999999999489 0.001006
  0.19600000000000000755   0.48599999999999998757   0.45300000000000001377   0.26200000000000001066 0.000943
  0.211999999999999994     0.45200000000000001288   0.43399999999999999689   0.30199999999999999067 0.001231
  0.19800000000000000933   0.52300000000000002043   0.49199999999999999289   0.23499999999999998668 0.000686
  0.20699999999999998956   0.51600000000000001421   0.48599999999999998757   0.22600000000000000644 0.000960
  0.2000000000000000111    0.50100000000000000089   0.47399999999999997691   0.26000000000000000888 0.000725
  0.21099999999999999312   0.5340000000000000302    0.51400000000000001243   0.23400000000000001354 0.001158
  0.2000000000000000111    0.49799999999999999822   0.46800000000000002709   0.25500000000000000444 0.000678
  0.192000000000000004     0.51400000000000001243   0.47199999999999997513   0.23499999999999998668 0.000830
  0.20499999999999998779   0.50600000000000000533   0.48199999999999998401   0.25300000000000000266 0.000637
  0.2039999999999999869    0.51900000000000001688   0.48799999999999998934   0.23000000000000000999 0.000774
  0.20100000000000001199   0.50500000000000000444   0.47699999999999997957   0.25300000000000000266 0.000647
  0.22000000000000000111   0.50600000000000000533   0.48199999999999998401   0.24699999999999999734 0.001671
  0.20100000000000001199   0.50600000000000000533   0.48199999999999998401   0.24199999999999999289 0.000634
  0.20100000000000001199   0.50600000000000000533   0.38200000000000000622   0.3420000000000000262  0.001320
  0.20100000000000001199   0.60599999999999998312   0.48199999999999998401   0.24199999999999999289 0.001313
  0.20100000000000001199   0.50600000000000000533   0.58199999999999996181   0.3420000000000000262  0.003105
  0.30099999999999998979   0.50600000000000000533   0.48199999999999998401   0.3420000000000000262  0.025508
  0.30099999999999998979   0.50600000000000000533   0.58199999999999996181   0.24199999999999999289 0.027941
  0.10100000000000000644   0.40600000000000002753   0.28199999999999997291   0.14199999999999998734 0.029072
  0.18900000000000000133   0.50600000000000000533   0.48199999999999998401   0.20899999999999999134 0.001077
  0.19600000000000000755   0.54300000000000003819   0.45300000000000001377   0.28999999999999998002 0.000752
  0.20599999999999998868   0.48499999999999998668   0.46300000000000002265   0.2670000000000000151  0.000713
  0.2000000000000000111    0.51300000000000001155   0.48499999999999998668   0.24299999999999999378 0.000641
  0.2039999999999999869    0.5170000000000000151    0.49499999999999999556   0.24099999999999999201 0.000669
  0.20300000000000001377   0.51200000000000001066   0.48799999999999998934   0.24399999999999999467 0.000636
  0.20100000000000001199   0.50600000000000000533   0.4829999999999999849    0.29199999999999998179 0.001074
  0.25                     0.4590000000000000191    0.43199999999999999512   0.24399999999999999467 0.008076
  0.18800000000000000044   0.45600000000000001643   0.5170000000000000151    0.24099999999999999201 0.002617
  0.25100000000000000089   0.51900000000000001688   0.51900000000000001688   0.24099999999999999201 0.008711
  0.19100000000000000311   0.5510000000000000453    0.43099999999999999423   0.24299999999999999378 0.000610
  0.19100000000000000311   0.65100000000000002309   0.23100000000000001088   0.24599999999999999645 0.005032
  0.19100000000000000311   0.45100000000000001199   0.53100000000000002753   0.23200000000000001177 0.002272
  0.19100000000000000311   0.5510000000000000453    0.43099999999999999423   0.24799999999999999822 0.000590
  0.19100000000000000311   0.5510000000000000453    0.43099999999999999423   0.25100000000000000089 0.000584
  0.19100000000000000311   0.5510000000000000453    0.43099999999999999423   0.23699999999999998845 0.000650
  0.19100000000000000311   0.5510000000000000453    0.43099999999999999423   0.24899999999999999911 0.000587
  0.19100000000000000311   0.5510000000000000453    0.53100000000000002753   0.35099999999999997868 0.003052
  0.19100000000000000311   0.5510000000000000453    0.53100000000000002753   0.25100000000000000089 0.001135
  0.19100000000000000311   0.65100000000000002309   0.43099999999999999423   0.25100000000000000089 0.001228
  0.19100000000000000311   0.5510000000000000453    0.43099999999999999423   0.35099999999999997868 0.001901
  0.09099999999999999756   0.5510000000000000453    0.43099999999999999423   0.25100000000000000089 0.042090
  0.19100000000000000311   0.45100000000000001199   0.33100000000000001643   0.15099999999999999534 0.002835
  0.19100000000000000311   0.5510000000000000453    0.43099999999999999423   0.26000000000000000888 0.000588
  0.20899999999999999134   0.64000000000000001332   0.43099999999999999423   0.35099999999999997868 0.001260
  0.18800000000000000044   0.55400000000000004796   0.43399999999999999689   0.23999999999999999112 0.000694
  0.20100000000000001199   0.51800000000000001599   0.46999999999999997335   0.25                   0.000596
  0.18900000000000000133   0.5510000000000000453    0.41899999999999998357   0.25200000000000000178 0.000596
  0.18499999999999999778   0.57999999999999996003   0.39400000000000001688   0.25900000000000000799 0.000579
  0.17699999999999999067   0.61599999999999999201   0.34899999999999997691   0.26800000000000001599 0.000651
  0.18499999999999999778   0.68000000000000004885   0.29399999999999998357   0.25900000000000000799 0.002319
  0.18499999999999999778   0.68000000000000004885   0.29399999999999998357   0.35899999999999998579 0.000523
  0.18499999999999999778   0.97999999999999998224  -0.00600000000000000012   0.6590000000000000302  0.005212
  0.18499999999999999778   0.57999999999999996003   0.49399999999999999467   0.35899999999999998579 0.003054
  0.18499999999999999778   0.78000000000000002665   0.39400000000000001688   0.5590000000000000524  0.002857
  0.18499999999999999778   0.88000000000000000444   0.39400000000000001688   0.25900000000000000799 0.006702
  0.08500000000000000611   0.68000000000000004885   0.39400000000000001688   0.25900000000000000799 0.040885
  0.17899999999999999245   0.88000000000000000444   0.29399999999999998357   0.4590000000000000191  0.000728
  0.1749999999999999889    0.68000000000000004885   0.29399999999999998357   0.35899999999999998579 0.000746
  0.19500000000000000666   0.57999999999999996003   0.39400000000000001688   0.25900000000000000799 0.000720
  0.21900000000000000022   0.68000000000000004885   0.39400000000000001688   0.4590000000000000191  0.002869
  0.17799999999999999156   0.57999999999999996003   0.29399999999999998357   0.35899999999999998579 0.001660
  0.14899999999999999356   0.68000000000000004885   0.19400000000000000577   0.4590000000000000191  0.006830
  0.13500000000000000888   0.68000000000000004885   0.39400000000000001688   0.35899999999999998579 0.013088
  0.17599999999999998979   0.88000000000000000444   0.37900000000000000355   0.45500000000000001554 0.000739
  0.1749999999999999889    0.66300000000000003375   0.30499999999999999334   0.30899999999999999689 0.000510
  0.16200000000000000511   0.73599999999999998757   0.22300000000000000377   0.33900000000000002354 0.000766
  0.17699999999999999067   0.68600000000000005418   0.28100000000000002753   0.34000000000000002442 0.000446
  0.17000000000000001221   0.75400000000000000355   0.20599999999999998868   0.38600000000000000977 0.000547
  0.17000000000000001221   0.75400000000000000355   0.20599999999999998868   0.38300000000000000711 0.000533
  0.16900000000000001132   0.81200000000000005507   0.14899999999999999356   0.43699999999999999956 0.000743
  0.18099999999999999423   0.63800000000000001155   0.33300000000000001821   0.30299999999999999156 0.000446
  0.18900000000000000133   0.57999999999999996003   0.40100000000000002309   0.27300000000000002043 0.000498
  0.17599999999999998979   0.60399999999999998135   0.36599999999999999201   0.25400000000000000355 0.000822
  0.182999999999999996     0.66100000000000003197   0.31199999999999999956   0.33300000000000001821 0.000435
  0.19000000000000000222   0.61999999999999999556   0.35899999999999998579   0.31600000000000000311 0.000463
  0.17699999999999999067   0.72299999999999997602   0.24199999999999999289   0.37299999999999999822 0.000504
  0.18599999999999999867   0.61599999999999999201   0.36099999999999998757   0.29799999999999998712 0.000440
  0.17399999999999998801   0.68100000000000004974   0.28499999999999997558   0.32100000000000000755 0.000479
  0.18599999999999999867   0.63500000000000000888   0.34000000000000002442   0.317000000000000004   0.000433
  0.18499999999999999778   0.66100000000000003197   0.31400000000000000133   0.34100000000000002531 0.000462
  0.18199999999999999512   0.64400000000000001688   0.32800000000000001377   0.31300000000000000044 0.000430
  0.17000000000000001221   0.64400000000000001688   0.32800000000000001377   0.30099999999999998979 0.001055
  0.18800000000000000044   0.64400000000000001688   0.42799999999999999156   0.26800000000000001599 0.000677
  0.192000000000000004     0.54400000000000003908   0.42799999999999999156   0.2909999999999999809  0.000812
  0.18099999999999999423   0.64400000000000001688   0.32800000000000001377   0.32800000000000001377 0.000519
  0.18599999999999999867   0.64400000000000001688   0.32800000000000001377   0.36299999999999998934 0.000669
  0.22500000000000000555   0.54400000000000003908   0.22800000000000000822   0.31900000000000000577 0.006981
  0.23200000000000001177   0.64400000000000001688   0.42799999999999999156   0.30199999999999999067 0.007698
  0.21099999999999999312   0.74399999999999999467   0.22800000000000000822   0.30699999999999999512 0.012504
  0.18099999999999999423   0.64400000000000001688   0.32800000000000001377   0.31300000000000000044 0.000446
  0.17000000000000001221   0.67100000000000004086   0.29199999999999998179   0.30099999999999998979 0.000657
  0.21099999999999999312   0.54400000000000003908   0.22800000000000000822   0.28799999999999997824 0.004118
  0.192000000000000004     0.59199999999999997069   0.39000000000000001332   0.2909999999999999809  0.000465
  0.18099999999999999423   0.66300000000000003375   0.307999999999999996     0.32800000000000001377 0.000426
  0.17799999999999999156   0.76300000000000001155   0.20799999999999999045   0.37299999999999999822 0.000867
  0.18099999999999999423   0.56299999999999994493   0.20799999999999999045   0.2909999999999999809  0.000427
  0.18199999999999999512   0.56299999999999994493   0.307999999999999996     0.29199999999999998179 0.000547
  0.182999999999999996     0.66300000000000003375   0.307999999999999996     0.32300000000000000933 0.000439
  0.16100000000000000422   0.76300000000000001155   0.20799999999999999045   0.33700000000000002176 0.000680
  0.192000000000000004     0.76300000000000001155   0.307999999999999996     0.36399999999999999023 0.001610
  0.16900000000000001132   0.66300000000000003375   0.4079999999999999738    0.28599999999999997646 0.001564
  0.16500000000000000777   0.56299999999999994493   0.4079999999999999738    0.37800000000000000266 0.007059
  0.17699999999999999067   0.56299999999999994493   0.307999999999999996     0.30099999999999998979 0.001018
  0.17799999999999999156   0.71999999999999997335   0.24799999999999999822   0.37299999999999999822 0.000508
  0.18499999999999999778   0.56299999999999994493   0.2750000000000000222    0.2909999999999999809  0.000402
  0.19700000000000000844   0.26300000000000001155   0.1749999999999999889    0.17999999999999999334 0.000396
  0.23300000000000001266  -0.63700000000000001066  -0.125                   -0.11999999999999999556 0.218622
  0.19500000000000000666   0.66300000000000003375   0.57499999999999995559   0.28000000000000002665 0.000741
  0.19000000000000000222   0.36299999999999998934   0.1749999999999999889    0.28000000000000002665 0.001270
  0.18399999999999999689   0.56299999999999994493   0.2750000000000000222    0.28000000000000002665 0.000402
  0.22000000000000000111   0.06300000000000000044   0.1749999999999999889    0.17999999999999999334 0.004780
  0.22000000000000000111   0.36299999999999998934   0.375                    0.17999999999999999334 0.001795
  0.18599999999999999867   0.36299999999999998934   0.07499999999999999722   0.28000000000000002665 0.000945
  0.24699999999999999734   0.36299999999999998934   0.07499999999999999722   0.17999999999999999334 0.030500
  0.19600000000000000755   0.26300000000000001155   0.1749999999999999889    0.17999999999999999334 0.000393
  0.19600000000000000755   0.66300000000000003375   0.1749999999999999889    0.38000000000000000444 0.002395
  0.19600000000000000755   0.163000000000000006     0.1749999999999999889    0.17999999999999999334 0.002325
  0.19600000000000000755   0.56299999999999994493   0.2750000000000000222    0.28000000000000002665 0.001139
  0.19600000000000000755   0.163000000000000006     0.1749999999999999889    0.28000000000000002665 0.006986
  0.19600000000000000755   0.36299999999999998934   0.375                    0.17999999999999999334 0.000686
  0.19600000000000000755   0.06300000000000000044   0.2750000000000000222    0.17999999999999999334 0.009851
  0.096000000000000002     0.26300000000000001155   0.1749999999999999889    0.17999999999999999334 0.038921
  0.19600000000000000755   0.46300000000000002265   0.07499999999999999722   0.17999999999999999334 0.010840
  0.19300000000000000488   0.26300000000000001155   0.1749999999999999889    0.17999999999999999334 0.000430
  0.096000000000000002     0.36299999999999998934   0.375                    0.28000000000000002665 0.046904
  0.2000000000000000111    0.163000000000000006     0.1749999999999999889    0.13800000000000001155 0.000595
  0.18599999999999999867   0.56299999999999994493   0.2750000000000000222    0.28000000000000002665 0.000436
  0.18399999999999999689   0.26300000000000001155   0.1749999999999999889    0.23000000000000000999 0.002601
  0.16200000000000000511   0.163000000000000006     0.07499999999999999722   0.163000000000000006   0.005468
  0.24099999999999999201   0.163000000000000006     0.1749999999999999889    0.20200000000000001288 0.004447
  0.23999999999999999112   0.36299999999999998934   0.07499999999999999722   0.163000000000000006   0.029993
  0.20300000000000001377   0.26300000000000001155   0.375                    0.16200000000000000511 0.001108
  0.23200000000000001177   0.30999999999999999778   0.375                    0.23000000000000000999 0.001998
  0.2000000000000000111    0.163000000000000006     0.14199999999999998734   0.13800000000000001155 0.000445
  0.18599999999999999867   0.53800000000000003375   0.2670000000000000151    0.28000000000000002665 0.000396
  0.19900000000000001021   0.28000000000000002665   0.19600000000000000755   0.2000000000000000111  0.000550
  0.192000000000000004     0.23899999999999999023   0.22500000000000000555   0.17599999999999998979 0.001142
  0.19500000000000000666   0.31300000000000000044   0.19300000000000000488   0.17000000000000001221 0.000565
  0.17599999999999998979   0.26600000000000001421   0.16900000000000001132   0.18399999999999999689 0.001906
  0.2000000000000000111    0.23000000000000000999   0.11999999999999999556   0.19300000000000000488 0.000721
  0.18699999999999999956   0.29599999999999998535   0.22500000000000000555   0.13800000000000001155 0.000780
  0.20100000000000001199   0.17199999999999998623   0.15099999999999999534   0.17899999999999999245 0.001372
  0.19700000000000000844   0.27800000000000002487   0.182999999999999996     0.17199999999999998623 0.000387
  0.19600000000000000755   0.2039999999999999869    0.14199999999999998734   0.13500000000000000888 0.000365
  0.19500000000000000666   0.16500000000000000777   0.11400000000000000411   0.10299999999999999434 0.000798
  0.19300000000000000488   0.34100000000000002531   0.19600000000000000755   0.19600000000000000755 0.000379
  0.19400000000000000577   0.28000000000000002665   0.17299999999999998712   0.16200000000000000511 0.000425
  0.19600000000000000755   0.2670000000000000151    0.1749999999999999889    0.1749999999999999889  0.000355
  0.19500000000000000666   0.28199999999999997291   0.17299999999999998712   0.15900000000000000244 0.000540
  0.19600000000000000755   0.26800000000000001599   0.1749999999999999889    0.1749999999999999889  0.000355
  0.19600000000000000755   0.45600000000000001643   0.27400000000000002132   0.29499999999999998446 0.000759
  0.17799999999999999156   0.2039999999999999869    0.11999999999999999556   0.13500000000000000888 0.000918
  0.19400000000000000577   0.26200000000000001066   0.16100000000000000422   0.16900000000000001132 0.000330
  0.192000000000000004     0.25400000000000000355   0.14999999999999999445   0.16700000000000000955 0.000321
  0.18599999999999999867   0.25400000000000000355   0.14999999999999999445   0.16100000000000000422 0.000417
  0.19600000000000000755   0.25400000000000000355   0.25                     0.15900000000000000244 0.000530
  0.19300000000000000488   0.35399999999999998135   0.14999999999999999445   0.20799999999999999045 0.000589
  0.19500000000000000666   0.25400000000000000355   0.14999999999999999445   0.15299999999999999711 0.000477
  0.18499999999999999778   0.35399999999999998135   0.14999999999999999445   0.17899999999999999245 0.000660
  0.20899999999999999134   0.25400000000000000355   0.14999999999999999445   0.18699999999999999956 0.001128
  0.19900000000000001021   0.25400000000000000355   0.05000000000000000278   0.153999999999999998   0.002644
  0.211999999999999994     0.35399999999999998135   0.25                     0.16200000000000000511 0.003412
  0.1749999999999999889    0.153999999999999998     0.14999999999999999445   0.14199999999999998734 0.003566
  0.18599999999999999867   0.23000000000000000999   0.11700000000000000677   0.16100000000000000422 0.000427
  0.19000000000000000222   0.33100000000000001643   0.192000000000000004     0.18699999999999999956 0.000345
  0.19000000000000000222   0.28899999999999997913   0.16400000000000000688   0.17399999999999998801 0.000323
  0.19100000000000000311   0.22200000000000000289   0.16400000000000000688   0.15700000000000000067 0.000493
  0.19300000000000000488   0.2999999999999999889    0.2000000000000000111    0.16400000000000000688 0.000428
  0.18199999999999999512   0.26500000000000001332   0.14499999999999999001   0.16600000000000000866 0.000563
  0.18900000000000000133   0.21599999999999999756   0.2000000000000000111    0.1749999999999999889  0.001637
  0.192000000000000004     0.25400000000000000355   0.14899999999999999356   0.16700000000000000955 0.000320
  0.192000000000000004     0.25400000000000000355   0.1459999999999999909    0.16700000000000000955 0.000319
  0.192000000000000004     0.25400000000000000355   0.13700000000000001066   0.16700000000000000955 0.000323
  0.19700000000000000844   0.22200000000000000289   0.11700000000000000677   0.15700000000000000067 0.000443
  0.19400000000000000577   0.19900000000000001021   0.11799999999999999378   0.15199999999999999623 0.000357
  0.19100000000000000311   0.29799999999999998712   0.17399999999999998801   0.17799999999999999156 0.000327
  0.18900000000000000133   0.28599999999999997646   0.15599999999999999978   0.17399999999999998801 0.000321
  0.19100000000000000311   0.24399999999999999467   0.13400000000000000799   0.163000000000000006   0.000316
  0.19000000000000000222   0.21599999999999999756   0.11300000000000000322   0.15599999999999999978 0.000341
  0.192000000000000004     0.23000000000000000999   0.12900000000000000355   0.16200000000000000511 0.000334
  0.19100000000000000311   0.27400000000000002132   0.15499999999999999889   0.1710000000000000131  0.000318
  0.19400000000000000577   0.22700000000000000733   0.13600000000000000977   0.16000000000000000333 0.000335
  0.19000000000000000222   0.27100000000000001865   0.15099999999999999534   0.1710000000000000131  0.000318
  0.19000000000000000222   0.26800000000000001599   0.14399999999999998912   0.16900000000000001132 0.000316
  0.18900000000000000133   0.2750000000000000222    0.1459999999999999909    0.17000000000000001221 0.000319
  0.19000000000000000222   0.26900000000000001688   0.1459999999999999909    0.16900000000000001132 0.000316
  0.19100000000000000311   0.25700000000000000622   0.13900000000000001243   0.16500000000000000777 0.000317
  0.19000000000000000222   0.24499999999999999556   0.12700000000000000178   0.16200000000000000511 0.000313
  0.19000000000000000222   0.23100000000000001088   0.11200000000000000233   0.15800000000000000155 0.000315
  0.19000000000000000222   0.25600000000000000533   0.13700000000000001066   0.16700000000000000955 0.000316
  0.19000000000000000222   0.25600000000000000533   0.13700000000000001066   0.16600000000000000866 0.000315
  0.19100000000000000311   0.23799999999999998934   0.125                    0.16100000000000000422 0.000315
  0.19100000000000000311   0.22400000000000000466   0.11799999999999999378   0.15700000000000000067 0.000319
  0.19000000000000000222   0.25700000000000000622   0.13700000000000001066   0.16600000000000000866 0.000314
  0.19000000000000000222   0.25400000000000000355   0.12900000000000000355   0.16500000000000000777 0.000315
  0.19000000000000000222   0.25200000000000000178   0.13000000000000000444   0.16400000000000000688 0.000314
  0.18699999999999999956   0.24799999999999999822   0.12700000000000000178   0.15900000000000000244 0.000331
  0.182999999999999996     0.24199999999999999289   0.02699999999999999969   0.17199999999999998623 0.000434
  0.18900000000000000133   0.25500000000000000444   0.12700000000000000178   0.16400000000000000688 0.000316
  0.19100000000000000311   0.24199999999999999289   0.12700000000000000178   0.16200000000000000511 0.000315
  0.17999999999999999334   0.27200000000000001954   0.12700000000000000178   0.16500000000000000777 0.000514
  0.18399999999999999689   0.20999999999999999223   0.12700000000000000178   0.15199999999999999623 0.000692
  0.19000000000000000222   0.25200000000000000178   0.22700000000000000733   0.163000000000000006   0.000786
  0.18699999999999999956   0.19500000000000000666   0.12700000000000000178   0.1710000000000000131  0.001257
  0.19000000000000000222   0.24599999999999999645   0.12700000000000000178   0.16200000000000000511 0.000313
  0.18699999999999999956   0.24799999999999999822   0.105999999999999997     0.15900000000000000244 0.000332
  0.19122000000000000108   0.25100000000000000089   0.14999999999999999445   0.15800000000000000155 0.000317
  0.18900000000000000133   0.26200000000000001066   0.13600000000000000977   0.16600000000000000866 0.000316
  0.19050000000000000266   0.24399999999999999467   0.12800000000000000266   0.16225000000000000533 0.000314
  0.18950000000000000178   0.25600000000000000533   0.13300000000000000711   0.16475000000000000755 0.000314
  0.189750000000000002     0.25300000000000000266   0.13100000000000000533   0.16412999999999999812 0.000314
  0.18998999999999999222   0.24499999999999999556   0.12700000000000000178   0.15700000000000000067 0.000321
  0.19267999999999999017   0.22500000000000000555   0.13900000000000001243   0.16192999999999999061 0.000369
  0.189739999999999992     0.24899999999999999911   0.17699999999999999067   0.16200999999999998735 0.000441
  0.18499999999999999778   0.23499999999999998668   0.13000000000000000444   0.16198000000000001286 0.000517
  0.19020000000000000795   0.24599999999999999645   0.12600000000000000089   0.1620499999999999996  0.000314
  0.19053999999999998716   0.23899999999999999023   0.13100000000000000533   0.15800000000000000155 0.000311
  0.19215999999999999748   0.221000000000000002     0.14299999999999998823   0.1459999999999999909  0.000312
  0.19081999999999998963   0.23400000000000001354   0.13100000000000000533   0.15515000000000001013 0.000310
  0.19181999999999999051   0.21900000000000000022   0.13100000000000000533   0.14615000000000000213 0.000311
  0.19081999999999998963   0.211999999999999994     0.11999999999999999556   0.14615000000000000213 0.000309
  0.19081999999999998963   0.11200000000000000233   0.11999999999999999556   0.11915000000000000591 0.001096
  0.19781999999999999584   0.31199999999999999956   0.22000000000000000111   0.16614999999999999214 0.000615
  0.18981999999999998874   0.211999999999999994     0.11999999999999999556   0.1571500000000000119  0.000403
  0.19181999999999999051   0.211999999999999994     0.11999999999999999556   0.1491500000000000048  0.000312
  0.19081999999999998963   0.211999999999999994     0.11999999999999999556   0.12615000000000001212 0.000570
  0.1808200000000000085    0.211999999999999994     0.11999999999999999556   0.14615000000000000213 0.000744
  0.19081999999999998963   0.211999999999999994     0.22000000000000000111   0.14615000000000000213 0.000929
  0.19381999999999999229   0.31199999999999999956   0.11999999999999999556   0.14515000000000000124 0.002834
  0.19081999999999998963   0.211999999999999994     0.11999999999999999556   0.14815000000000000391 0.000312
  0.19081999999999998963   0.1459999999999999909    0.086999999999999994     0.11915000000000000591 0.000329
  0.19570999999999999508   0.22300000000000000377   0.22000000000000000111   0.12615000000000001212 0.000452
  0.18984000000000000874   0.23100000000000001088   0.11400000000000000411   0.1571500000000000119  0.000314
  0.19158000000000000029   0.22400000000000000466   0.13600000000000000977   0.1491500000000000048  0.000310
  0.19581999999999999407   0.22300000000000000377   0.13800000000000001155   0.14715000000000000302 0.000380
  0.18970000000000000751   0.221000000000000002     0.13600000000000000977   0.15615000000000001101 0.000392
  0.18920000000000000706   0.20799999999999999045   0.17000000000000001221   0.14214999999999999858 0.000553
  0.19172000000000000153   0.16200000000000000511   0.12299999999999999822   0.14815000000000000391 0.000849
  0.19065999999999999615   0.21399999999999999578   0.11600000000000000588   0.14615000000000000213 0.000311
  0.19667000000000001148   0.22400000000000000466   0.17699999999999999067   0.14746999999999998998 0.000328
  0.19006000000000000671   0.23599999999999998757   0.12800000000000000266   0.15807999999999999829 0.000314
  0.19137999999999999456   0.22300000000000000377   0.13000000000000000444   0.14913000000000001255 0.000310
  0.19048000000000001042   0.2039999999999999869    0.10000000000000000555   0.14721000000000000751 0.000316
  0.1928199999999999914    0.19700000000000000844   0.12399999999999999911   0.1481899999999999884  0.000354
  0.19170000000000000928   0.23200000000000001177   0.115000000000000005     0.15054000000000000714 0.000374
  0.1924200000000000077    0.22000000000000000111   0.11000000000000000056   0.14114999999999999769 0.000453
  0.18634000000000000563   0.19900000000000001021   0.13100000000000000533   0.14471000000000000529 0.000574
  0.19206999999999999074   0.24299999999999999378   0.14899999999999999356   0.15812999999999999279 0.000313
  0.19176000000000001378   0.20799999999999999045   0.12800000000000000266   0.14178999999999999937 0.000309
  0.1911100000000000021    0.21599999999999999756   0.12800000000000000266   0.14699000000000000954 0.000310
  0.19117999999999998884   0.21799999999999999933   0.12800000000000000266   0.14752999999999999448 0.000309
  0.19070999999999999064   0.211999999999999994     0.11799999999999999378   0.14616000000000001213 0.000309
  0.19142000000000000681   0.19100000000000000311   0.11600000000000000588   0.13567000000000001281 0.000309
  0.19126999999999999558   0.20200000000000001288   0.11999999999999999556   0.14053999999999999826 0.000309
  0.19181999999999999051   0.21799999999999999933   0.12700000000000000178   0.14658999999999999808 0.000312
  0.19064999999999998614   0.21499999999999999667   0.12299999999999999822   0.14415000000000000036 0.000312
  0.19017999999999998795   0.22200000000000000289   0.11899999999999999467   0.1468399999999999983  0.000318
  0.19137999999999999456   0.21599999999999999756   0.11000000000000000056   0.1455400000000000027  0.000337
  0.18943999999999999728   0.19900000000000001021   0.11999999999999999556   0.14830999999999999739 0.000408
  0.1928199999999999914    0.20650999999999999912   0.12667000000000000481   0.14415000000000000036 0.000309
  0.19096499999999999586   0.22300000000000000377   0.12700000000000000178   0.15027999999999999692 0.000309
  0.19104124999999999579   0.21774999999999999911   0.12525000000000000022   0.14783999999999999919 0.000309
  0.19131999999999999007   0.21048000000000000043   0.12130000000000000504   0.14610999999999998988 0.000309
  0.190839700000000001     0.21276999999999998692   0.11934000000000000163   0.14515000000000000124 0.000310
  0.19097000000000000086   0.2125400000000000067    0.115000000000000005     0.14630999999999999561 0.000310
  0.19094820000000001237   0.21699999999999999845   0.12103999999999999482   0.14629000000000000337 0.000312
  0.19081202099999999833   0.21194999999999999951   0.12002999999999999781   0.14616000000000001213 0.000309
  0.18943999999999999728   0.22400000000000000466   0.12728999999999998649   0.1491500000000000048  0.000317
  0.19055562500000000625   0.21940000000000001168   0.12432999999999999607   0.1477300000000000002  0.000310
  0.19112890625000000799   0.21271000000000001018   0.12206000000000000183   0.14651500000000000634 0.000309
  0.19080710000000000726   0.21060999999999999166   0.11799999999999999378   0.14566770000000001106 0.000309
  0.19083330000000001125   0.21085999999999999188   0.11884999999999999731   0.14665000000000000258 0.000310
  0.19083859999999999713   0.21399999999999999578   0.11840000000000000524   0.1462021000000000015  0.000310
  0.19062000000000001165   0.21210000000000001075   0.11991999999999999882   0.14618619999999998837 0.000310
  0.19101388070882999171   0.21381000000000000005   0.12238999999999999879   0.14588870254020999684 0.000309
  0.19055562500000000625   0.21940000000000001168   0.12800000000000000266   0.14515000000000000124 0.000313
  0.19120297899999999514   0.21429000000000000825   0.12361999999999999378   0.14681500000000000106 0.000309
  0.19110523949999999593   0.21371000000000001107   0.12271999999999999575   0.14665125000000001076 0.000309
  0.19092000000000000637   0.21201000000000000401   0.11952000000000000124   0.14631769999999999499 0.000309
  0.19086159999999999237   0.21202999999999999625   0.11912999999999999978   0.1459499999999999964  0.000309
  0.19091020000000000212   0.21201000000000000401   0.12099999999999999645   0.14605019999999999114 0.000309
  0.1908180999999999905    0.21299999999999999489   0.12001000000000000556   0.14615210000000000701 0.000309
  0.1908195819999999876    0.21099999999999999312   0.11998999999999999944   0.14614922099999999583 0.000310
  0.19062000000000001165   0.21352682000000000606   0.11600000000000000588   0.14681500000000000106 0.000310
  0.19092836362500001379   0.21371999999999999331   0.12204500000000000071   0.14682480000000000531 0.000309
  0.19089804771874999134   0.21294250000000000678   0.12103374999999999551   0.14653552499999999981 0.000309
  0.19081294100000001368   0.21231500000000000372   0.11974949999999999484   0.14605000000000001315 0.000309
  0.19087000000000001187   0.21212469999999999937   0.11990080000000000182   0.14616149999999999975 0.000309
  0.19080879700000000221   0.21249999999999999445   0.12019860000000000266   0.14619630000000000125 0.000309
  0.19080591199999999419   0.21203250000000001263   0.11949999999999999512   0.14620820000000001038 0.000309
  0.19080235000000000944   0.21102779999999998761   0.12065109999999999724   0.14613399999999998613 0.000310
  0.19074566049999999717   0.2124800000000000022    0.11858499999999999597   0.14615585000000000382 0.000309
  0.19078679537500001229   0.21236250000000000959   0.11918874999999999609   0.14612943749999998677 0.000309
  0.19084000000000000963   0.21206490000000000062   0.11997410000000000019   0.14613514699999999302 0.000309
  0.19082673799999999575   0.21201010000000000688   0.1200869999999999993    0.14619999999999999662 0.000309
  0.19081722900000000487   0.21208979999999999499   0.12020000000000000129   0.14612943899999999986 0.000309
  0.19081382899999999037   0.21219999999999999973   0.11992029999999999357   0.14616133900000000123 0.000309
  0.19080220400000000303   0.21163519999999999555   0.11981859999999999733   0.14612407499999999216 0.000309
  0.1908451694999999948    0.21155360000000000831   0.11951680000000000637   0.14614355000000001095 0.000309
  0.19083607637499999665   0.21179020000000001178   0.11968724999999999503   0.14615673749999999464 0.000309
  0.19081987400000000044   0.212075600000000003     0.12002989999999999493   0.14616999999999999438 0.000309
  0.19082888900000000154   0.21210000000000001075   0.11997960000000000569   0.14613633700000000504 0.000309
  0.19082245300000000299   0.21198580000000000201   0.12009999999999999842   0.14614622999999998809 0.000309
  0.19082999999999999963   0.21194189999999998864   0.11997700000000000031   0.14616040099999999535 0.000309
  0.19079878399999999905   0.21189669999999999339   0.1199135000000000062    0.14613703200000000004 0.000309
  0.1908321504999999918    0.21192269999999999164   0.11984554999999999514   0.14619313449999998822 0.000309
  0.19082842012500000894   0.21196447500000001329   0.11993416249999999668   0.14617721062499999807 0.000309
  0.19082499999999999463   0.2119877239999999885    0.12001971999999999641   0.14614595599999999354 0.000309
  0.19081851904999999614   0.2120499999999999885    0.12003347799999999901   0.14614313400000000787 0.000309
  0.1908221570899999997    0.21203035600000000316   0.12001547299999999752   0.14616000000000001213 0.000309
  0.19081778817000000226   0.21196887300000000209   0.12005000000000000393   0.14615259299999999731 0.000309
  0.19081653569000001092   0.21196304699999998777   0.11988132899999999481   0.14614831699999999981 0.000309
  0.19081793899999999198   0.21207699999999998774   0.11991975000000000551   0.14616193850000000487 0.000309
  0.19081906749999999473   0.21205419999999999825   0.11996481250000000374   0.14615801137500000761 0.000309
  0.19082057042000000191   0.21198738000000000303   0.12002000000000000168   0.14614868275000000852 0.000309
  0.19081847867000001351   0.21201999999999998625   0.12001585800000000304   0.14614895553999998623 0.000309
  0.19082199999999999163   0.21201315500000000869   0.12000404300000000468   0.14615137308000000771 0.000309
  0.1908195504999999903    0.21199704299999999613   0.12000468499999999983   0.14615500000000000713 0.000309
  0.1908194004100000063    0.21198242200000000368   0.11995541399999999632   0.14614598863000000106 0.000309
  0.19081561293499998966   0.21196350599999999598   0.12002612599999999687   0.14613954500000000958 0.000309
  0.19081724897374999217   0.21198021850000001165   0.12002346275000000397   0.1461446587499999894  0.000309
  0.19082099999999999063   0.21200204200000000165   0.12000337799999999389   0.14614999609000001168 0.000309
  0.19082022228000000696   0.21200565699999998626   0.11998999999999999944   0.14615001157999998882 0.000309
  0.19082036768999999232   0.21199000000000001176   0.11999516100000000296   0.14615001915000000454 0.000309
  0.19081999818000000557   0.21200004899999999597   0.12000008199999999403   0.14615200000000000413 0.000309
  0.19081841185000000816   0.21200225200000000214   0.12001137900000000136   0.14614797318000000148 0.000309
  0.19082097404500000803   0.21201322450000001374   0.12001526549999999571   0.14614450568500000904 0.000309
  0.19082061815875001054   0.2120091791250000024    0.12001262037500000368   0.14614712926375000857 0.000309
  0.190820500000000004     0.21200012387000000125   0.12000001227999999853   0.14615027596999999315 0.000309
  0.19082001212749999386   0.21200499999999999901   0.11999999208999999334   0.14614982235999998683 0.000309
  0.19082000118399999877   0.21199999221999998866   0.12000500000000000056   0.1461499826600000107  0.000309
  0.19082014029430000024   0.21199907761000000295   0.11999990852000000374   0.14614900000000000113 0.000309
  0.19081934639420000677   0.21199580630000000592   0.1199950871099999955    0.14615091900999999108 0.000309
  0.19082079680499999808   0.21199880050000000087   0.11999418750000000189   0.14614801340999999946 0.000309
  0.19082059714874999301   0.21199911262500001352   0.11999566112499999992   0.14614901005750000063 0.000309
  0.19082019999999999538   0.21200001605999999055   0.11999994324000000379   0.1461500177784000043  0.000309
  0.19082000170739998879   0.212001999999999996     0.12000045434999999372   0.14614985770059998882 0.000309
  0.19081999400060001282   0.21200045168000000717   0.12000051958000000629   0.14615049999999998875 0.000309
  0.19082000751590000309   0.21199943414999999902   0.12000199999999999756   0.14614990261710000818 0.000309
  0.19081979677610000357   0.21199809811000000503   0.11999708283000000419   0.14614972190389999285 0.000309
  0.19082011636144999289   0.21200348043500000239   0.12000259366500000413   0.14615104049499999528 0.000309
  0.19082012234466000367   0.21200237972874999559   0.12000192237875000056   0.14615053037125000368 0.000309
  0.1908200999999999925    0.21199997805000000972   0.1200001948100000021    0.14615005472770001282 0.000309
  0.19081999790260001371   0.212000999999999995     0.12000007410999999347   0.14615002081930000832 0.000309
  0.19082002014900001363   0.21200008020999999703   0.12000037938999999487   0.14614979999999999638 0.000309
  0.19082002830209998656   0.21200011265999998966   0.11999899999999999456   0.14614993733459999414 0.000309
  0.19081985364629999724   0.21199882908000000636   0.12000035169000000668   0.14615018711839999899 0.000309
  0.19082009033809999021   0.21200179971999999484   0.11999845858499999518   0.14615028512239999769 0.000309
  0.19082006963254999343   0.21200120832749999589   0.11999934393875000271   0.14615018949607000431 0.000309
  0.19082004999999999106   0.21200011386219999587   0.11999970826889999609   0.14614992187809999757 0.000309
  0.19082000882510999351   0.21200050000000000838   0.12000012403660000049   0.14615003321539998815 0.000309
  0.19081997343070000728   0.21200014574939998746   0.12000027098090000621   0.14614989999999999926 0.000309
  0.19081996442540000158   0.21200019514919998809   0.11999949999999999506   0.14614999498869998829 0.000309
  0.1908200033187900102    0.21199904523919999022   0.12000039671359999383   0.14615014991780000964 0.000309
  0.19082003072369999042   0.21200041647000000822   0.12000132415500000538   0.14615000043890000181 0.000309
  0.19082003011830001027   0.21200034051749999664   0.12000074311625000267   0.1461499846628299959  0.000309
  0.1908200158868700036    0.21199980685540001368   0.11999998325360000662   0.14614995000000000069 0.000309
  0.19081998382060000319   0.21200007546909999112   0.11999998325360000662   0.14614995000000000069 0.000309
  0.19081999894984000288   0.21199998746349998924   0.12000020000000000131   0.14614999675463000162 0.000309
  0.19081998324634000253   0.21199979999999998825   0.11999998265920000518   0.1461500153787300138  0.000309
  0.19082001809634999145   0.21200033021199998773   0.11999985083359999971   0.14615008786663999385 0.000309
  0.19082005170251001291   0.21200018465660000477   0.12000055164320000411   0.14614993255805000527 0.000309
  0.19082002988322999126   0.21200018727975000754   0.12000028873239999838   0.14614994816571000302 0.000309
  0.19082001000000001212   0.2119999634056999871    0.12000002006969999468   0.1461499998153600044  0.000309
  0.19081999583244999008   0.21199994107469999349   0.12000009999999999843   0.14614999907997999751 0.000309
  0.19082000228564000022   0.21200009999999999688   0.12000006856679999723   0.14615000050456999903 0.000309
  0.1908199999147200121    0.21199999626900001282   0.12000000204619999666   0.1461500199999999916  0.000309
  0.19081999196718998912   0.21199999925060000749   0.11999980931730000466   0.14614998060008999037 0.000309
  0.19082001608231999312   0.21200013489399999189   0.12000010059439999988   0.14614993299858000664 0.000309
  0.19082000787332001335   0.21200005117049999792   0.1200000711106000012    0.14614995359362001337 0.000309
  0.19082000499999998699   0.21200000821880998769   0.12000000643633000619   0.14614999920446000714 0.000309
  0.19082000095766998848   0.21199999585025999793   0.11999994999999999412   0.14615000618005999367 0.000309
  0.19082000074996999239   0.21199994999999999257   0.12000002054114000671   0.14615000483973999978 0.000309
  0.19081999948205000117   0.2120000345314100032    0.12000002704232000383   0.14615000999999999687 0.000309
  0.19081999381031000684   0.21200001139951998863   0.11999999598020999469   0.1461499797757400132  0.000309
  0.19082000414433000768   0.21200000597120000068   0.12000009227204999629   0.14614997969995999205 0.000309
  0.19082000308691998702   0.21200000354564998983   0.12000006971559000479   0.14614998977497001276 0.000309
  0.19081999928695000945   0.21199998000000000453   0.1200000044283500017    0.14615000154935001153 0.000309
  0.19081999799999999068   0.21200000908468999428   0.12000000298321999992   0.14615000104374001322 0.000309
  0.19082000040446001066   0.21200000272471999918   0.12000001999999999891   0.14614999978891998755 0.000309
  0.19082000058289000366   0.21200000392675000249   0.11999999913054999745   0.1461500049999999995  0.000309
  0.19082000172569998919   0.2120000042638399973    0.1199999734578799937    0.14614999261798999886 0.000309
  0.19082000387177000533   0.21199994250311998689   0.1199999614464200004    0.14614999511213000449 0.000309
  0.19082000277433999735   0.21199996551020000579   0.11999997784539000178   0.14614999883409998671 0.000309
  0.19081999965356000182   0.21200000634673998867   0.12000001000000000417   0.14615000174004000311 0.000309
  0.1908200004908900127    0.21200000999999998874   0.11999999735557000113   0.1461499995398599927  0.000309
  0.1908200009999999891    0.211999996581029998     0.12000000971191999988   0.14614999906264999896 0.000309
  0.19082000078938998744   0.21199999730107998985   0.1199999957475500062    0.14615000200000000108 0.000309
  0.19081999806616001258   0.21199998977115000476   0.11999998718495999417   0.14614999765744998705 0.000309
  0.19081999826282000643   0.21199999197795998951   0.12000001457523999659   0.14614999619099999784 0.000309
  0.19081999884282999091   0.21199999496515001263   0.12000001071405999586   0.14614999839324999131 0.000309
  0.19082000050000000324   0.21200000422869999528   0.11999999529523999731   0.14615000021779001038 0.000309
  0.19082000033332999211   0.21200000191960999274   0.12000000500000000681   0.14614999976854001207 0.000309
  0.19081999962914000801   0.21200000499999999137   0.12000000085077999756   0.14615000025750998769 0.000309
  0.19082000007017999033   0.21199999905382999055   0.12000000105269000017   0.14615000100000000161 0.000309
  0.19081999946735000995   0.21199998979786000008   0.11999999780129000371   0.14614999875615999891 0.000309
  0.19081999978284000519   0.21200000916281000474   0.12000001278619000511   0.14614999817127999338 0.000309
  0.19082000003446999981   0.21200000619737000007   0.12000000852653000538   0.1461499991284599953  0.000309
  0.19082000008736998975   0.21199999843309999537   0.11999999799999999661   0.14615000006857001291 0.000309
  0.1908199998172999956    0.21200000158209000856   0.11999999799999999661   0.14615000006857001291 0.000309
  0.19081999980000000083   0.21199999828471999264   0.12000000051131000378   0.14615000007505998814 0.000309
  0.19082000002062998734   0.21200000017689998866   0.12000000022578999337   0.14615000049999998799 0.000309
  0.19082000027470000236   0.21200000152319001256   0.1200000032629000013    0.14614999928780000871 0.000309
  0.1908200001610599883    0.21200000652032000015   0.11999999952032000539   0.14614999912192000453 0.000309
  0.19082000013833999574   0.21200000465370000269   0.11999999990340999567   0.14614999959144001074 0.000309
  0.1908200000999999979    0.21200000018111000988   0.11999999998567000004   0.14614999985457999276 0.000309
  0.19082000001619001117   0.21200000099999999348   0.12000000000930000077   0.1461500000943299904  0.000309
  0.19081999999884999286   0.21200000000832000535   0.12000000099999999503   0.14614999999332001224 0.000309
  0.19081999991620998691   0.212000000607769995     0.11999999995189999935   0.14614999980000001334 0.000309
  0.19081999996874998704   0.21199999820279999407   0.11999999905312999648   0.14615000025777000192 0.000309
  0.19081999983170999657   0.21199999897305998875   0.11999999802987000586   0.14614999960610000618 0.000309
  0.19081999987893999426   0.21199999927401999567   0.1199999985788500062    0.1461499998295799907  0.000309
  0.1908200000228499893    0.21200000028391000062   0.11999999949999999582   0.1461500000222800133  0.000309
  0.19082000003322999171   0.21200000050000000762   0.12000000041517000504   0.14614999998149999505 0.000309
  0.19081999995000001324   0.21200000035475999316   0.12000000000391000676   0.14615000002784001021 0.000309
  0.19082000000932000661   0.21199999993387999564   0.12000000011644999798   0.14615000010000001041 0.000309
  0.19081999998460000278   0.21199999892745000074   0.11999999996446999995   0.14614999986838000945 0.000309
  0.19082000014131000887   0.21199999998694998848   0.12000000054557999341   0.14615000017110998942 0.000309
  0.19082000008503999244   0.21200000014215000799   0.12000000039715999489   0.14615000007834000328 0.000309
  0.19082000001999999128   0.21199999997235999261   0.12000000000079999452   0.14614999999409999942 0.000309
  0.19081999999721999117   0.2119999999700299953    0.12000000000674000689   0.14614999994999999799 0.000309
  0.19082000000008000895   0.21200000000661001209   0.12000000019999999823   0.14615000000141001313 0.000309
  0.19081999999762999654   0.21199999980000000521   0.12000000000575999914   0.14615000000836000926 0.000309
  0.19081999998506998795   0.21200000025099999257   0.11999999978670000678   0.14615000004612999085 0.000309
  0.19081999999372001309   0.21200000063544999218   0.11999999984308999668   0.14614999991581001382 0.000309
  0.19081999999762000453   0.21200000046006001186   0.119999999911429997     0.14614999996186001097 0.000309
  0.19082000000519999672   0.21200000000929000721   0.12000000010000000383   0.14614999999707001255 0.000309
  0.19082000000082000035   0.21200000010000000228   0.11999999998669999557   0.14615000000038999572 0.000309
  0.19082000000999999045   0.21199999998501001253   0.11999999995280999365   0.1461500000047200043  0.000309
  0.19081999999867998996   0.2120000000019799935    0.12000000002135000066   0.14615000002000000379 0.000309
  0.1908199999852999984    0.21199999990372001002   0.11999999993913999796   0.1461499999778199943  0.000309
  0.19082000001102000786   0.21200000017449999179   0.12000000009800999845   0.14614999996440000696 0.000309
  0.19082000000766999315   0.21200000008087999115   0.1200000000749500001    0.14614999997538999366 0.000309
  0.19082000000499999004   0.21199999999107999038   0.12000000000626000196   0.14615000000069999775 0.000309
  0.19081999999897000797   0.21199999998814000879   0.1200000000499999997    0.14615000000559000282 0.000309
  0.19082000000071999701   0.21200000004999999814   0.12000000002433000579   0.14614999999607000691 0.000309
  0.190820000000419987     0.2120000000288800035    0.11999999997973999355   0.14615000001000000296 0.000309
  0.19081999999488999387   0.21199999994189999697   0.11999999993967000456   0.14614999998764000022 0.000309
  0.19082000000932999861   0.21200000004517000063   0.11999999999839999765   0.14614999998108998969 0.000309
  0.19082000000666998751   0.21200000003437000085   0.12000000000414000334   0.14614999999082001203 0.000309
  0.19082000000200000089   0.2120000000024900022    0.12000000000459000449   0.14614999999906999606 0.000309
  0.19082000000033999543   0.21200000001999999566   0.1199999999846699944    0.14615000000312999839 0.000309
  0.19082000000054000211   0.21199999998666999024   0.1200000000000999989    0.14615000000500000255 0.000309
  0.19081999999956000824   0.21200000001086999335   0.12000000001999999721   0.14615000000208000497 0.000309
  0.19081999999755999697   0.21199999997996998857   0.11999999999063999667   0.14614999999072000869 0.000309
  0.19082000000193000133   0.21199999998572999216   0.12000000006055000501   0.14614999999118000185 0.000309
  0.19082000000154999975   0.21199999999651999993   0.12000000004034999668   0.14614999999589001201 0.000309
  0.19082000000099999526   0.21200000000043001114   0.11999999999747000545   0.14615000000039998773 0.000309
  0.19082000000004001317   0.21200000000999999483   0.1200000000020799984    0.14614999999966998834 0.000309
  0.19081999999974000315   0.21200000000215998841   0.11999999999796000238   0.1461500000020000134  0.000309
  0.1908200000001999963    0.21199999999831001252   0.12000000000999999639   0.1461500000005900024  0.000309
  0.19081999999901999576   0.21199999998909999088   0.11999999999249000293   0.14614999999733999103 0.000309
  0.19082000000188001354   0.2119999999937099977    0.11999999997467999946   0.14615000000152000847 0.000309
  0.19082000000130000528   0.21199999999800001049   0.11999999998601000584   0.1461500000016600076  0.000309
  0.19082000000008000895   0.21200000000371999054   0.11999999999499999515   0.14615000000010000547 0.000309
  0.19082000000048998656   0.21200000000499999442   0.12000000000445999737   0.1461499999999099908  0.000309
  0.19081999999950000069   0.21200000000338001249   0.12000000000176000436   0.14615000000009001346 0.000309
  0.19082000000004001317   0.21199999999972998777   0.12000000000035999925   0.14615000000100000777 0.000309
  0.19081999999988999428   0.21199999998817001257   0.11999999999841999554   0.14614999999889999316 0.000309
  0.1908200000001900043    0.21200000000798999156   0.11999999998876000051   0.14615000000045000328 0.000309
  0.1908200000001900043    0.21200000000557001067   0.11999999999407000295   0.14615000000048000706 0.000309
  0.19082000000016999253   0.21199999999800001049   0.11999999999912000503   0.14614999999964001232 0.000309
  0.1908199999998000107    0.21200000000027999225   0.11999999999877999923   0.14614999999950001319 0.000309
  0.19081999999992999006   0.21199999999902999215   0.12000000000200000683   0.14614999999982999923 0.000309
  0.1908199999998599905    0.21199999999800001049   0.11999999999912000503   0.14615000000041000749 0.000309
  0.19082000000023999209   0.21200000000468999239   0.1200000000009800033    0.14615000000062000618 0.000309
  0.19081999999998999762   0.21200000000631999408   0.12000000000025000391   0.14614999999905001205 0.000309
  0.19082000000001000939   0.21200000000467000838   0.12000000000027999381   0.14614999999954000898 0.000309
  0.19082000000009999297   0.21200000000013999313   0.12000000000018000434   0.14615000000016001303 0.000309
  0.19082000000001000939   0.21200000000099999964   0.119999999999929996     0.14614999999993999458 0.000309
  0.1908200000000200014    0.21199999999992999444   0.12000000000100000119   0.14614999999992001056 0.000309
  0.19082000000009999297   0.21199999999956001262   0.11999999999942000117   0.14614999999979999545 0.000309
  0.19081999999977000693   0.21199999999936999795   0.11999999999947000284   0.14615000000017999704 0.000309
  0.19081999999981000271   0.21200000000179999859   0.11999999999782999527   0.14614999999979000345 0.000309
  0.19081999999984000649   0.21200000000110999498   0.11999999999886999669   0.14614999999979999545 0.000309
  0.19081999999999998963   0.2120000000005000107    0.12000000000001000144   0.14615000000000999414 0.000309
  0.19081999999998999762   0.21200000000001001377   0.12000000000049999838   0.14614999999996000635 0.000309
  0.1908199999999700136    0.21200000000006999357   0.11999999999978999687   0.14614999999989999879 0.000309
  0.19081999999994000983   0.21200000000078000895   0.11999999999843999343   0.14614999999987998702 0.000309
  0.19081999999995999384   0.21200000000057001026   0.11999999999907999537   0.14614999999989000679 0.000309
  0.19081999999999998963   0.21200000000020000068   0.11999999999999999556   0.14615000000001998615 0.000309
  0.19081999999999998963   0.211999999999999994     0.12000000000020000224   0.14614999999999001012 0.000309
  0.19082000000011001273   0.21200000000009000534   0.11999999999931000583   0.14615000000003000591 0.000309
  0.19082000000008000895   0.21200000000006999357   0.11999999999959999608   0.14615000000000999414 0.000309
  0.19081999999999998963   0.21200000000002000577   0.1200000000000999989    0.14615000000001998615 0.000309
  0.19081999999999998963   0.21200000000009999734   0.11999999999997999767   0.14615000000000000213 0.000309
  0.19081999999999998963   0.21199999999989999067   0.12000000000001999345   0.14615000000000000213 0.000309
  0.19082000000004001317   0.21200000000020999269   0.11999999999978999687   0.14615000000004998992 0.000309
  0.1908200000000299934    0.21200000000015001289   0.11999999999989000021   0.14615000000003000591 0.000309
