3.900991693087854e6
883142.9302027201
943840.9729948991
3.872292638616292e8
1.012910274402131e6
946876.6799327584
683182.7317324659
469355.90435559925
3.0236976370047773e6
474859.95202514634
469675.76370673755
6.912245483893789e46
595627.0531847872
469117.78167666646
1.949321305779625e7
468982.6576829895
481520.0292611604
1.7564146054453662e189
1.3813085780154236e6
1.4612162422318659e181
1.9997334349476986e7
2.065055934591174e6
2.000557546870344e7
481520.0292611604
2.000355045992667e7
4.0611713263341495e91
5.120259235159574e93
1.2352532514950388e89
1.999368314467092e7
1.9930237890105512e7
481520.0292611604
469153.21836508415
580255.4825610244
1.948953629601725e7
468893.83367310045
493394.59357397404
7.013080549152581e46
469355.90435559925
4.0494927611024316e91
5.135090002372261e93
782134.7190635063
1.999370035934262e7
1.9930562529366955e7
683182.7317324659
469355.90435559925
1.9296492507969226e46
586186.4613270768
7.013080549152581e46
1.9683759892454498e7
493394.59357397404
1.9491006919522826e7
469355.90435559925
468928.0285940195
459319.12302683835
3.6043698028000133e24
468880.072920233
511954.5263643296
1.667804374197964e7
900304.9735343952
461198.9622984637
566873.4769675949
3.727916147465878e46
457526.2293014322
511954.5263643296
1.9351730190862376e7
451224.10986199963
439926.91949933325
617318.7563697065
442793.25720165356
Inf
2.94270901767413e6
442625.09675503906
2.0005581739990238e7
1.6714541772516442e7
617318.7563697065
2.125976933698344e6
440580.4437574329
8.427483152663355e179
1.40658861988774e6
440664.52398074017
2.000556694041535e7
617318.7563697065
9.921727817588904e90
782045.7212318075
1.9987307856209364e7
1.998741642153304e7
683195.5043995164
9.804136461452822e90
617318.7563697065
439980.90230035613
1.9371264044512864e7
460432.6560468991
439959.88224452955
3.505085674486598e46
561371.6455150181
617318.7563697065
430125.4141681613
428224.7195184713
2.584290715276332e24
486754.1750501871
485085.66060765827
1.6339713163711268e7
866023.2287066755
430125.4141681613
1.9200291815937545e7
538656.5832465732
426416.65223596443
1.811604510685268e46
486754.1750501871
420110.65677777084
409707.05369433336
605218.7013499767
Inf
3.0239332580052153e6
2.0005581739944506e7
2.0005581739945862e7
1.90654954949659e7
Inf
605218.7013499767
410084.89765279193
2.212221945422789e6
4.314317182431889e178
410811.2476108082
1.4302838826451346e6
2.0005546774932858e7
605218.7013499767
409710.72093919595
774739.5590564674
1.997767057825767e7
410073.8959182041
661377.832276777
2.260599637225876e90
605218.7013499767
544140.8708538093
537289.1650639155
1.6999015425414668e46
432152.5460530931
423826.228458742
1.9225028117420446e7
605218.7013499767
409673.23524285515
459796.2432690976
1.5971398150888544e7
409764.02898760734
396613.9769343808
1.8231330751983998e24
887451.4716798341
1.901323363937269e7
459796.2432690976
394757.58973520406
8.518793574284705e45
512593.5922228566
398569.201774199
388320.4173449146
378385.75028643565
591671.4420953669
2.0005581739684787e7
2.000558174e7
1.359249196974343e7
Inf
5.078167007452853e262
Inf
591671.4420953669
378497.31367565354
2.331355853243529e6
1.9134021795362775e177
379855.58914748527
1.4520797038681186e6
2.000549868817743e7
591671.4420953669
378922.9944356768
765219.9580845162
4.831987765678613e89
378243.8566997612
645016.2034038517
1.996271679339602e7
381629.7879787328
2.0005498423888393e7
1.4316751904476576e6
378922.9944356768
1.92559930720993e177
2.3873950198780377e6
379146.1212141132
381629.7879787328
378497.31367565354
1.996258052917278e7
665627.5273402518
378385.75028643565
4.862789639077646e89
752510.5291755892
381629.7879787328
378321.1663673866
1.9408991046580777e7
1.8449377792454954e7
378265.3846727773
1.8041447234059786e45
3.094731968582413e46
381629.7879787328
1.715302777025605e24
427237.59618149744
1.2776879802033506e24
1.4962013308339823e7
366839.8285042942
1.5556777062500063e7
881062.8451236599
1.8780988439538233e7
429088.3099027332
364789.4752752979
3.875637155951095e45
496891.7593055199
368995.8220116996
357644.4651434021
345966.8691612521
569695.5979595827
Inf
3.1692351038029874e6
2.0005581738193594e7
2.0005581738240436e7
2.743942212914355e7
Inf
569695.5979595827
1.4184472633685537e6
2.0005382152397346e7
9.473344909268756e160
2.4040133158216025e6
7.172514746966251e175
2.0005581563312706e7
569695.5979595827
746455.4801606251
345947.6047612954
9.59473520927105e88
647059.63227562
346408.6946748447
1.9939546244743444e7
350096.1582978272
7.411585778673343e175
2.0005581562732447e7
2.7091749505534e6
2.0005384105965454e7
9.535670288745495e160
1.4824800391525344e6
350096.1582978272
346350.90147497476
3.1387924354509858e91
1.99950259320198e7
345966.8691612521
1.958779207140688e7
7.392581460820146e85
350096.1582978272
481851.0703710509
346096.43297893053
3.6453904529148116e45
381000.19302220125
345904.4168220694
1.881682037165254e7
346788.06784925406
9.689498835954902e88
739760.160377459
1.9995043147807244e7
1.9939654506157063e7
658111.4509047373
7.368323268377543e85
346788.06784925406
371349.0376281648
489350.2198680402
3.6334675062874035e45
481851.0703710509
381000.19302220125
1.8818708159247115e7
346788.06784925406
1.1960160754102276e24
1.5678646182591869e7
336570.4031992909
1.4468781762142928e7
6.26533453969242e23
399451.8486678693
968241.6214524432
338934.7408291364
1.907143917319344e7
1.7590838728286892e7
334319.1749101464
3.1830082718229843e44
7.526453139347338e45
326445.3551605808
313047.57067450933
549016.3449252852
3.1193961240123003e6
5.09140962859241e6
3.606615557942536e222
3.436941662673869e7
Inf
2.000558174e7
549016.3449252852
2.0005104889214486e7
2.000558134158697e7
1.9565318170810953e7
2.281574551917454e174
2.2009347479516235e158
2.2365762881940603e184
549016.3449252852
1.7587623288607456e88
7.612427622426483e90
713850.1665260268
1.990424816860982e7
1.9375360556975506e7
631749.7939961634
549016.3449252852
1.766878976211125e7
464247.2401589837
1.57178540675964e45
7.01756096714e45
352511.01792189485
1.854444564415202e7
549016.3449252852
5.870842784028199e23
8.153705629906189e23
1.524744557286014e7
1.4627247999924375e7
1.3924440410345806e7
4.126365507327985e23
549016.3449252852
301670.23373235797
9.553121665048258e6
1.6022754535529662e13
335617.9815277812
1.70017146458878e13
9.895545153064214e6
394143.25152838597
302232.56421789946
4.9343174006860967e23
335617.9815277812
301137.1833064849
1.4283002313382614e7
317419.9475326872
299297.78219967673
296624.98731939093
360890.76054939954
2.000485114579293e7
1.486623894639152e6
298099.47560741624
3.8272750075119215e173
2.8768630811137627e6
297024.42285014444
360890.76054939954
3.662241390719951e90
1.9985742067208767e7
677886.486862379
1.923462179903328e7
2.704214376728227e84
738959.5121289726
360890.76054939954
1.8245140657411626e44
4.7133950123998134e45
444458.2222528768
1.900513579012644e7
1.7422853764282793e7
327055.6681241121
360890.76054939954
296572.4365518956
3.328161278695363e23
6.683833419512644e23
296706.8181465545
1.5027525581721585e7
1.364136635807338e7
296655.03407859866
340117.7605313344
329600.4348342423
1.0222765596650582e45
450723.88210759714
442420.74924123805
1.838920970870796e7
296655.03407859866
287034.1655285791
296624.98731939093
4.7683279612145846e23
352642.4320774145
296549.16584406875
1.4364796353603028e7
974234.1275317791
1.6775016113262367e7
354945.952465002
4.422530480382393e44
2.255027550169583e45
461850.92088239035
1.79556700908376e7
974234.1275317791
1.364136635807338e7
296572.4365518956
3.3224205083281773e23
3.333907004486239e23
334791.44591147354
1.3632386256242447e7
974234.1275317791
8.95599224284293e6
1.3715247522344086e13
1.4567026211308791e13
1.2844033388532096e13
8.5929961693606e6
8.209711425431162e6
974234.1275317791
287336.3729694286
2.612160677719785e8
4.660595985983351e6
286733.9230202411
4.378379186872023e6
2.607194911730139e8
285552.60231200344
281141.7086808836
268528.3613856929
298558.6078735449
270927.1641250973
806726.6086938233
1.163109335427482e87
266632.5813692173
638314.5764531693
1.9809233229684073e7
264079.68853260344
334351.75285476295
7.803343913535677e7
269575.15926285094
Inf
3.376608249689465e6
266632.5813692173
2.0005581600765932e7
334351.75285476295
1.46098837558062e6
3.3419639336924837e6
8.960882789056682e171
3.038152590712886e6
1.5587553680311325e6
2.0003846553824756e7
334351.75285476295
263963.3776573637
1.9975331336211078e7
1.8862743417262077e7
264699.022130772
2.4437731486252966e83
8.069725507046655e89
268528.3613856929
1.4372936850562203e6
3.420352721285004e6
9.025133717574734e171
3.112643855349213e6
1.5338653853655676e6
2.0003840344418816e7
268528.3613856929
264350.08950505266
8.127586698730438e89
696061.8710101523
264079.68853260344
1.8858772757376403e7
693334.6394988298
268528.3613856929
264093.85574084206
319637.83279071207
4.157151524546807e44
263958.6552546174
413482.9874540558
1.802141098385396e7
265197.3224509547
264093.85574084206
703710.7648367515
1.9812325051032018e7
264326.4774913216
679929.6504095818
1.1265974852926344e87
265197.3224509547
1.802812468758822e7
417821.96749075805
4.127556301495183e44
4.157151524546807e44
313895.8601257612
1.802141098385396e7
265197.3224509547
1.381900485858033e7
320614.3139665568
3.101009591561259e23
3.11210708695956e23
257645.63299517572
1.3809888611093648e7
1.0346607490668743e6
1.844177184284832e7
318298.5679266005
9.508026792632055e44
2.3976675098910355e43
438981.44414370565
1.6093891165896973e7
1.0346607490668743e6
258964.21135023062
1.2164502274172856e7
1.4094616669043885e23
256360.88052577828
3.106555861548564e23
1.3814445867667206e7
251560.12950476067
237769.26712584993
269200.0848927606
1.3554417784026326e6
2.000137986555934e7
2.4676223370310828e150
3.875170719079973e6
1.6994621318446595e170
2.0005578517696638e7
269200.0848927606
240405.16146480368
1.714951409352482e89
1.9958337887669202e7
235674.58695741213
1.831024930046892e7
1.8666600761070224e82
232708.0079888206
307435.9593970081
2.000558174e7
3.3287783028298044e6
Inf
1.3946879416492758e165
5.131544501697424e7
2.000558094547039e7
307435.9593970081
1.527904591965e6
233108.8691320844
1.6622736046545656e170
3.6172395603807853e6
234472.00352762057
2.000148616124567e7
307435.9593970081
1.9959196894348778e7
1.6653680201194937e89
1.6408490783591282e89
1.7993217098955882e82
1.834567900089322e7
1.8333861150615554e7
307435.9593970081
232605.26796069313
1.5833274317839224e44
393897.48038336914
232946.05155957703
1.7592220952546515e7
292419.92457313463
233547.34327447283
1.5863637389818653e86
1.9959110992072977e7
1.8330907930254925e7
1.9711763582294073e7
1.8059998812879235e82
1.6469617667457117e89
233547.34327447283
1.8491460660020035e7
8.92189234564703e44
393897.48038336914
2.225296629331048e43
1.6227962957092155e7
304692.2418221386
233547.34327447283
287762.5089415596
232604.63677511516
1.9745468253451604e23
229694.59975048222
232639.72503192825
1.322227623774023e7
1.0726121635065079e6
1.809203398200789e7
3.8659568065232185e44
292909.0470460878
7.46277598531595e42
1.5340956826348009e7
457704.0446969462
1.0726121635065079e6
298477.2365268885
8.445823060314474e22
1.9708944252058306e23
232708.0079888206
1.322227623774023e7
1.1456551951327002e7
1.0726121635065079e6
9.093117740148412e12
223534.89746711278
230386.9343681233
7.563829081589593e6
252964.21632122537
229011.38364263988
336044.54233905685
224188.60075585937
2.3932195261221883e23
1.3622235545896268e7
222916.3091767504
1.1927765532226816e7
1.0572239291852477e23
220793.10599914324
217918.69303019124
296315.4370180136
4.048629343521593e6
3.6923674407436e6
2.0512946248600484e169
1.5955672331107191e6
1.4896114679616753e6
1.9999317531054147e7
296315.4370180136
723877.5617110708
218604.68972332252
5.585814184498354e85
690032.5506413092
217794.53631120763
1.964311010114204e7
222916.3091767504
219231.74279568365
1.999929386781367e7
3.9578633352428125e6
218604.68972332252
2.0668239119606244e169
1.5156099892157034e6
222916.3091767504
1.79971577111524e7
1.9947951727837957e7
723877.5617110708
7.249755489675204e88
4.509198311273071e81
656770.1542817792
222916.3091767504
217943.1479420214
9.647963802847278e43
371731.2494752935
217786.38467393108
1.7336590791860864e7
298177.7624494542
219158.37806019356
664927.2929540481
769409.304796006
5.606937901665088e85
709088.0275270743
698612.2504272142
1.96424314656258e7
219158.37806019356
5.676965246990098e44
371731.2494752935
9.647963802847278e43
1.5862968379363991e7
285483.5420013057
1.734592671395157e7
219158.37806019356
218550.58160886617
217834.981352869
1.556436315902033e23
274386.4251217266
217772.90299337727
1.291353538605349e7
218070.12625500452
217851.2846274225
374103.4629185218
1.73389242695312e7
217834.981352869
294942.66870007146
9.629815441184014e43
218070.12625500452
273092.21780616144
217794.53631120763
1.5593723442603446e23
220020.6514867444
217786.38467393108
1.2908235209256494e7
218070.12625500452
217779.33027749442
239044.17876154996
8.088850312123457e6
217775.25445885616
210843.48104135843
9.43439632639924e12
365522.3159668619
1.26722844743907e23
239044.17876154996
211580.73608093054
1.2478632967417683e7
247299.64162913495
210142.70004098114
207704.31643142106
203786.6282643696
281489.41593517526
204578.30309365765
1.543621608453731e6
1.999601484522185e7
205329.29194355672
4.205431352242794e6
2.3667342688257417e168
281489.41593517526
798367.5175948481
1.9133739392236243e85
676627.157428295
694266.604279008
1.9557697918034576e7
766525.115312644
281489.41593517526
1.707383326773992e7
364360.94547181955
203953.44994899677
5.717244923771801e43
287123.58632161305
203765.70273652198
205140.96219292903
204161.54015116612
667971.363639109
1.9558545904875442e7
203953.44994899677
782345.0592068353
1.935585005093417e85
205140.96219292903
1.706345571206737e7
1.8154485937426716e7
1.548014302061798e7
5.717244923771801e43
6.96007420951652e42
3.606014298665e44
205140.96219292903
203809.95103139064
1.2222794404300704e23
257694.23428467326
203757.92848084838
1.2583724072554212e7
210353.87080141067
204091.57185010277
3.5715807366433936e44
361863.91251864005
5.750253328208472e43
1.5468802142192163e7
290429.6330173485
1.7076428722082205e7
204091.57185010277
1.834608633458826e23
1.2583724072554212e7
7.89151279088504e22
1.1680055198020931e7
1.2175951803769794e23
1.34259066349867e7
204091.57185010277
224369.6635977314
8.472417059772881e12
224714.38629745654
197461.12611395612
7.836358623498208e6
197821.81729881527
355616.141806644
1.1199521205770964e7
1.2153028243542563e7
6.232511252609996e22
1.4997367414645854e23
9.850626503438228e22
1.301205952175524e7
355616.141806644
197109.91198616195
203767.71911770967
7.861102765606795e12
197821.81729881527
208043.23320165035
7.429204860771924e6
195799.82604563888
192075.81141399607
201441.01897462015
1.3455711535206347e88
1.9916317562032405e7
920938.7676608741
1.7180771225760628e7
2.302127469323859e80
645922.2110098406
201441.01897462015
191523.8900386979
328372.55765742814
3.406485052464973e43
192779.3657023393
321302.51561077876
1.6756292438095344e7
190832.53366795447
212328.37427217592
191523.8900386979
2.5210292564855286e167
1.5598532740448455e6
192567.30390593063
1.9991056891552478e7
4.545720001663897e6
212328.37427217592
654656.7274362998
190874.94602723615
6.3883474106613606e84
768512.8170430638
191396.65296085266
1.9458807531988923e7
212328.37427217592
190777.92339107287
1.5073303455465611e7
3.730861347432498e42
191038.77685788114
2.2245529054660415e44
1.796577002463114e7
192075.81141399607
645922.2110098406
851076.3600589213
6.413406307459297e84
784602.0175140953
681538.9327598849
1.94577506946306e7
192075.81141399607
2.242022024548491e44
1.7958199710134454e7
299017.8329001769
1.5073303455465611e7
3.730861347432498e42
352888.3278870687
192075.81141399607
1.1307530506698515e7
1.3122278453924825e7
199180.04047368956
1.4440891749996022e23
6.036361117057949e22
242971.05071853462
192075.81141399607
210540.2850700841
190787.9634645159
7.584219261913797e12
186838.68651547196
190777.3603746953
7.564589502059351e6
374908.6349636633
187639.9240437155
1.1758415344898085e23
1.269551187552499e7
186076.87232260252
1.0814130650143867e7
4.737279643527007e22
183423.84890486498
179119.4888937616
262825.78740689607
1.513742405003264e6
5.190169496878334e6
2.4797046873991607e166
4.759380568446687e6
1.6284367531364614e6
1.998361032986562e7
262825.78740689607
4.5426644721975483e79
683349.193735801
2.0540339258771412e84
1.989617399218443e7
886772.5115938729
1.9339543117995106e7
262825.78740689607
339544.9302982486
179105.60719991283
1.9189510476535602e43
289605.40902298974
179291.06392910646
1.6471207757315326e7
180627.01383947994
179550.92383670405
655320.3126546713
1.9335604462683678e7
179291.06392910646
869176.8713098638
2.04587274139882e84
180627.01383947994
1.6471207757315326e7
334233.00387890486
1.9189510476535602e43
1.934306706377931e43
296847.3107561669
1.6458471715246025e7
180627.01383947994
1.0942787734730888e7
230489.76980868823
7.297676694309389e22
1.1348163388658045e23
194833.85653874784
1.19031005210973e7
180627.01383947994
179094.29387260976
197418.89988563885
6.772765659457711e12
179126.77636105957
177502.30356808606
7.291362317009539e6
387801.926933081
1.1438946567378718e7
197418.89988563885
5.791251280725619e22
5.814376204759951e22
233643.387962886
1.1426345920679986e7
387801.926933081
6.261184571287802e12
7.287577748595314e6
177924.9752343171
6.867861028311799e6
5.764482917102805e12
177089.88834141265
175542.79183029511
170995.4361150409
179062.49852147943
608803.5692325439
172940.9079068249
6.360668210875667e83
1.0116492500362509e6
169706.37645494333
1.9182128696348492e7
171114.25913141711
172940.9079068249
1.3103648739761187e7
1.2587976100045118e139
169097.49352980734
2.5020856332062222e178
2.0005555112554576e7
192918.4470967193
172940.9079068249
Inf
2.000558174e7
175756.67325977227
1.2112836864855552e7
2.8924186525607003e251
192918.4470967193
1.9972573171991836e7
1.5931478995015668e6
171114.25913141711
2.227200721732189e165
5.433949845687843e6
169706.37645494333
192918.4470967193
169073.72892653223
1.9871039423659626e7
1.6162833538151156e7
169777.67026476903
8.424103101558876e78
2.139276253638844e87
175542.79183029511
1.2689981881931937e139
2.245396131270464e165
1.5059733918748205e6
2.0005555435561784e7
1.9972438720038887e7
5.319566807599657e6
175542.79183029511
8.492924920997899e78
2.139276253638844e87
626906.9437715636
1.9870492757594343e7
1.6135013813386416e7
899334.1441279019
175542.79183029511
169308.00117427701
1.085464713473684e43
320211.97751460044
169003.559711709
1.6125676483430417e7
307707.8947357491
170363.9131816323
169355.53038082737
654971.9901680619
6.233232796030127e83
169308.00117427701
917472.7738031666
1.9190250257363185e7
170363.9131816323
325646.65062687936
169073.72892653223
1.0810622470181073e43
300042.5963160354
169097.49352980734
1.6132702634702234e7
170363.9131816323
1.1556349188996732e7
219932.25791546726
1.2493461965094566e7
5.556877486803584e22
188763.95948487023
3.4157685227609867e22
170363.9131816323
168879.99849730887
169011.65850689716
6.008019552180029e12
186723.54453216452
169005.71735607836
7.024571577987907e6
398308.31735314435
1.2035166212417297e7
185967.56031313332
4.3695176602836084e22
2.6254696910573913e22
228730.25260938727
1.106360987998591e7
398308.31735314435
6.588769316398457e6
169003.559711709
6.596471105384107e6
5.531285706038611e12
188763.95948487023
5.542549473974053e12
398308.31735314435
166599.21210487507
169088.36734339857
1.7738251158071625e8
176157.12410108696
168674.29981462215
3.305516591259218e6
201512.93859554443
166805.78354193506
176157.12410108696
5.769996473158277e12
166403.10614440363
175802.28965347016
6.809517948849616e6
165723.33706840395
164678.73701857866
187291.95688606068
3.4992268137652486e78
1.3305145016472894e87
1.3525805921691253e87
1.9855878079197984e7
1.5849603349965243e7
1.5879523101755753e7
187291.95688606068
164688.7155929088
1.5959261875677e7
302234.6364037656
164836.20606966573
8.027709628765033e42
322547.7667230142
187291.95688606068
1.2321728597234273e7
4.848425194314107e22
217158.79349530514
2.9261608051171586e22
1.1393926627892995e7
188076.55699905293
187291.95688606068
182203.19265566097
164665.53344727834
5.647406664105846e12
165212.942009351
164702.40606646755
6.891367321237964e6
164717.37392796288
188973.28541735877
4.83349904556301e22
7.692228667798068e22
216372.23690639623
1.1377580020101514e7
1.0362336942013688e7
164717.37392796288
164662.79535256643
6.124474306818157e12
7.315928276608796e6
164678.73701857866
6.4512227390670255e6
5.201325376269394e12
164756.4977396055
4.848425194314107e22
7.70013449361748e22
212584.41127282832
1.1380846956678601e7
1.0358891414507706e7
186317.19711361738
164756.4977396055
164670.52273444337
5.659025172605215e12
181402.57011961224
164665.53344727834
6.883517198392534e6
166048.1027786852
164756.4977396055
1.7376487442728204e8
170911.28798463443
164665.35085893134
3.5282007653700123e6
162940.57342767797
164662.85621534876
207720.3800054854
170718.57327740948
6.222790497884403e6
4.987752380838289e12
173661.13751449736
5.886420256932301e12
7.098771670780609e6
207720.3800054854
166048.1027786852
162836.34095431346
1.7354722275160122e8
164662.79535256643
163047.47606444557
3.3720132203249e6
162446.11269488782
161312.4258016995
163613.29654117467
161793.82401939077
1.575622804519594e7
330829.8495428755
161001.9180418139
6.004150772538505e42
302376.1944021778
161468.79158032863
1.8271453172279304e83
637595.1781080411
161793.82401939077
1.901350773649595e7
1.0127204577341906e6
160893.5738954598
167295.8156222722
161793.82401939077
1.6045538565039302e6
1.995620547254764e7
162727.57109642023
6.045081660594406e6
1.8259728981530656e164
167295.8156222722
1.901350773649595e7
1.983935550529279e7
1.557495297916521e7
1.7970223299833088e83
1.4117074674142845e78
8.393211524869859e86
167295.8156222722
314429.17741458537
161095.7375089913
5.929986660720128e42
325000.8527360328
160862.30073973397
1.5779411036639148e7
162446.11269488782
647352.240422133
161312.4258016995
1.81959109752621e83
993287.7233017551
161095.7375089913
1.901550945585084e7
162446.11269488782
1.5771679018995501e7
313396.7312555459
160893.5738954598
5.954656820916727e42
314429.17741458537
161001.9180418139
162446.11269488782
160910.74808354815
188668.5024577815
4.213020758816996e22
160856.57601037118
208197.72557934825
1.1194520038907632e7
161260.90323743425
1.7280844429981813e7
316243.05056687514
5.917670784525399e42
4.980926066502191e41
310455.58094115125
1.5767814642859643e7
161260.90323743425
2.5210543900509415e22
6.723572791217515e22
6.75154445918402e22
1.2158074678401388e7
1.0155443481466424e7
1.0169504976379987e7
161260.90323743425
177535.4305079664
176719.23063209723
5.316691214687465e12
163654.86317321027
162801.27826756562
6.747085483445929e6
161260.90323743425
3.4440093156282855e6
3.603637885595247e6
159453.90871440351
1.6936076691960296e8
1.692431790224649e8
166705.99779863283
204719.22331798292
166705.99779863283
4.676108301605024e12
5.537626303170906e12
171224.0413455393
6.970504749429146e6
6.085776090380344e6
204719.22331798292
159555.0394286139
1.6914426374444902e8
160861.8202365385
159355.5035566012
3.2907227933101095e6
163010.5005705146
158989.13848947387
157959.76724627323
160819.7066784102
4.425438234679312e42
299613.9134424802
1.556267234665621e7
1.5578852418911258e7
335747.24070574093
4.3886357340573624e42
160819.7066784102
158151.6967032771
9.929159871868309e6
2.177826202212402e22
157811.4466918003
5.940219692252231e22
1.1961621260166686e7
157654.25349921707
164002.90513382351
9.68873207543757e82
5.135545223458411e86
1.9820156907056794e7
1.8923105475974303e7
1.523684588280895e7
5.504868908886968e77
164002.90513382351
1.3451766493900787e7
1.7151741213701658e7
3.4269786612106036e41
3.744475265249468e43
3.455868251234441e41
1.71406545656453e7
164002.90513382351
157628.13844356657
206255.42489035096
1.1020679820844745e7
157723.97745739852
186005.65416604056
3.633961305404016e22
157959.76724627323
157706.73503985815
3.752337824892507e43
310954.27520857536
157723.97745739852
1.3446288562986672e7
319112.6457517352
157959.76724627323
1.100701860176503e7
5.890717161738241e22
206255.42489035096
3.633961305404016e22
9.957776893895073e6
189707.94607221495
157959.76724627323
6.603431882201573e6
172728.6368547271
157635.74485857555
4.997581502620086e12
161746.88408340007
157631.4342541905
157959.76724627323
157628.4235706744
162932.98147718963
3.357723734040157e6
157630.57887286702
157122.4973786382
1.655063634741313e8
210087.25574843804
157343.37627398988
6.381922106900004e6
4.38110073297021e12
156912.74894585222
4.787453180014822e12
6.823064663157186e6
156185.0598403684
155055.17742898938
179029.6319523685
155263.94383256778
3.1449492719820334e86
1.9800533785953943e7
155558.7606296334
1.4901434067723736e7
2.1209669195492942e77
179029.6319523685
333479.76344389556
1.3206780505177984e7
2.3715846732313867e41
315043.19140859053
2.8662991710618807e43
1.7009083643349115e7
179029.6319523685
5.116215187536723e22
200035.1493523548
3.145435979722671e22
9.749897752141688e6
186075.96402837217
1.0837605939557655e7
179029.6319523685
6.466563298197896e6
169713.83045791526
155079.16871008894
4.68263620482474e12
160163.67267392474
155042.31661045577
155102.177961981
1.083411124786321e7
200838.12221325704
3.135452928432073e22
3.1487671895750697e22
188844.3902274879
1.082014699936051e7
155102.177961981
155040.5862544882
169284.12635127595
6.462499803526853e6
155055.17742898938
160604.39320296716
4.687601181486271e12
155144.9694562773
3.1387788491511724e22
200035.1493523548
3.1521001624719017e22
1.0816659566803606e7
189791.4310549628
1.0830618007996274e7
155144.9694562773
155042.31661045577
168865.1028982495
4.692568788934937e12
155049.98636108654
161056.72182441858
6.45843960503102e6
155144.9694562773
155040.0601246512
159636.94091193026
1.6160328262743366e8
155043.8949999666
155398.43832941746
3.269352124921016e6
155065.78176171845
6.460469292257035e6
169073.2795430611
155047.35571190185
4.690084656362213e12
160829.10650214163
155043.8949999666
155065.78176171845
155286.78151313233
155042.31661045577
1.6150686256801024e8
159742.95248474152
155040.5862544882
3.2711965746574593e6
155065.78176171845
155039.97536261447
1.5047630788531213e6
642625.7027127453
155040.84054059832
4.213797242674759e6
520079.20454169594
155046.59285357138
3.2721193129490316e6
159689.60600378498
1.6145866424221498e8
1.616515043610619e8
155342.2547447002
3.2684304134761444e6
155046.59285357138
154579.17938637175
656308.2856931008
4.216600817347716e6
156793.47566913336
538378.9843125064
1.5040698238102843e6
166572.51190096638
3.190222573977573e6
156740.17292282177
154523.6763605103
1.614960963689585e8
157542.40048967995
154637.49420450395
154329.78217977105
154004.09222012557
159899.52059452134
154076.95984728605
1.529536874428075e7
332876.88391768286
154111.17929828944
2.7214319803384744e42
305163.0527694128
159899.52059452134
2.9232695302506762e22
4.788890565771472e22
197104.98337530118
1.0738030295158947e7
9.648426257793419e6
188314.81633912746
159899.52059452134
6.385441530041868e6
4.953017645927139e12
167999.25682177013
4.535552261940855e12
5.942359258346325e6
161028.12589335637
159899.52059452134
154487.3328439525
158548.97809142023
1.5947910962478125e8
158329.46379040103
154707.63654150485
3.228780684963109e6
159899.52059452134
659191.5878360713
521001.19566460786
1.5085566300454766e6
554025.4333775166
632123.9984792038
4.231911140130099e6
159899.52059452134
355159.42877700576
300238.55452171474
537433.9480526187
176104.37538406922
492631.53312897886
645589.4390552922
159899.52059452134
141982.69399799724
348839.48246589996
206479.0600454581
169079.22696965304
169715.939561909
127212.88766276582
438317.23588287935
832878.7354956372
265209.78747590136
257183.3234501884
532375.5152763027
262429.70600884716
262614.8121882556
438317.23588287935
128000.31197710075
189791.2585549963
258226.23473037672
141817.52367247682
168245.7770065896
247931.29846152448
438317.23588287935
170150.04776493355
134002.2952626969
125464.35425570949
148173.11611081907
154138.03211200243
129780.53140203847
127353.39843852184
230653.92764771183
136349.41740964368
246295.79292111602
221820.8528310501
132852.83655594738
267533.23394967057
127353.39843852184
150933.81189752658
124786.26186113886
154005.9533897866
142840.83531435742
126162.78291560843
161908.11177865285
122275.59924068453
115369.75542972918
132644.93897852366
773293.7734158696
1.4552780708022045e6
558364.1985106977
571431.6831142721
5.869595938081434e6
752640.136896127
132644.93897852366
169615.95613795277
275140.1032853838
801593.9455639541
116888.39118160072
212020.93309532874
590076.6326323526
132644.93897852366
154283.46231359485
124311.65858511001
214889.60343767796
218400.27132631038
111429.60305740146
277029.0963248982
152709.15794543226
111480.31453184971
931944.1266678711
132882.8941631293
111379.07451700946
536860.6650700163
150653.71984386267
111178.78969600525
110406.91986100603
107787.75170529349
104804.05803099304
212756.9465105845
221904.23756705262
1.5639610560143372e7
6.677067910971979e41
270163.5960585034
8.716522824141999e42
1.7176010310376223e7
212756.9465105845
1.0056716551832521e7
1.1116024873445999e7
142216.42109235408
1.2122677995711531e23
7.432472865076572e22
136698.61946812348
212756.9465105845
7.105607423187013e6
113190.5808348118
1.003731179927676e13
9.165426415154758e12
113663.87251042658
6.663062742597166e6
212756.9465105845
2.806074374484056e8
107130.23117522062
104758.47948024806
3.3525171894741217e6
106992.58439946432
104852.56352663987
104605.4347262856
104461.56689472047
111379.07451700946
1.3514452557325695e7
1.5634410602533292e7
6.72443507727117e41
7.816527550306989e43
8.893476648073042e42
1.715535451473506e7
111379.07451700946
104542.67773290024
1.1071716044709124e7
153181.24463671623
104427.28717496911
7.501384511078251e22
129850.09871151077
104758.47948024806
104499.22109075166
215263.6260480191
8.835891387117644e42
104542.67773290024
294416.3718664287
1.5630252068387879e7
104758.47948024806
1.2034639979263203e7
1.2288510528288939e23
132975.38333509638
4.3685950448026476e22
1.0039916168221774e7
153181.24463671623
104758.47948024806
109448.22519846188
6.185193166677316e6
9.240433693731824e12
116938.18042322001
1.1076488592751896e13
7.065208207940604e6
104758.47948024806
108567.52781358661
108344.76975055174
2.8342579894255924e8
105090.94918753719
104887.70412761954
3.318910006332028e6
104758.47948024806
5.941180628496103e6
620956.2174929782
105007.32364371285
1.4138227335297808e6
821565.9290710265
104161.2450847269
106137.0328367931
2.85033317371696e8
3.357050292404099e6
2.8257970166534483e8
3.2047630192516726e6
2.834834528844252e8
3.518031438221327e6
106137.0328367931
6.031092637079632e6
5.889988605231987e6
104433.83170058104
1.5122264041721495e6
1.4377988903654842e6
104964.22440311562
106137.0328367931
621958.8737375113
98679.76137045545
758700.7383471682
782948.3536465415
166367.14909314606
604384.778154712
1.2540082737063237e6
98832.77014747578
9.140449064715065e6
1.3002681542422592e6
98527.52567744779
1.212332402505036e6
9.348079656340102e6
97926.3137455412
95645.15945990414
88499.63738918059
91583.07025548707
119017.25435811104
359645.91706461646
2.0648672468915506e43
340574.30220751895
128144.56811613942
1.5739215754753485e7
91583.07025548707
1.1180108807575988e7
77653.99600116843
1.5961426928535773e23
1.6031630521593042e23
172177.2169456567
1.1165834153951176e7
490186.8264112918
1.778855607064456e7
4.847301705992837e44
220636.12690337954
6.03268824409612e42
1.4792841040481813e7
177417.8492839458
490186.8264112918
1.2986024564327039e7
121234.79230271283
2.6278230481563998e23
1.5996509468736613e23
87829.0953259206
1.2113507961960943e7
490186.8264112918
77206.87943636281
2.6678236137435336e13
7.904293340586595e6
78112.61014680122
7.076057652200905e6
2.2367632853935082e13
75533.38898541334
70679.04011397481
80695.45154597316
1.7763824453990367e88
1.9892307714453492e7
764092.5713327208
1.6734290305005463e7
9.882987449417568e79
455904.62070682726
80695.45154597316
69925.35612920503
6.535931967625474e43
179398.1045356069
71616.68539198059
1.6516435680844618e7
202072.75136514186
68750.23312248565
93483.54801336024
4.89579005252325e166
2.0005562116176758e7
1.4187341340107532e7
1.998162898137466e7
2.722782786651689e141
3.212774877892799e179
93483.54801336024
68969.87203937344
387111.55454026413
5.846421909365687e84
69266.43937854157
814933.9400189013
1.931852468693511e7
93483.54801336024
1.46743227194085e7
1.6489064559570206e7
6.307724745455177e42
5.02400353164454e44
6.707183923072625e43
1.7741723727401026e7
93483.54801336024
1.2859979488369487e7
4.380200380204585e23
4.361440215491688e23
1.6724188769328907e23
1.1034856147311807e7
1.1020811231933508e7
93483.54801336024
2.7891872808939125e13
7.316153476109825e6
2.34102776292221e13
6.9015194595519975e6
2.5554568594312758e13
7.734603105481516e6
93483.54801336024
3.6889486362337694e6
67811.97125010808
68742.40259074005
5.281356351590587e8
73505.34204850989
68760.93804943797
97944.2869074956
7.522318537072886e6
76502.59208766682
7.530708658462279e6
2.6694060604724547e13
73505.34204850989
2.675141168310746e13
97944.2869074956
5.314759846914189e8
70466.20936695907
67727.59105397329
3.84091611181655e6
68750.23312248565
67899.17497526533
67418.30555965813
66632.92822598449
70719.6531886874
8.875910344410555e43
1.7860536821849864e7
1.4907001958841328e7
1.665698343671639e7
8.791644971656215e42
6.419316275805579e44
70719.6531886874
87945.16861226056
104309.47856628803
3.135550536834161e23
101264.91024473368
90965.84417234172
1.2176683438221358e7
70719.6531886874
76762.16032216902
76084.5443466883
2.7024669740494945e13
71946.66371540833
71112.90608169007
7.482612007669164e6
70719.6531886874
3.795611388564992e6
5.41137171825038e8
3.95128357868469e6
5.374966677430972e8
3.646324563149449e6
5.3471948590488124e8
70719.6531886874
8.823227527555037e6
66548.26863436951
1.622849776023836e6
1.6244653150122724e6
67633.72902247604
8.814269192807829e6
74841.57117017375
3.7239876863167873e6
69185.38376012571
5.391700401897935e8
5.43096331241097e8
67656.27384817909
3.871353999862176e6
74841.57117017375
8.777132121408325e6
8.679410942101184e6
67293.42473736739
1.6964880352833678e6
1.647141653850851e6
66646.53009269989
74841.57117017375
141828.12508673017
213320.82423084913
1.0191504113264977e6
83375.65690725832
274149.028911129
649696.1658794902
74841.57117017375
60900.748813670085
212015.7582621765
123983.80205654565
77681.09364983992
273003.0816581385
194660.26747581462
102753.27429280388
587148.8130937743
236641.08967405665
1.2202498070198821e6
1.1911276835105177e6
273442.9104159872
606283.2341944741
102753.27429280388
114596.51029719594
165752.68235017936
262228.9042417621
102484.30038564872
166223.51153639637
228940.37625385742
102753.27429280388
66560.91051109743
63492.74819888479
99478.12884911944
61405.61045239153
71387.48786971201
112788.75036339907
102753.27429280388
60243.231701726036
67198.96274312881
60171.797793269056
63017.5116834567
77387.87593147178
64623.01032111193
91307.05525117759
60855.89292232763
63516.64219591665
119104.69230491495
59907.58978528131
60598.576583549795
97792.76839371643
62893.47797866199
72392.73266196596
294463.8873238383
62844.05633219447
71553.77396829845
214200.78325573794
63922.90141005229
62893.47797866199
103765.7758823762
103312.3325835313
76234.16976823055
97524.68025383208
112298.34533283887
74618.43653375734
62893.47797866199
64597.791287398926
59745.695352897485
71926.44683244347
64437.516466012275
60073.03968570143
71447.98284165232
59133.54177350389
57244.48320869724
58197.160519947865
392715.86998745194
609982.3255313728
279447.1371405917
612589.2174693742
1.2517266281494873e6
238791.57738399427
58197.160519947865
270997.7202510046
56530.129025482034
269456.1756259465
232798.54524397058
62827.97934496406
231693.47636260657
112464.39377217194
336883.44423849834
1.4353053773349787e6
370362.5030584631
201035.87433567364
552136.0003518823
762122.9530816929
112464.39377217194
56542.070720805066
61157.136480273475
199763.09128178994
56518.23248423439
57244.37826923213
334607.62939004606
56471.09785999784
56289.784015111
55680.12306852475
55090.990209551055
82326.63361160058
70021.19879441179
55002.79961077766
5.6412324404575196e23
94911.0371761198
55225.41858150859
1.246418816587947e7
55112.414947527344
1.5240290161686353e7
1.6889564360294692e7
200850.8428581256
1.3611280001971607e45
1.945919846330123e44
120508.51552189204
55112.414947527344
55090.990209551055
68564.02473414909
5.653415893769163e23
54960.846785188776
96402.46369932302
1.2457809097112926e7
55255.413214675566
55015.65445356358
210818.23801675293
1.9417352892947254e44
55090.990209551055
123075.52152477187
1.688031247090893e7
55255.413214675566
99533.97008223273
55002.79961077766
5.665612489285275e23
68564.02473414909
54965.131732783986
1.2451433823662383e7
55255.413214675566
69102.84000320945
4.0068674894414516e13
4.7761090719916e13
55309.985596203
8.087929751847491e6
7.288610780129753e6
55255.413214675566
60113.41570120228
3.749805328289511e6
7.692633560381997e8
53427.76281806138
7.813400089912548e8
4.0462586732301405e6
79585.35057152626
4.5701687643648086e13
59871.18467115031
4.580025998664753e13
7.892584429042596e6
59935.374536610565
7.901003955347156e6
79585.35057152626
55123.356934497126
54939.5224340882
7.804655662720332e8
54967.00020034985
54976.04347633518
4.048394904975916e6
79585.35057152626
1.7287209084498528e6
53882.882650834705
53477.113019060125
1.0993373473750306e7
53781.168076018155
53379.122966387855
53191.667052946854
52555.49929122898
51829.32251709627
78020.52378438099
52102.40189174762
1.7016719315202255e7
208164.90020984295
51738.09256971853
2.5728731401084097e44
115254.64316452318
53191.667052946854
52101.180956785014
326674.45607708953
5.925883613274671e85
52102.40189174762
701730.346549208
1.9519411625436544e7
53191.667052946854
201350.71097728136
51828.712049614864
2.561923858344791e44
120228.99632596782
51829.32251709627
1.7022578034695674e7
53191.667052946854
1.0062327169724036e24
1.2607674363882437e7
4.0384040122999434e23
1.1721415706425672e7
6.458899545119996e23
1.3433806789780466e7
53191.667052946854
51743.85167275611
7.422487022466879e6
4.271154011504975e13
51743.69905588575
5.0698284497355375e13
8.217489405714947e6
53191.667052946854
56334.028778523614
50485.97272679697
7.956198484030368e8
50308.306694168125
56518.23248423439
3.9753674131644005e6
72846.82619821724
57265.31389620519
56246.058183767775
4.865251282688969e13
56713.99563324129
56334.028778523614
8.02010209362735e6
72846.82619821724
4.270012760743834e6
8.023451949895195e8
8.072326430223286e8
7.960613238320003e8
4.1238124574566507e6
3.9711764123408007e6
72846.82619821724
50607.0679289588
653449.7936197607
1.1226595721358161e7
50821.43759343095
1.2718592308673193e6
1.7862212197252484e6
72846.82619821724
112390.59236117228
118195.44810488352
1.29421279190884e6
79794.16092183205
85946.90280489417
669834.2388034093
72846.82619821724
53466.479443765864
47746.06949569081
256385.50692183623
73793.54139621422
58388.851615971245
252667.76767202825
103854.79438530773
210456.18191754608
611711.3198841481
115541.33927917764
317670.33668418543
1.5080849245855662e6
96089.59063813629
103854.79438530773
50331.926189495454
119387.26412221906
213483.40423981863
51812.34034524097
150825.28804768366
322176.1291969557
103854.79438530773
51834.18824961711
49069.40902138213
92892.15845563209
50349.38555236597
50572.46556086919
110097.78495887826
103854.79438530773
48309.24837080858
47680.85868721447
63166.803290835334
47850.152186467945
47824.52576408517
59076.4533728728
47554.71777652593
49335.86712085986
52943.83397513063
206913.85492141754
67898.91471037437
48782.587434180656
342499.813981483
56740.21462238427
49335.86712085986
59023.9071744308
48748.49803442265
87969.17116072873
70720.56944069712
53728.954201542845
117229.68892314135
49335.86712085986
47719.6268654557
51342.161693889575
66130.28814045551
47419.00887127167
47809.797631848836
56215.6851353345
47165.23768784071
50615.66423035445
219916.7062975345
50640.84514787566
50487.5592788942
317565.88969064684
51420.166308562526
50404.77385616551
50615.66423035445
80208.07471604338
106560.78019104734
60384.64836659908
86556.0470620784
95195.26010877783
59625.385279630216
50615.66423035445
50472.58305914479
59977.86946817598
47308.12969491244
50403.11339692331
61185.29548571565
47098.05550765964
47606.627785423545
69233.60088745931
109788.67043611474
47193.27558917046
76921.32296023302
92668.29382003876
47307.01185895515
47606.627785423545
54476.0135382068
53454.172952478024
58503.133481532765
57098.89248666738
56051.10773749346
55275.767929280686
47606.627785423545
47074.58215005741
51160.24140367303
47057.44948176543
47136.340081690905
49742.56472027837
47399.7794186991
49429.636341109195
59685.90037115702
47041.245797482836
47115.07179811317
60957.04491879959
47118.405741436945
47024.791383120144
47146.49705746134
59860.79160808273
54679.811996287375
106211.38693346547
59866.54208811328
54581.36665440132
96194.41733167168
47146.49705746134
49099.20993118955
60398.991349498756
48759.35716108136
49408.227404290505
60108.89355343892
48611.60590712055
47146.49705746134
48148.559888891745
50100.00137509509
49562.18265382649
47959.805564849856
50447.1626988558
50027.30555630213
47146.49705746134
47983.19658259399
47204.81475774322
47009.32405985933
47745.02881751872
47412.8433834276
47041.39782474794
46958.8840109122
46942.14103746937
49977.567967666895
97624.02863171797
89851.24347733632
65328.75742497474
78891.37799167524
114968.0059734275
57013.56174659101
49977.567967666895
51229.52749518489
54485.602803302354
64297.34305525593
48118.0558996444
50147.52829306643
56662.56977925262
49977.567967666895
47173.6766929853
46818.767552850884
52024.442510663146
46831.50162055689
47087.12116787164
48701.55097193983
46539.928259423825
48781.63857071767
50119.41128409778
49229.66388647242
96071.80436316461
49643.64978041613
50051.78862150502
105719.85040914021
48781.63857071767
50085.191451212064
56163.64879821548
60359.61795087935
49435.958837462946
55898.760786628896
60012.25144526705
48781.63857071767
49625.49863042768
46619.45729839385
47052.87524020185
50121.637420697814
46611.22289185108
47317.27281183959
48781.63857071767
46897.81643793157
46686.32225361381
47197.88477619431
47088.42886121143
46885.11316912014
47535.46468584168
48781.63857071767
46613.03280140251
46548.24649133495
46658.11869844582
46718.085493834355
46648.90069750923
46835.25087172953
48781.63857071767
46632.945329707356
46527.229428884704
46571.08516435107
46551.77980989749
46558.68099717651
46533.59172609051
46537.311608283846
46696.11634524386
46557.87522713602
46599.50148281313
46772.748381177895
46556.03378567448
46633.33144394801
46537.311608283846
46531.29690116761
46551.61193805551
46598.77084120146
46525.69960219789
46542.74493342246
46559.31686818628
46545.04137479856
46737.241736581906
46514.44407778593
46691.03436971122
46734.553906055626
46537.24343351892
46693.706425171324
46472.3115176772
46350.37789912724
46631.936361071836
47553.6207792672
52289.7177286964
62879.883251799154
48792.54487488476
55550.442071549
57517.90206163293
46631.936361071836
48904.85891291026
47114.931089734055
50732.78960415886
47411.079320805184
46505.47885995612
48748.73957282342
46631.936361071836
46444.35970828335
47208.83688994964
46724.858581235436
46298.42293444527
46528.60367683296
47706.658478561185
46505.36001438147
46327.331892857765
49196.63179190595
50277.93516418548
46294.95549148964
50056.043898124335
49225.90560150941
46532.73743995211
58698.72066619449
46230.78571899037
60523.50398489738
57579.40683944237
46404.3243974281
59119.81873944376
46422.36431018424
54498.430932923744
104981.41119922945
102977.29951799147
53666.19338946543
97127.90139593025
95772.86664501888
46422.36431018424
60101.17516739902
46140.4635303162
51435.8242249224
59334.97486091198
46512.41343792929
52541.39233509799
47763.79725371051
82054.15731661615
46965.044395113684
92807.86557999559
94326.8330342346
46775.987538442816
109804.70981640948
47763.79725371051
48862.647572140086
48197.17153354926
61856.866038915985
49976.79082914826
49344.31036490312
57964.45786457798
47763.79725371051
46183.76975342338
46321.413052047916
50188.160006289334
46105.80896475815
46082.293816808015
48886.775535521396
47053.76741771051
59805.53940050993
46617.932744552156
52162.8278428606
59588.37826450988
47104.94642251282
52667.31551228363
47053.76741771051
46345.319017212285
46691.59284454728
49233.30193171093
46114.04671023192
46395.23386013936
49710.751775467266
47053.76741771051
46181.62974444667
46155.42393944214
46769.53177682811
46062.36800612509
46084.69400219615
47085.095263035786
46793.12748826207
46049.87526664496
48772.1631576357
49855.04252060203
46081.70684936162
47945.52835665098
48967.91710409083
46068.01243941722
48856.111410951555
46159.89246432765
58502.87545357173
48434.846354385634
46429.96551300474
60696.67663427099
46068.01243941722
48964.89507116483
47240.89419899803
48633.20760415068
49378.53169489308
47569.380921221484
48182.127320820946
46068.01243941722
46072.062469490505
46167.63693747924
46797.34361417188
46051.14443201609
46149.135152233546
47008.87659319053
46068.01243941722
46060.99414337002
46217.162707812495
46063.40063234044
46081.35965588507
46306.75755762668
46037.35050165029
45997.24408013844
45995.95520218151
48490.06812754042
54693.823972143495
47298.84774804497
57088.89012211833
50716.698984433744
46082.80218960932
61693.65841243684
48490.06812754042
46146.74299878332
45865.361367762336
47871.919355343794
45916.14077891852
46235.18714038305
50762.6698713577
46452.214047448135
58511.991561260606
60039.568184935975
45987.00983602989
59827.506093774435
58926.89405695545
45757.00902681794
45458.82896246853
46561.44374609907
56359.35854150443
144073.2141360875
336805.0657530169
60409.68055878098
195797.74977825582
219423.83013332204
46561.44374609907
47062.18429981612
49968.53095174154
110478.78088670022
45848.46235372965
48025.50336953908
91520.95111358218
46561.44374609907
56897.40993210082
45501.0911274187
50140.76161417343
61672.30034768457
45495.54914488767
52694.365098910734
46561.44374609907
46680.27954673995
47972.691408328305
49717.64698021679
45813.55936257158
46690.54807754238
48000.44932630627
46561.44374609907
45461.74863406402
45908.62239188194
45473.9784150597
45456.01912780015
46733.32648330966
45444.07044516571
45388.960040772334
45232.10431858566
45675.18410852636
88135.9908436761
44833.36867242123
48228.321939365254
115784.73274662867
46209.64742010611
53201.08536422569
48819.03305632493
44755.98177976704
57447.01593896414
326005.65377141297
44913.10918997057
57784.698945842036
224507.36092241554
44469.886387549996
43696.080892303995
46243.61552087433
43620.1999056081
1.0337740175006208e9
4.413140895384959e6
43774.758494451235
4.1207414583013565e6
1.017740557914825e9
43344.6421133372
42689.869416457725
47230.11418420659
6.823003594769981e44
106860.52827437969
6.852039212984179e44
1.7410505456292134e7
174835.43299841622
1.741562347445625e7
47230.11418420659
55360.360371632014
42638.040860288944
1.1769535796604256e24
78450.23069349007
42786.44381984708
1.310604138171039e7
42878.18510781781
104404.20194583647
99610.07060537225
6.8665801408875145e44
177938.47459157533
171783.52473988073
1.7413064266791455e7
42878.18510781781
1.3871378889151448e7
52735.55835573394
1.1769535796604256e24
7.504837576867717e23
78450.23069349007
1.309424934902103e7
42878.18510781781
42658.36190747085
42909.69476759421
6.9615223594406305e13
42628.906274912166
54480.46437300536
8.226789819530989e6
42704.232551456225
1.3103092245722845e7
53376.00809813788
1.1782020738428772e24
1.183202668979542e24
80591.7349113161
1.3091303220540704e7
42704.232551456225
7.834008463026279e6
8.606183823051909e6
6.9615223594406305e13
7.563482836550862e13
6.409673343301191e13
8.218573153017934e6
42704.232551456225
42628.53390540073
4.209414806400271e6
47124.98107843679
42632.07525987485
1.0411094991944478e9
41164.6531015756
62496.434106046785
47301.61705923496
6.675277234431186e13
7.871625742379862e13
47186.231567368726
8.784223037436377e6
8.029481482261484e6
62496.434106046785
1.0416789647310385e9
1.0566550249145021e9
42402.619656136216
4.502400513933383e6
4.207295437626699e6
42632.07525987485
62496.434106046785
1.8573042683905482e6
715851.9109605304
675518.8054063468
1.3224333263850458e7
1.5348939307290534e6
1.4779721891685417e6
62496.434106046785
246532.49766834016
691911.9550011631
101571.88108420803
291901.2275995499
1.5008113521310082e6
84517.86370348508
62496.434106046785
223875.3675938436
137055.40974100374
203765.52951774208
205956.84434786346
125550.3388220353
221325.97777751743
62496.434106046785
40197.52796561069
50785.964732418695
88820.74697721342
45653.33911903279
41962.77498236933
105506.76422050747
76862.39207774642
354532.9576974952
57225.09794937083
40108.27884853824
219304.74746460406
50653.48990091914
40288.99969764086
39773.431047612634
38784.12375286655
40163.90803110243
1.1894331951592877e9
4.54114513142808e6
4.250465332014037e6
4.399165319701531e6
1.1792661875897465e9
1.1975710227156303e9
40163.90803110243
38755.47300281254
1.4454966791477375e7
1.5999236449794685e6
38813.4653702664
1.8843071051675924e6
649178.1725113867
38647.77867605245
38327.540144316845
38815.206422243056
49894.92747743553
72319.4726482697
1.6466717371532937e24
69721.09813856972
52606.11341842043
1.3396438068488738e7
38815.206422243056
8.4785775657227e6
39683.04915165974
38391.01896095501
8.622276875412547e13
48328.914364457225
38275.11520520895
38175.95422408185
39547.930704442726
174076.0340302422
161889.85103419787
1.2149925916336027e45
99627.59775844497
90238.85136031466
1.763000107231303e7
39547.930704442726
1.3382217208380053e7
47970.66106800139
38203.42695958447
1.6553705604333937e24
74391.96718736418
38192.69699870095
39547.930704442726
37927.04234086348
38178.798672626224
8.676979643447216e13
49891.36167453532
38184.16365306796
8.462312979000809e6
129917.78443327818
37299.64767726954
49891.36167453532
2.0429687723210874e24
38597.298753442934
67259.05745794064
1.3760083936075093e7
35218.686512747874
33752.72169233026
137614.93981336604
2.0005579273171734e7
8.475406947820626e182
8.200706697536048e182
1.8061020832879329e152
1.8309089867522255e7
1.8282184428572495e7
137614.93981336604
35100.700446643124
1.99658761351549e7
1.860907551290473e7
33090.530921784244
3.312098518463943e83
2.772776621364732e90
37299.64767726954
5.067655215079381e171
805153.9957217148
5.151830647991625e171
2.0002554855828732e7
2.9500070377653847e6
2.0002579889258377e7
37299.64767726954
1.9759655729162835e7
2.772776621364732e90
33114.12813500514
2.6778547973656365e87
1.8620123663426813e7
33752.72169233026
37299.64767726954
33335.902809086365
1.8647420141478308e7
1.6641823664304664e7
33016.60603042381
2.7790085028891917e44
1.1506788452840608e46
34435.37642439954
33335.902809086365
1.976016119933656e7
543865.29308238
33383.09723552818
2.66679202992216e87
266325.3375623775
34435.37642439954
157662.3792988809
145925.7761400734
2.006726016174557e45
96146.09152799024
87048.00913464358
1.785301404437602e7
34435.37642439954
1.3684087837540856e7
44543.90287043237
2.1036108734469607e24
2.112346431923896e24
65255.81408977103
1.3673269226302193e7
34435.37642439954
43404.18518060656
8.345407863259721e6
9.702147729559825e13
34191.61848969607
1.0498179431548244e14
8.713776952973468e6
34435.37642439954
33016.47063425331
4.51235940792305e6
36606.32893373554
33019.42028590591
1.261142414925594e9
32152.06245424292
53250.72665582463
31996.33864172166
38044.83205115628
8.89650696065938e6
32318.33842597282
36606.32893373554
1.0090182593410553e14
31478.96498372213
31097.815825094825
56586.746764517244
4.455600121050429e87
251558.6155741877
31920.248529803594
1.9784921293271594e7
544007.5316133322
30950.72130973437
37115.72514177541
31920.248529803594
2.7843437982860724e6
1.3781671582759502e172
32682.54684705828
815554.8275968697
2.0003146237099104e7
37115.72514177541
31097.815825094825
4.115307119992274e90
1.99702951257424e7
31478.96498372213
1.874815595542988e7
6.390312218186094e83
37115.72514177541
30939.851293746084
1.8718888712199304e7
1.6811663575564433e7
31130.425873059678
3.6486842731214346e44
1.429741521195767e46
32584.71670316362
1.8745651180872418e7
1.9970222262140136e7
503989.33806940995
4.132264513903311e90
6.416535864228534e83
243855.67315666276
32584.71670316362
3.67878447258908e44
2.5587921966412805e45
83595.04731610633
1.8718888712199304e7
1.7951457141580746e7
141743.0406268755
32584.71670316362
62740.863785008725
30924.1819833231
2.3772465022356635e24
42020.65915335594
30997.729241003304
1.3817551712248078e7
31283.59110997378
1.8720170222644344e7
85740.30194298996
2.5535284901564596e45
3.671247830735287e44
138933.4505728114
1.795345090688073e7
31283.59110997378
30939.851293746084
1.3062125168328108e7
1.5574009750466122e24
30950.72130973437
3.529320979869768e24
1.451619286600847e7
31283.59110997378
9.200511356072068e6
31958.429241199683
1.023706573883461e14
9.478324663258684e13
39916.93065272744
8.833624831411958e6
31283.59110997378
4.730248063453547e6
1.2919313539940386e9
1.300324911774145e9
1.2807255501582973e9
4.593295192686491e6
4.447626091926518e6
31283.59110997378
30521.666030180444
32219.413584551938
1.5249895966527885e7
31473.841320313684
30313.795803491797
1.9433300027279826e6
34375.039511138
31018.324904094636
30273.920294992866
1.2959689431999211e9
32200.19149687358
30356.289299272157
4.662352972744668e6
30140.598133813393
30026.187454148265
36270.5921763374
30220.308893347585
1.8748348240372904e7
1.687348228863277e7
29999.617200970228
4.2071479908819786e44
1.5950156098643349e46
31568.848048470314
8.793834183598189e83
4.9832161687920315e90
5.660036676726777e87
1.997197347749757e7
1.880111693178129e7
1.9797029651067354e7
31568.848048470314
1.800514976237434e7
1.8750838792913068e7
134120.00956644327
2.879119754599509e45
4.1899571529337625e44
86366.49022699168
31568.848048470314
2.5173688987810957e24
43271.949427500615
1.3891607995750042e7
1.3902027590531312e7
58850.9594444873
2.507072153036253e24
31568.848048470314
29990.55184057524
31903.67199769166
8.90331716429173e6
30019.154510491466
38596.07756877452
1.051668810867466e14
30059.009890258654
1.3135342068848236e7
1.4585107378049904e7
30019.154510491466
3.722363575832122e24
1.6599093313960314e24
30003.836967164272
30059.009890258654
8.533121062525049e6
9.260361995798377e6
38596.07756877452
1.1359009917674164e14
9.743256777386228e13
31289.009519388677
30059.009890258654
29989.946141300148
1.3160774810980735e9
4.773780159530283e6
29993.775527131857
4.489873415716843e6
1.2970791753875852e9
30013.703217015543
1.0522076947104862e14
31438.86503373368
1.0543646103720247e14
8.893584808827676e6
39071.469125985415
8.901369774675835e6
30013.703217015543
29991.958429306527
29465.672872095598
4.628873497625105e6
29990.55184057524
33144.93111964288
1.30696469396868e9
51114.802092654434
1.0120556242543853e14
35783.38836933423
1.0955344711685712e14
9.425814779382486e6
33144.93111964288
9.081066036056967e6
51114.802092654434
29390.550028939684
29989.946141300148
1.3167712029841719e9
29543.374292762554
31438.86503373368
4.769577132876759e6
29115.8444314268
28429.594443145903
32285.752918350958
5.501543916870675e44
3.647486658063327e45
1.971213348503857e46
1.8817645260909628e7
1.8105713496465422e7
1.7034836591851223e7
32285.752918350958
53718.647270439615
28539.27107995061
2.811496162830025e24
44054.60386770805
28361.17504651835
1.4044470062781686e7
28500.069861778506
5.4680465712156825e44
95272.61235838183
3.684803645893979e45
1.8811764409720566e7
137731.2465035236
1.8111224851721175e7
28500.069861778506
1.4715431982709453e7
41646.84793067849
2.8172255662590373e24
1.871873107948268e24
53718.647270439615
1.40393892351337e7
28500.069861778506
28342.436813270844
1.1084655355034581e14
30977.28094815352
28390.227589809954
9.028936880742818e6
35983.48047977503
28370.62698072391
2.825830606191707e24
1.4708492796277354e7
56905.61311546771
1.4041929397158079e7
1.86997114000572e24
43438.08677723897
28370.62698072391
9.028936880742818e6
30660.358147820087
1.1084655355034581e14
1.110722160854952e14
36282.33931617184
9.021241389006177e6
28370.62698072391
28203.057150232133
1.3263205595031004e9
1.335571722784109e9
30893.111495982434
4.855161845939944e6
4.713196910510328e6
49422.14060411013
28048.130120311933
35122.891071662256
9.20086809851017e6
28368.14446076763
31035.88939791916
1.1528321101439434e14
27530.02480678561
27083.248451148007
51306.46140408228
1.4992956945313131e88
1.1061831772126597e91
231619.83374677427
1.983630737902576e7
1.9012816239708643e7
470751.1036329237
51306.46140408228
142860.84873254297
131331.27055843748
4.682164075470582e45
85974.57682603928
77753.7010404656
1.8194248966383345e7
51306.46140408228
55677.150559738926
38871.11770374834
3.1812533539738197e24
36790.80247687902
58489.05216691923
1.4158132492119044e7
51306.46140408228
8.762364661664175e6
9.47407657655908e6
1.0902725656522147e14
1.2677099307708922e14
1.0924681294185778e14
9.466588225454163e6
51306.46140408228
4.6227568947675675e6
4.9048812245017905e6
30331.539535300406
1.385171582368712e9
1.3664989854823909e9
26220.52257312247
44344.88742322959
26133.82395757437
8.944674609658368e6
1.1345552692916053e14
26317.230935835072
1.3162521970596331e14
9.639714325789597e6
25887.126967027885
26501.898551175193
25800.585931114667
118778.65293792737
5.852172824638402e45
26133.82395757437
91082.66599465683
1.8291431584789857e7
27055.981333795367
269770.4451823407
239453.26478801828
2.3738828004285317e88
488136.2596123143
438269.6400886298
1.985320613795596e7
27055.981333795367
124108.44589456027
25887.126967027885
5.875677227255938e45
86769.31714590243
25874.20084983478
1.8288143119728044e7
27055.981333795367
40171.93206514291
25817.373896145553
3.539854021104758e24
50821.088317484995
25823.836954742106
1.4306505564507008e7
27055.981333795367
25803.975040047804
1.144846904597606e14
1.326857353446249e14
25807.20656934611
9.606308978726476e6
8.906655859542614e6
27055.981333795367
26006.261718126705
25801.02926718569
1.3995466898900423e9
28048.63897953143
25802.645031834843
4.863707929336461e6
27055.981333795367
733196.2213755599
785778.8029826952
1.5952819382929433e7
1.7196680939346978e6
1.7982910813802509e6
2.0803871061244814e6
27055.981333795367
87311.67496521419
1.76652148048666e6
830770.8559302523
98443.4506319098
765122.0261013118
475822.7818779174
27055.981333795367
169078.43973902857
325573.0691340307
132038.00982379942
180965.70989056633
255387.7109222183
128936.73881819293
27055.981333795367
26892.550085440165
25163.45617046944
84883.0358692942
25346.177901858926
26890.23460821885
96490.67081603066
27360.383983755873
91153.74304799472
60481.89051959532
350449.0990017853
96017.44190027378
62756.3328956867
245959.04354012955
27360.383983755873
25770.142352683015
93205.84430984315
36390.6480989766
25073.994886237582
89143.53877322804
33190.47198210077
30121.426591896994
25174.20630613011
30945.40771717028
375972.10552444914
24976.831357680174
28634.886536064907
234767.41225254684
24618.562697364705
23666.468209929
27232.95060283534
4.78168599078414e6
4.923539356106327e6
25960.929932701
1.532598521370846e9
1.523025017672787e9
23620.12065431114
43800.04098648246
9.863669435105667e6
1.4397795383985988e14
1.543194177034188e14
1.3364448353187725e14
9.530121578040864e6
9.176163641400358e6
43800.04098648246
23666.468209929
25996.700196878395
1.534175949142255e9
25711.973439591686
23667.822790158207
5.056681054747252e6
43800.04098648246
1.6740772896367459e7
1.7507102160026056e6
1.6607232370812412e7
2.23711201085831e6
798755.1357158426
2.1696087640667316e6
43800.04098648246
73767.12715697923
535614.9158568393
802644.7450108916
106817.71186429118
849501.8910410812
1.756694275212071e6
43800.04098648246
46084.29400805852
71751.01277608662
284892.4904998677
76117.62369689223
104693.5855539648
317283.5377439262
43800.04098648246
62479.87829311222
107154.4323798531
30222.497655031948
35830.46515095447
74092.62635802274
21292.7660066412
61365.038413314316
244326.12793069088
38608.3960312108
213662.3339198993
383843.94913760334
41306.97399125639
155131.78359526847
61365.038413314316
45127.22621776636
30979.667996472515
83454.13247741849
42026.179647190875
32177.08584243479
100536.60131963369
61365.038413314316
21397.12061148982
21454.418112920754
40066.36062542366
21296.529027451958
21422.896323595112
37837.29756646833
61365.038413314316
21875.575322921082
22044.389809072094
25811.74819223045
21792.871297759157
21998.112445715444
25519.559270937167
61365.038413314316
21379.253053600496
21280.574845234423
22422.696872657063
21377.78865928992
21308.211747848858
22362.62170881761
21264.281027688394
21714.470896326977
27527.525029343848
21224.243050297395
38187.88084550755
26073.77202177257
21306.564282447474
39343.22405247802
21086.474956543094
20889.716289978012
25534.957344961094
930632.1626017005
81650.79908716954
1.9185652561667936e6
521886.11473539093
92404.95335465517
798461.5762830055
25534.957344961094
268658.17886502173
68326.50752142708
95609.69762309364
352078.3343897821
54981.36966833479
85081.11216485659
25534.957344961094
22011.8290490835
86500.93029256741
46484.468538679
20313.402431162984
96926.07943964473
59839.65515398184
23718.11821057873
143583.83317738987
20227.227352560352
378771.1617021016
121953.59407408968
20434.369348947297
256522.72791427988
20226.219718817065
25492.785048833313
1.845777018272705e7
20771.348798409468
814531.4176706406
2.231373066696882e6
20225.381311972258
1.9553591404382887e6
25939.687238851424
5.10015036713551e6
20771.348798409468
1.7928787459369297e9
1.7947184301568441e9
21910.809392284034
5.095987998416744e6
25939.687238851424
20210.96324550713
2.141022205520336e6
1.86436947538617e7
20240.42205975266
1.8454086860598914e7
2.230921516493955e6
20159.517792799223
20053.3649924089
21222.817957907548
44511.51814372586
20086.515590515763
5.944833817150137e24
31768.263866722013
20060.065998478512
1.4677988184705704e7
21222.817957907548
9.261363786546195e6
9.940504302843835e6
1.64524044138222e14
1.903234225350963e14
1.6485304226922416e14
9.933208070185212e6
21222.817957907548
20051.304156034712
5.211468378936359e6
4.940520050594298e6
20057.916554044114
1.7897949139094882e9
1.8170525704864237e9
20067.96806314838
21678.269845639126
20054.654659069536
1.7731526685931966e14
27453.37783740244
20057.916554044114
9.601828048496116e6
20067.96806314838
20051.734044921595
1.8043924055345204e9
19790.4966760789
20053.3649924089
5.07418981984963e6
22567.952198778985
39238.725129570565
22567.952198778985
19937.751174275494
1.8379652028168984e14
25612.704275953573
19653.064695608646
9.76957685178486e6
19201.561950990977
18967.153808732448
43175.16661909855
18770.037312619213
210386.23319678896
1.550974460958253e89
19792.911439330746
430796.83437431406
1.990205948631269e7
24267.98267301613
19792.911439330746
2.0005056367839035e7
2.1447462583072237e6
20261.7277238477
1.4089303804386055e175
704149.8467101171
24267.98267301613
1.9381657915522523e7
1.9902467677491523e7
407321.9131854342
7.786136914106572e91
1.5387370076895845e89
224645.7134052445
24267.98267301613
2.891395833836219e45
77267.06202208066
1.6706157835095922e46
1.911601879489195e7
112305.92727412049
1.8589675945676003e7
24267.98267301613
1.4809360161073815e7
31373.10303198235
6.599199785232628e24
6.625441318680728e24
41512.60215012647
1.4800470277406616e7
24267.98267301613
25285.385564849967
18789.599080373493
1.8619027269080475e14
21069.352307963098
18760.298062591217
9.721933943245778e6
18819.56623974248
18770.28711571426
30833.088454180113
1.4802692216373278e7
18789.599080373493
42099.73583669999
6.61887605367331e24
18819.56623974248
1.8655991690816438e14
20786.719085735433
1.004404102785307e7
9.721933943245778e6
25565.163798047655
1.7320044389339966e14
18819.56623974248
1.8441009668138046e9
18722.224965804966
18759.111881724588
5.1513851348683005e6
21004.835193537183
18763.939872889416
38631.568807473515
24451.218122158294
21147.666311189707
1.9308991589360038e14
20871.966976928794
25268.193450267216
9.88410275430288e6
38631.568807473515
18763.939872889416
20926.841850586854
1.8577920240337157e9
20648.984013408823
18759.111881724588
5.285710265326377e6
38631.568807473515
18453.72545113038
18491.025145290685
1.8757168208777606e7
19551.016184514927
19445.467701040925
2.294723117271533e6
23259.80180847239
18418.864124552365
5.21758749561164e6
1.8376875104501295e9
18491.025145290685
1.8514277023174875e9
5.351611582811405e6
18303.802494063693
18233.69478528141
24195.48496091163
72091.18437181725
64337.71717084428
1.86509552675381e46
116068.07784016251
105705.98098336975
1.8619953630705755e7
24195.48496091163
18313.702561378945
28620.83236746241
1.4856406327877503e7
18192.70089050108
43120.41071288398
7.004486160934226e24
18418.864124552365
18313.702561378945
1.862127284231799e7
108230.76774800742
18227.754744892252
1.8614178929362895e46
70100.35746596624
18418.864124552365
18233.69478528141
1.4210706811765645e7
4.7932415236297277e24
18190.72087703802
9.986994075725135e24
1.5444112618186014e7
18572.939636358384
18233.69478528141
1.8577438885150077e46
72091.18437181725
18303.802494063693
1.862259214786378e7
105705.98098336975
18572.939636358384
40704.07598143106
18227.754744892252
6.976876610877844e24
30687.65874191214
18192.70089050108
1.4865175588829082e7
18572.939636358384
18186.83414860489
20472.806915369354
9.776929683301896e6
18204.361075800494
24639.917066644986
1.9098660963099775e14
18268.821938165514
18208.321102726564
1.4862982758786399e7
41292.668016715535
18204.361075800494
6.983773886980348e24
30157.111492864577
18268.821938165514
9.769668974325329e6
2.0499849118161525e14
1.0104368987982756e7
1.9098660963099775e14
9.436722257210732e6
1.7810539766428894e14
18268.821938165514
18083.690620131114
20481.058544634456
1.8655510647034893e9
20338.410782432846
18220.25112902837
5.186699969593401e6
36295.76023063943
9.93277993806718e6
1.0262887646801447e7
20338.410782432846
1.9791648396973694e14
1.8475433803697597e14
23641.606116033334
36295.76023063943
18019.016968491465
1.8655510647034893e9
1.893923344022571e9
18150.768673643393
5.449696025855239e6
5.184647149258298e6
17784.366380658685
17230.468328944866
21170.14491596369
1.869101867460286e7
1.0608163097316328e47
77719.87932246491
2.293389967618149e46
1.7922076484400347e7
103610.24105317665
21170.14491596369
17188.1698909207
1.4356174645481035e7
5.33061943190864e24
17311.23719693077
1.0993893851363747e25
1.556067434926017e7
17403.680438441126
67708.66438548679
1.868977215459656e7
4.1827558725980274e45
96308.09825004864
2.297907667202152e46
1.918404119851047e7
17403.680438441126
1.4987072831876472e7
30228.35097569602
17230.468328944866
7.747843044980241e24
38410.59180803962
17184.34188285827
17553.734150225544
2.3205628443578466e46
2.3114874376484326e46
69641.87918903002
1.8693511964608073e7
1.869101867460286e7
103610.24105317665
17553.734150225544
38410.59180803962
30228.35097569602
7.763060389928434e24
28180.925415854446
40776.85319434057
1.4982802487337746e7
17553.734150225544
9.547844243825408e6
1.0211554216221469e7
23375.014557204293
2.1507302544743628e14
1.8740828858258988e14
19030.029723337444
17553.734150225544
5.2569830427414775e6
1.9079201950823107e9
17277.917943292923
1.9069627873541393e9
5.259022810690786e6
19373.814876252105
17553.734150225544
1.9435999367270187e7
2.0331219488986197e6
1.9303808231957838e7
2.3022796604116964e6
786795.4325944411
2.2370004197842986e6
17553.734150225544
377033.4247123363
266927.17907325417
2.084117338406438e6
258470.6124429456
387912.75200183253
819780.9305410985
17553.734150225544
385473.5862140089
38734.92152029612
88887.48799111259
264985.12064858264
34535.55871377618
93256.15207212386
17553.734150225544
22342.746316478886
88924.6026123643
51207.062145872405
26085.048983030618
93303.92148858098
54482.097010127414
17553.734150225544
33204.57854368422
35821.56190997405
17082.842973476992
37756.45692184176
31418.413455322247
17454.94174198485
18403.55792703294
70267.2317633835
17112.30739186085
99595.32951176768
79502.1080616409
17519.9640307667
84900.01564075515
18403.55792703294
17078.86813986098
17167.821441116965
35994.3098013358
17086.825994868195
17176.48570233032
35466.8488703056
17063.050658365246
17001.088993260368
16774.086060397553
16193.988496894604
18781.05529419579
16172.846636713904
5.220995920556384e6
1.9575970704790773e9
16217.509528441346
1.9851881693936205e9
5.487979258130251e6
16112.070909650187
16249.63541994423
1.4491357318617575e7
30743.616427954566
8.746980994539086e24
1.240604084729987e25
37114.24899915413
1.5108130099745762e7
16249.63541994423
2.144554563298695e14
19092.956477378004
16095.958074313916
1.0008176465046702e7
21468.728701310003
16137.700430450188
16126.673587606074
37691.71962139653
6.05350880890749e24
1.2393936952773568e25
30198.652941654178
1.5658926316300878e7
1.4484475340141488e7
16126.673587606074
16089.361924441424
2.1466499802780362e14
18814.122658623754
16112.070909650187
1.0004627647627527e7
21730.969299495988
16158.14417958839
1.240604084729987e25
1.5099800978222994e7
6.083125838590102e24
1.4482182132092012e7
8.746980994539086e24
1.5664571946542727e7
16158.14417958839
16092.282460032586
18544.54759364681
1.000108013276812e7
16095.958074313916
22002.995801786037
2.1487464204602906e14
16158.14417958839
17883.662790951064
16388.3103693608
1.9808249824191608e9
16253.028180465477
18019.18027855488
5.337464472825657e6
16158.14417958839
16089.199869076996
1.9676073396235056e7
2.34220765606019e6
16090.11877264729
2.253759486908896e6
1.9866581965413503e7
16094.499576034088
5.203762642581478e6
5.470580186382794e6
1.9659319513483224e9
1.995633144571848e9
1.967895696730786e9
5.466493987083683e6
16094.499576034088
854061.8308705185
1.9881964459192045e7
1.9679885644957006e7
2.145068026901158e6
2.34220765606019e6
2.252448101183439e6
16094.499576034088
838134.9837790568
2.092748862149759e6
94353.92217254666
2.121213789725302e6
819099.1467737758
97475.5129700232
16094.499576034088
37798.54272977941
285725.1547691182
273635.9283487559
32074.10515845385
214556.45609941828
392996.7077294365
16094.499576034088
55452.577101979536
42966.5066598821
93689.50251830142
59948.596379088674
37242.023415252785
91266.98219801458
16094.499576034088
37822.96795216258
16370.583217068086
20488.2050024659
32100.51866415838
18631.51103049526
24796.36096754377
16094.499576034088
17165.45225118274
22619.929821098744
16124.160188253778
15907.488205283427
18881.250291814824
17770.46114461233
24661.97081703436
25720.157649858666
16165.123863667666
38180.65847632502
29790.235063910673
15943.835317037176
32149.30167068504
24661.97081703436
19173.555650278882
21756.675843209716
17712.34638781988
21215.973590976806
19637.298347653486
16750.420084819856
24661.97081703436
16628.954208643987
15857.082898925308
16000.772802831365
17582.4344191284
16136.020739888672
15862.758242500317
17395.389893962725
20834.299165245076
16282.310871495247
16720.284047188852
20363.857396865584
16135.92274421346
16431.786908160753
17395.389893962725
17216.619011186525
15907.390532349129
16160.762011762661
16890.82811421102
16052.656379278847
16384.18805090398
17395.389893962725
16068.170316258878
15917.845196744945
15846.356994290545
16244.38046530276
16052.992566434648
15887.928167634998
16006.41998701703
16823.21646651022
16007.86547419095
17099.974911696463
16767.117414457458
16060.764463510624
16990.69445287028
16006.41998701703
15892.372310333325
15852.343439153356
16161.19242156435
15868.644313688228
15856.973718768964
16126.926298751849
16006.41998701703
15907.115834353623
15847.74590142204
15930.32608460785
15899.544189636808
15859.033074497109
15912.072722419578
16006.41998701703
15867.111601760771
15860.498111495584
15852.087019228544
15862.40823046401
15869.662475685847
15845.837393490285
15895.64999838768
15854.825590572711
15898.286253572189
15862.242167143606
15872.076381988794
15941.097869783733
15852.889096569072
15895.64999838768
15853.844274091802
15858.123342964114
15856.11601866332
15874.858552510272
15848.659473253561
15844.264410013646
15925.520957627037
15845.24671677329
15900.924808519614
15865.153934564958
15852.097350518687
15938.095750061082
15878.32048025292
15925.520957627037
15854.298327625515
15847.028850289424
15846.87595623099
15871.714428930329
15845.198373193507
15843.94331340599
15865.497562262432
15918.546541302905
15844.56838633999
15883.326940884137
15919.339137825758
15852.289019331247
15888.43229604587
15865.497562262432
15861.788546826394
15843.76181673208
15855.584809948408
15863.450255581829
15847.76968138419
15855.005512966387
15879.621059319288
15841.976113145463
15938.495482622682
15839.814513195957
15849.791539108037
15897.79740420384
15856.514193043264
15911.617606864786
15873.906930516932
15918.026010003141
16114.585211433747
15912.373798488752
15890.251885688167
16164.574673518628
15911.617606864786
15839.114775100634
15836.698400350133
15899.276805573234
15843.955475952176
15842.94298168287
15929.220776083517
15824.357486824127
15776.969399903452
15618.95977950391
15487.388760609774
22706.227934842518
15529.647204693842
96985.12630762231
50963.13607485368
20717.586138243176
87260.87665025724
37749.06241356298
22706.227934842518
40247.59768553144
15491.178918327838
17049.066988204606
28398.847210758042
15485.582579843245
14845.128631618041
22017.583532542747
15993.523753665604
15789.395863238242
100273.68411337608
16368.403258780207
16309.786320890555
85659.84536803626
22017.583532542747
34351.88138798419
15449.65367709023
17928.943258859992
34193.02395100043
15983.931209871662
17234.533797607426
22017.583532542747
19277.99468105738
14807.753173266508
14954.715752916769
20092.19831658675
14913.011677984623
15197.120649719856
14967.375521649177
35230.25134079046
15742.71447548109
35550.100452230465
32973.29564751216
15841.528378063385
33190.04627327996
14967.375521649177
19841.234407752145
15196.377735432558
15665.35822112186
19550.70849296591
15238.97013551776
15666.088420830562
14967.375521649177
16028.709858141567
14904.553489776046
14835.103963980817
16009.45422027393
14922.960124843525
14827.069397931828
14967.375521649177
14812.286010564267
14840.310751363131
15113.230713309988
14824.045789842663
14833.292072961029
15111.927426853319
14967.375521649177
14809.432760489475
14810.169613640039
14881.618482504695
14814.04095461454
14811.443604236272
14885.327099971983
14967.375521649177
14807.323320569987
14809.251884156507
14826.089904722467
14808.18749225253
14806.460775664373
14827.414396866168
14803.356425056449
14824.1011757066
14808.935955431794
15053.636479851799
14976.13118528627
14828.277637192938
15157.755238181186
14894.679870177366
14824.1011757066
14905.209812223993
14798.754835378608
14807.040995676623
14853.219697123594
14816.775605813795
14800.945836241366
14868.066036932485
14825.866786784156
14813.827494091574
15081.831262203723
14827.471925014977
14826.158303664297
15120.758506565307
14868.066036932485
14801.767882607412
14799.257513207112
14864.153049975934
14799.757856827577
14802.440497466383
14884.816329495217
14868.066036932485
14821.899854485155
14799.910495536944
14805.17360836125
14813.96485432561
14807.827626039498
14814.2153698397
14868.066036932485
14799.47193474529
14800.596820789928
14798.981421333696
14802.229574268984
14806.336741795989
14799.077585305606
14868.066036932485
14801.241424927575
14798.582489979699
14799.119932655907
14798.636840173844
14798.957923173864
14798.501183618284
14798.601729798935
14800.911105738278
14801.634351858213
14798.725242713026
14801.957738518398
14804.838161852518
14801.9275830496
14798.601729798935
14799.438878128683
14798.908207700175
14798.04556844441
14798.86782699832
14800.465005379407
14799.21967314893
14798.854473478314
14803.143024590378
14797.853675344752
14801.759081665268
14802.360305280883
14799.230347842817
14801.194192618832
14806.997342009692
14798.344367752306
14814.736976342285
14812.0060313321
14797.436031125157
14802.955834787741
14822.007344563664
14796.49632203743
14804.453014133062
14800.650897628724
14877.948234445272
15115.915382603582
14805.009865868054
14877.46563492277
15088.20494967658
14804.453014133062
14794.45592074258
14798.3166981544
14876.923845464218
14800.931550425048
14796.989855117865
14867.771320484624
14810.18096903638
15125.053372807124
14918.360580688653
14798.48192048006
15067.248043982458
14894.956372290802
14791.050743214233
14783.649663481781
14854.201446164469
15598.608854220824
20079.83903096047
14823.885280822124
15359.53509854187
19237.295274378448
14818.108764232538
14854.201446164469
15412.176557302415
16149.488903903775
14778.75223754554
15658.73744222669
15846.313454718327
14791.163280547134
14785.442967602481
14860.901911420475
19097.752385034273
15249.1653039404
14782.069241573045
20279.729009374332
15525.62146590393
14785.442967602481
14774.861573748205
14765.50798654743
16234.764032518935
14784.202367316477
14792.498071383923
15765.065149057056
14717.543523075436
14605.702500789612
15426.918286031281
59978.70611473675
97997.22130596892
16363.924598680362
57808.53644184523
86917.96404987741
15516.73186023221
15426.918286031281
33109.79611160233
24889.510934718004
19607.65263090456
34741.79789418544
22983.300504885003
17943.412827067586
15426.918286031281
20291.275250422765
14733.783296688778
19821.10257522047
18594.36855213238
14574.76782314213
18175.5295780334
15438.21193128045
28235.00888869211
35137.31292787327
15809.350728633568
26974.287522351882
32883.28506940502
15904.44728549365
15438.21193128045
14723.998521092646
19621.59955193019
15603.607778297657
14719.974762882677
19350.10219319738
15634.412912699947
15438.21193128045
14580.878747481363
14997.791895928824
15817.364438109435
14575.581534647617
14971.937546912566
15791.161764742934
15438.21193128045
14596.91700498043
14617.352310355252
14882.782518897924
14594.458331913764
14631.706345238621
14880.342078036225
15438.21193128045
14646.116372173521
14628.39646411476
14608.756425111666
14636.240213881621
14626.638496495843
14607.959355304327
15438.21193128045
14574.645010753335
14595.5534179158
14577.789710537887
14575.138012478536
14591.961863673467
14576.240340491775
14576.629862226368
14657.888194930649
14595.057139155464
14639.66248458462
14645.859529738214
14596.572026789527
14635.759594799461
14576.629862226368
14575.5099914174
14596.780247639796
14592.793422270905
14574.367314221598
14591.102169761056
14592.057634873487
14579.121274227857
14577.95434919692
14597.496715026009
14646.499136976403
14586.97062761079
14589.598960559713
14655.745207933378
14579.121274227857
14576.425700324291
14596.687154293373
14578.762410000169
14581.067872326887
14590.067486243843
14579.26746802134
14579.121274227857
14575.156567192038
14580.349415718683
14577.07021393689
14574.182392418554
14577.987513019189
14574.218800053228
14579.494854199318
14578.045716316767
14575.116818300421
14595.503132810856
14576.971847211393
14577.152220438675
14591.1704144661
14579.494854199318
14573.525807901466
14574.917570858974
14579.76614677094
14574.862549761521
14573.553877061768
14578.129165104025
14571.135147017658
14565.34048016804
14602.266986322957
14939.821384863646
14556.307402558305
14620.038821545011
14802.11147999375
14588.071343231351
14702.415767018087
14658.193954067325
15719.225561174062
14695.038615319672
14996.87879988664
15820.73542489631
14744.684532153764
14938.58226166029
14658.193954067325
14554.044146725173
14552.784718000741
14882.796506381397
14569.147161776813
14561.05411963044
14840.588304559291
14550.968240208025
14742.00459690374
18674.877008122283
15329.349785887802
15798.612391129864
20193.82638610406
15993.045195232375
15207.65291856119
14742.00459690374
15451.132905489138
14778.070303817502
14672.98905579694
16121.012005317121
14591.111535347276
14544.206410295355
15646.587775821661
15888.186939924506
19093.712443150664
14867.259337789112
16311.274461175315
19682.381628385992
14714.024925262576
15646.587775821661
15565.00657108106
14534.777562818314
15278.008043663713
15961.643103499764
14633.503590651038
14991.214345178672
15310.28607070666
17399.01711111142
20049.237249379206
17149.272303665322
16615.632999009857
18847.360400351437
16479.29715922661
15310.28607070666
14791.887128380124
14721.861079859333
15997.109558560152
14605.879033435362
14585.128697797936
15517.481999280311
15310.28607070666
14527.223340151224
14524.666517806912
14956.674474890484
14563.145689389705
14546.637918304248
14726.795123321452
14501.682436010367
14687.27009349509
14792.926809207329
15191.507056146265
19303.80593019569
14852.49619510365
15318.392006171465
19424.22075982815
14687.27009349509
14491.45607663266
14534.971416332724
15641.687182295198
14514.740524445791
14494.25446653676
15805.494823502931
14478.990839905764
14891.133085292575
14572.769276452766
14432.445281855647
36716.4798026859
14509.544584105952
14575.028109064962
31768.48479220948
14736.247702813118
14437.676923377201
48077.86097046525
102445.20889119206
14427.286471695425
43500.5966080924
83717.69130178983
14407.379293999018
14339.385566739113
14252.676320380968
16813.73601986676
5.333190781374826e6
5.468647736299312e6
15422.508356527194
2.2223495347620487e9
2.208341166133105e9
14941.293687229878
16813.73601986676
2.340794864062588e6
880046.2921713155
14370.491566435509
2.100729993251905e7
2.248145973616216e6
14243.19931463895
15263.570705813418
15473.68533674202
14201.531017826848
2.211855319217911e9
14978.587740845094
14287.231205027798
5.498315521735067e6
14058.493766346131
13864.51973270494
19139.42315464669
61859.67411009763
4.5155789800437416e46
1.976693042142453e47
95717.16685659034
1.8860894775478926e7
1.8180377748212844e7
19139.42315464669
24484.034139668584
13910.569967365038
1.1424798422961935e25
35416.29573589259
13856.286995272994
1.529778675591321e7
14201.531017826848
1.9287301155816656e7
1.9805370425642975e47
67619.52396488204
8.602377110449998e45
1.818545145523375e7
98144.75448426245
14201.531017826848
1.14026026299408e25
25475.51253060235
13864.51973270494
1.5301798152781248e7
34288.302063888725
13885.87175506921
14201.531017826848
13855.676176835479
2.737829246011363e14
1.0508167536880223e7
13866.35218801761
9.873252000293253e6
2.3894419647247247e14
13947.776646155695
13882.817662881494
1.5299792317202356e7
34847.30447958457
13866.35218801761
1.1413697828743125e25
24975.291788805887
13947.776646155695
16021.140446165895
15515.491584398704
2.5625351531890456e14
20238.3488853469
19686.26439589277
1.0191694679557769e7
13947.776646155695
2.2503386608276663e9
5.457440612125004e6
15928.749535974017
5.330464497995852e6
2.231761982863387e9
13918.450786461028
13947.776646155695
816753.8724544165
868227.9837176664
2.1317174486484736e7
2.216990821645847e6
2.2960556351206903e6
2.34944782559295e6
13947.776646155695
88897.15865414622
2.2749421102480576e6
2.2394768238425157e6
103852.85063740988
854848.3456342903
832003.8471171422
13947.776646155695
416555.2354400386
272221.8800825189
32925.84747014352
267153.7069840242
423090.1329736267
32485.369985341305
13947.776646155695
33549.121479792295
17969.86189845479
86601.71322486663
33716.89057817219
19098.27462303637
100983.13479695105
13947.776646155695
30720.319070006415
15422.072320994335
33574.263732057596
31230.403194241266
14871.372033872103
33734.128723969414
13947.776646155695
17348.90924317915
17831.33587173502
15838.855373531957
18335.41384382712
16928.574946986322
16605.75903540726
13947.776646155695
15398.004909338868
13849.928060727749
14770.601196945216
14796.716907018006
14047.544741284988
15388.920270928076
15738.630859812956
13873.986618556619
13845.545516318649
19699.90303539045
13826.354090682895
13854.331223995892
17971.168304434224
13736.897103543894
13456.101919542814
13540.911461264777
269628.2917418245
88107.09552085919
55425.26994934942
422576.6221439875
103670.53620655673
60104.16934540614
13540.911461264777
100693.20205110898
29253.110382728028
45917.454462511436
85696.40457458583
28998.597137900215
43943.716526944205
13540.911461264777
13811.874621790867
19479.58936568767
33328.849880212205
14126.65417162719
20287.35760442794
33218.80579958013
13540.911461264777
17957.505666770827
18894.12544201739
13740.03716137156
18825.832645279213
18069.190109651652
13500.120542638457
13540.911461264777
13531.756222118283
14871.876371053866
14960.103168448017
13440.620087158182
14363.340573507947
14405.800558949039
13989.224978006423
15499.106244168594
15828.011127601325
18872.910968619486
15215.191379620032
16228.888844084304
18135.239556907793
13989.224978006423
14808.812196588546
13430.28394147008
14500.743055037861
14573.845643128043
13458.01835095207
14725.239783727271
13459.292363200313
15812.80480060333
13626.07210020159
18494.795357414478
15852.566723875669
13686.296244388497
18329.821341969488
13459.292363200313
14688.406946708486
14698.648278702469
13506.88153857807
14648.157756750026
14682.013249046548
13475.10268258098
13459.292363200313
13638.957206853911
13726.166408375359
13505.900605566996
13656.013682399105
13756.8226924347
13531.92043113532
13459.292363200313
13430.855429528283
13515.941774249442
13453.83041403717
13429.995615057245
13501.518865137976
13441.53536435972
13431.676756240753
13455.819644594465
13736.120880667497
13511.027432735189
13455.235014983558
13743.707964978728
13516.420578295265
13431.676756240753
13510.024466592764
13429.098903782662
13504.46526074417
13505.388842883902
13432.979269951511
13506.954894070035
13446.331977900985
13704.030483349565
13423.700553691402
13447.177093250344
13778.197559219318
13439.281670804732
13433.026550887529
13450.177951724812
13600.986223746826
14698.474318952716
14346.417875671279
13629.403267091793
14618.070256872968
14441.896738329291
13450.177951724812
13420.225982583837
13423.261261899928
13752.896961105516
13431.2275344941
13425.594926844013
13718.836462254927
13446.724716316932
13434.270173506688
13458.957206902229
14612.593097268984
13431.189987448503
13473.31500918757
14718.168455498337
13446.724716316932
13536.471585495088
13477.054642131396
13694.491309921425
13505.65694223657
13513.542518824881
13765.094545824171
13446.724716316932
13447.663931781999
13417.085864322607
13480.367902830638
13470.114503574398
13425.864257008761
13515.744472089838
13429.588534016018
13733.760848299755
13426.605988691477
13434.078134554145
13722.97591917387
13436.997948392445
13430.388233167285
13429.588534016018
13414.927586820359
13416.67251284886
13497.48460460642
13419.261753832727
13417.500538625603
13492.813969938581
13406.470572345068
13375.458669010975
13296.381726655054
13694.018932517385
32207.559478594143
21430.438634920858
13486.326841751594
33997.76518409555
19479.77507626949
14118.347111254317
13694.018932517385
17307.403614955474
14396.026708502757
16565.54764665713
19128.783440082407
13639.900418334571
18242.86279397253
13694.018932517385
13263.56725691078
13893.078389611144
14040.08272215423
13340.895396043139
13344.350882210865
15052.821318063348
13250.092256675001
15125.873514553565
13311.80995679555
13196.882672851052
30927.790546450582
13228.3090060478
13360.122125518792
36079.90163723224
13546.7468656743
34309.53631188948
62285.23198571367
83996.14644263317
32206.851552108874
72600.92088607057
103100.31420364285
13546.7468656743
13710.431685161077
34400.79524208421
13167.355509295963
13673.427590366035
32272.24790477963
13228.34781144814
13068.571096523723
12979.538342064492
17329.901692389903
93151.52223574342
294767.2012858783
874730.0455300115
94597.78854965023
417624.9849532592
2.255905834166991e6
17329.901692389903
291092.8545126343
406956.7888654948
90959.0210717557
413193.0443062123
285854.9166180887
92534.7733424355
17329.901692389903
71061.92128799697
37495.55865847229
93624.2842491935
76498.47775101305
29249.262898169865
95042.37353578377
17329.901692389903
13924.175068211462
12748.187618068385
28817.621536844923
17829.789964482192
15054.088581000122
37056.354624814194
31874.801763985062
14331.442697060555
68436.98522030159
80304.6607152967
17021.49986805124
49717.72838796821
114952.4730525192
31874.801763985062
16552.987034069985
17657.642790453334
38146.88687692732
14027.832434245469
14717.866290776026
28814.117515940157
31874.801763985062
19824.122439999544
13397.014114268788
13083.154304389707
16097.583220695135
12641.222128072268
12615.118097224355
14049.09226430603
21220.561755172737
31601.20732723602
23084.806440189852
19970.129706414224
35250.87678244811
24875.158135693368
14049.09226430603
13631.688053610305
17328.640682920926
12748.715441391523
13402.32629384749
18163.30056840259
12657.76254674467
14049.09226430603
12633.479723945262
13753.543235188527
12962.960125689144
12678.773694809903
14058.741996791763
13106.357038483917
14049.09226430603
13000.981221096687
12618.347800362786
12628.880749007869
12868.596622292045
12659.156637611799
12669.572985816738
14049.09226430603
12611.264254813104
12650.764748162614
12726.683385726581
12621.957839220913
12616.79524540078
12662.977267356544
12625.618656274828
12707.847346140521
12633.313946374707
12956.272127294505
12691.10981686809
12650.097815558483
12908.324073798593
12625.618656274828
12617.770510941275
12643.228134085417
12700.433166721634
12628.684287675795
12630.612614119344
12680.887629648574
12625.618656274828
12611.72875046065
12625.621308260206
12621.744570660698
12611.025693997013
12637.299994935527
12629.0397729095
12612.328813047769
12611.745152171612
12686.834054345763
12697.980237729123
12611.964588548173
12693.251631389487
12685.832404463623
12612.328813047769
12611.168842917023
12623.748136321832
12633.986264359044
12611.16918282018
12625.956440358797
12628.419962361548
12612.328813047769
12611.912401609188
12615.032216930129
12613.95731904801
12612.419365903017
12616.977863390914
12611.900899589686
12612.328813047769
12611.057920287858
12612.766208993682
12610.789475437121
12610.999110417342
12611.775584656292
12611.417926927526
12611.403667590363
12611.15798163049
12610.74076637403
12615.63109138059
12610.429282415536
12610.847518654991
12615.938906237134
12609.071663550298
12604.972844486767
12609.961370306337
12723.064711558009
12951.603946527832
12738.824229164247
12791.117994402644
12861.80596494027
12815.012308939167
12609.961370306337
12621.871555751835
12708.530936123412
12603.448100234396
12605.533494785153
12661.349352996845
12606.501643833577
12597.389663802052
12573.803987051042
12489.793330830787
12316.713320459125
14086.638953697073
99354.87307974567
16488.708839176663
14147.990926316492
91054.5008810178
14291.846023977703
16342.037343115135
14086.638953697073
24521.50873009192
34717.67239572846
15105.06490258313
21026.97341454839
31094.355189536556
17603.070850517026
14086.638953697073
12300.93566694844
16114.54708096715
16011.86931878509
13168.295690794266
18890.988819349335
18785.95846492835
21044.874076141856
13252.056797634874
29270.465884630696
12809.049847053442
12367.17347018252
37586.63178797834
12211.635455175487
15907.944417278524
39468.69235561992
61503.953708224006
102978.43424774017
38696.84018989425
56698.6291524197
87486.89759387294
15907.944417278524
13177.220108079344
12177.117720305469
33017.89336407987
12699.126672045688
12273.097638837826
32962.22376544296
12312.676984337037
13429.586124248024
15040.5587314974
106601.64375491097
13284.617374902124
14933.638421833819
86646.94279097249
12312.676984337037
31962.150331215656
13262.310039028478
15613.808347536547
34014.74657347018
13195.088742767633
15653.699593912854
12312.676984337037
17390.491326229963
14089.329897236701
14233.725559687015
17343.24110621652
14008.535279460364
14134.509081428196
12312.676984337037
12194.373650521222
13521.786154050082
12391.10096140251
12216.32225042893
13423.553251648396
12439.46881061715
12312.676984337037
12179.20495621951
12204.634437815359
12469.505254632168
12184.774257391191
12223.8328780249
12533.50672078636
12312.676984337037
12186.03069882923
12179.666278200599
12241.15699831533
12179.016911819868
12189.974477293606
12275.125841380175
12312.676984337037
12177.190763409591
12183.826986398843
12188.45460269777
12177.051253135103
12196.615363626523
12206.06523877903
12176.8511533973
12177.10359577354
12525.250117468044
12442.62268931825
12205.892839968037
12485.343777018652
12486.448664263142
12224.43233428767
12177.10359577354
12269.668043821745
12263.968378803864
12177.231950373176
12245.545146818287
12243.118785452758
12176.699715540086
12178.385991814068
12180.2013374964
12175.813141050934
12468.070426783774
12187.159128450781
12184.003208458189
12535.29106610051
12236.750554511143
13397.368232751562
12726.626990789708
12238.525770211987
13549.73367088559
12823.722702579993
12261.740017774473
12236.750554511143
12175.602405354412
12537.463082989058
12375.022442908235
12176.033137081771
12472.09735705914
12333.94439860539
12174.852049180345
12173.331073740907
12190.874545201657
12516.277094923156
32045.00687425904
16041.65572536952
12475.60117579989
34308.36357433598
16071.662777875023
12190.874545201657
12173.246105952872
12214.125183102413
17461.883463208407
12173.419076141607
12186.987771996452
17317.51589645917
12172.936582815402
12172.184164119722
12176.952035896755
278260.0975161225
331251.08617774845
17138.1393521712
452022.888728512
216863.7795646789
16883.74272813717
12176.952035896755
13432.78332917855
86069.12743702457
12464.70358964973
13478.6023789477
107202.01616770633
12415.866808574261
12176.952035896755
12657.361861403078
12185.326057366214
34410.398237711306
12657.315884486743
12216.552171186091
31757.486372760784
12176.952035896755
12273.80089949084
13455.775213911273
17531.257424195333
12288.408641489757
13394.933777879654
17191.92770949488
12176.952035896755
12688.691881032226
12545.958950263488
13512.54306960358
12679.541069477977
12560.413322541286
13457.539761064512
12176.952035896755
12245.889814916909
12277.101658001904
12499.11833218678
12252.487710830299
12273.548772334672
12491.408367179478
12176.952035896755
12191.55320914855
12225.935865524612
12253.57657699045
12188.614182521818
12222.867058248426
12252.04453358094
12176.952035896755
12187.845752778325
12172.36847726914
12193.336144204222
12188.31722988802
12173.478134228077
12191.818434602626
12176.952035896755
12173.033799010398
12172.080053175654
12177.5500129924
12173.63774093923
12172.465465110465
12176.977199305966
12173.437020212345
12179.78128544643
12189.141154933843
12184.028173927361
12176.945242434145
12195.595110935772
12178.679541984107
12173.437020212345
12172.631635048692
12175.661022887185
12179.082535226218
12172.123737684513
12178.570197756962
12175.36496846206
12173.437020212345
12172.027498112026
12172.527354633608
12174.290857758546
12172.176640852498
12173.827898699397
12172.43954890004
12172.257428022156
12171.83821379919
12172.99696101475
12178.02647698616
12172.284230261273
12171.973745457257
12176.175108035255
12171.755261033893
12182.193965977362
12225.408825723043
12208.682229269729
12242.11421852737
12205.343192852299
12194.21673550298
12265.434741383893
12182.193965977362
12198.202302504415
12180.20017721246
12173.98170721524
12186.415446026891
12191.32505995446
12181.478193556539
12182.193965977362
12171.837711502163
12173.040177219236
12173.746536882165
12171.67608024495
12171.061850205548
12179.958337034808
12174.212093090506
12172.446009820438
12170.751149129197
12192.801369656057
12171.83484270392
12171.49476401489
12189.992113217206
12170.729852225075
12190.154121302212
12450.963773764637
12174.90380414669
12324.543629662823
12544.506339913634
12201.641892931326
12400.46436443846
12190.154121302212
12187.993403457545
12192.073332145383
12227.858016854088
12222.190284431908
12173.931985280775
12276.889950436138
12190.154121302212
12181.271299985123
12193.429141099234
12203.693579807612
12169.29338801413
12174.217179719053
12177.963623190017
12255.107342446183
12169.155669934762
12168.313486697507
12264.535180954623
12169.43124768942
12170.280323274877
12237.026038851438
