3.875156495489787e6
4.380665252099186e6
5.147888515509615e6
8.64405523104922e7
6.261782283709967e6
5.154088426584177e6
5.6535626208035825e6
7.949849711583537e6
3.8728049790626504e6
6.88753673049178e7
2.682469830675752e6
3.8775494223061255e6
2.8252183314403505e6
2.5226496609103736e6
8.162747995090158e6
3.3975736104063836e33
3.857421033456536e6
8.95503538091966e30
2.875438876599151e6
2.682469830675752e6
7.345189116674592e6
8.162747995090158e6
7.046582033214821e6
2.949699702955475e15
9.655051751316784e15
5.708155931990549e14
5.413218962006329e6
3.712975599107271e6
8.162747995090158e6
2.5142330130090597e6
2.810459050117579e6
4.119905263061853e6
2.531087834518549e6
2.3004454893652447e6
1.3544471222998282e8
3.875156495489787e6
1.4034229718812482e15
5.552919506102265e15
2.7924749803023185e6
4.57419035768482e6
2.9690374584401115e6
2.2734696336971927e6
2.250860324028922e6
1.2083527983019086e7
1.4465341689691026e70
2.354384891909456e6
2.9645673286405265e57
5.549326281487999e6
4.605094594215993e6
7.060588134035036e6
1.2083527983019086e7
2.2245921122040376e6
3.2087090024744095e6
7.486457610251662e28
2.2775555595766967e6
8.471527537012544e6
5.075042307940971e6
2.123789502133406e6
1.788902857513367e6
1.542537009632957e6
1.8047965307707276e7
1.7542407303127917e6
1.4724743622875985e7
Inf
1.4401513620130979e6
1.3701584772581825e7
1.4443527992645655e7
2.123789502133405e6
1.7542407303127917e6
Inf
1.78896918036974e7
1.5633342859533024e6
1.7832214198881384e7
1.8113079225996934e7
2.123789502133405e6
1.4965648806926452e7
1.4470837874532125e6
Inf
1.3982382881580014e7
1.542537009632957e6
1.4678254016271785e7
2.123789502133405e6
2.51068439694913e229
7.498280831968624e6
1.096878025340318e7
1.131531327415918e7
9.922505266662553e6
2.2581619448626926e229
2.123789502133405e6
1.45549920456869e6
7.58994683941281e6
5.172495897457843e6
1.4316358990237531e6
8.289861284873639e114
2.0490158080612675e6
1.4658978427288625e6
9.817919198126225e6
1.024081153259384e7
2.3200380808916154e229
7.85847165998592e6
7.380734987320361e6
1.122745566384066e7
1.4658978427288625e6
1.4401513620130979e6
7.696829003890348e6
5.296597921357414e6
1.4299528156006578e6
8.071677493882791e114
2.152093732511372e6
1.491544277570761e6
2.3827505349156623e229
7.737149168301404e6
1.1140414290275155e7
1.1493477205055246e7
1.013395143389636e7
2.1369186267902198e229
1.491544277570761e6
1.4316358990237531e6
5.422643875370242e6
7.856403348726888e114
1.435102111743811e6
2.2587911194169135e6
7.80525757240266e6
1.491544277570761e6
1.4299403098664249e6
1.9691133712868828e6
4.960821077964447e6
1.4316734162264534e6
2.5660144043394667e6
4.6404563337741505e57
1.4469712358451125e6
2.313497111290473e6
2.10010233747939e6
7.963676715575472e114
5.23430391814347e6
5.486395826169127e6
7.750849987642156e6
1.4469712358451125e6
1.4316358990237531e6
1.9879798372742946e6
4.904211043400763e6
1.4299528156006578e6
2.5097546037631435e6
4.703818326856958e57
1.4469712358451125e6
3.062770725916765e6
1.4012171025534967e7
1.429733050872096e6
1.2083457077377376e29
1.3672602373879668e6
1.4305745925836442e6
6.7134117087534405e6
1.07687961323507e7
5.219304556528717e6
1.7236906692448538e7
3.773243980076242e65
6.456408414501135e73
6.828232492641532e29
6.7134117087534405e6
1.3473033245446864e6
2.5097546037631435e6
3.527587397493916e32
1.3875069137510678e6
1.4299403098664249e6
7.510683618720023e6
1.2703733083697788e6
1.0090154068415596e6
705378.411471266
1.1359544201871453e7
670018.4687024518
1.2014420930552725e7
Inf
814917.8153143388
1.4243686691818919e7
1.9360311641051732e7
1.2703733083697788e6
1.9983622484446518e7
1.7332825899608117e7
821836.9663875987
Inf
1.7839261303698033e7
814917.8153143388
1.2703733083697788e6
705378.411471266
1.938699649480334e7
1.4460149888954727e7
708837.9870078957
Inf
1.2297223596095018e7
1.2703733083697788e6
678426.0074525765
2.000537836747885e7
2.000558173993298e7
680155.7952208915
Inf
Inf
1.2703733083697788e6
6.64840016345134e128
797883.8549194853
7.806744248678985e131
1.9969454224700812e7
4.903866485814757e6
1.3281894394418782e7
1.2703733083697788e6
9.358607174220338e6
2.4310976189235155e7
670814.2192131338
5.816172569370342e65
2.1706703235964207e6
670381.7722710549
1.2703733083697788e6
5.393704198407443e32
2.475503471255718e6
5.807160819447065e6
5.849186404214819e6
1.085256985690116e6
5.334908938878883e32
1.2703733083697788e6
1.0779310424065823e6
3.3230963382839425e6
5.7942657455353064e16
749524.4853782404
2.237157556439069e16
1.97886138648512e6
1.2703733083697788e6
790133.7832400496
670000.4958785659
3.8004744465149987e8
665193.4923171218
670054.5517463259
1.8948952931328544e6
1.3185690338510901e6
3.707121897577725e16
2.6071055059560575e6
885102.9721852427
4.1286486865932387e6
8.716184433595178e16
787651.2661389611
1.3185690338510901e6
664112.3648494123
3.8004744465149987e8
1.8913281265544998e6
666291.2789335678
2.9332906115307347e6
4.2043730769443303e8
659954.4464659459
645988.2367299962
632770.8185528702
1.2622598781111515e6
1.3543913490899599e6
640128.3192002573
7.325695785440017e134
4.63102026429448e6
629678.0599821503
1.419296560468296e7
659954.4464659459
1.6421591060054768e270
3.7698061338556204e6
2.0005091360745136e7
1.7856152557305485e7
9.215870556295747e6
Inf
659954.4464659459
4.814800828939182e6
1.2197296155358516e6
7.174730627184872e134
1.3543913490899599e6
4.63102026429448e6
1.424226791080513e7
659954.4464659459
1.3395180815252457e44
2.5407445135137825e6
2.109347525225828e6
1.706324390571927e7
5.711277261129642e74
1.2716693382305088e7
659954.4464659459
630051.4300551426
2.3848844060910516e6
1.0514374003110778e7
629571.2362889498
1.9239603081280143e35
2.5067102965494854e30
631809.4053140642
1.3046127284148097e7
1.7041916179325085e7
5.741360669752036e74
2.2019834899483714e6
1.3048794220115875e44
2.4562562745987177e6
631809.4053140642
6.594370083207187e6
2.397376628325125e6
1.0549329339932349e7
2.344187670856321e33
1.9139055411708472e35
2.5067102965494854e30
631809.4053140642
4.044135823053489e16
1.394641421890871e16
918978.4323907774
3.8136286933715045e6
5.414780750862921e6
747496.670286587
631809.4053140642
2.6465767177759875e6
705378.411471266
4.3854324071340024e8
4.161505203715256e8
648663.3749183989
2.1302108031013943e6
631809.4053140642
2.443916384007995e6
2.7453629063905263e6
1.1478159558782277e6
1.2771933426669645e6
1.4226185031217216e6
2.1636739224715363e6
631809.4053140642
754134.5194365567
735554.427528114
727996.1614723965
646969.6282141729
612463.2276768502
873702.4591907642
5.725357891862049e6
612983.7227407121
5.710844039570568e6
689385.664558326
611947.2417031182
1.074808423073703e6
561399.7964541448
558065.5331132776
2.1172445900334925e6
5.554043446916714e6
561399.7964541448
560685.1310416094
1.4070292250357496e18
781158.5785776993
555506.0384701224
545869.0927492705
516937.8354941425
555077.2165261313
2.3380491799394965e113
4.542433220744194e6
4.0120601762709827e6
1.9996801160588708e7
4.1161651957588137e164
4.662044137160562e6
555077.2165261313
4.5345420159688505e77
2.04869018936891e57
5.12679983899578e6
2.3117873379553156e6
1.8043003855077714e7
1.9573398510373814e6
555077.2165261313
514403.2874704332
2.503872279038743e37
3.0085721262660664e33
519712.796658559
4.629971679803509e6
1.214799939444809e7
506669.2267826664
514199.0865447231
3.902593223134512e6
4.0788493857522267e6
1.4207399149288462e142
4.927915492609503e6
5.377867765463022e6
1.660452346830221e7
514199.0865447231
1.833477940490379e6
510055.4308451358
1.6779823300316464e71
5.296860831132138e6
504244.67528302484
1.272429049461082e7
504162.99491274095
657700.683484104
2.0005581739996377e7
1.8172223526509483e6
1.0313543013378776e284
Inf
7.55853485755589e6
1.9264651195945114e7
657700.683484104
1.6558147039979832e7
5.735167361904676e6
1.4640353004302693e142
1.5227733183264547e142
3.774282732768994e6
1.649654614747459e7
657700.683484104
2.167637151892776e6
1.7810189064127097e71
2.2094139636083928e57
4.840481509365353e77
1.2612553525993295e7
1.7972247372557066e7
657700.683484104
505234.64399963676
3.2433729226974007e33
4.3574314641589625e6
503331.7589665517
1.1922748532623867e7
2.685556533659952e37
502410.9465888658
537193.7995912464
503331.7589665517
3.880977091907058e6
1.4567742761847518e142
505336.74446249194
5.436237020119874e6
1.6565865982858358e7
537193.7995912464
1.7493319740241917e6
503393.0192442647
1.7205411550678346e71
5.58982037591767e6
502390.5264962944
1.2654292390275909e7
511925.37175429176
5.796370243961744e6
3.753221120341222e6
1.4713143753405657e142
3.924301774161912e6
5.319970782039539e6
1.655043228183806e7
511925.37175429176
503331.7589665517
2.2046493152429373e6
1.799580019156155e7
502410.9465888658
4.81659315099955e77
2.1985102399935058e57
511925.37175429176
1.306964987827067e6
861076.4533306927
6.273092550327039e35
881499.4403915039
1.268518058635655e6
8.601876918546071e6
511925.37175429176
502535.67968609394
6.353172667845733e17
676081.1942236904
502305.4765916721
6.653928472342835e6
599272.7801051757
502566.3098249502
502535.67968609394
876324.631398354
6.257565406797578e35
502315.6866379578
1.2780079674802425e6
8.610669882274926e6
502566.3098249502
502390.5264962944
672004.4092771343
5.132770248192463e6
502280.52997222665
602161.1781847868
1.5740958583648906e18
502781.7763462117
8.637128062527658e6
1.268518058635655e6
6.21109941736778e35
6.273092550327039e35
881499.4403915039
8.601876918546071e6
502781.7763462117
5.150942290371867e6
667997.0929415134
1.566298645203357e18
1.5740958583648906e18
605102.0084713576
5.132770248192463e6
502781.7763462117
2.31369820495341e6
544487.7191061722
4.526357234362007e9
5.338958511769943e9
527932.608246582
3.338451895204005e6
502781.7763462117
502281.13194410247
1.6930486973764296e6
4.779066723569293e6
502283.68445567397
5.429901380565446e6
1.3850136123986756e6
502781.7763462117
509835.1067587624
689911.421875021
744466.4624084671
702842.4150155532
492863.1955104837
910315.7607754675
1.766860092838143e7
493597.8363562093
1.7701504903351378e7
1.0815072511408166e6
492132.769662206
1.317904938962794e6
1.6764021556544749e7
489253.2162435675
478409.4021605959
445824.5392940069
488131.3832724278
2.177629771269577e6
6.503829151857946e6
1.5268008908057311e72
6.31867628080848e78
1.1225100857237743e6
1.2549167377394108e7
488131.3832724278
1.5594070890439434e6
448953.4877241172
6.550840700103206e36
515980.91078798915
442965.3507005298
8.51562303369499e6
434226.19469294423
442431.14452379645
4.931320634652587e6
1.1317010328322746e115
1.0858729531860658e115
6.108801176025564e165
1.9995971738691565e7
1.9995771092030685e7
442431.14452379645
438056.253023472
1.503406202069097e72
6.049890570676047e6
431475.17570894625
1.265038681121173e7
1.1691587800919835e6
431261.49323825305
603053.058800255
3.3038265876597046e284
2.000231475072925e7
2.0005581739995632e7
1.929180789063683e7
Inf
Inf
603053.058800255
5.040165427296652e6
1.0745639298283926e115
4.615287291654106e6
5.674892792687343e165
1.9996222549750343e7
3.026541838462423e6
603053.058800255
5.561830006850497e6
429696.35483613156
1.4267283926669007e72
1.3710344098939332e6
433905.6709869044
1.2796945523556255e7
434226.19469294423
5.0773205088367e6
1.0858729531860658e115
4.7181910482563535e6
5.858896410052933e165
1.9996172387295686e7
2.981196510115037e6
434226.19469294423
1.2670404245271354e6
5.7852664986322195e78
5.5680125215159334e57
5.444935930243547e6
2.26748952994591e6
1.800477248220225e7
434226.19469294423
6.123626326376395e36
1.2930130379325023e6
429318.42539001943
8.759187917592702e6
640723.4481097091
430344.04411887616
430504.3059718958
429371.84600769304
5.597428457987331e57
2.278411307423513e6
430344.04411887616
1.799977297875971e7
5.877688693752562e78
430504.3059718958
619204.2131115492
640723.4481097091
6.155977583183954e36
1.2930130379325023e6
1.3300769419971744e6
8.740117546543792e6
430504.3059718958
447514.564206852
429473.6701334965
1.6234778924735703e19
664256.088963223
429230.62060570077
5.2112982225847e6
429553.8010600065
429257.33091453725
8.730603274191158e6
624504.6556539232
429473.6701334965
6.172185173295562e36
1.3206773365682918e6
429553.8010600065
6.699133504687607e6
3.685659279482182e6
447514.564206852
5.896137684067801e18
3.82513847610744e19
672088.8534919434
429553.8010600065
429212.0081982254
4.455788411814024e10
509285.9588755422
429266.09300296527
2.7870937267060294e6
411708.6198855998
758146.1490674068
511106.76007087907
513667.3333408667
2.5371703306669294e19
522186.05747384875
507537.1531952784
5.962735034328958e6
758146.1490674068
4.455788411814024e10
429212.0081982254
5.0286253392080864e10
3.841947777894048e6
445971.26754667645
3.3098292139854818e6
758146.1490674068
422443.09028079855
412123.1593211041
1.377167386344672e7
413496.21731651935
411298.0370954507
1.74565930263227e6
409695.2723884053
403917.2768170406
390934.30664064526
501066.6196800928
390220.81712381257
4.413412415046471e6
1.3524275475314807e7
392660.6973683846
1.2926568542101844e6
1.6756971166102557e73
397495.87116554606
8.281075269717328e6
391832.5417228665
1.3718878231433586e145
2.985186393019418e6
392660.6973683846
1.7283031545749936e7
397495.87116554606
390520.22881788615
4.514982305214376e6
1.349790334710932e7
390934.30664064526
1.260338016843674e6
1.6928750305814884e73
397495.87116554606
1.964556339473556e37
1.1162134655246956e6
390243.9103194863
9.420600270683954e6
615898.8276929045
390450.9492308658
397495.87116554606
390200.7105588085
577303.0659695608
5.711630265564381e6
390304.23001449805
428228.26558604435
2.708298074919166e19
390753.34755560895
601116.2890321215
1.959563130594948e37
1.1247511416845485e6
1.1077584878026217e6
9.394011955369204e6
610921.3293620669
390753.34755560895
5.701969421647656e6
580941.7539205066
390220.81712381257
2.715190371846951e19
425413.0646371432
390243.9103194863
390753.34755560895
390214.3971484371
451046.06790997577
3.0689628956659813e6
390202.8505506004
385104.0718647942
5.374913213205429e10
744018.5000934104
6.437427708061221e6
4.945531076244534e6
7.883375902240065e6
4.083137439868587e19
8.570086854088095e19
1.7463905803849593e19
744018.5000934104
384371.9593406007
6.003766488466437e10
390200.7105588085
385851.0685015748
3.5915534138780613e6
425413.0646371432
381592.35036969354
372855.372499957
376010.78924327693
1.4192493698249624e63
3.4205096485595442e6
1.6054973765823317e74
1.857981998357896e7
1.3603765597714651e6
1.4307614561828334e7
376010.78924327693
5.605822742088928e35
1.0172558890160512e7
1.708420402405502e39
1.314400504514159e7
5.52803109940812e37
6.38486772261385e6
376010.78924327693
475241.9976256548
4.2139753151293465e19
472783.9439517548
467879.7118440294
6.355490881585626e6
464470.8305724453
376010.78924327693
4.028392173434406e6
3.501550266918805e6
6.82492227660389e10
5.5194284680273926e10
6.172916899666557e10
2.976742051568828e6
376010.78924327693
373070.7271221126
376808.18346910237
1.5095777694352096e7
372643.73890594864
380704.15381059743
1.8104598484753063e6
371834.41481138126
369192.48293658445
368150.5874929637
516396.31860754156
1.5257571766420945e63
4.455644196252762e6
1.1679278714831145e6
1.8557138347096827e7
1.1463213965927786e80
3.800042291442399e6
516396.31860754156
367447.3141185541
1.0248790972972679e6
5.855724264689912e37
369092.00666876213
582170.2899997224
1.001242164238423e7
367015.6786348079
403392.46492208814
367447.3141185541
1.4602620805482758e147
1.3596223244911622e7
370394.3759732882
1.788671616945322e7
2.966034088225484e6
403392.46492208814
3.7544375138890464e6
366755.2047739027
1.6346596313253816e74
1.3026225992083596e6
368228.7357012698
1.4217656540955687e7
375239.1413858481
369092.00666876213
2.000137805113263e7
4.795960739653923e167
368228.7357012698
4.033220155982388e97
1.6928009194070178e6
375239.1413858481
3.8460670015521515e6
1.2114487808713804e6
1.6508615059351513e74
1.2716191783463373e6
3.664487756451549e6
1.419418264850751e7
375239.1413858481
5.850833026844676e35
6.211691691276854e6
599936.5161125471
1.3054042448651e7
1.756814213178967e39
960263.2408200351
375239.1413858481
7.621550618936202e6
4.720016741860589e6
421643.3620839609
1.853194220732146e19
9.162280504984355e19
521083.54859206505
375239.1413858481
411486.06073925033
366789.6240479304
6.40342143451062e10
372237.29515069467
366735.669612462
3.3658202151526157e6
366806.37009256735
366789.6240479304
1.8554767858905625e19
4.715616580579348e6
366741.2516273409
7.6354141288022045e6
9.128549835788044e19
366806.37009256735
411486.06073925033
372237.29515069467
6.395538514615665e10
373608.33498200634
409876.0294179521
3.370015831162954e6
366806.37009256735
1.55700276422939e7
381608.72665615793
1.5979351740866946e7
1.557793485057059e6
363989.08246180444
1.714159235891919e6
453296.1346601998
382004.43405968865
363655.78402549226
6.743455726838882e10
391454.70957296557
364336.82416319096
3.6283787808591267e6
362467.0229309835
360022.90096479433
387221.1716895637
360187.39342880715
3.392571546787842e6
1.4543944842901144e7
360782.7774655198
1.2575888366601903e6
4.818262692913061e74
387221.1716895637
1.0411672889770893e7
896838.6946705948
9.498281010248123e37
9.591015490211205e37
623122.612444958
1.0379551128326245e7
387221.1716895637
7.888240084867498e6
485291.01774709445
5.4230851984926605e19
2.3947397422303797e19
426180.44740437635
6.464517291339747e6
387221.1716895637
360067.33409962594
393858.9295799043
6.919017421866173e10
359992.91109503683
373541.2455723168
3.5390052717631254e6
360017.3842667469
6.47816177054287e6
486892.4587454726
5.4296814938077905e19
5.4561067672559895e19
424881.85329000844
6.459978038273729e6
360017.3842667469
6.927433792208754e10
3.0208991337282937e6
359977.36449035327
3.534827109284466e6
7.64245060272622e10
360022.90096479433
360059.61072235974
488510.2308344436
359989.6010762085
5.449494435065788e19
423596.1139076551
360022.90096479433
6.464517291339747e6
360059.61072235974
359976.26115074387
4.0548624431457315e6
7.661047835527438e10
359992.91109503683
6.234308488469821e10
3.0208991337282937e6
360116.2804430463
360017.3842667469
2.3976454823852323e19
4.982425231417811e6
359992.91109503683
7.865608574740839e6
1.1150153790051328e20
360116.2804430463
3.5264919803926526e6
396104.8403756869
359977.36449035327
6.94428188461037e10
371472.36020545644
359989.6010762085
360116.2804430463
359981.125705342
1.6378560618757147e6
1.957451313278234e6
359975.00741241436
1.594086329744263e7
1.6712141793177564e7
360006.10062178137
7.675010595144563e10
6.94006794254541e10
396492.5855084917
3.022830609437905e6
3.5285731131074177e6
372491.48473516986
360006.10062178137
1.5925975381438537e7
1.6681148682396667e7
371499.04497869126
1.6393211966195276e6
1.957451313278234e6
360677.6301361628
360006.10062178137
359975.1829295454
1.2522313017135046e6
567782.9003555502
359975.7345993503
969159.0551448192
389877.93313282327
360006.10062178137
339322.28336664464
361655.0601590713
422258.90358909854
399476.72382574936
359041.46600418055
589588.8420131884
548887.5329378679
351145.90257253725
334685.1743251443
1.6593802272335822e6
330605.1796788707
344678.7911605212
845330.5512433255
324048.58409662783
632073.130626268
4.0516547735371534e6
330492.9638178754
3.543194800009161e6
1.4626747323747168e11
356445.06947850226
1.6198794822910028e11
632073.130626268
335827.82606538263
324278.7392922162
2.2799285187403698e7
321957.1542241904
323821.9113921768
2.0802442031739394e6
430892.1101384565
3.28499204433454e6
351297.12568673893
1.388201554680697e11
1.5404670202842435e11
336601.0397250571
3.792052372246156e6
430892.1101384565
1.9127791433957752e6
330492.9638178754
1.916164395080644e6
2.315323219437766e7
324048.58409662783
2.3193067405972745e7
430892.1101384565
324839.6702845307
321925.5453476312
1.4152026630333029e6
321772.4014821611
321989.6587359227
975731.6390125948
345655.80388152687
321625.7923666112
328859.15509579494
2.2979333921100974e7
321922.5426016376
324828.76499339123
1.9970470209573025e6
321074.67594368034
319435.33088025084
321919.8806792383
1.0704332898013372e40
7.375379815068791e36
7.446858940601059e36
7.549909029165763e6
1.3792829216947598e7
1.3817195789862078e7
321919.8806792383
319166.7747714671
7.027719377342035e6
387752.138425495
319760.39905186417
1.5251113207379332e20
418687.4599988657
318657.67096462584
325663.18578996556
6.538064298990581e6
6.696929401828368e75
2.8235519733239687e6
1.666738530066214e81
1.5227113241352031e7
1.0958865695354955e6
325663.18578996556
797099.3885681226
318742.19143818156
4.610688072011102e38
550207.1293116297
318799.1987423878
1.1035768647926427e7
325663.18578996556
372652.6408796702
1.539856342477831e20
7.04825703176925e19
430054.03637667606
6.973797570418124e6
8.337287049993614e6
325663.18578996556
318657.6090594539
1.3126892312979196e11
3.3289661904793675e6
318671.8608855052
4.356731835428417e6
1.618315856250774e11
318798.641595839
1.545404013849583e20
7.056706117097395e19
437673.9615168481
6.978269134363768e6
8.332873198176148e6
376256.7567792297
318798.641595839
318671.67516998894
1.4642629044856003e11
351106.7508751542
318657.67096462584
3.834133093972429e6
328585.49017714855
318798.641595839
2.3840081959181953e7
329087.3089621129
318662.876112758
1.924186454782571e6
318797.52946843253
318655.87401007646
318684.25385183544
351470.2020530071
4.350100894115982e6
1.619286422931639e11
329543.9773916627
1.311902131155149e11
3.3269782405305644e6
318684.25385183544
318959.40734553494
318657.67096462584
2.381982417641161e7
328911.95626511605
318657.6090594539
1.9258335022094871e6
318684.25385183544
318656.3000342742
997948.382172911
385952.80922294536
318656.33098686027
1.4968261232954634e6
550186.9515191553
318684.25385183544
414801.0798941315
302872.47101890674
298941.70001278276
569814.2400178204
362981.94767012703
361011.6452956935
581449.5625696387
487766.9867625494
310509.8527639137
861185.9143174398
556681.7915298804
290105.04191963247
2.048965495932024e6
279765.0966230317
537657.2772532114
4.338917423593079e6
3.8327270822663195e6
4.860935687517261e6
3.128725769885271e11
3.466466916035399e11
2.8161924698639856e11
537657.2772532114
287806.8756480944
279948.16232106194
3.4908355753253065e7
280180.56988033885
279585.4607712071
2.195434957554518e6
278901.215825964
276713.0114378864
276740.6001718911
637439.0926592703
275948.1744795844
2.6061495159647627e39
513888.4254434265
277697.3585533463
1.1858088451712824e7
275083.9282179552
306748.5683166999
1.9032969925147247e7
4.033205887515851e7
275948.1744795844
3.4234178888651154e152
2.376981050852339e6
277731.8444708521
306748.5683166999
275968.86603008816
980709.284644919
1.3094028955050027e77
275077.031034454
2.449249841943255e6
1.5961951771409007e7
283829.8485867647
1.0234300105060576e7
3.982491183764498e7
3.327440785266433e152
4.881525828564292e170
2.4154997047412596e6
1.902850605586324e7
283829.8485867647
1.6187606676717977e82
3.6842282754437715e68
3.75456860622728e68
8.192843011388528e6
1.912454254534836e7
1.9132653107818328e7
283829.8485867647
661213.9725702639
686088.3802223196
2.6435124762716685e39
480040.80324130325
496606.6399188717
1.1815007959024664e7
283829.8485867647
7.621052129560911e6
6.245228438419158e6
331656.3138846192
4.7449210878901276e20
9.14592849604951e20
371406.0241366201
283829.8485867647
300654.17035943584
3.5647870877747473e11
2.88918708394011e11
287413.415105946
3.7429215766246542e6
4.754839206259917e6
283829.8485867647
275051.7382618808
3.616222582425282e7
282570.87287578685
275105.75365323265
2.1154416932803714e6
276727.41774078493
274984.8656336443
275266.15051359305
4.781489978758596e20
372094.6347384744
7.610118194384215e6
7.627622878121683e6
326401.44128296245
4.758969433257472e20
275266.15051359305
274972.0083967597
4.743727592968355e6
3.571109526964561e11
275011.4422553514
2.897735446074795e11
3.7285871857065917e6
275057.7732974444
4.78712842146337e20
2.2824809644358756e20
6.221323207902254e6
7.623241513459938e6
8.906510006002069e6
9.162151562596408e20
275057.7732974444
4.739292383997245e6
3.7285871857065917e6
3.571109526964561e11
2.901158326880194e11
3.5795481601463965e11
3.7204319475820297e6
275057.7732974444
274970.7245476256
283588.1496027172
2.1033808170265015e6
274976.72209209925
275560.98988192994
3.635978932014593e7
274999.88761314563
274978.4463879745
2.902870524986793e11
302576.463179432
274976.72209209925
4.737076801585727e6
284296.024616608
274999.88761314563
2.0999537682270375e6
3.675567323429015e7
283588.1496027172
3.635978932014593e7
2.266911326278078e6
275257.7859477289
274999.88761314563
1.0215649946057037e6
278156.9105399255
561993.1585769719
1.8135774345182492e6
274086.8177485756
427438.88508284045
291689.72264201444
274011.87068894436
278156.9105399255
2.183710986348288e6
274165.1493664509
278840.3981013203
3.620909147747606e7
273745.9280328557
273223.68672749394
279799.19060992525
273287.48366620846
1.1943154055815615e7
6.217351178855096e40
273376.50151637633
3.304283180540594e39
8.702273779433558e6
279799.19060992525
273228.50873090187
2.5494134407180262e20
6.359692268699247e6
273273.01765598566
9.014352652196066e6
1.0045216720156604e21
279799.19060992525
284155.6819232697
4.822228585991674e6
3.711441108204346e11
297149.6184833596
3.024566350722433e11
3.8051255837572217e6
279799.19060992525
3.7141273197622366e7
280751.05553320074
3.6831941662009835e7
2.311239390846726e6
275009.22362279013
2.1489906907598744e6
279799.19060992525
1.044304885611272e6
547670.81485315
272839.28551240684
1.8064252035935307e6
383222.29429328506
274209.6536460978
277066.7359181542
2.19089977647787e6
277810.74315789744
3.6671285936736055e7
3.67280453723593e7
276673.982285955
2.1874285598507402e6
277066.7359181542
399287.5722904944
559719.902182312
1.0926991316282288e6
585367.176017905
366728.87108646444
1.803918915664635e6
277066.7359181542
251735.01263465063
273226.8916050922
398871.33782371256
396588.14188388136
273001.72230159055
585087.8216631212
3.662814263997177e6
390411.64258167514
268786.64603342314
3.6667547389531303e6
803797.4487882659
237076.35972712678
814042.6371535234
200524.88032676405
325421.14947888406
200403.0580705454
236707.91273403185
1.4225645267910854e12
200660.47066512212
195128.2547072224
4.735070804888451e6
400835.72061986907
9.057940635990325e6
236707.91273403185
195990.0078314812
4.44671100962028e21
259324.96348416552
194319.02555625493
191607.34868530056
189164.47692812412
313854.36152567476
1.8256780575568927e6
188705.14566138427
1.3037353161259567e157
1.4644459846820636e7
192985.34248552058
1.960335394574825e7
220483.1635009885
192985.34248552058
1.9997370311093125e7
4.400228909240358e6
197871.0859998735
Inf
1.0131032144766711e6
220483.1635009885
1.9610647862964615e7
1.4179399175357113e7
1.2564256747943792e157
1.3037353161259567e157
1.8973306553776977e6
1.960335394574825e7
220483.1635009885
730754.3363061416
780061.076493937
4.3766175609940795e79
1.6129836933602865e6
1.7194741505558658e6
1.7352605934570864e7
220483.1635009885
1.3344251439458814e7
485338.20060264406
189115.55257761443
8.413603360580106e40
348893.6677801589
188504.83463832023
189804.5494777242
188734.50027169017
1.7346920373344075e7
742858.2565790067
189115.55257761443
4.3968617045411276e79
1.6923734183891586e6
189804.5494777242
8.49152778486712e40
3.2004762274001274e39
506365.8710192394
1.3344251439458814e7
1.5500685550593624e7
348893.6677801589
189804.5494777242
8.923904271635424e6
2.3880086465596883e21
262905.0264947121
4.593914278746267e21
1.010336667060298e7
221889.04385255187
189804.5494777242
194805.83163861476
210046.8414877845
1.6375673782459854e12
211130.33901073068
193732.76259532262
5.092213672823159e6
189804.5494777242
2.503632238938752e6
9.429183625187571e7
2.346350590651444e6
9.415670924670151e7
2.669271403080285e6
9.421320189232954e7
189804.5494777242
514443.37166311836
3.1182400167444446e6
3.20076870611343e6
491060.2563789051
1.1340583865414495e6
1.1814268194001867e6
189804.5494777242
188501.9602530656
533174.5589888225
323138.3860393302
188507.91419534557
518344.8273081832
229361.6381421447
188492.51442975336
188487.55861981233
188992.97511296257
1.4775203439896204e12
212636.0060707103
188504.77720482595
5.564576036383325e6
193407.71221996206
188483.47102812148
188598.43059458665
188504.77720482595
7.667606452385736e6
1.0088926293794379e7
188514.6888247083
8.350227003019723e21
2.3869779816662843e21
188598.43059458665
4.59777469725891e6
1.4775203439896204e12
210922.9882626513
1.8140536426465483e12
5.573495443584998e6
192897.81738004743
188598.43059458665
9.448923616096734e7
196215.2062733645
2.497578628404526e6
2.50130164096843e6
187720.6432646227
9.436248074395283e7
244570.75168729908
5.332088689640853e6
196215.2062733645
1.7242829881880505e12
1.7282586367519067e12
205066.6767896452
5.323244751346354e6
244570.75168729908
9.441898554510705e7
2.4994392201959225e6
2.8269780355653e6
2.6649325443883324e6
9.428713145549712e7
9.436248074395283e7
244570.75168729908
619288.0683732816
605390.3095802125
2.924466692215542e6
495590.0377620351
479155.47759185673
1.2014983896929338e6
244570.75168729908
286342.4255632065
187280.85648825826
461742.5762573967
463528.66849311726
188567.37261805419
590787.7200164571
189752.20337437282
187231.1147186654
3.006312514434357e6
187658.27854538235
187331.4047107116
1.201759851335761e6
188546.78833630035
187040.21216889823
186405.63442750243
185931.84278468485
217068.9853776613
506708.8369071222
1.348169804247299e7
1.5381120672130187e42
336049.378429602
1.1326032741081731e41
1.0725021644939352e7
217068.9853776613
1.0205312777288843e7
9.071815377667092e6
218616.71635626178
2.776823762133471e21
5.31948854619551e21
268014.172714617
217068.9853776613
4.6944363090072945e6
210347.11873138594
1.7447034910771367e12
1.929878786153875e12
190028.3673793945
5.169996925612984e6
217068.9853776613
9.70909839796906e7
194122.99726093045
185970.26268463675
2.5422209159068423e6
184587.86772175686
185896.6486961746
238190.6179575655
5.892673573204447e6
5.419470887856444e6
2.0191841360887515e12
1.6594951655051594e12
1.838176386812725e12
4.928301045619534e6
238190.6179575655
184496.28509108673
2.7050434479588545e6
189588.11080883394
184682.60247146845
9.702018187690692e7
185931.84278468485
184161.4757588227
183326.57747641887
188056.40909325567
183643.15880829
446318.7986107552
1.639331791116593e41
183211.73176320907
348229.4530716252
1.3763408058635416e7
184769.7050969822
1.1938013757669084e7
4.0656923941500584e73
1.4925592139888925e6
4.1146290134373485e84
1.9569073120065484e7
712453.7303138459
184769.7050969822
466501.1903561166
1.5807837548417829e7
2.097711402023275e42
348229.4530716252
7.286043029043034e39
1.1056974505215269e7
184769.7050969822
221428.9449040048
225204.32602474262
6.274973615250042e21
246033.4116122906
250571.78156106416
9.30152810539435e6
184769.7050969822
1.8664978778060667e12
200534.50495506206
183214.54152532236
5.352428513554582e6
192014.7255057547
183221.53047726196
184769.7050969822
9.903300036207092e7
2.648957256665484e6
9.889043120572443e7
2.816142433078558e6
9.883080637964791e7
2.491579941375109e6
184769.7050969822
3.091368831061626e6
3.211435573337609e6
184969.58236240354
1.1552260556387284e6
1.2260224398324543e6
183148.90771823798
198631.39463563063
2.572691991328363e6
184969.58236240354
9.876293946041568e7
9.882334335037467e7
187860.26809183048
2.731304874420826e6
198631.39463563063
183115.78228378305
3.1693009437343525e6
1.2030429009700571e6
183182.81220053823
1.3019155861623571e6
3.0063975993481725e6
182991.07102441468
182616.8736421708
183114.44659686158
240420.00365577446
227181.68654852084
6.795862914657897e21
231151.94053288247
236226.74078980446
9.427785817711817e6
183114.44659686158
5.4548812144745905e6
195683.41303221474
1.9214180798358694e12
1.9257464881080762e12
194948.04978813292
5.446302871487681e6
183114.44659686158
2.5501166541416226e6
9.964865320273408e7
185638.19160062043
9.937649212623563e7
2.879422525395274e6
185685.12205658853
183114.44659686158
560845.7246190595
507713.81267233274
3.174739128693872e6
455538.192734138
601438.8571756063
1.2616634958024744e6
183114.44659686158
161481.94290059764
307257.6690325929
576992.5745436219
244156.03211616486
463287.9573933178
476077.12807812897
813052.2763046199
4.792687105701528e6
1.0410816416301918e6
154552.04515515594
1.0859722669091541e6
4.691099299380677e6
170002.76970313932
141638.0148157337
276375.20000775025
141540.545518766
4.276428845716677e12
154938.23322935682
141747.9160338849
5.873805396766871e6
150559.35844217753
141274.98754272732
142201.86302789475
9.35195650051787e41
1.2056959922806144e7
1.6366299582245845e7
1.4529963828296943e7
1.0292366227820239e43
5.108645905527561e40
142201.86302789475
141382.90268838013
198752.7733352887
1.976096459394988e22
141216.80008180765
174025.97245118124
1.0011850336441994e7
141481.3270854591
1.6362635888257252e7
1.4524803674540043e7
1.0269306155688187e43
5.120130436059626e40
9.372886135888957e41
1.2037062506879436e7
141481.3270854591
8.852650628263025e6
1.0951508051681002e22
1.0902571388978627e22
3.4048527772147767e22
1.1073527443056034e7
1.1058858580984145e7
141481.3270854591
3.9005727857570215e12
5.839036399065845e6
4.746488267533707e12
6.303501705517026e6
4.305321546839035e12
5.381045339924676e6
141481.3270854591
2.892359306689054e6
146591.42388966252
141226.6849765939
1.6845763461014175e8
141464.32948536688
141210.02316731718
141213.99531231378
5.836871887865424e6
158248.4274039365
5.845535968777154e6
4.307733662842471e12
146712.26204284048
4.3173888821022314e12
141213.99531231378
1.685626831687854e8
146706.92339002222
141206.3542331227
2.890430596304011e6
141340.60401683344
141216.80008180765
141222.75829930257
4.319804375728674e12
5.3725156776282955e6
6.294753739753866e6
5.84336843952171e6
4.746488267533707e12
3.9005727857570215e12
141222.75829930257
146947.4491038429
141102.28055159422
1.686677672632756e8
141340.60401683344
146706.92339002222
2.8885034873091914e6
187614.58375549546
155624.9634584152
156966.6552544872
4.530573848210419e12
146706.92339002222
147200.6771017976
6.067809077688233e6
187614.58375549546
3.0454745515899877e6
1.687728868936125e8
2.8885034873091914e6
1.6908125608779317e8
3.2096777764085983e6
1.6969806135236093e8
187614.58375549546
4.226084809725484e6
140474.14179540428
1.3651593491075796e6
1.3666500385445978e6
143042.7786147689
4.220502528589713e6
152061.8344525941
3.1304097292707223e6
143286.5400978269
1.6887552472063196e8
1.6866796442992342e8
142871.52203026388
2.964874905573347e6
152061.8344525941
4.268284083327206e6
4.34988140110566e6
141206.67829488555
1.2928232056010996e6
1.340729537014304e6
141160.7204839255
152061.8344525941
198765.74936968007
181196.66896824102
611904.3912174599
125187.2710831677
299040.99105203006
589362.0512051984
931121.5987117182
125303.22594402803
6.477832958037808e6
6.679732654837861e6
125072.12610420595
1.098030420391054e6
1.1873409425410887e6
124619.6450073447
122939.30172366605
118291.22624921774
132871.6869156922
1.6506923536440374e7
395985.72524603916
2.5681098307706045e43
1.3477137523468566e41
180750.36272452143
1.2309300528946625e7
132871.6869156922
206869.60201153383
4.3663134692467876e22
2.400464440472208e22
120640.38610933888
1.0191973386105765e7
1.1224477848419722e7
132871.6869156922
149591.87976538032
118484.5451385458
8.656689399669074e12
109605.20651843098
118110.86547026646
5.936013255722094e6
248670.19386187423
109065.88962444403
5.74540832182983e22
148223.5094565841
110194.31143733351
1.0719096257555887e7
146698.89134693463
107406.50229765345
108735.03697700528
106543.72336951422
524891.1266298052
4.123528048512391e82
109065.88962444403
1.05797787091396e6
1.866079689977281e7
111058.69164347196
107207.99070919023
3.7185019319293265e162
7.070491493476079e6
109065.88962444403
1.9908054458014194e7
1.3670681760833717e6
111058.69164347196
9.516839899120952e76
1.8649099156103518e7
3.594340560748611e86
1.976747523633677e7
4.123528048512391e82
1.4509835566065067e7
111058.69164347196
1.518706162616747e7
321593.97307055985
4.545023336716396e42
4.5859815207626646e42
211362.17200627548
1.5168402841338417e7
111058.69164347196
1.1644592658472791e7
1.0658599510350496e7
130779.42867898905
3.312494320346585e22
5.876318577829344e22
164337.49814249034
111058.69164347196
9.734376259203828e12
123339.95037902071
9.75623466078764e12
6.308853155437155e6
109248.96852859252
6.317664466620049e6
111058.69164347196
106516.24957474205
2.9086779948957795e8
2.9723142538906857e6
106574.30891584366
3.288012398322065e6
2.9388085881563646e8
106437.47191122557
106620.24150631634
106408.4822726246
164809.54349124603
1.0641661388377352e7
106516.24957474205
126833.03946740192
5.87961022824773e22
106790.4039673783
331058.7906297438
106499.86707016997
4.588547507463921e42
204367.55384403828
106516.24957474205
1.5167237560081732e7
106790.4039673783
1.1628689602238089e7
1.0641661388377352e7
126833.03946740192
3.3292502077416954e22
5.905976611334427e22
168707.42056118936
106790.4039673783
106416.75358881055
125303.22594402803
9.794545850126445e12
106412.65796266765
107183.67955368756
6.293468674156843e6
106790.4039673783
106409.01424186754
104500.35124301104
2.939764944926434e8
106411.06205493899
113228.05356027586
3.1114033588467576e6
139904.74826977547
113532.45588155114
104727.94773556673
1.0276495826026014e13
113007.63506431102
104284.95747946242
6.5165778818748025e6
103545.40971533759
102539.65529995217
129755.62389624219
459745.0267440965
5.90061295395101e86
2.654670871580167e77
1.042375021595114e6
1.4800121979393663e7
1.9790038798107356e7
129755.62389624219
192935.41245790623
1.697674105816706e7
6.025538580031095e43
311677.7879809424
4.4588569713082876e41
1.3165408688974638e7
129755.62389624219
6.884625825476535e22
160925.03809315458
6.915139881036237e22
1.0807820638556259e7
121094.34217334281
1.0822507383755669e7
129755.62389624219
120790.23938098805
121290.0290584243
1.0519327536490637e13
103432.54567054713
103826.05706178762
6.424906757201007e6
129755.62389624219
3.184147051279731e6
109110.04307160183
102523.79955053118
3.0299581661542946e8
100749.43979598433
102558.5617316251
135557.50156158404
100574.66845381074
6.645751658630737e6
110303.0608665664
100936.17668608898
1.1025738130720416e13
109110.04307160183
99995.238564426
99592.0066758442
128610.88182483063
99410.72508634362
1.0475111285169384e6
1.594098221030387e83
100539.08333292762
469622.8968915392
1.8876900682014376e7
106343.54940416994
1.3312162830234736e6
101345.54711009111
5.5443867854432265e163
6.280734596879321e6
100539.08333292762
1.9939373183883198e7
106343.54940416994
7.072566563627937e77
1.8876900682014376e7
9.82037040568067e86
1.9811887216052774e7
1.5663446763758149e83
1.5185142590625007e7
106343.54940416994
99405.641497646
1.7115310081740104e7
7.90529361497042e43
99607.25744193696
6.467006145262804e41
1.3435593450562274e7
101299.79481181268
500223.2709444147
988249.6672118768
1.5871369857919811e83
1.0678035095175353e6
459708.82441674365
1.887929732536489e7
101299.79481181268
294168.35019017285
310686.17845159787
8.789252589888632e42
193828.77998799877
205434.63794402347
1.5555619982198147e7
101299.79481181268
9.955795259885237e6
8.036383126296246e22
4.644670472902887e22
1.3222725245683295e23
1.1015241477271715e7
1.1969112343181405e7
101299.79481181268
101614.23318478942
102395.47735278381
1.123395620661184e13
114852.68895268058
115794.56579993611
6.572464059402874e6
101299.79481181268
98633.87294932392
104774.32777407873
3.10699033194372e8
105016.53634829127
98445.72704102228
3.2728042209204636e6
133361.64007362252
109808.73754006981
104774.32777407873
1.1769756103384555e13
105270.94765151088
108649.71961409885
6.78895082203251e6
133361.64007362252
3.582649778708122e6
3.4294627783036907e6
101805.22748155406
3.10699033194372e8
3.1258815068805987e8
99418.46729048123
133361.64007362252
98400.52418433016
593547.6275573717
1.5220239330571122e6
98491.66334586767
738248.5840294122
6.2515269472420495e6
98227.04723909557
97650.49116269368
97221.89412966977
125549.54235891743
97584.15168955995
295971.70039921696
1.5735938737484958e7
97047.39929703822
194072.9658250678
1.2081694866416393e43
98227.04723909557
97261.69781355016
980044.5366376303
3.025294478141926e83
97584.15168955995
477767.57654217177
1.8980866387439586e7
98227.04723909557
97221.89412966977
1.5744073235600263e7
199692.80563264637
97060.66719166495
1.2029441837528968e43
287803.1077097282
98227.04723909557
1.1188195893792057e7
145604.5218939258
1.120226050674596e7
9.279630324364747e22
120525.57396003233
9.319982647463366e22
98227.04723909557
97073.42024951568
100907.34853567796
1.1993137228343848e13
97033.11351501443
111115.42006621053
6.715431532979462e6
97093.32209145588
1.1198742299359584e7
144676.15142673245
97039.74746232777
9.289710197751407e22
121289.78885011244
97073.42024951568
97093.32209145588
6.276617440769466e6
1.1993137228343848e13
1.0903688785183777e13
1.3085282167443637e13
6.72390630779182e6
7.146130321444049e6
97093.32209145588
97038.78950971953
3.3622190564500825e6
97071.00214777839
97030.37131292268
3.1841073823856777e8
101463.74184635578
97048.74043068964
6.278721005094223e6
1.1986632861556566e13
110006.5360591418
1.3078177798549965e13
6.726027017918269e6
101101.10624518641
97048.74043068964
3.5203400164278406e6
3.3661903290960942e6
3.1956489868975496e8
3.1667522726018846e8
3.1841073823856777e8
3.206884217962446e6
97048.74043068964
97031.37568989187
6.43451451792906e6
98615.76068309431
97030.10038410685
1.4488896253879478e6
96560.74282090757
105147.00818626222
3.189910983241813e8
98615.76068309431
96511.42777264585
3.442190072689406e6
98827.85110943517
96612.96348072284
96343.2236951376
96135.30523371167
102741.99696572592
281378.4877158236
96310.28471216299
1.4103095022010186e43
199738.11328546176
96146.28489470315
1.584384082929145e7
102741.99696572592
96199.55008050692
1.0005872941661979e23
142735.22453918203
96117.55017177702
1.1287285561083933e7
120470.96094140355
96511.42777264585
1.3791471070642797e7
1.407272856239339e43
1.124442946181128e42
1.1843853950551165e44
1.5847818465648703e7
1.730368528325919e7
96511.42777264585
1.1294243131475313e7
5.909503285626136e22
139135.04003652118
9.984282037298656e22
1.2243049100566713e7
120470.96094140355
96511.42777264585
1.1286023814704662e13
6.790096368845555e6
100923.04735673455
7.227031434046204e6
1.234810554665629e13
108079.62132318129
96511.42777264585
96659.31114821817
3.219762748895831e8
3.2061045731595194e8
99968.16192180355
3.4063275642968514e6
3.564138075516665e6
96511.42777264585
97450.77637787699
97501.92615809003
6.46825223973605e6
95830.83520348102
95883.69365276009
1.4712088674912553e6
104501.10074065503
95780.85458435777
97501.92615809003
3.4851474527355134e6
95883.69365276009
98415.1451963856
3.230247793611495e8
95609.7104094247
95385.58653464391
101856.33623475148
1.736450225250636e7
1.5934528455214703e7
1.3558174234362076e44
1.3499254843797149e42
1.6433454264623318e43
1.3907928617800262e7
101856.33623475148
1.07552725954092e23
139878.88771198373
95444.66877218669
1.1379495192038884e7
120725.43680587759
95372.5495795963
95780.85458435777
1.3587387039448981e44
1.6257740773030978e43
1.3586606313779972e42
1.392392847916742e7
1.5922878771435594e7
1.7377678456913766e7
95780.85458435777
1.7358193857222065e23
6.359805643608847e22
6.387226405088007e22
1.036976507123424e7
1.2313979517694056e7
1.2326835789558826e7
95780.85458435777
6.861242999414899e6
106878.92623645163
95383.29808300824
1.2748105950365297e13
101182.97371529197
95373.3123968082
95780.85458435777
3.246649165634724e8
98924.300738819
3.2640990784489733e8
3.606846417261539e6
96354.04572925667
3.453328050979769e6
95780.85458435777
95371.66109759075
582357.476361411
1.5169397695168362e6
95374.15751914083
792420.9006597056
6.551602850347452e6
95375.30174495868
3.265042032897383e8
98871.95499111513
3.4483870443846732e6
3.452339184256874e6
96197.87523163375
3.261271071638026e8
95375.30174495868
635236.3906992626
1.5169397695168362e6
6.4631349694999e6
868112.2479200768
6.5589949862913e6
1.46773738934171e6
95375.30174495868
410789.13902552
204410.51918321874
835729.0255237231
417066.1163818361
279787.8788260618
611960.9493854942
95375.30174495868
89240.83164731233
138621.80463372954
271932.67717856466
105783.12409118329
214292.28171365353
194536.71833037803
114744.45528163796
89603.9693740916
573587.54933029
948415.3895092962
88898.2957648623
988918.67748062
548229.1385330014
87732.57030118162
86252.76487594249
126118.90327217832
1.6066177882604686e13
93150.08214650687
1.610082075350427e13
7.1045710487148175e6
95468.68434644221
7.1129881852775235e6
126118.90327217832
87597.55500100575
3.799974595045123e8
3.7582379272702014e8
89132.88455088463
3.4504217619718476e6
3.7577047544103153e6
126118.90327217832
1.5659861367545167e6
86386.59358608369
854760.4490075505
7.01303328954819e6
87124.68560775837
635347.204736153
126118.90327217832
443641.9528424217
86191.97381462887
632610.1291808264
425348.89115804655
86564.97671576953
851567.4127543039
88543.84152424526
649833.4647572396
622621.1802590347
7.009185622083256e6
912456.7732396133
875379.6637985302
1.5169273134938774e6
88543.84152424526
86178.08771230126
87706.51953702077
874344.9582285759
86263.6448271094
149439.4029889883
622103.7276114149
86691.31525262735
6.988792356981995e6
86580.94788940245
885314.1478945035
1.5285555321557962e6
86764.47680199216
643096.142244563
86691.31525262735
158828.12847962696
280808.3111703343
860773.2319065976
93938.86281200951
197074.26176961794
625203.6364841231
86691.31525262735
113870.13081811684
112745.22894816725
191505.1738994662
78504.82594402025
77386.58131699238
275978.3415437238
289756.9807387982
77418.92648382991
604091.9812339299
1.1938358374911265e6
77354.42101461664
344885.87378808367
540283.5867796522
77227.62844972892
76750.03650402684
75312.92174280016
77136.51104319563
75601.2124798696
133491.6402123641
1.1638731683034893e7
75071.95630788873
83102.13318519348
2.114659304955632e23
74581.34758982477
80190.9610628717
1.9868355464864008e7
1.6227902268683584e7
7.659643787038855e87
2.1849279405046844e79
7.794263047400339e87
1.619846616320753e7
80190.9610628717
74732.00134454049
256775.71766769185
1.6189767925461704e7
74619.99504374157
155688.8224065004
3.872107293454604e43
80190.9610628717
74633.01181610352
1.167291905486997e7
89851.7197936783
74577.00866570417
2.0918195193321567e23
124043.84834384931
75032.90599080305
1.755341975356406e7
245642.80109241293
3.846850636700097e43
3.3735090660310714e42
152966.95476569704
1.618605125118841e7
75032.90599080305
122307.24350875118
74581.34758982477
2.0872664438129265e23
91333.7824436328
74619.99504374157
1.1679771058425166e7
75032.90599080305
2.0270387958605945e13
6.655308943239649e6
75474.66711363257
7.508356014442983e6
2.4260160196592266e13
88944.88243949019
75032.90599080305
73234.83504743535
3.7083678500069724e6
4.953412835262563e8
79731.56180987107
4.892475680763211e8
3.3997141469838265e6
101597.82518511753
81646.49989569461
73440.73923830848
2.32505170041318e13
79925.79319884718
73040.54899844165
7.294110810262969e6
72379.58622126156
71594.63781325684
98197.2873926872
1.92610387045728e7
852017.8391322236
1.9267311334346835e7
3.6032247330931265e84
388333.5502775881
3.6658808630223836e84
98197.2873926872
145837.12496370793
5.199651315301798e43
4.77791065304563e42
241408.98001798152
1.634600993726687e7
1.7658348821295924e7
98197.2873926872
71705.64581608669
1.1841211774977071e7
86567.67248567202
71530.10237794477
2.4152848599843986e23
119765.65254769976
71736.68631187567
1.6356630775381498e7
245109.17030257703
71540.4492098744
5.210886395402174e43
153698.97972690323
71705.64581608669
71736.68631187567
71594.63781325684
87965.84382331115
2.410082924125237e23
71512.03951015064
117999.95456451648
1.184790421952902e7
71904.51371415307
71594.63781325684
4.757340832765359e42
1.4516309821507828e7
71615.3314771161
1.766309805718581e7
4.0334935085780946e44
71904.51371415307
2.399695876084872e23
116284.28700222929
2.4048865961587278e23
1.184790421952902e7
89407.29751369018
1.1854601203624737e7
71904.51371415307
85071.44828533503
71515.26187310797
2.3683278150484195e13
73556.14129538507
71520.43528907283
7.221754361964057e6
71904.51371415307
76219.59777805912
76319.7698604829
5.053547858696314e8
70701.41288859329
70800.41420637406
3.6337442893505674e6
102009.37281218325
7.015913381300276e6
76422.89977429152
2.47254395136007e13
2.699993534726122e13
80424.08932257537
7.425411349192282e6
102009.37281218325
70800.41420637406
71512.03951015064
5.0854384042813563e8
70605.26424266535
73556.14129538507
3.78646195201669e6
70249.1963774814
69281.35241319239
72712.8164991843
1.6539848268748099e7
218686.7127556346
6.877731839571363e43
6.937063291406983e43
164281.3171873448
1.6526346807519428e7
72712.8164991843
1.2920164891915275e7
1.1105603988251539e7
2.7373357379038447e23
1.6710296669434137e23
4.3531288075199217e23
1.2043083517461203e7
72712.8164991843
69211.72001100644
7.385383226705015e6
74593.31363474815
69362.39550278943
2.503360084426386e13
78944.35609978397
69047.29727637472
70215.31632363459
152082.39449494984
5.174006058528836e44
6.672975026375118e42
220406.1619772914
1.4732290423256475e7
1.7775459759397555e7
70215.31632363459
4.376504789881331e23
1.6764165498890654e23
111078.64512594871
1.1088111904905554e7
1.289889526186178e7
90861.45217837387
70215.31632363459
7.360230858892467e6
80700.32392716702
7.368603923289933e6
2.5141234751651094e13
72512.44333636068
2.519513829068497e13
70215.31632363459
69039.5814578833
3.7225598829730093e6
69002.8406322942
69057.86576671887
5.175547919538958e8
72867.57482969486
102348.93063269617
2.6310537138374992e13
7.156508507367216e6
7.970503766250908e6
7.574303433551397e6
2.8593520394905586e13
2.4055551294472266e13
102348.93063269617
69039.5814578833
72319.49795871807
5.207592400278073e8
72708.14174167532
69057.86576671887
3.874593847787645e6
102348.93063269617
8.430044355364144e6
1.0249970239543243e6
68632.59576644482
1.6571595155197773e6
695587.6400342577
69618.98905741402
69685.82695508469
5.204018931602946e8
3.6835732165257656e6
3.985581837823339e6
3.837599066177326e6
5.232846125481147e8
5.166017174587852e8
69685.82695508469
68593.55224606005
8.479244026917128e6
1.0457205060728439e6
68672.34295717828
1.632283215608616e6
681034.0331862895
68444.4148680059
67960.45261155593
67825.99967802464
96110.5254201921
243129.21259387338
140650.32351700735
8.688532611626303e43
150617.28105989355
228197.57922479554
1.6628135087066192e7
96110.5254201921
1.2127107961341599e7
113206.38371381046
67685.18413664252
3.0772342187126143e23
82871.2259463855
68011.85012171343
67572.2709941814
74326.20279340976
380460.4235976234
417795.82192884287
1.0160238815638657e85
730003.2689096933
796629.2910199873
1.9384324897963203e7
74326.20279340976
1.6644379649702527e7
217547.12974329642
67786.02383679105
8.596795916683496e43
158504.51034615788
67538.65776079863
69205.60091953549
779604.8739531426
68011.85012171343
1.0203537864632837e85
389587.3792681064
67786.02383679105
1.9383022928029314e7
69205.60091953549
67685.18413664252
153207.11833349586
8.633432170451125e43
67572.2709941814
224595.21267902807
1.6637879739218341e7
69205.60091953549
1.121246342927662e7
1.884018664479783e23
1.876032241875071e23
4.822126173666263e23
1.301929066801679e7
1.3007373627916668e7
69205.60091953549
67558.4012663946
7.039653108531307e6
7.856178898707371e6
67530.17298077923
2.877022419837893e13
2.418508346687472e13
67608.82111646878
3.0609501678602066e23
107159.37117928649
3.0674586041774516e23
1.215602164964932e7
87536.57929530292
1.2162458054853765e7
67608.82111646878
7.458520356801312e6
2.418508346687472e13
67532.94692633659
2.640656292195162e13
7.864437841515712e6
67538.65776079863
67608.82111646878
67533.0080300918
3.626118493115171e6
3.9285494175298586e6
67530.15261286082
5.317305177318347e8
5.2523805055325824e8
67558.21795512894
67533.0080300918
7.460593175184651e6
71127.61211369674
67538.55592120664
2.639253476369274e13
78770.11821752638
67558.21795512894
67490.6361196787
67679.61809769881
5.2820837735915625e8
71088.5519238486
71278.9960065745
3.7792397242308175e6
98597.62134031823
7.666752885419974e6
71278.9960065745
2.7529806439768555e13
2.7588375853362344e13
77690.06938571975
7.658472815030767e6
98597.62134031823
70764.5658224325
4.0820784445104767e6
5.317305177318347e8
67530.15261286082
5.287999795759983e8
3.9285494175298586e6
98597.62134031823
1.0165005251682438e6
1.7055947604189063e6
68759.75485208983
691450.2069813233
8.590932908337578e6
67072.02658392144
74433.19676606335
67027.14627940694
68914.6604480418
3.853368871623449e6
67119.69666269081
68828.27231690733
5.3004804513847923e8
66875.52280389759
66715.39278263977
73216.69479007542
9.997668461872974e43
221312.685941524
66903.1461004783
1.6719658988609172e7
151828.03241701302
66706.18501711279
68454.80947812207
66903.1461004783
395410.06749499607
1.3587100061545158e85
67223.4061429941
750867.757732476
1.9414334456110872e7
68454.80947812207
66715.39278263977
1.0099910251746733e43
1.5020397585331671e7
66875.52280389759
1.7907717233449597e7
7.1334444414976794e44
68454.80947812207
66688.47070583729
1.1316117175540818e7
1.3105418164047576e7
66768.5357164663
5.121114253328151e23
2.01832932591797e23
67063.9773415144
1.7905616135280445e7
1.501587319866952e7
159707.7604377454
1.0121312957676829e43
7.148528948258682e44
224902.012797756
67063.9773415144
5.142830031896712e23
3.267346297863956e23
106462.25450054498
1.1316117175540818e7
1.2234866905267604e7
88776.86737620496
67063.9773415144
70523.74848250032
66691.7483129653
2.721995839960823e13
77496.62246573828
66696.35219572879
7.526240586698339e6
67063.9773415144
3.670055905946068e6
70249.52138277623
5.348056852057115e8
5.386402157104164e8
66975.58994622326
3.8167688169865445e6
67063.9773415144
66391.96279268913
1.6790685770672201e6
8.740904807124715e6
67190.69979871062
8.928996686825141e6
1.5838235530798605e6
67202.50856952263
3.7067168234434496e6
69042.68679850781
5.3576727535417175e8
5.395939729596006e8
67535.33466174753
3.853468843381552e6
67202.50856952263
616859.134100691
8.749783114863735e6
8.88196933675529e6
1.0156643362218938e6
1.6310183509230765e6
1.701425732884285e6
67202.50856952263
66510.10584565648
66314.29378448288
1.0544134637234358e6
66336.12512302613
66689.09847584867
644105.4904166652
68134.06620909549
1.0739569517591945e6
657040.3338252113
8.703099082504207e6
685291.345410549
1.034603833202344e6
1.6541846596768016e6
68134.06620909549
138147.51402941791
644038.6249181288
458129.60417865665
80926.31809237103
1.0172011218820134e6
520114.23696808453
68134.06620909549
207714.82700556715
82029.33549176641
81064.80166583488
267021.5713477286
139188.74818953063
138291.60329612062
68134.06620909549
113293.81634522266
136685.90365375314
80966.76370434184
67367.83764557396
79360.55754817075
60502.23919168936
145157.92118909003
107899.71204151322
61168.99914967573
221246.20208524226
106910.10214032928
59892.40578332056
285355.912011073
58014.07941524933
59033.7534993134
617491.2980108224
592083.1370684411
1.6685443199845825e6
1.2177946651510964e6
1.1797240508605496e6
1.0079120762317982e7
59033.7534993134
624612.4558776732
230996.58433631095
92252.60083595246
1.2290429983778086e6
251714.56381828553
112488.28941681993
59033.7534993134
239186.57707330625
166264.64132996037
57798.66211964148
263234.1732231663
155348.93416348222
58252.78166877715
57167.74241362382
58221.52236005029
638877.081496902
1.2262275249620907e6
1.635775090320823e6
1.185486275357322e6
666513.4095181377
9.859001518203394e6
58221.52236005029
1.1813876662351778e6
91762.0665038854
589967.3772162057
635878.199952636
123086.73602146465
429223.25216508255
58221.52236005029
96947.95904942164
95577.8385958741
250054.49750100184
69406.69827807932
67528.09622412802
247556.0069880102
58221.52236005029
76706.1362033118
55463.769798549925
87367.59389114576
107240.86587979794
60562.014893620624
119709.29440895047
66869.38580945799
55299.30048893536
76209.08362010834
281306.677732439
55634.840639444934
85626.03609837487
229172.0383906939
54707.076625906106
53368.69154757174
63302.6803875268
7.128311680084963e8
7.072676678365828e8
7.032141672824678e8
3.9032197263597203e6
4.047820407663003e6
4.20070339446381e6
63302.6803875268
53458.20483692565
53355.30513854566
1.0411804325092442e7
54079.85339918437
53610.67306595671
1.7297626017022668e6
55523.50220214092
7.130349870955834e8
54717.34539045502
7.090533323789542e8
3.9373185805792743e6
55062.708114393434
4.0902002405163893e6
55523.50220214092
644707.6287164263
1.2192996524788751e6
1.040430408418297e7
1.1621693076159838e6
685863.6231825298
1.777736707844847e6
55523.50220214092
53338.97633276571
1.1942400958012363e6
82636.63819212544
53371.806016673676
668099.1674039186
127046.29441547857
53275.3818331277
53048.53541028268
52581.65493021464
57762.21639093385
6.184550191658914e23
1.1843878474365195e7
69342.84856085406
1.273253268160982e7
9.5163664625203e23
86185.4802529263
57762.21639093385
7.921670626416839e6
62689.66526964332
4.206234558280259e13
4.215088690844873e13
55722.8016871114
7.913503585607891e6
57762.21639093385
55968.01069035438
7.222128207618678e8
7.169955165332061e8
52685.69401673568
3.8979792389730457e6
4.0441450809206767e6
57762.21639093385
1.2526781493729276e6
53806.732188748465
1.7185304440474906e6
648091.8930895932
52183.74003097559
1.0571066096163962e7
58406.77779711546
7.198072371550541e8
7.14565552346578e8
53845.91568349097
4.120322226022893e6
4.266408778414559e6
53915.34421879002
58406.77779711546
52566.0275046026
688773.984380357
1.0434050713179475e7
52583.52965874836
1.2332165533732995e6
1.7425054837537261e6
58406.77779711546
126032.29936169425
119317.83909018396
1.2078926963934067e6
82488.31334013489
75197.18332172219
671026.7637019431
58406.77779711546
264627.7788582649
120430.28194372782
181032.87819391664
242702.68628794837
76408.6166714589
219167.8675516817
58406.77779711546
122738.71267218552
121400.28617228955
50616.55316448925
78920.92017828845
77464.0792235346
54007.448320073796
47052.757395638975
85041.85145645676
46589.65056506091
226217.32347590424
1.445765514753373e6
47561.02905193436
321327.55314355483
610951.7477248706
45182.522222504966
46337.60683501801
45178.4324268715
44617.30069216775
8.774936362829752e8
45189.365727488876
48874.16854795235
4.1650503839021386e6
70359.81223457049
48714.356181053256
49045.17906969288
5.836076453006772e13
51695.17545373748
52705.58343751643
8.325242925702629e6
70359.81223457049
47008.30257438971
44709.319074196355
8.83830228722978e8
45182.522222504966
44527.99132195704
4.311525777038382e6
44197.84395929415
43310.69639951911
46697.17641443975
162642.34998919198
43127.187754157334
6.406211867593917e44
120409.42989606947
43667.58180123141
1.7465835140956685e7
44126.920736215616
43280.300732485404
5.242172116319147e89
2.5937240830499263e82
43667.58180123141
1.8127901653017383e7
1.994958883853943e7
44126.920736215616
168716.48871716356
43117.05586514611
6.433026443063217e44
115461.32634208883
43310.69639951911
1.74608806304681e7
44810.29587260635
1.9949705499368276e7
591901.2965166068
3.6619638738339805e86
2.6262935670769737e82
290111.1535238133
1.965660858231745e7
44810.29587260635
106023.58923660136
3.983207176457302e45
8.008009870374962e43
168716.48871716356
1.6055908474855587e7
1.8393560522211842e7
44810.29587260635
1.3131446453337898e7
6.63248615335267e23
1.2303654011412939e7
1.0355301325795589e24
1.390083464870086e7
1.5800555745132623e24
44810.29587260635
53850.56451512021
43141.61301107304
5.950116021802544e13
44644.206427642304
43103.33476649101
8.250491685547401e6
43156.81084458987
1.2300538886351885e7
43141.61301107304
1.0344513208611195e24
1.5751301161627698e24
43108.400710996626
1.3134328350605868e7
43156.81084458987
43117.05586514611
5.94392351017427e13
53483.58628365346
43100.4497151079
8.254513183087661e6
44960.564617477714
43197.2699822944
43117.05586514611
58411.65156044025
1.0355301325795589e24
43127.187754157334
76807.13701111184
1.3142978364270741e7
43197.2699822944
8.633396785396574e6
8.262562730180423e6
45624.7552974911
5.460702294282777e13
5.94392351017427e13
53483.58628365346
43197.2699822944
4.0968644577232255e6
9.002941908837137e8
8.928753734127076e8
9.061955196635122e8
4.244676293618902e6
4.386108558536621e6
43197.2699822944
677850.5641444508
44398.617979360046
1.2183533505594183e7
1.4390126640778466e6
42543.76118417939
1.797409789265137e6
47334.87953020973
9.094896293749671e8
8.962273535883701e8
8.971967484784074e8
4.1692313446612307e6
4.458285868146559e6
4.462488435189612e6
47334.87953020973
42522.677607677004
1.797409789265137e6
1.8911547644974473e6
42565.516529494205
1.200172714268191e7
1.218909423819496e7
42445.0609897908
42242.07752822152
43149.87184155232
42205.075603422185
73080.07039280361
1.2396218665409774e7
42322.07265701109
59572.491505354
1.6641567227482242e24
42486.99994412683
1.7515306993800115e7
1.7520129958237477e7
118024.92000153384
7.300981389865552e44
7.331392047115833e44
173460.31446368777
42486.99994412683
1.322715922296476e7
74488.64545748079
1.0989137617874486e24
1.1034862876762308e24
58272.68709412254
1.3215760335024452e7
42486.99994412683
6.112142531654595e13
51617.734861672965
8.320546052572657e6
8.32854967640112e6
44841.096019921824
6.099465611960004e13
42486.99994412683
42098.73421168422
42210.29547174796
9.102231123053278e8
45321.149235960904
42202.5428103458
4.284835887609514e6
68682.96733257528
50280.227568371854
42277.798940020286
6.354856217509742e13
45321.149235960904
41930.24549553922
8.514093133043965e6
41362.05075286993
40781.43373276766
65533.55686155156
40733.30985270389
596592.5050337322
8.109718834375686e86
41506.422393061286
297195.8868347898
1.9707822695100453e7
47309.4621347471
2.0001222600742813e7
3.1506001575770346e6
6.165385553833341e170
6.372216144400934e170
920201.0369876337
2.0001150093478505e7
47309.4621347471
9.692718672066816e89
540472.867603142
8.109718834375686e86
1.835948254885852e7
297195.8868347898
1.9710251169104747e7
47309.4621347471
1.7637152796229497e7
155850.32371069078
40963.0722052582
9.397197122983539e44
115653.71521219128
40672.763695207046
42122.74101579427
41059.31996538567
9.813521910059704e89
7.50554419992502e82
40963.0722052582
1.8362718932364717e7
1.995779967616626e7
42122.74101579427
9.436075958572977e44
161887.95369106412
9.51407441086207e44
1.7632580779115293e7
110928.56876981996
1.7641726054674067e7
42122.74101579427
1.2464054481223385e24
71840.84799344096
40705.94668960511
1.3370021066888796e7
56769.672675249414
40681.88474957328
42122.74101579427
8.45057489761349e6
49687.32766292612
6.4608465212235375e13
6.474156944549541e13
43437.19905032644
8.442672082041236e6
42122.74101579427
40677.09343923491
4.50394966947186e6
9.399496284895205e8
40671.07795422697
9.269631078643565e8
4.215187417457776e6
40690.77502078422
43596.20912068194
40675.638481410046
6.4641728429850016e13
49513.84549424822
40677.09343923491
8.44859842364008e6
40690.77502078422
4.50602167963657e6
4.219250941996146e6
9.389469620532146e8
9.26468536612076e8
9.399496284895205e8
4.215187417457776e6
40690.77502078422
40671.590324335964
1.8339947139239989e6
716026.6430281666
40671.22658487985
1.2388265757746007e7
1.4676608716307653e6
40690.77502078422
103188.32614957159
277400.4454781184
1.4375954134728874e6
78901.98738493279
248728.1332724942
695813.4927067553
40690.77502078422
40671.144077932804
278842.3125663099
40395.288184268065
40671.05314306871
249871.51607624165
48720.660204671796
130591.28199461209
113164.68254150126
117145.11977101941
1.6934743823078563e6
78218.13485598481
79894.032852761
623240.6330316951
130591.28199461209
62067.84373506389
41143.116379741514
364683.42766953213
48063.109993115555
39694.62735222506
205385.69895986916
37357.38295591049
35116.887020834096
121166.22274216702
35021.43748263606
4.643898783955233e6
38004.92268729567
35214.93132131624
1.110605260041083e9
34853.166998954235
63043.339765878736
9.03642847706662e6
8.675185807667278e6
38004.92268729567
7.59194033692584e13
8.230087285590062e13
42781.54803989139
63043.339765878736
1.1100150380816286e9
37294.452701931834
1.1031954177321525e9
4.356125534559193e6
35021.43748263606
4.503268152314095e6
63043.339765878736
1.8941036499238934e6
35755.824244073745
1.3751565260978796e7
1.3716363220037641e7
34662.65122340814
1.9154689177581612e6
40655.84798128481
36275.456765537485
34722.084988851304
1.1064688113862963e9
35744.31289965204
34605.83249419865
4.573108281001944e6
34404.7079396977
34018.61551908612
39168.73859491641
34076.612787215716
147013.23729601162
1.7872801972636856e7
34127.98056991345
99739.74271342797
1.843899882422437e45
39168.73859491641
1.8731509983252433e24
63178.629647934235
1.290929425236887e7
1.370149798798709e7
49004.5338079176
2.7766155861318565e24
39168.73859491641
8.482179458152764e13
42479.202611943576
34017.424618716286
8.726706106666757e6
36561.55400711987
34030.2665643907
34117.262466585154
65261.836388926895
47227.30083408198
1.871235721413092e24
49616.6192965967
62506.5178976539
1.369349965053579e7
34117.262466585154
36561.55400711987
42479.202611943576
8.490865895473077e13
43149.56881964589
35948.975444695025
8.72280025782127e6
34117.262466585154
33752.19263113673
33905.820651098344
1.1200386866871543e9
36879.03072625342
37045.938470020985
4.525358794941608e6
56074.90397477865
33608.863518672944
8.903651219822127e6
9.52060329928735e13
33905.820651098344
8.82935081442374e13
8.535752228087816e6
33138.53614379696
32905.051843956695
58336.31783921248
514120.9538080483
568840.75237349
4.365845443061825e87
251008.4026908669
281865.13964383985
1.9789386149153605e7
58336.31783921248
33258.63706891245
151431.44010221155
1.796939355849223e7
32716.24913896718
91183.51646935986
2.369987872483434e45
33608.863518672944
33258.63706891245
1.978982149186002e7
273955.14319557755
32832.991288887395
4.348187939347198e87
527478.5471204297
33608.863518672944
32905.051843956695
1.8728799972758453e7
1.2993937140363406e46
32692.228953944123
3.4110442639692492e44
1.682374933885377e7
34243.97341351532
32905.051843956695
4.330566215591612e87
514120.9538080483
33138.53614379696
1.9790256843888346e7
281865.13964383985
34243.97341351532
99899.37807151959
32832.991288887395
2.350836635375885e45
139667.61286302743
32716.24913896718
1.7977206063535083e7
34243.97341351532
32683.64123145993
59591.82402292678
1.3842049414703295e7
32742.012306419972
48831.047490786594
2.1003780890364743e24
33061.24664143882
32790.05267646612
1.7975252608672466e7
97665.60442381198
32742.012306419972
2.3556171610060446e45
142538.33790168763
33061.24664143882
1.3831654257342184e7
1.3869814921895122e24
1.307630588952934e7
2.1003780890364743e24
1.4529963261409776e7
3.120015854127318e24
33061.24664143882
41161.49813179575
35017.100419394556
8.965361342996053e13
35615.74695223482
40498.2994927438
8.845584063970327e6
33061.24664143882
4.601360061422896e6
4.463847737807452e6
32796.76509727142
1.1460485186491902e9
1.155373488348377e9
35420.94992393309
33061.24664143882
32438.25439486386
1.4027632788260803e7
1.422081686835947e7
33078.07190874542
1.9164568595383714e6
2.0086594993242654e6
32908.41062313285
4.6356796242494555e6
1.140813941298295e9
34382.24913721778
1.1483845437183692e9
4.778905120087821e6
32996.91116513411
32908.41062313285
32430.906749538528
2.0313289161371128e6
1.3989918035907267e7
32446.243239540472
1.4182027669411443e7
1.9388802486517192e6
32407.928161749933
32418.60570680142
39935.971886983934
8.881371584276661e6
9.772067274678103e13
36175.80295122766
9.055988426147772e13
8.517879316281393e6
32418.60570680142
4.632597077559987e6
34613.52320107127
32418.135056941646
1.1504923693025234e9
32865.107473390344
32400.2860639634
32395.365646868515
32786.05156331153
2.171503346634e24
2.167109838779947e24
60341.635179682526
1.3877115010287689e7
1.3871949368435046e7
47409.864593400736
32786.05156331153
35378.98511127733
40095.39330871434
9.088187934086234e13
40759.538027009316
34786.30435121667
8.875601540154712e6
32786.05156331153
4.761320399232663e6
4.482985710537962e6
32541.41318563944
1.144703565627579e9
1.1622498977615695e9
35084.23179688114
32786.05156331153
710535.1965178729
1.4226176202286541e7
33343.32391162736
1.5718055507987263e6
1.995366512912794e6
32096.658847476112
37065.96465936091
1.1658369937133234e9
1.148962635315928e9
1.1501651211884055e9
4.551171966047428e6
4.831169580314238e6
4.835315804451589e6
37065.96465936091
1.593477729461831e6
749964.8082541374
1.4040230063264817e7
777599.163067186
1.5532028350166036e6
1.9949391520179736e6
37065.96465936091
1.5597660904007128e6
104297.79385955368
269783.0862871715
754065.3118381604
70895.82948809439
288701.3596580068
37065.96465936091
36512.98730662147
269908.84489908605
152662.15825491442
58193.114442798265
288881.3444766939
176531.0072888008
37065.96465936091
75601.64302796489
99609.29211310332
30824.178085625335
108638.25355542821
66952.37664944622
33743.90568227624
29673.9558556078
100463.12211399335
420610.52442132664
30855.45083366346
1.8881136080127126e6
934021.3470514813
28660.3717863364
676037.718175585
26242.996778061923
40570.65177997045
26232.744250170923
26325.403520954256
1.4282313986455588e9
26255.806751568183
28643.987254859006
4.799773076739735e6
26217.308594758426
26564.75727153679
26242.792069188727
1.4834271557734821e7
4.905260906656651e24
26232.744250170923
2.230645381292447e24
1.34552020925995e7
26564.75727153679
9.504137623691864e6
34103.36695910442
1.2366658986017444e14
1.1469709948648384e14
27722.60913182586
9.151752176192293e6
26564.75727153679
1.4319521276986966e9
29002.50553589125
26219.843294943228
4.789398891716484e6
25927.284596171412
26217.3313401888
47342.465518018704
31918.47543292946
1.3793873440900631e14
1.1907212571749472e14
28851.310185208455
8.97015788782302e6
9.671197868713617e6
47342.465518018704
25855.22006648331
1.4425824247373633e9
26217.308594758426
26001.868877615667
4.928186832707034e6
28008.908096149957
25592.15946529248
24943.077341514298
28797.313342163685
9.876284478963579e44
1.8293509826484777e7
3.1934229998746994e46
1.8934728202587742e7
6.192772497380273e45
1.7317268902497433e7
28797.313342163685
24881.59688081606
48206.7988660205
1.4327763213768851e7
25044.873830311095
40522.63484610987
3.7329841601773114e24
25038.83531900819
90083.76040605061
116474.12773680351
6.230301797713367e45
127127.24422180418
81469.87746067524
1.8295154635775995e7
25038.83531900819
24860.432448216296
2.510658557292798e24
1.3610803007382043e7
24943.077341514298
1.4964641636042653e7
5.445490710368202e24
25178.934998802422
1.8932630070163097e7
1.7312233286849298e7
3.180605327311023e46
9.91608538714608e44
3.2062664478017113e46
1.730216672638846e7
25178.934998802422
51947.8046251912
5.467413665107481e24
2.5157098386002696e24
39342.47861816479
1.3610803007382043e7
1.4960250112557396e7
25178.934998802422
8.914789514870316e6
1.20946913167031e14
32059.981764337223
1.3997097479824286e14
9.620845961066877e6
26832.584579071707
25178.934998802422
24861.440719456823
1.4536289982403803e9
4.729671682236211e6
24861.943928731995
5.005963653975179e6
1.4751270294492345e9
25178.934998802422
1.6526473183037665e7
738882.5441646817
1.6389747302034989e7
2.1231071145145115e6
1.7893831883350683e6
2.0559560906706557e6
25178.934998802422
746140.9086426301
94121.32231563049
345703.03363046586
1.801070776597583e6
96125.77052213083
254795.6827139311
25178.934998802422
66185.29623406703
254147.61926431375
56484.81460374763
58993.040660500264
344922.404154214
64286.969845197666
25178.934998802422
71495.79447345191
24944.659928914676
89602.8870592315
64649.46293393637
27081.352982090462
92592.1697804614
25178.934998802422
42630.805289865886
37705.050378105916
27325.8613165647
35428.282369511726
45023.5324172003
31890.93302476497
25178.934998802422
31164.190316586864
25766.524200533826
24607.84041463738
26772.511637971504
24498.92257248198
25269.860941019262
28772.8185574741
40695.103296477784
25632.6041319359
27358.549176346747
41956.69219196294
25335.199894868896
27229.344289017972
28772.8185574741
28735.19372627285
24949.13773815006
25911.487141544003
28569.595349495765
24992.08799082714
26059.495976115333
28772.8185574741
25448.122480129114
24930.408846158873
24529.991780488013
25624.386874919863
25010.585712160337
24544.877428828742
28772.8185574741
24679.920134604243
24564.336544175167
24711.20587359989
24743.345155303025
24510.20964981308
24807.02706207645
28772.8185574741
24493.60827522498
24500.188310562076
24541.938079842672
24517.99820497189
24501.675655215335
24586.949485977366
24611.011307749344
24743.978285218545
24514.160359475463
24792.649922609296
24655.493615048585
24518.169805413043
24717.456813322962
24611.011307749344
24584.315546570855
24541.318406158236
24504.47652145358
24536.13026804536
24576.339595943715
24499.74007023292
24611.011307749344
24501.385198701868
24521.015246472685
24494.658580036536
24493.493186657095
24499.273900954457
24497.396826101343
24569.23808582506
24548.710720418483
24531.278663032565
24512.59272375995
24569.923254257697
24506.556277137137
24506.2070813665
24569.23808582506
24495.735947229718
24517.410367615004
24501.418633596622
24493.213272247987
24501.976198874272
24498.21874084526
24511.775020442456
24556.36200713313
24506.007560684968
24499.61098339415
24560.398050333162
24494.50932325649
24495.144440066724
24511.775020442456
24509.98063456
24497.04056494456
24504.517842318048
24508.93932648676
24491.589853737703
24500.50184617584
24507.075596026927
24542.810613714224
24498.769523117262
24543.031836353497
24570.91720363117
24498.471430981466
24518.577252367624
24507.075596026927
24493.501985769388
24501.87753793058
24496.259183008257
24490.587680987686
24514.148518563063
24488.62038446476
24493.787340141535
24506.486609790147
24502.144231650298
24552.994203677445
24496.02796135676
24503.121835436647
24554.309938989405
24493.787340141535
24489.114111177914
24490.912869362077
24505.746856209873
24488.88601648604
24486.32979209619
24504.255506170608
24477.18634579929
24440.91521335833
24300.66557847212
23816.54444474424
23079.880915023834
37530.74188790644
22036.749086429183
100209.84197980176
59391.56592661179
28841.47280936918
79439.02745807209
40268.18589423832
71983.4043211615
234744.4473642558
22369.13822869355
24487.541988551035
406422.52404617454
21740.91821704377
28527.53210059308
20918.715160295116
23166.640005804107
20663.767838741696
20927.01376636677
1.8542241407731388e7
21740.91821704377
20911.04462880271
2.154206463897457e6
25046.608410126053
1.7898231979200354e9
21740.91821704377
20613.405569320093
5.11226980926713e6
21800.965508971443
20716.62453932573
20436.90080325679
20129.990724974916
25288.09418738783
1.3236893642760502e46
114445.62921123837
20216.001077416702
1.850666085488815e7
72318.15376199405
20203.623966921605
25288.09418738783
4.0272059169144474e24
46458.738038784315
5.948957017329041e24
1.5268826826460933e7
32393.12312847365
1.4673714161354719e7
25288.09418738783
1.7759405547263897e14
27688.65739458845
20136.52672611136
9.594393267696235e6
21612.908645645362
20133.432448487583
25288.09418738783
1.8092065742382126e9
22723.269648022975
20132.011509961907
5.068556888477472e6
19795.685244917164
20130.4643711501
38977.74150590701
22875.02530907968
19661.269651950974
1.840934102012027e14
25893.232140195647
19939.937964805194
9.762246556630386e6
19221.978549304986
19038.75444622397
43488.90295394052
432643.1254906875
19891.506579184916
1.5167480385878586e89
209545.15563186829
18815.578436263968
1.9901383851878855e7
24218.635626434265
19891.506579184916
702746.0813900233
1.3403856159874864e175
20257.954785347087
2.1508012329061236e6
2.0005049401688308e7
24218.635626434265
19038.75444622397
1.9988852842291694e7
7.713753143285785e91
19221.978549304986
5.853114126461984e85
1.9380279887369722e7
24218.635626434265
1.6498404340175666e46
107950.15255946708
18848.46942586886
1.8582540167399917e7
72665.51285144348
18940.08147740938
24218.635626434265
31144.347631382054
18858.1557029929
6.601060799662785e24
41881.104549418356
18812.34967722262
1.4797357499260582e7
19192.919717932888
70653.91638381088
18858.1557029929
1.6531177334404758e46
110492.38628210816
18923.93768220265
1.8581178140183467e7
19192.919717932888
1.4135081153437702e7
4.529851121158856e24
6.601060799662785e24
9.4756602809611e24
1.538752832780515e7
1.478845471620512e7
19192.919717932888
1.8704826727493212e14
1.73811017156023e14
26365.935151868922
9.710899004744712e6
1.0036864583460452e7
20692.614599392124
19192.919717932888
5.141631018200589e6
21275.69183019747
18809.467944387252
1.8509473747033267e9
18562.666216518828
18817.690691788484
37691.41583892434
2.077249264735238e14
1.9341150273383597e14
1.8044459302662662e14
9.542694729709858e6
9.869565848173777e6
1.0201819273547338e7
37691.41583892434
5.139571675167629e6
1.865669128139669e9
18809.467944387252
1.8774536269660854e9
5.278039709308884e6
20290.919311757243
37691.41583892434
2.3102696356202117e6
813230.9542728941
1.877335363164861e7
1.8878116517346438e7
1.9419200609707646e6
2.2640206274572145e6
37691.41583892434
18600.83704303874
547551.6969418998
1.9646832989447038e6
18530.74793712796
949904.0949038464
829396.9652272916
18465.98795483854
19235.659107768694
19332.82647807921
5.368499948788567e6
1.8592471460951924e9
19878.482293099027
1.8445150659137633e9
5.236635138387608e6
19235.659107768694
18613.37136841205
18442.85556844114
1.8867519527662903e7
18853.24904522057
18489.729230983106
2.261555153751111e6
18356.414920322077
18108.074687378794
18673.471508134808
1.4888968169673197e7
1.4246777338602308e7
33555.18979415625
7.078173877082957e24
1.0126218445958043e25
39594.94460975933
18673.471508134808
18070.345219026272
1.92360870618367e14
23533.916602166817
18155.546391684627
9.80476690249426e6
21328.62512763636
18016.849705149147
19361.625402169586
1.782108418416291e7
1.928912860353277e46
102149.05758721643
8.976203440321733e46
1.863343940420426e7
66383.02863567461
19361.625402169586
18048.55536393043
1.4878035999132762e7
29688.836725020006
18024.11299018113
7.113235412408623e24
41342.35587699085
19361.625402169586
24586.60716133994
25173.086240490124
1.9331373730352875e14
19627.14380129441
20156.40786683417
9.786624203153308e6
19361.625402169586
1.893454747885756e9
1.8786528787743435e9
20376.856819592147
5.062144548488007e6
5.194406118463354e6
17979.397127936165
38970.332318955465
2.003177874747775e14
9.621541131093435e6
23647.296295610107
9.956662155869288e6
2.1436438490386162e14
20091.627537969696
38970.332318955465
5.328146930994324e6
18015.012187924658
5.332272230109814e6
1.8905870196776264e9
20020.53906514542
1.8924985946967194e9
38970.332318955465
1.8931591808794662e7
1.901387418406826e7
17722.947897662794
2.294676135110247e6
2.3381410686982614e6
18772.018893570734
22322.980145562233
17690.80968396774
1.884872747330627e9
18852.252593315283
17757.50463898736
5.262892961867659e6
18721.221012220158
17586.44210548229
17555.936212258865
23625.343370857256
17772.861918078124
1.9166169962137267e7
9.972591444528287e46
17493.796274726916
3.8576500338420096e45
1.7876249025790323e7
18793.094207472237
17772.861918078124
395842.1950923223
1.9914181711644053e7
17833.873704524944
219682.4866584965
2.5490964763687855e89
18793.094207472237
1.9167784758435566e7
1.788415456131039e7
9.894390981846215e46
3.842510193866684e45
9.972591444528287e46
1.7876249025790323e7
18793.094207472237
17505.518022456945
1.4941060205655262e7
29901.563048623662
17520.770969068715
7.490153778038679e24
39650.294426885586
18793.094207472237
2.121286361706119e14
1.8415649179926512e14
1.845192936026228e14
9.513012034879915e6
1.0168631589452254e7
1.0175731117996356e7
18793.094207472237
17493.098920215216
1.9111595396685362e9
1.8832976183462522e9
17496.912156868133
5.102313953773161e6
5.369533730039018e6
17514.49477846321
24261.11927253652
9.841725205142546e6
2.122330233724123e14
19916.53156994984
1.978419758976185e14
9.511185786837542e6
17514.49477846321
19672.93626278636
5.232116782426184e6
17540.959111131284
17609.760950876687
1.897274347182445e9
19601.054582231976
17514.49477846321
807568.0247895637
2.2239414883779325e6
834611.4083265567
2.0672025151828132e6
1.923149353207224e7
2.109519362230457e6
17514.49477846321
270643.7704812444
88049.29650737133
2.0635000316188857e6
395243.7884624217
93523.00107830933
804792.5868491188
17514.49477846321
17637.60114596274
20165.489000911755
386640.3665073413
17384.193648214045
23176.35291012888
264011.2481389699
17300.346176690135
22366.20188555911
2.280926145889691e6
17385.806674882468
2.0167414330875468e6
1.910919981333268e7
17754.776776795923
840933.7822820524
22366.20188555911
848250.0120968298
94545.44135783492
360993.7198359018
2.028190424876156e6
79740.67199230353
279754.886223494
22366.20188555911
25278.990333578506
17268.414127556527
363407.84356375114
17505.17690384724
17367.108148106174
281746.0364707213
17493.146293890033
841488.921237176
271063.7553407897
363281.2668854789
2.038288449366099e6
359506.11592238373
274279.3530607145
17493.146293890033
276719.72910561884
53195.6943664803
29899.748264289276
366283.7568670276
66914.47620929038
41875.87242943081
17493.146293890033
33810.51341710891
86187.37396855463
24993.37873112426
46646.22136428653
96708.6960896499
18171.39036066321
17493.146293890033
29523.693016885496
16629.04742601637
30376.051505672745
41517.34779053993
19283.301082783655
21328.174291355666
28770.432686316963
54844.09554833984
102334.66858025794
56438.92197249148
48815.88731901118
83453.9778494154
49952.95620670009
28770.432686316963
18806.85995025021
18556.898786682395
36891.02040280759
18741.793176744886
18411.12586507865
34367.996331665614
28770.432686316963
16778.931133172646
16657.405201946272
21534.99495295379
16824.741936862807
16616.191730053604
21155.62452215811
16721.410836147694
17921.885200109195
19606.30716910677
37745.29991575041
17558.194562951798
18880.577636771002
33674.06307188405
16721.410836147694
16670.656540155367
16607.44464086325
21921.825662537834
16587.92054330142
16751.977987891012
20778.994589102556
16734.7905318065
16713.44768904057
16635.98621446638
36509.71602442033
16642.092965460637
16566.632760413235
34480.18341525965
16753.03645818857
16561.32580871472
48942.85953465825
105097.10064576138
16571.948063263495
42481.369934605194
82794.04268095821
16540.181476769187
16456.93769555863
16145.16867396559
15229.185721202164
16375.114776445867
1.0397629160568686e7
1.0087512875553302e7
18927.909692966135
2.1581799042724912e14
2.31862455000395e14
20225.903102510918
16375.114776445867
5.398443516091818e6
16543.829827795642
15253.927380013984
2.0896880234713607e9
15951.116516527702
15206.826471616176
15141.213565532087
15259.947417346704
35042.18353242671
15113.719207063059
9.748625366612826e24
28073.492601107835
15206.826471616176
1.5175782864479186e7
15384.92724933819
96978.8356859282
3.4368792077219934e46
6.426193640151377e45
66296.90297272644
1.879434420795268e7
1.9246385409926314e7
15384.92724933819
36151.905555025616
15124.34339620914
9.767695138439668e24
27032.10243615505
15141.213565532087
1.5171661911731303e7
15384.92724933819
9.738019840077177e6
2.1719393337726556e14
20851.08270114886
2.4875509091408275e14
1.038891266555108e7
17068.83546525087
15384.92724933819
2.099107233757767e9
17039.812386216265
15112.801640510685
5.380040655263688e6
15241.495904414802
15117.01918284142
15132.955466560543
15118.113735083776
2.1708793638508803e14
9.739814974975986e6
15117.01918284142
1.0383686324867396e7
2.4911982385423884e14
15132.955466560543
15114.26648318426
5.377999627579283e6
15174.39959675778
15113.719207063059
2.1001551314658604e9
17106.998699791555
15132.955466560543
2.2194287463673367e6
816830.7645373177
2.0476434798786845e7
855982.8761731816
2.1591447360390173e6
2.2913380034661717e6
15132.955466560543
1.055552501868036e6
826863.027639464
93413.30810512518
530847.1788251261
2.174892924829695e6
84174.74986423396
15132.955466560543
126302.311712073
34548.144230640355
404138.53325598274
152926.30672712662
32204.310060382708
266864.2971678673
15132.955466560543
20727.59851183306
75821.6297629366
98416.79073312864
18729.595151605656
71094.40724043985
88195.64600587
15132.955466560543
33462.527661170236
35156.11513850143
16521.035020910524
35482.40244805897
33027.813280358445
15637.212834876014
15132.955466560543
15717.04284276911
15192.07386149595
20845.140276490176
16753.47839590671
15742.380462582683
18924.009654189947
15132.955466560543
15655.668818876853
15319.906865870034
15771.807626508538
16629.602727864072
15038.60135997315
16841.15146513079
16101.814042776094
19235.505579116812
18356.251379097834
17338.247043620737
18911.393462761935
18567.899520380648
17239.541842365077
16101.814042776094
16211.474522735676
15154.858286416558
16291.8353412994
16263.98886449704
15122.79618147737
16215.553371400263
16101.814042776094
15033.138679913734
15039.558300790692
15351.541313356698
15044.071981635383
15037.690250180975
15330.817164120943
15011.367399548131
14925.554662308874
14602.750757210471
13645.078261387807
15741.325206184405
261772.33861894588
78735.53191671327
52082.03288600044
450417.4955203114
109201.22814465496
68860.68585463603
15741.325206184405
112182.27125245065
25714.61094717623
51052.53220856774
81007.08309198101
31884.195542187263
39535.15207191966
15741.325206184405
14508.964686838082
21619.145400013535
38086.26846766484
13723.447908356382
18258.02442496978
30184.4565111638
15741.325206184405
20270.005676205325
17199.298246654886
13563.761289558592
17261.54111261246
20141.692160884908
14104.226387664647
16892.380681053957
14236.094514522678
32193.80589201003
33785.340293097404
13868.78550726634
32040.538482208158
33876.583083155994
16892.380681053957
15220.112811690913
16518.170848384085
18041.940736727884
15886.233722974684
15757.33219716367
18967.52179117791
16892.380681053957
14527.984808732459
13584.654805171767
15012.100251547889
15097.52174262546
13547.027501638233
14458.86766451257
13521.907252523073
14102.816660184846
21970.42304262798
14768.371234326241
35888.49831927643
23856.787225749165
14319.330971656114
31715.41392894146
14102.816660184846
18026.70179154171
17965.97301073317
13670.200099048885
19186.53612205124
19081.43199207441
13884.641673222466
14102.816660184846
14549.049379485135
15012.68240819752
14019.042383548782
14199.679087481976
14557.530911863048
13774.81516766646
14102.816660184846
13517.918548871883
13731.303180124814
13542.809785361904
13527.05881955078
13939.342808945341
13650.296646215556
13513.56928879033
13680.576171283376
13941.087215614814
18608.526626996896
14873.036294668396
13873.090878679635
18536.173201648955
14760.914862639194
13680.576171283376
14816.226816645856
13539.811858763262
14682.320465166731
14732.567567806373
13514.121786287089
14771.462978720843
13680.576171283376
13797.528777313686
13516.701506594542
13530.653512016026
13856.444822893502
13516.701046054177
13518.361076615423
13680.576171283376
13531.699956815466
13578.882888376978
13587.624343453572
13518.981779408758
13607.013520344046
13557.413093155401
13680.576171283376
13515.014052277902
13513.545067022986
13525.34553078347
13512.317673247584
13513.702543545756
13541.023759719254
13509.244590080916
13527.992981373116
13510.545078772446
13521.778141323308
13850.554522937235
13512.792755905806
13517.726239203374
13797.877019680622
13527.992981373116
13528.582155007029
13534.658483335481
13601.309544331489
13538.56368105352
13522.19867763161
13575.412499311988
13527.992981373116
13522.529375162563
13511.227782402424
13534.931612734594
13515.14287668765
13508.019438657764
13522.930749463036
13510.688153711599
13588.29591563639
13512.77617064812
13511.561873629673
13585.285681593135
13509.975208678914
13511.916872824024
13510.688153711599
13508.809208932937
13508.1666556355
13528.089471683792
13507.23024268445
13507.87298259377
13527.21521558498
13504.079200797449
13491.566848719862
13442.98286882558
13271.86355000757
12944.460859764395
16510.367139764636
99469.21070808356
40647.82297212933
13289.564237791728
93275.75550316593
36162.83618621642
15046.524778628911
16510.367139764636
31328.865859347225
17012.931015223156
27389.219828281402
36030.22135189833
14451.898268764875
32054.471053174962
16510.367139764636
12832.781387605388
15257.096407182475
16385.1112238907
13121.81362246811
13417.200514359452
19689.423906225216
13052.270708339107
12789.764816512881
12905.139563134964
34223.13853201886
12916.572805290092
12787.233214963597
32843.15438323804
12877.316670349499
34071.192239682285
63169.116788607134
89041.90486048727
33336.00096827967
71268.30861720578
106379.52582982597
12877.316670349499
13427.1808810202
33962.75845709426
12791.131891537732
13145.923751601189
33231.5046131578
12785.137199378607
12794.728470463051
17566.892634569507
32992.39506695022
89109.2138811934
18426.535572445537
33207.8142129712
105418.11258054613
12794.728470463051
33232.222281058836
33858.68393244831
17037.347248628717
33462.71608865057
33608.700921533156
17869.3221986409
12794.728470463051
16265.598702172567
14331.484329368146
17513.93093480548
17071.30171109694
13782.024003038321
18371.89875721253
12794.728470463051
12862.719561814292
12787.481578751445
13810.029638801025
13091.069632263456
12919.79058097857
14359.774400971623
12794.728470463051
12831.531741307794
12863.539484745717
13251.411473047703
12768.481795967931
13084.757377723585
12961.049153655016
13002.281739441614
12910.328867615095
12985.304927298092
14082.694464434118
12924.158111347764
12996.26518341402
14073.89124259373
13002.281739441614
13087.108221304748
12786.32262597602
12773.646726635865
13099.254220619092
12788.229797729964
12775.768325904823
13002.281739441614
12798.96815310862
12852.296437303075
12816.731616686266
12803.99648647805
12843.68021206504
12811.799243871608
13002.281739441614
12771.280292244537
12790.87709422134
12768.262399845238
12772.88969244203
12786.774152446349
12769.289337266415
12773.27551238555
12769.823972591423
12843.58301287999
12792.421063679569
12772.102207858035
12854.74464754101
12800.062397166766
12773.27551238555
12791.554335176763
12769.143735825039
12769.449912114549
12785.807091879115
12770.108509766476
12771.499262337462
12773.27551238555
12768.230155400424
12769.916740775467
12774.834364011342
12768.464965669913
12768.8703697856
12771.92146645656
12769.8030098486
12774.460962467692
12770.162712813422
12788.641883943446
12773.74449698924
12770.001245491394
12788.412582049721
12769.8030098486
12769.030233836598
12769.838378602244
12773.519703981285
12768.860892881634
12769.85315406517
12773.189483229335
12769.8030098486
12768.234211933692
12769.50146185891
12769.05732156473
12768.240734464962
12769.478522153408
12769.252901858543
12769.8030098486
12768.219613727191
12768.50303850602
12768.53478900551
12768.247552644089
12768.600884835176
12768.554404692773
12768.245992580198
12768.227656521261
12769.138758197378
12769.338760477327
12768.230963003061
12769.1142286289
12769.621465803575
12768.245992580198
12768.289864240169
12768.578589202541
12768.279372770701
12768.300187636354
12768.499239411392
12768.392921365448
12768.245992580198
12768.216017532197
12768.280351291374
12768.244976510725
12768.223560781718
12768.318393425157
12768.203271590293
12768.228126166952
12768.172332693917
12768.212484454396
12768.550609977396
12768.235270746705
12768.194568672949
12768.49200243128
12768.059179245767
12767.776173690001
12769.356222840708
12780.154848419972
12783.689548501146
12781.53990010218
12774.467276034884
12791.230515460815
12775.102853106126
12769.356222840708
12767.59184217432
12770.833712042844
12767.87851730019
12769.044960146479
12774.90346813151
12767.674559512281
12777.720142730343
12790.65294035723
12768.056628575076
12768.65418191216
12785.374571321914
12768.514284852345
12767.888838846407
12777.720142730343
12769.153174711504
12771.422923422206
12769.058126475536
12771.224021474662
12773.951593701813
12768.153007254843
12777.720142730343
12767.810219131556
12769.43876334758
12769.568673186051
12767.56279279324
12768.2653041165
12768.188190301471
12769.338308156879
12767.694577456667
12772.760717928191
12767.467542250972
12767.72425754931
12772.552849224961
12767.742119443832
12767.927817785338
12774.879011997149
12779.546272130063
12789.910593362885
12773.53602087176
12777.106284198391
12786.200542967134
12767.927817785338
12767.468545445428
12767.636200449577
12771.755681986455
12767.787484149998
12767.318664304845
12773.358951774913
12766.920916809328
12768.492015585933
12767.801621307839
12770.529826187121
12842.716684350304
12767.717839442143
12768.936649234809
12853.675210835441
12768.492015585933
12790.121653503467
12768.599704059958
12769.28304271253
12784.587665899602
12766.922695937237
12771.720839187752
12768.492015585933
12770.627010413891
12769.653268431968
12769.756118633988
12773.436288737312
12767.728612133633
12768.147170081327
12768.492015585933
12766.8465120365
12768.890893407697
12766.780177609699
12767.054212713021
12767.5066298606
12767.502559061402
12770.631817506803
12766.801839729193
12767.433083545959
12772.60765912554
12766.888392199333
12767.203093718645
12771.16682486042
12770.631817506803
12766.832682288552
12766.986544604788
12768.42310141524
12766.883027632259
12766.81281977119
12767.692371001645
12770.631817506803
12766.774988174999
12767.083685114934
12767.298147421123
12766.785459594481
12766.874548144642
12766.904671933913
12766.755155919687
12766.690633662396
12766.669390906085
12770.369998271766
12855.028968898789
12833.604399199643
12774.488591649017
12839.613833181154
12846.933583664173
12779.006056497514
12770.369998271766
12790.818610449933
12789.316664171103
12766.426447268532
12783.51562726894
12781.46562728318
12766.943533500877
12765.76680564731
12768.130403363757
12771.709651460602
12770.470823312804
13101.803146696811
12771.654069976223
12768.038677336013
13082.372309855718
12768.130403363757
12843.533850711656
12799.780642844937
12769.51561226076
12851.767778335965
12803.632692721872
12771.728618321084
12768.130403363757
12765.728341236452
12787.579445573725
12778.847217651111
12765.805821133668
12784.339490264463
12775.664732183608
12765.579994090092
12765.074759072579
12764.463355564689
12784.51153560116
12845.1708075084
17959.545058293337
13847.984661809578
12808.916499670353
17932.44621084313
13728.122927845248
12784.51153560116
12764.117691680112
12779.044892242253
13997.531758230514
12764.809033386646
12768.278576266726
14132.036167943314
12762.735175510457
12757.207340403771
12735.131652518408
12647.398024269993
12305.485719712933
11076.967999942988
8086.975485387957
13666.346316097755
1.085330542475455e7
4.058360884675515e14
9169.411548800257
4.5886001978706256e14
1.1426223597764462e7
13077.131042892333
13666.346316097755
8033.085147853917
6.128499736241046e6
9966.380032912437
8143.036183075274
2.9840694765187926e9
7838.396953222168
24636.794569523816
12277.467810766339
12779.223802657218
4.184296989320494e14
9746.658200988713
10194.675571882519
1.0998985314752968e7
24636.794569523816
9357.165255190863
8033.085147853917
2.963304553707736e9
8143.036183075274
9229.770272804606
6.004944079594028e6
24636.794569523816
2.6328441902278867e6
928339.0698098294
2.5314863882253356e7
966974.9442021976
2.572015380229004e6
2.5964987111323196e6
24636.794569523816
291187.2433579247
470443.46466473426
2.6076220366254626e6
461279.00796900253
298278.83657218586
950915.2081780174
24636.794569523816
103863.85471344378
246609.8548111209
474064.8669638115
89121.16847230439
180633.48420015033
301151.0911024006
24636.794569523816
73272.51672865344
11493.764124950772
105694.88206268901
81870.35596454477
10119.702983739677
90656.01231001117
24636.794569523816
13444.677713154913
7999.992968607858
29777.5908794785
11898.651676422185
8439.228699766116
30798.783257838768
24636.794569523816
9135.594216683801
14230.285067458166
9718.036874621068
10140.607280450271
12660.35880158787
10925.521123700291
24636.794569523816
7809.005887562509
9704.491413871685
8758.133450509484
8036.32054905233
8792.738263184592
9686.451712999466
9415.418176062076
7859.005905000552
12283.937954789279
13993.253247418825
7987.956176801327
13393.884693592436
12833.811110347864
9415.418176062076
7805.699783082548
7983.2446246231175
9458.745229146474
7828.129046440324
7875.094461267162
8993.723130712982
7949.420643448835
10808.211611593759
9852.528963185541
13555.260862147112
10970.467057595333
9914.024677577605
13234.312366011602
7949.420643448835
9187.223652509338
8814.809900836257
8240.706131357774
9212.103683156192
8783.270315719154
8225.473673567027
7949.420643448835
7805.362862994568
7824.658501293549
8157.246225901764
7806.324060001809
7831.288362426958
8156.346042507152
7806.886219438537
7889.695308773177
7816.3439168508585
9222.570056114248
7875.472888946868
7799.242801368948
9205.086525981842
7823.625268158222
13752.228332271021
8181.132561333912
11338.11863856117
13071.133968631144
8065.7397338570345
10906.710703758263
7823.625268158222
8486.707227439094
7973.2043149842975
9309.479608018784
8346.514103690395
8030.317002320996
9099.561308309687
7823.625268158222
7858.292653100214
7988.509688697965
8106.318621985434
7900.873355562124
8051.787659376857
8204.631691432727
