27304.78589968048
22194.06765416443
24322.66060589265
27828.86268460684
32839.56453852491
29659.285196839977
8436.57171584789
Inf
12175.174032898856
4032.4086426648337
Inf
6286.2803232751585
16796.047912271813
2594.131431536725
Inf
Inf
1994.9305141156208
Inf
30103.689794630038
17142.616088537052
9584.33087525514
Inf
Inf
Inf
Inf
Inf
Inf
Inf
Inf
7774.6899791896
Inf
5873.63281379425
9316.170783934243
2594.131431536725
Inf
Inf
11598.487215420542
Inf
Inf
6807.646564659976
2775.2310472285785
4387.387250537391
Inf
2945.4841846319414
3546.2925220127554
4275.945232221208
3037.5967276107644
2098.8597630980707
4303.292144062188
Inf
1704.0242228361
1886.6927076864831
2231.8488274998203
2533.300739600301
2095.1145340730363
2139.9397467237723
4570.1535861038765
2433.795990713397
1679.007299083232
3278.0006106880464
2533.300739600301
1798.342538377562
1844.2712380234987
5737.1152938830355
5503.156333891136
7263.933688057265
1798.342538377562
3763.0482649258893
2644.2449017437625
2763.3532546136416
5737.1152938830355
1948.2223917050662
2241.6575462830137
3683.43016763838
1704.0242228361
3233.6252866957593
1382.6712530646962
5667.3298492934355
9261.441512366744
2284.5178055556
1276.968265227999
6484.010193326285
794.7499151004076
3383.3427303391877
Inf
9453.947977878595
4314.525087950036
9790.531096570605
8179.737149617872
14166.769924387052
2284.5178055556
Inf
9081.083206920744
2179.917147402055
5528.983529871239
4797.351269392872
2654.1390649710306
2356.1457735111126
Inf
2841.316055067417
1028.5018773957456
1862.951550896983
1771.257513355537
2763.3532546136416
952.8735986600705
Inf
2834.6572141182614
811.4352159170611
769.4851139880991
1297.7621658493113
1207.896151576543
1242.9914167745285
1536.1317366401006
2797.5716270171033
2090.504720892582
2834.6572141182614
1297.7621658493113
516.4737293585171
862.7010126888318
Inf
3438.719240379147
1722.4063943043125
3087.5285746795876
3934.5096218394847
2090.504720892582
4377.6829748539685
Inf
2754.7922180320897
637.2809906694331
1765.1311489632817
2797.5716270171033
1297.7621658493113
1827.3998465016748
Inf
673.7584170471598
813.9105703136715
1083.7304360693527
1212.364202899217
325.2534026348724
756.3675825717087
2913.7740698218545
1375.332636799743
813.9105703136715
1701.6271759060196
2268.902894622948
1383.7206771591627
2160.202657055699
2913.7740698218545
269.21875139678474
1083.7304360693527
1028.5018773957456
811.4352159170611
1739.2107345988882
1702.8559640673352
1582.1001717371435
2045.1691647721846
1497.9999369317147
2238.4073993234942
1506.7316619786152
689.9386687275555
1294.6287247033808
1582.1001717371435
618.7564552909148
244.86732419024372
1195.1431587238087
1157.1939580844846
842.9813535872044
618.7579793150384
1794.4260475891965
1773.8645331696173
1095.528024137039
1929.480741648965
1702.8559640673352
842.9813535872044
1453.5204806694844
1794.4260475891965
607.770175089872
1049.1831419636596
269.21875139678474
1083.7304360693527
673.7584170471598
689.9386687275555
1794.4260475891965
197.76373191893512
884.0600351819289
441.1973130214093
660.8552832795468
453.91022923226626
201.32901926666574
1876.395633459291
498.5091317430325
522.2476729651912
2056.2388287131535
775.0821698801767
201.83604588096915
1438.291494232667
1876.395633459291
326.85560931532814
212.61713810456502
449.6150358000113
424.98700897047854
441.1903290218747
843.8157387999873
1876.395633459291
569.3268801456277
201.97264588293405
226.91366171281368
283.2794540760947
367.5166554047207
219.13041527832985
1876.395633459291
244.2215703923752
245.7128074728887
384.88722780848997
178.90627045859975
174.9857204805479
211.4350737348831
218.31762676463794
179.00201477582948
350.4696420873101
358.8667561156922
174.83611237013048
198.4729085023584
239.25446653969652
228.04886047119305
684.490487731126
354.50146191338246
401.5292215245845
370.5430551335169
508.3795753278185
192.07947430770537
228.04886047119305
510.2013460934786
180.30202243034876
228.56968666877364
238.7609225594803
222.48280963559782
359.070136930643
228.04886047119305
174.97279928825952
232.73193434412292
260.7926728578301
252.33764778728857
170.58795340736145
183.52140375795207
283.35062116193563
485.0132924734235
178.3467749098146
173.14823331960537
340.9789834768919
174.5335003170973
170.36364760462186
395.9301359330792
506.0912491838301
441.1969291625611
264.39267777916984
560.9886299539861
499.3582317242232
304.1048806848553
395.9301359330792
402.23269914248556
230.89741433148055
310.92277083449807
350.5897852910718
226.7789257731181
313.75328001889335
395.9301359330792
173.52441925523905
196.9575521377174
190.11111757012273
180.69263213614886
184.41882431239247
188.6361392461677
395.9301359330792
174.80215929719452
168.8930778976589
180.36280975829519
175.32637322994643
174.43008339964774
187.35270110010458
182.9468788938372
168.83528356085662
203.68016789750146
201.6193354269159
171.1931090648277
182.78151877519423
186.4415373455678
263.829004704385
499.87463579693946
180.38705615691893
199.9015747797021
387.1566448140958
196.7717875200318
168.3850981890338
397.5077508797148
180.42031938291507
648.9752857010168
470.1851824770028
313.0575362509117
932.8392794836799
323.792728873112
397.5077508797148
636.1763753983174
190.27926943453915
165.923164824844
373.43516435147393
177.14060388443903
174.83244633839502
311.74333315335855
367.5842389547021
537.3659138608843
456.74848290363195
216.4407027481093
768.3416893363707
375.9031279695727
311.74333315335855
376.1091273685759
293.90856741294397
193.53378603284943
217.27809288875056
235.2213433608518
232.18833178238827
311.74333315335855
187.59078209042937
192.53028780603722
166.18905979299433
203.52636409714637
249.53009708343504
176.72854454422
311.74333315335855
178.7582948187332
171.41882841317437
186.7069613530117
174.4749960869155
167.9107230586859
173.20987176946892
311.74333315335855
173.15457508298243
166.9570853846044
166.0785645800318
170.60978727389636
164.90035716969683
165.7680158719107
198.61163719547324
175.12355123155336
232.08426613434847
166.49617266697038
164.87242659761102
186.47580742785144
165.782151670668
175.493492442309
248.85376288348166
164.25587358511493
196.72755826850698
195.1925878425808
166.96239448882665
192.47055859044085
166.31834375151
192.73100843971542
201.24001698709483
281.58173765442365
189.56126262182914
279.4535386151766
250.9159513813249
166.31834375151
198.59347533642662
195.75904596118815
166.37930550813496
213.14587555484573
221.22537997635771
173.75193421003175
166.31834375151
188.81730641362947
165.9737766112461
165.01542901144546
184.37318934897522
162.76445722639406
165.799875415251
161.19599823968178
409.446232507445
172.22912533997487
616.9726095464483
178.7591947266126
209.7391331993805
325.9556053016976
201.32889818645086
409.446232507445
283.3791509232507
178.9267839788468
163.72955749826414
170.6694402238692
157.88826826291614
215.4483187141584
307.1730318221103
352.1019209788411
284.6093277314747
249.24251430492683
212.45964420386383
227.65358775330157
239.54420486821016
307.1730318221103
172.4807070402005
185.7464820174355
200.70769551593457
166.20649523118303
238.32370623353864
196.2963287276684
307.1730318221103
168.51301052657777
191.20515639570897
171.17042991600732
160.6095371733943
173.03769678874212
173.79970669701544
307.1730318221103
167.55955314385213
166.82210773719916
163.34080712758293
161.45846406618165
167.79578847576403
161.35039682440902
307.1730318221103
159.99031273212654
165.64858448849753
160.73994480363896
157.77430772394206
161.60298168933818
161.244491690296
160.13825079780685
170.24482091227145
156.6315891857506
162.91388069985265
167.82406457115286
161.91408129906492
158.77948085233254
160.53049115835705
176.47850736722896
162.06701150702798
173.90415500971753
164.48060445425835
158.05857934377866
171.70943059818183
160.53049115835705
168.32375008536752
158.14653165866895
158.85623989549293
162.70749040338598
160.97100102738688
155.5542260784967
171.01387795676888
172.0929892077681
158.52452281814968
155.44635903548084
209.7715677153173
171.17313625260218
165.01175452196108
167.34821332854727
185.11593770144952
160.4407337203341
165.4952052988559
286.6155049430207
178.871737846371
163.45764734962302
167.34821332854727
166.70072242494714
175.9869509656582
157.808019646972
194.67771930670247
157.86353813911234
157.14827995646573
167.34821332854727
159.04696488628184
154.90258725836412
164.14654123599055
155.73109400376933
156.59278709950914
156.72084308976912
163.9833345492418
156.01891381359968
165.1129712784803
193.3868658128978
154.59867129576193
156.37762961108194
172.57136128886776
170.94606503587113
193.62131404988446
156.97466644136426
203.35805152730228
173.78990174119065
160.93796398230992
235.33040972190662
170.94606503587113
185.15042688805053
155.1572337425377
154.59608926256814
212.8579250536763
155.44205664309249
159.11121643458313
171.76267697184053
157.68591571443986
180.46299565729578
242.16159925676777
151.41883230039946
162.99019862544287
190.0301137281935
168.89394942886094
272.79266476746915
325.1116963614816
162.1286935458428
448.69144071005303
200.76995584880657
207.60262476153463
168.89394942886094
226.63632290507812
171.6288046697892
165.28286363001328
171.12452944903856
169.36610542407738
176.62891307145833
168.89394942886094
178.99574481079054
159.6791454188085
151.35923855000686
162.55295132316147
162.61851063049625
153.09916770091132
204.37066756748038
168.74152791745783
205.52257460879815
200.5147343007318
155.1631334634684
178.60995151987186
321.6804568271234
204.37066756748038
155.07609853257924
198.61422579662724
151.51676148290852
155.30516913808265
168.7770842498072
155.95967650845563
204.37066756748038
156.56959659859479
160.21072195720794
153.90103245232746
157.84571088867628
155.47705091137954
163.97580470055567
204.37066756748038
159.8467917741225
150.48231686902693
153.18598481984824
153.75198908839042
152.23978471335548
152.1189724827854
149.2775430018561
170.939191204336
161.08421559759805
151.3700171579832
193.64774335218806
150.91447227729853
164.1411867656715
153.25260183642126
170.939191204336
156.15323940213227
150.53326957875544
150.84331306915863
149.64995045267895
148.44998720906415
169.30621669827815
150.33954647654593
204.25751823853838
147.350776748364
168.82388370501127
157.03612119419822
154.25535906390786
153.3146899175602
142.85684600447877
234.77473489385005
252.0072581962454
179.64544558852631
296.8079742413539
186.38939341286766
263.1351084210615
239.63236567126228
234.77473489385005
168.41297630553427
172.4482266618054
144.7802393539294
157.82615717312189
181.21684268055793
160.08091425732962
234.77473489385005
140.9684758356539
161.7299492082537
141.46174436271994
144.7928092521356
152.86948214123095
144.23250005758808
233.23722899792554
278.7119690823923
149.06764624178157
151.6570417406333
177.48642963971233
148.8361407834652
148.1805608075001
233.23722899792554
142.11567024318697
173.2303319437238
151.44259874247703
140.09221084561727
151.01784396477655
150.1357811513052
143.75650377265924
144.67247178486477
143.99799639462515
284.4254344644855
150.58293781179563
138.3676720841966
199.49415631062573
152.66342915028497
130.6920949150667
264.4699020829697
241.76932154353383
145.59518659680532
375.9117580215244
206.32360179298388
251.64949663367304
345.06765196801524
200.97041100473209
542.3688098804736
254.30330257995433
380.4242896547524
754.5424666880212
251.64949663367304
166.9298909590094
282.99599186084976
294.9390855053275
289.64879307487746
157.0686010141238
208.7785718970821
251.64949663367304
202.22987979358237
135.09069020439898
159.13201197119494
143.42499348080042
138.0057405717081
216.21921075951087
251.64949663367304
157.53343271289492
133.22687840596964
140.76303584221256
140.59167349597146
135.37144974721863
131.5422318810925
251.64949663367304
135.28157253910817
131.92886232689435
132.10000432985765
131.67471442521432
129.51601388246564
131.5588686408544
168.20195822639306
197.63197175791208
141.92879614804855
133.57665779954323
138.56434489102378
132.6429026029126
128.33182725164096
131.47884303410652
148.21738337421704
133.13844544340435
152.5478099814534
172.61302229236418
144.1688383280068
242.12193445050733
131.47884303410652
163.5872214194653
130.23836070377286
138.1672638467526
134.81548081303737
134.74152345160272
151.5771528434122
131.47884303410652
135.1949275324832
134.56249236467488
129.11926145369893
128.90373077255953
150.18373712151407
133.5947365801246
131.47884303410652
129.63067436069164
130.75495437954422
129.3613094340721
128.36302492148582
129.52895474688916
131.13007312426438
131.47884303410652
128.4700080070377
128.66610864647845
130.66202046445738
128.28579327821876
128.0190324900614
129.25108444052975
128.8990319513576
128.25241823928158
128.98032938779923
138.35993732013702
127.94733423777438
127.77788950842212
130.33931632662154
127.3266087362065
130.7125675769356
128.13898659983502
174.05608115787481
130.12844964764741
126.72425239696932
140.45025685116178
132.67644201424372
128.6917105134498
122.43901094576292
156.1486548819955
137.97729938640038
132.99966053024173
258.9453047329313
138.98781580730193
229.62521284590034
167.53394684358744
159.23551410671976
240.02152817264724
345.9912981180464
302.6959814736853
180.91408469447967
229.62521284590034
221.8104542059984
135.19845134416212
284.87326895465725
144.28415086687346
142.84720280565105
153.71081158017986
229.62521284590034
124.3574752154159
125.41767694129595
150.06947828997102
153.84773666485188
137.60599076667623
127.98178481119783
229.62521284590034
135.23790618279705
129.40564085177354
123.70608607426264
123.6114911817941
123.99581230759871
128.06556090080878
229.62521284590034
122.86388450518456
131.04481925961625
122.65574552239946
123.40839883655974
123.4999169087743
122.48610619296934
229.62521284590034
125.2137016513463
122.2403413381312
125.20174996435624
122.4205643074051
122.69590066278465
122.78696755484927
123.18987430301863
125.37126333593747
129.7471819842815
126.39148956236353
122.19645556548667
123.39238877732402
123.53382653741252
122.17575041439008
136.77949122080696
129.68171202439095
135.2006894191268
140.26017102147654
135.83370257622533
119.10208984727802
134.5645027038492
288.07350738607283
164.75688789723438
161.84211903272177
115.42581974192179
126.68117470154209
323.68109482742705
145.24111353317073
141.93396940978562
125.25085670906293
206.87416588819673
458.6788982169386
127.08931828347475
147.52001527777725
335.5274053432325
141.93396940978562
210.31049737356477
125.48078352458603
146.9669875011129
140.26530485280946
117.93476073218612
187.90166304118762
141.93396940978562
117.13846642620096
133.77733043637664
121.6564535218947
113.81332973052884
121.65536795013404
124.2449445363201
107.18044407340598
122.49253163183788
184.32337293106718
299.9767530177053
367.9166981676633
198.36604192366448
321.12956940135297
321.2153731134701
122.49253163183788
120.19972460403741
139.12531196198006
127.208734045412
100.83139534400237
136.599671995738
138.82899887563923
336.83761815367865
276.1427857646044
141.25180381102288
172.73241434222075
161.94491205389048
286.9818252391981
304.51939231460625
336.83761815367865
121.05194604184886
122.98133976481532
102.42406545494384
212.40196859743446
229.16230581215422
131.05341626309863
336.83761815367865
106.23885920713948
106.09002018369955
105.25815657507303
163.72502119044188
154.6489173490544
103.54346222148864
336.83761815367865
101.62737780781906
102.63263353017564
108.22559326935348
114.04788716171143
109.59217315964581
102.13601021469918
336.83761815367865
101.73418683131548
101.66594385389791
101.26853491682061
110.71935622841411
103.10707174224484
100.8655167932589
336.83761815367865
101.29665421174997
101.14681442749314
103.0890240886783
100.80092358130442
100.65499261072392
101.24902778244676
105.43174696862444
101.21892600499365
107.75236981959151
104.80331866287511
102.34138429017092
101.04166539867592
100.85438206087991
105.43174696862444
103.62784748688892
100.27209665595876
102.88564879274303
100.86403975109573
101.37822763697028
100.77563712229009
99.57166935647476
98.9185403477519
156.74607919020326
105.52918219574714
96.72732040723322
119.44698507352606
99.75805899395148
106.21732768885164
132.47032636914403
230.08273447775758
114.87234230805235
104.73042721610676
108.49475971805572
173.75343712428327
153.65296839917914
198.9842591746396
230.08273447775758
139.85777781838232
104.45563027525904
104.22189917704874
99.89228966987892
142.1928978774599
99.17322784692814
230.08273447775758
132.3401921274435
97.09373827383637
97.93514030133937
100.6433923118437
98.06130180332242
95.86494361354012
96.6708763150719
150.02515337818642
99.32067677179373
141.713239170693
103.73655577424366
134.6483542004549
98.17891819622598
96.6708763150719
117.23825350479207
99.3261938747084
98.27664523833984
97.32214814359091
96.36945238543578
109.26373695624574
96.6708763150719
96.26890837240899
96.25562368248868
101.32332458241348
102.29642980569079
97.25621195783464
96.64984718797189
96.6708763150719
95.85056472566181
99.52121983407773
97.36102851893259
96.28104666061759
95.98733604542494
95.91271812171337
97.19234185498959
98.47035287687373
96.4504246454238
98.02946580031087
95.76267440942345
96.78679657784564
111.95404988785887
96.9000873443201
96.91590353481621
97.47081786964266
106.00238569112173
97.45696693851039
111.98743281735207
97.6177856066031
96.9000873443201
97.40649054575793
98.01997518995509
96.0056360435596
102.25262973588806
95.99252958135514
95.6800348093846
103.18401829024461
103.25979460135913
98.51425639275985
98.10850612312572
96.21751547899893
108.5480574235997
115.62000399597565
103.18401829024461
96.62899352841026
101.6949724688144
96.00274707385009
96.5495520762089
96.83339538691233
96.44812243944885
103.18401829024461
97.95814638375006
95.69215116409252
95.52780972065976
96.1997241329749
96.25271098114249
96.01837644929714
102.83035808140293
103.65956726831052
96.37797121671767
103.45651978977253
97.25190132161933
101.91990313980861
96.22041716974636
102.83035808140293
98.22673376829192
95.57699346488019
98.45427470464813
95.72915579497996
95.47936477183354
96.1799736042164
98.00406690263328
97.31329391607542
102.62848251413985
96.75338960055925
95.27569534140811
96.13689276324467
105.28190452190204
97.25270298201633
97.18759510066218
103.57046916879054
111.90342534160598
111.02832012704121
95.24970147389092
97.01445369863188
95.84128626612076
181.22640509498984
98.90228176488313
101.82186088857227
111.20816657288469
98.13811164542318
95.53758643096168
95.84128626612076
96.85436736818997
97.75778744832081
98.95142690004495
96.0913053144059
95.17282759863895
109.60183824124809
99.9993692849166
138.96486085250098
98.24157487681893
99.7547457682988
110.21350068724722
101.72008252331804
95.55848421866617
99.9993692849166
95.45905025903902
100.607930823022
96.810010995174
94.89309761044984
98.66167330908041
93.5183430060917
150.51899808279143
155.31021161080173
96.79930929992739
111.04434530271419
105.01858722615938
113.36768328102397
93.60846769607905
150.51899808279143
102.09287510825874
103.76040695237629
116.93138711641002
94.24644805777992
94.85618154179653
97.57645380627778
150.51899808279143
96.2415328563722
94.06544606899263
95.63978084673317
94.78975766182495
97.73527209538462
94.54077165023261
150.51899808279143
95.43148269366654
93.88564262366924
94.260359504325
93.92438964872736
93.4341819386762
94.25969190768862
101.08089795766662
96.34736820209261
94.16078773557538
99.40432695057875
94.4455890473993
98.007148239045
93.96178261074668
101.08089795766662
95.77718769697175
93.68946765068748
93.84577351838888
93.28565448843325
95.09872176571793
96.17388422999895
93.87925931102468
94.8994542777344
95.25570064349185
93.97681400255411
93.49921653142769
98.77858810819879
96.56112750466528
93.87925931102468
94.00039401057415
93.67735934271727
92.8285399827672
93.87010823397287
93.9956711958645
93.95525811559331
104.22266708598328
93.97877423657968
101.34862109062102
92.84518811001024
96.70414492943166
93.72360839694579
93.18846041198282
104.22266708598328
93.01209661772162
93.28199829732976
93.2605080476994
92.68638283035743
94.06328897034726
96.15546685579008
96.79539626337188
98.90476804651843
101.09951091678738
95.72619315081892
93.07539659975168
93.90526454657854
92.8802363009267
96.79539626337188
93.53104701994388
92.91437065265535
92.72690503018974
100.86539410340326
92.63666168284963
94.18618007706849
92.44345615814612
91.88481799320867
104.27663628324726
143.00880428045244
91.11503738989816
165.3983910824653
94.10142023341785
149.4542021864882
93.12698288560043
288.62537677736975
192.48916777536223
94.98201357866402
108.64293953315838
197.90840218522635
87.11943245358744
117.14615048159557
112.21240572605875
101.67456957172618
427.68721636687525
196.60960905240677
150.0542263067636
436.63533724382773
178.03395561732458
112.21240572605875
90.65730519169696
282.51200533905467
109.10640071340919
96.46738322554387
284.8964104400966
85.56841518468079
251.12562127257695
412.71698483497806
94.26126819980962
124.59241267496685
367.971271063013
135.1265704039775
104.39809936272832
251.12562127257695
188.75141783260727
102.15576365342874
115.44189579992202
152.8595347276646
107.06081824902581
91.35152022933336
251.12562127257695
98.89579950872007
86.01320078778677
103.69212536798096
95.28865884774646
87.66649153401858
112.71935327254484
251.12562127257695
91.5820473062515
86.1276196424887
90.41531927808245
96.36973296729445
84.99831046938593
82.88323666486232
93.51513989025887
82.31894933542353
105.57285440988686
78.80993939903581
83.39214556199698
147.20715508056784
87.83853206604348
111.55187796028292
176.1633031403996
85.6615510145641
105.86097107711507
112.13422898378015
108.74826103565393
165.0730886640302
111.55187796028292
143.5028405551347
80.2196338464368
83.62649403384341
89.23703885680743
79.50738513207031
82.65208339172858
111.55187796028292
80.84984045261656
78.95799604626612
82.82072098936422
77.10318889214037
78.74429041060418
104.61261417355496
102.05725240435994
79.75179611851837
81.77854651327996
81.00751618742771
85.60835249367213
107.03725567113642
135.66217503088941
102.05725240435994
85.384288272657
79.24157916580172
79.4837421964731
77.8215123433739
85.77461220662724
97.13053788351348
102.05725240435994
79.93919015314827
77.06973545890466
82.98818772458523
77.53642049218254
78.20877221634423
78.63550155175525
78.22379748936058
92.34654997419301
78.66125917455525
81.47298683335521
78.66420673045201
76.893145144383
100.99239835832283
82.36242425982175
132.84825978188059
79.95228833001406
105.50910800562048
82.72177682616599
121.533764008649
82.66670372480881
82.36242425982175
77.9829623134911
78.60496946310495
116.85164335921044
84.08501173867283
75.18183395577128
81.58845061286266
71.55604351762983
160.31319658713102
73.53483892028515
124.71621536522937
110.8879378986399
109.22025853427223
191.53249829527775
160.08070500129756
160.31319658713102
84.80792411385384
74.10775430643389
77.0877007813136
138.0032893830569
107.69865486163256
70.78277239081041
101.26069913953994
195.09648798793637
99.67187767834247
74.03861818398467
133.25662445040024
161.15967029705484
80.00832599140335
101.26069913953994
71.14008353815507
75.70750739630776
129.54413040298792
85.54445651518506
89.28547329826887
81.3736171963534
101.26069913953994
73.74690944781543
72.58055867250411
69.84315261650025
89.21952840764013
68.96879248839207
72.41006046709595
92.24760059918177
73.33125289815139
73.52475360072427
86.48935141756283
127.80278799794114
90.48833449693888
72.57867432165637
92.24760059918177
70.93769005457989
70.46078754566796
72.00232656021365
71.20185813578544
70.00695718835502
97.93658604757691
92.24760059918177
68.89904391202622
69.98465869195891
71.47730763894356
70.19947548874515
76.01531422370358
70.00143613511824
95.64802765109457
93.02617412967595
71.12055240095661
73.70156829517344
69.34157065399381
96.69453938516384
68.92697547476482
95.64802765109457
69.20822274790902
68.96208544381977
67.99383846543068
85.99951715100661
76.48433883585173
70.34854680435234
73.18483934534126
101.69894549121709
68.18875245724371
86.87152135642103
70.3748340834855
90.67657132564995
69.90033460025495
73.18483934534126
67.94054402865727
68.78049324936006
68.10456345419895
69.77233104808352
79.9945259950124
81.80971141626101
70.54227986013697
92.805563661866
70.00617711308215
79.31534971754766
69.59447250473107
89.60701720513836
70.17974554950175
70.54227986013697
89.10871428484785
67.819084818952
68.6447615211834
69.88993711448308
70.62251561512585
68.29094849029892
72.98407844838204
70.21403686350921
75.8345787977049
71.34756148343828
76.48610693289821
67.88706359467997
107.11885908472195
72.98407844838204
68.16681891227927
69.51712763943522
69.68859659130658
74.796822463652
80.56843967575676
68.64485808903365
72.98407844838204
67.84294632031731
68.23768849037126
69.13265798045853
67.80420931439924
67.55174300609372
77.53475690617388
66.83844877372277
72.31123759115917
69.62941673121829
108.16307100996798
68.50643679930351
76.04748749340281
70.31650944525731
85.60983118089548
72.31123759115917
77.31016023335889
68.31321385726986
71.61068766321647
67.66836633630923
74.76641426769282
67.69830403103967
72.31123759115917
66.71041823663062
67.41368594693148
74.18429489192066
67.13297760397414
67.29503035634866
67.71031827429849
68.556236534411
79.26703739669586
68.51561166652019
68.41218502941813
67.73637319006113
76.90063158223123
66.82367837177031
68.556236534411
67.49241714217307
68.54338479001439
67.42639202109896
69.74547061049934
66.78391455166533
73.22089942587833
68.556236534411
69.73926038350712
67.06704688921064
67.87109141040685
67.10853291375642
67.72410054514398
66.77217005569915
68.556236534411
66.92305861384628
66.86036714937435
66.66442046060328
67.90436134283581
66.94998255491305
66.86924159727752
66.48105132815567
67.62994795624284
71.06072691541179
67.45617137743213
68.98437785812366
67.03583012550504
69.24882667190406
66.98849925982039
67.62994795624284
66.34180083929198
66.73585276383307
66.29314118617064
66.79014986138561
67.0129887697673
66.83096210676291
73.22409102447469
66.54565118035495
66.6660708980001
74.25809019780502
70.38801037078372
67.55281045491375
67.00874588436338
73.22409102447469
68.28585455225179
67.93856851779346
66.45439781546162
66.34436908369952
66.46456657476381
67.03902732938583
73.22409102447469
66.66371047215762
66.23249240847376
67.89296464165065
66.20552177304509
66.38792501547769
66.44066850624061
66.31263296987314
67.14909218530988
66.6193569048391
66.0151970979399
66.45247235194044
68.46075017526749
66.39636135338182
65.98055179356484
70.75123627242732
67.96328064934065
67.76429669771363
66.52812682955229
95.7281960181185
64.75858626122378
69.11982068627651
62.86813713361208
55.12709114618669
139.7783150676706
152.60868468752813
114.71687904835787
96.02396446365665
145.8291287904523
95.88279061759943
114.8451178714862
139.7783150676706
65.67960919163278
108.2166415765674
50.71303763230227
82.34834410932332
100.24267001961444
62.91474476110465
190.0557078741424
175.30948511208211
54.83924454843391
152.60378408127306
130.56589409352858
112.96233840893197
102.24598312651744
190.0557078741424
80.55406273305675
68.52830870887743
92.07285936431583
102.65385254937476
89.2980023886626
55.6162094781957
190.0557078741424
52.47799617650791
79.92240427322685
72.62306616524941
63.00729972040825
56.276437937770005
91.04801319924458
190.0557078741424
54.45800172061814
60.53814984525709
64.11303724049586
49.0843589202983
51.87895326996178
51.29086962060507
63.24341596754389
79.14631549970142
48.45881242767325
59.30043407548512
74.50066948854091
52.02955764020393
52.72930156321778
68.34789353614167
57.728713025997685
64.51535032129038
105.33578442088597
55.177401826785164
57.601731170225776
102.81744735265839
68.34789353614167
49.74049282364278
49.58994722536444
85.86445990397064
53.43218603236146
59.34076259818797
85.84717035769887
68.34789353614167
57.66391623584013
56.27117772032832
48.825910817263946
66.93926842933377
48.2186516113275
51.796731970761996
65.57834405336308
81.78774176322901
50.000333093340785
55.03235251622542
103.09471226974217
47.55356808370035
51.80843767943369
70.04331648728362
84.6081446563881
63.1604382720998
81.64706586562053
91.40247255941853
45.65066335466481
91.0097072184794
100.17877415600287
56.63966849464133
173.84049252412234
185.3914184932829
40.600916294998484
144.19363272761385
135.4804572477093
69.32661784234442
394.39482807161437
174.9188635331944
127.11519478112159
419.5371008389065
192.27874453755823
106.0269945557951
69.32661784234442
108.75849568529871
190.33606659524625
184.74474626892922
121.02592836891077
172.96403959316183
193.49332542803776
69.32661784234442
103.32127552967265
72.19206548049434
70.57074534289868
109.96998686401076
72.13941846828004
62.03718334504368
69.32661784234442
62.44483327880722
47.92672934219847
46.4955987452674
62.755170528905346
43.47341823814175
48.332228642507104
69.32661784234442
44.75023886419743
41.93271852451717
51.86211288720033
44.671434208654695
39.27168011674679
53.513300815091924
48.13187408684232
68.98827651379654
44.104371640325
40.55699598912975
66.06825923462533
41.649497714521544
39.72271709905469
48.13187408684232
50.462896655538664
42.053241716945536
50.547584084427704
47.53633115351647
45.205898880350915
50.35811873652923
48.13187408684232
40.85188527102939
40.02361710136535
40.57916911382157
42.19865287843101
41.39307925327716
39.83484022348935
48.13187408684232
39.946396657846684
39.947432540899406
39.14913494680221
39.540561763626606
41.869738036252784
39.58139857962359
39.08477620292342
45.995526123493335
49.42556504693785
46.938167832647835
49.10944276044654
52.98283079675461
44.244660664824195
49.224123495777114
45.995526123493335
38.957137855016306
40.802652691682866
48.70696389916261
39.251957566621094
40.18442715658579
46.109700406941286
44.64675401039875
46.0635875639511
40.47846425600805
50.305912998532456
46.85628280196728
39.27426264370144
48.790996885540864
44.64675401039875
40.115119487684574
40.50805077869796
45.90992608574303
41.94334853706332
39.56456829549705
45.75964344634604
44.64675401039875
39.23051309640068
39.63535889474926
40.17903551784353
38.68865983763972
39.457762654436365
41.22159930665203
39.18182462585217
42.90743258635112
41.24259085914154
43.4953995305193
44.160828380477234
40.01335355632286
46.13130471919241
39.18182462585217
38.851230160061284
40.96846099039471
39.0636565576481
39.140101942635916
42.85220957926787
38.37485034000681
38.81471218752906
44.36996866944727
41.436839567754824
39.59479940973142
46.95148316516673
39.997011331579024
40.46328494450313
38.81471218752906
38.99196116216335
39.02495872978827
42.721480076968994
40.18042010862568
38.46068324461089
40.708718966684124
38.81471218752906
39.176759594354074
39.165202373920046
38.64758126858094
40.05448371591045
38.67326048035409
39.210437379694795
38.81471218752906
38.664257238953816
39.36938620655132
38.47198882862559
38.594888684083344
38.7960764786881
38.3776317528824
38.81471218752906
38.63731739710916
38.4825464983603
38.405454754974166
38.89381178191216
38.42664256566353
38.359960053533726
38.54491493185412
38.385730553643675
38.7685089822217
38.592189917303735
38.39008838061892
39.35319466374807
38.384243027359794
38.54491493185412
38.50901427688551
38.430092169379954
38.428127780539995
38.74101842840715
38.492490044984116
38.34296423206584
38.337910210851284
38.31872250992161
38.85149515988133
37.96735129317146
41.412482321005506
38.1627406253765
38.68628912089945
41.54976844448882
38.47443376298384
37.83910547964153
41.88220126230835
39.119331720451385
51.38972935712006
44.984253538366495
37.00582883241174
54.15398037887642
38.88099904349504
44.088211447993515
40.53812213746409
69.96299205150272
41.38533178603831
40.220001520903295
68.36654414633114
37.21573490882661
44.088211447993515
50.5247224468698
38.92746406081161
39.65582846157434
51.23842787749965
38.420248244934896
37.69734812118284
44.088211447993515
42.394016596449866
37.56329858981615
37.877169950018114
43.63982700899399
38.54618491351613
37.908865873253205
44.088211447993515
38.99516472196217
37.479876715950645
37.74232148464579
40.18955399839701
36.76220605427177
37.290030157354714
37.170370404914046
37.68407455212461
37.35132789133403
45.875661659353305
37.288292349787426
38.81659655026489
46.65109238054902
37.170370404914046
39.94737760510537
38.10185007485313
37.419789638463115
38.82911598855041
37.31124291653011
36.906107592722066
37.170370404914046
37.39348960908611
37.90665414958581
36.87117800671452
38.37105874731747
37.43760377130764
36.85128377721893
37.170370404914046
36.84073269623881
36.99639323867439
37.164035905779016
36.861766164000635
36.948686804833876
37.33924757162754
37.170370404914046
36.94608518307939
36.73567773379234
36.731674113262976
36.89897440121619
36.78874102005434
36.81614424544763
37.05243433961111
36.985400297490926
36.98581157681248
36.854385255022365
37.282949451768715
36.83993558236109
36.869329913521966
37.05243433961111
36.765084480319615
36.83211433584217
36.83482242776601
36.74957927664401
36.90828678157221
36.834522142048804
37.05243433961111
36.77615281596948
36.76311146290106
36.717863271208195
36.78161412093853
36.79492038793941
36.745484080118615
36.6771703618448
36.76614815338747
37.22310518395281
37.29332122695329
36.71723057328402
36.9567800299545
36.93379721475992
36.71013699289802
36.76614815338747
36.7899879333031
36.800901372819624
36.746130535300466
36.863980819222846
36.931163755851735
36.69430090642364
36.76614815338747
36.766320532798744
36.68415583510046
36.713556797000045
36.81836094493675
36.71266191298369
36.672556285066605
36.84814718444723
36.87064006923023
36.77899520789214
36.70653410693249
37.22855553392865
36.6953361367978
36.71437121674299
36.84814718444723
36.73224898310544
36.78977469816766
36.6788695430352
36.90041205802955
36.71509904352507
36.71132105544159
36.84814718444723
36.68451627100686
36.70000628914173
36.690619621866446
36.67541288894295
36.662244660162976
36.74849175828807
36.74808463420567
36.7470621698425
36.69843779650593
36.737304565509135
36.71766583667127
36.66694031620899
36.73597126505585
36.74808463420567
36.66953864308577
36.6699290352742
36.67495352252094
36.67735010110301
36.67344697260309
36.70203889583308
36.74808463420567
36.67885696585524
36.66834143965374
36.66266577661171
36.66446585701326
36.67895922840842
36.66386934015871
36.74808463420567
36.661458534337335
36.663951594759915
36.67055622928298
36.668243886122504
36.667861891470594
36.663749706421726
36.66332677405657
36.668503439003345
36.66403217833886
36.665296552267705
36.66777139552312
36.67181377685836
36.66529263562144
36.66332677405657
36.662287398624954
36.66151666138507
36.672752879193936
36.66062965067986
36.66140042143213
36.66775303431142
36.65731392234291
36.644047909391105
36.59093424568167
36.377684629564875
35.51189149498802
35.32094801820413
97.6362535474146
36.507255495180516
36.50995423791372
36.117609079730705
35.41588850985134
35.43059929776106
36.03808174748655
97.6362535474146
35.32736214674832
35.46091936291508
35.43826900606712
35.314523356487285
36.23147281945492
35.434355574812145
35.89444158098358
35.735013961923165
36.219384937811306
36.24378923416304
36.70654585841438
35.2376146742838
36.12325591782818
40.40059779119755
38.83963284923016
37.062724950896936
41.788995861276064
35.66765396441361
40.53040692165805
38.49100808269019
40.40059779119755
35.97760679824741
36.6361934522823
34.59997802347341
37.66850017542154
35.5168865532229
35.90104710387368
36.74548354606691
34.51219938322428
41.71707141060247
34.44782145842891
34.779073135161035
40.49760711088006
35.66365713759285
37.672216402585924
34.57090241094717
48.3390258494905
39.23345097561996
35.05449061448559
48.712948054665766
38.23319374132599
37.672216402585924
40.30548671272829
37.40500496159682
35.05459544077692
39.08853757075456
38.5981146316015
34.51100809040221
37.672216402585924
36.222431398968496
34.412785197629056
34.53907410190828
34.66381595450924
35.92303081837599
34.35675602487831
34.82172113611775
39.697148627403415
35.53451126151314
34.83122101866673
37.86891942489743
37.51809913055642
33.94423045079277
35.77801235565623
40.59021454292188
41.51413686752355
39.75542963694693
42.75614730955783
43.46262887772252
37.531059567207265
35.77801235565623
39.035106043992904
34.5094741472179
39.03322979369714
36.60013338171971
33.781175734823776
36.67994464564698
36.577349992647946
43.0121294980769
40.66132408075835
40.75815561800691
41.00926380119456
42.49040926356828
42.893819493825454
36.577349992647946
39.78119806679562
37.35299756155105
34.612860171765924
37.63741949933052
35.083213330843996
33.338636477582476
36.20565704189687
34.24125272777185
42.008882287290064
43.79936912192931
34.416046727219545
41.89087281796603
43.628189622437155
36.20565704189687
33.75917282172589
39.526038551298825
39.03279077802511
33.680751072168455
39.42466328395696
39.31708650759025
36.20565704189687
35.96324799103069
34.948060870028065
33.43473537629029
35.3683406620752
35.48397378645294
33.24256859969559
34.49494315692116
34.81037795994306
36.68613786058799
39.873916496121666
34.49646622693227
37.247909310780294
39.1702071294066
34.49494315692116
34.147623813582065
37.24964501241837
33.3719079367157
34.23123612737013
36.746654635060196
33.780523098569645
34.49494315692116
33.93550850563414
33.304058728347655
33.72659067839006
34.03482138315451
33.27207822980941
33.67418333944935
34.49494315692116
33.30277821710598
33.28293591796161
33.60303212152102
33.22162792815021
33.42199427779376
33.42731476129685
34.11503874273052
33.77563558893056
33.73484016119114
33.8245560633429
33.60539428997798
33.87778955988746
34.628441239571714
34.11503874273052
33.61040541765817
33.283678236272024
33.30324670948615
33.89193993438173
33.31047008826505
33.24685181759483
34.11503874273052
33.22983826075667
33.418868827341946
33.348571759856945
33.243907014012656
33.49348367253518
33.35217424605867
34.11503874273052
33.250146787104256
33.20831666519691
33.32012305867636
33.19905103520111
33.23493830867846
33.2956296068993
33.265820925003645
33.253057583757176
33.30845305254384
33.45153800220972
33.25897464241547
33.26026894198608
33.427826359078104
33.265820925003645
33.295746110298985
33.24509802207461
33.22270850733386
33.28441551094672
33.26914963054762
33.225195856745124
33.265820925003645
33.24691387451297
33.21015245832033
33.21153379804413
33.261443872003625
33.201307674483814
33.210468829881464
33.265820925003645
33.22010729201324
33.201722783156086
33.20682376732906
33.21049230071613
33.20937275380601
33.21098568234257
33.265820925003645
33.21211075895062
33.20367558665149
33.19991688347773
33.20381656522842
33.2098072403444
33.198185158145016
33.20624763673322
33.19973455635869
33.20335044539114
33.22363353021483
33.20646651912383
33.20585863908533
33.21921967743845
33.20624763673322
33.2043285409668
33.20625970929177
33.205594617458004
33.20249492959707
33.211257660469734
33.20359574027721
33.20624763673322
33.20092221440466
33.20123063997899
33.202128053594414
33.198859579291906
33.20496955633032
33.19987479786022
33.20624763673322
33.198985549146094
33.19723341048178
33.19887535223132
33.197384766222015
33.199136906839854
33.2015705415326
33.19967031136924
33.19864205872636
33.19734235354652
33.20443374001521
33.20053880322693
33.19712446393992
33.20331826519888
33.19668864301202
33.194944803073625
33.18796054266577
33.159881023041436
34.62047992062992
33.33761565849201
33.20512969118284
33.158789486753705
33.23063502584581
33.28015452147594
33.16097541541749
33.2034213705563
33.73327621680986
33.27920920343518
33.457509842343875
33.48188771673097
33.35211982190128
33.31640565203919
33.2034213705563
33.40639345173517
33.24248870227844
33.190805130625904
33.31380613238283
33.297364565535574
33.162318474408174
33.2034213705563
33.16815705999189
33.20778120711025
33.214926643925374
33.149420637849836
33.280948817347536
33.16636295427454
33.203643506266175
33.33634583021972
33.18263535751745
33.213724037470584
33.290784474469895
33.23492554705074
33.21766256261715
33.203643506266175
33.231474474163676
33.202342506061136
33.218674966628015
33.19657230928129
33.15987392284136
33.20014378804671
33.203643506266175
33.153802198570546
33.1446141020661
33.19865384077319
33.189592367063774
33.17049090331965
33.1742732396093
33.22232024216407
33.17368568291021
33.24840474771964
33.19624304337523
33.17690095592857
33.26264215353818
33.20046680929181
33.22232024216407
33.185822839909505
33.15849544192115
33.177168206103616
33.168252380479366
33.143885536683726
33.17093414664424
33.206027336406684
33.21876730119801
33.167804260936386
33.22770477318015
33.18414242544079
33.18606237885631
33.24067587830557
33.206027336406684
33.165170943795204
33.17890048237457
33.1381787928886
33.14698451296642
33.19604494739327
33.14959190732796
33.119969859475944
33.08556005625499
34.05895113301048
33.91168422197245
33.18715598799543
33.24142319630213
33.470158702659454
33.13607928006596
33.171310392451105
34.05895113301048
33.14376353716775
33.22587818582105
33.398812769911295
33.08969150660863
33.3587194227687
33.250355338388324
34.05895113301048
33.22566448257052
33.14831275533002
33.114022436325286
33.171244055526415
33.16049194555789
33.109924287435675
34.05895113301048
33.09012620308901
33.1280616561834
33.09767841076052
33.103547587512075
33.11940706116555
33.093828583179814
34.05895113301048
33.085180879499006
33.09380329590487
33.08880664444998
33.103725582911274
33.10331067996431
33.08231336638281
33.071109108147716
33.185076778562625
33.25940352870757
33.113482260130446
33.09270170615087
33.15582958478921
33.17339526241043
33.09044664966487
33.185076778562625
33.07150944110832
33.13171275893181
33.08369267620041
33.07476770113676
33.208690200467686
33.086450413042016
33.185076778562625
33.10671439733758
33.07826203748796
33.077081026408614
33.08945375775873
33.08337908166955
33.081521259139905
33.185076778562625
33.084430319026794
33.07561299241106
33.07324736426386
33.07964178281639
33.07623738386274
33.0718970058231
33.185076778562625
33.07259948606607
33.07629253889973
33.07267848410983
33.07161218878186
33.077561603834674
33.069539731012476
33.06699239114823
33.0911240301752
33.07300329429684
33.11560071636531
33.07179974094091
33.07975368271375
33.089808588395115
33.07014750401553
33.0911240301752
33.08170968771966
33.06877158727367
33.09408479015051
33.07530363760224
33.06709492087482
33.08009612395925
33.0911240301752
33.07892823187625
33.07052965864119
33.06836504463398
33.073783083870225
33.07076821370288
33.068936551194795
33.0911240301752
33.069492109602976
33.06871177998304
33.06731135642808
33.06944073462893
33.06893144696726
33.06782416354745
33.0911240301752
33.06748415269824
33.06760777740148
33.06849003051937
33.06737244266927
33.067492757423196
33.06838206087074
33.0911240301752
33.067679405680444
33.067344380660444
33.06696192088486
33.067811003165374
33.067306903938366
33.06721644982732
33.06758716906236
33.068348061020465
33.06716473360121
33.06770530040684
33.06796609856104
33.067183090304596
33.06743847788658
33.06758716906236
33.06710780895696
33.06715370063231
33.067403190899
33.066816032793376
33.06737962226456
33.067660330869494
33.066891619846515
33.06804510661451
33.06782778546451
33.06721453594108
33.06785149198215
33.06765590134243
33.06734870572314
33.066891619846515
33.067501572721234
33.06700239604688
33.06722329682698
33.06738028593751
33.06711198398172
33.067183987293284
33.066891619846515
33.06697514243633
33.06706050688541
33.0670198736719
33.06706162876884
33.067121173219185
33.0670193891697
33.066891619846515
33.066891270229156
33.06698868243844
33.06679593168762
33.066918562844556
33.06694707084783
33.06684802939707
33.066807698849324
33.06703551661056
33.067022341722314
33.0670370712201
33.06707798676941
33.06698273216749
33.06706788548824
33.066807698849324
33.067050312254494
33.066855018333186
33.066841780980646
33.06705374229501
33.06685945700777
33.066865742158136
33.066807698849324
33.066870457951275
33.06685578846068
33.06679925860219
33.06686498504058
33.06685030267456
33.06680280806298
33.066807698849324
33.06682352770319
33.066826218035224
33.066823540178525
33.06680887904823
33.06681700065928
33.06682046566019
33.066807698849324
33.06679954305291
33.06682508108577
33.06680557559834
33.06679232032222
33.06681527319029
33.066797980499295
33.06678876826037
33.066803910894095
33.06687663622071
33.06681345418092
33.06682854705515
33.0668532644996
33.06681465942927
33.066811662509444
33.066803910894095
33.06685096659573
33.06678212722445
33.06679148309863
33.06683364374627
33.06679977929404
33.066786087893945
33.06679913667871
33.06689359776755
33.06683564030824
33.06681193388715
33.06689651587059
33.0668530814083
33.06681002869794
33.06679913667871
33.066802155920406
33.06681320503836
33.066819144866294
33.06679700196121
33.06681033044877
33.06681699832638
33.06679913667871
33.06680191612057
33.06679777270038
33.066780729162765
33.06680176314516
33.06679197197534
33.06678352528668
33.06678648818772
33.06682176202541
33.066799570453576
33.06683634182634
33.06682247847802
33.06679532875176
33.06682513327747
33.06678648818772
33.06678196283632
33.0668069527257
33.06678870655803
33.06678284196132
33.066803824248396
33.066792001801936
33.06678648818772
33.06678306772638
33.06678767864686
33.06678889822613
33.06678547248822
33.06678774599097
33.06678881599463
33.06678648818772
33.06678444665722
33.06678258777719
33.06678588150373
33.06678549087659
33.066780606471035
33.06678593587987
33.066785018683575
33.066791148688985
33.06678587707019
33.066782817851745
33.06678791662345
33.066785158430314
33.0667858592124
33.066785018683575
33.066783340491526
33.06678864650988
33.06678080421958
33.066781059615586
33.0667860783745
33.066780408721804
33.06678363857238
33.06678601050752
33.06678786460018
33.06678881535575
33.06678311778483
33.066788826874784
33.06679003766585
33.06678363857238
33.06678819041727
33.066782225792736
33.066781250871266
33.06678665221342
33.066783271041224
33.06678135635561
33.06678363857238
33.06678036452727
33.06678080701409
33.06678242701045
33.06678056391561
33.066781526347775
33.06678335099046
33.06678252602471
33.06678191795287
33.066786488801874
33.066780298474356
33.06678182037198
33.06678586984598
33.06678118822926
33.06678047826072
33.06679269665875
33.06678312333815
33.06678206663405
33.06679030921769
33.066782193386835
33.06678267345679
33.06678047826072
33.06678358959559
33.06678451891336
33.06678489256764
33.06678400987564
33.06678363160005
33.06678716603097
33.06678047826072
33.06678296709216
33.06678095694836
33.06678286850785
33.06678203307027
33.06678152654503
33.066781415843195
33.06678047826072
33.06677998643398
33.06678006625466
33.06678196044591
33.0667810297894
33.066780530693755
33.06678109883493
33.066781768862796
33.06678067690079
33.06677981695623
33.06678301649052
33.06677987229254
33.06678015591135
33.06678301323631
33.06677968037281
33.06678004265752
33.06679052744785
33.06678598714825
33.06678074276969
33.06678847285599
33.066786364271515
33.06677861797604
33.066776402249246
33.066767644497006
33.06673261344901
33.06659248865631
33.06631380050507
33.07439696082908
33.06695008250695
33.066257281982054
33.066466029687376
33.06662547302867
33.0665386311094
33.06637556193096
33.067158490209685
33.069145272704915
33.06664286108763
33.06650290937868
33.0680163293301
33.06593795215641
33.066659115976336
33.06851548196476
33.068118956592045
33.06716799767702
33.0678199739262
33.071045552666604
33.069011048550834
33.06997656205587
33.06851548196476
33.06932879447981
33.0662823124639
33.067148436603546
33.067427942965594
33.06653777894585
33.06641024596088
33.06851548196476
33.06696485072715
33.06591338372178
33.0670537317793
33.06642650731777
33.066137754285165
33.066422087353814
33.06608010671711
33.06855893183285
33.06663222580702
33.06652811419169
33.06722782595175
33.0674030782794
33.066366690900715
33.06608010671711
33.06690789880783
33.06629358173592
33.066434641737345
33.066479848917695
33.06648749958456
33.06632806261133
33.06608010671711
33.066153678313825
33.066030260438794
33.06598069855959
33.06618307996226
33.06610959553159
33.06608204541178
33.06608010671711
33.06587780699238
33.06592844462297
33.06612163502993
33.06603211020603
33.06589832281436
33.06606015403016
33.066846511811704
33.06642877645664
33.066064570242354
33.065949030579866
33.066071692348665
33.06648484295951
33.06615939315573
33.066846511811704
33.06599841250258
33.06604213141844
33.06586565288432
33.06587627437598
33.066404487607485
33.06596890710541
33.066149635505646
33.06695062786389
33.066008132603834
33.06584599220879
33.066401532319325
33.066009337226475
33.065923550416954
33.06614294257906
33.06674256420097
33.06637444316765
33.066275350018365
33.06619861145212
33.06703714987553
33.06600712157587
33.06614294257906
33.066253738820414
33.066129496760865
33.065931231591115
33.066840437338364
33.06598271353832
33.06604557582987
33.06614294257906
33.066183743835786
33.0658561832398
33.065988972015134
33.065988735615996
33.06588123252358
33.06589164570081
33.06614294257906
33.06591371258793
33.065897835937484
33.065834080913966
33.06602234973586
33.06585464127602
33.065890654615984
33.06593938317371
33.06586437497004
33.066225136088015
33.065957282738516
33.06586974801894
33.06605102285106
33.066000473592275
33.06593938317371
33.06587091347479
33.06587938127192
33.06581883659503
33.06589354524181
33.065902602263726
33.06586213085398
33.06607098654111
33.065871859517706
33.066078932032525
33.06606675263829
33.065951264235565
33.065938973676325
33.06592162559105
33.06607098654111
33.06594825027603
33.06588471401223
33.06581845631787
33.065879169526525
33.06597984346936
33.065823356942616
33.06586815768213
33.0659704911124
33.0659947426202
33.06606158709714
33.065897322896994
33.066173463030935
33.06595292699986
33.06586815768213
33.065934526043975
33.065901611792626
33.06583575089313
33.065895393713795
33.06596346801094
33.065832151213556
33.06586815768213
33.06586155527118
33.06583958549313
33.06583156957368
33.065862099747214
33.065837322994085
33.06582699952778
33.06586815768213
33.06583558532393
33.06583171882071
33.06582684857552
33.065835903006864
33.065827914344666
33.06582053204937
33.06586815768213
33.06581886034528
33.06583138324415
33.06582438649228
33.065818052290055
33.06582798260928
33.065821902714156
33.06581643618017
33.065809971736954
33.065923386691054
33.06584337336079
33.06592081573328
33.06585706933413
33.06583720738139
33.06605094642315
33.06588196269351
33.065923386691054
33.06584341854025
33.065815284394084
33.06586362141015
33.065837910022935
33.06580465907834
33.065912928581916
33.06585802269034
33.065829380295895
33.065863700679856
33.06599396214082
33.06582872637895
33.06594179666472
33.065889825003886
33.06585802269034
33.06587399740393
33.06583364858875
33.06582505434544
33.06583875765454
33.06587083572825
33.06584552412234
33.06585802269034
33.0658127835435
33.06582158765667
33.06584263791956
33.065813392714645
33.06583897596597
33.06582372483939
33.06585802269034
33.065824268977615
33.06580687765739
33.065805996566965
33.065815982417114
33.065807719559395
33.06580632083157
33.06585802269034
33.06581470579358
33.06580738503695
33.06580433889977
33.06581155096876
33.065803730656256
33.06580643440331
33.06582598084086
33.06582300396777
33.06581001442239
33.06581126333572
33.06580986881054
33.065821636833505
33.065804787844975
33.06582598084086
33.06580552645689
33.065807077500764
33.06581548537131
33.06580380077696
33.06581591068886
33.06580706023004
33.06582598084086
33.06580488935759
33.0658073052932
33.065803004856924
33.065810884372965
33.06580359435077
33.065805163267484
33.065805423793435
33.06581373286841
33.06580646440051
33.065804630777855
33.065807653859025
33.065804207942264
33.065807435926146
33.065805423793435
33.06580671648229
33.06580353166116
33.06580908470145
33.065804547428634
33.06580485372087
33.06580557199697
33.065805423793435
33.065804134661526
33.065802850166094
33.06580365856863
33.06580589786835
33.06580315954692
33.06580456467161
33.06580313358766
33.06580492187181
33.06580981747057
33.06580335529223
33.06580417323683
33.065806019129134
33.06580262894303
33.06580454538221
33.06581370550856
33.06580541776506
33.06580409607026
33.06580772623866
33.06580917907452
33.065803470905905
33.06580454538221
33.06581008358537
33.0658036466513
33.06580266322102
33.06580604257722
33.065804340734104
33.065803017253046
33.06580454538221
33.06580516822564
33.06580354715588
33.065803071595255
33.06580393398894
33.06580407306296
33.065803001600855
33.06580454538221
33.065802781332614
33.06580349792767
33.065802550854364
33.06580250634828
33.06580410405752
33.06580270703172
