9961.441459522637
Inf
Inf
9941.566653103131
8714.385186535443
8810.534543026166
1739.2537944618666
Inf
7671.813256510733
8103.822187651777
3026.9619401103473
3859.6534498333576
5128.871372896709
3187.4386582128386
Inf
4973.635637244059
2902.5176149238296
3400.4927383440995
3797.533693337782
2146.293120459224
5382.0074560078465
Inf
1348.6610022322172
1661.7890103624725
3392.746892239533
2386.519971955541
3540.555326846909
1421.2229011428576
2109.5773428131097
1498.7237485981066
2687.212512133762
2324.8778105341967
4175.112412430862
1421.2229011428576
1452.609834893521
2109.5773428131097
1150.9658944177386
1674.0200498028144
861.5636837426649
3193.502395895629
939.2049197886442
1977.4306651142538
994.2379844414077
2567.3214246570305
4324.908833363319
3594.3457613957503
3155.0361693885616
4275.067981816364
4199.961390832543
994.2379844414077
613.0564567223313
608.0049050351322
906.0327689025239
2078.5466196472557
1479.987392032523
1366.13409377946
7236.233055694694
2917.182788855349
2530.27222820244
1798.48686214167
2756.653372173619
1479.987392032523
1060.9170729670027
7236.233055694694
1498.7237485981066
1150.9658944177386
861.5636837426649
1348.6610022322172
518.7896385452106
1271.9932331521798
2413.513074762932
1916.8017820386262
3193.502395895629
1150.9658944177386
2060.729265900545
2155.9231188052054
1553.4316556592391
2413.513074762932
1498.7237485981066
1366.13409377946
384.916976260991
2324.8778105341967
738.0618189785051
1348.6610022322172
3093.816115468061
2730.9651397345774
866.057221445776
2950.438227861153
2324.877810534197
1498.7237485981066
1526.1624553418308
3093.816115468061
2803.7626739933526
417.98932361910744
818.5667401299958
1898.9544166247501
586.6246734276988
448.42272130215355
3093.816115468061
903.128438019495
494.7708024274499
937.7356769340962
428.93670418340747
301.74195994684686
441.4463022989543
790.8963730192064
2234.5034194868185
663.5728641144904
1027.4071332284047
1538.4846169711047
1374.8227327796026
514.6066025084502
790.8963730192064
892.5152465746847
789.5440972176775
558.601814033705
389.864017941481
232.77458632952022
251.50349621656426
1737.4743153453287
992.8782542572764
1054.4947527005693
811.1819951552363
1444.767881561546
789.5440972176775
455.4316948090872
1737.4743153453287
953.7289741033641
250.1176840693756
196.83192350246614
590.6304919914622
620.2412352495963
529.0360698529548
1498.783738066129
1327.7323227121242
748.514375833288
529.0360698529548
1170.513768917073
1093.4489512368082
751.2214267237118
1498.783738066129
184.51186919718114
805.8828487037184
327.78806564827715
328.9786134160934
1053.044873692405
470.4381311200038
661.041662420208
840.8604189206314
1433.852392162004
821.0741883706938
683.7189046128549
1718.485529017296
979.3151267341342
661.041662420208
892.5152465746847
280.26101287279954
321.61497810838364
838.7712339455336
181.67197827078616
309.0876385825518
622.7883803683076
1342.7943836532688
963.670528180195
498.17912665614654
1042.1121935672313
841.3592227792096
749.9742453116017
622.7883803683076
460.82505774488027
579.4615307255566
749.9600631498006
191.68245689212418
364.9000952219446
486.86382752916103
622.7883803683076
278.0997748067447
383.8489476466642
156.73581261547494
469.1607472484214
143.20748924852586
300.8777266283979
1073.3920054824982
686.7005846757983
661.843260469053
363.89067622298467
526.2130455994973
879.7777103062884
122.30889998121003
819.1991959292519
1285.6035079930996
333.19914086355
1957.8571685898296
1465.6428453837345
427.26944622298475
1780.9720242418196
819.1991959292519
108.16479816812014
415.19098450692604
776.3248458559457
308.82262769185036
405.62197124675475
752.0644578575783
768.4447799305448
1860.709600125996
827.2279000059976
679.0180109330134
1771.3007218616108
864.562700446584
651.3594158688772
768.4447799305448
58.88108188630539
609.5627663743866
793.9550548491803
163.17948860059565
676.6083807272514
859.0843030691794
405.79912947905456
738.4307760993746
1113.4629680054434
708.1081381509716
849.8992563844143
1143.7403983277056
666.7256963571363
405.79912947905456
528.4198440338254
272.50045012788763
533.9130483107631
549.7135517663868
261.798545181571
496.55200875577975
405.79912947905456
407.98351097849286
193.16772207595025
192.2388693102095
427.66583031615727
207.69817060157607
164.9276598730254
405.79912947905456
164.91443036932355
120.40649103184711
84.42294259566475
158.96858612909443
121.19422382602008
100.29717585726488
405.79912947905456
111.78725033690695
66.76212845914515
75.24439907504554
121.42183846811238
83.30527674471278
61.542292650532374
405.79912947905456
63.9935908306687
67.6671920796422
58.36225842502735
64.16037680310443
76.03200669043319
61.08518293010348
73.47875337827632
98.03122046739705
63.90468608023521
119.70406535794035
88.71848901264116
68.85291212920711
103.31929408000663
73.47875337827632
68.62131500189565
60.47375648898622
60.37348501700802
59.53633186997905
66.6181152104096
57.500702923603235
93.98856343622285
90.27730093167601
87.27578534594156
134.8786809693275
60.76256297031081
58.40776272909778
98.98123453790697
93.98856343622285
72.3603322523509
56.711044308906835
59.44303579304453
58.18756650691155
82.288732546582
72.6887969650979
213.6514592761173
114.54808124636756
71.14717564448632
56.042600515577334
163.52494512399124
63.43192072680541
59.9998132261259
84.48348502600024
70.44157158929069
281.14251993087294
61.12355437704237
47.03938666213057
214.6800183003043
80.29495541807316
105.37986519980953
542.3393392503663
197.06117482980903
78.64553696388543
556.6929177185583
194.87768526380066
81.18849260358746
105.37986519980953
118.58740300987373
188.94122125327027
78.5333322208831
138.90416793116344
159.55997887685717
95.15390551744918
105.37986519980953
81.66138133627302
51.61685086054753
71.97278526189532
106.15738865039748
51.30827364914306
53.20211757144767
105.37986519980953
47.81364701481927
73.5519097595851
53.485564112472794
49.093630041113386
54.763103116260986
45.864789966571124
106.36944314879224
62.587098999128635
46.74976932147505
116.85098908968068
53.334799970166685
55.48335708980305
104.17172979945597
106.36944314879224
70.30087312106674
49.86816435518104
56.20919518790728
57.05928275100296
70.52966686586646
47.218083440093324
106.36944314879224
49.85050977342201
59.73131427909581
46.046508692865984
46.50194993462748
44.98373658207521
49.60077533607255
154.48978121287394
57.58046266100843
51.99503744630014
45.52607753567361
87.8117239042107
43.421887842414556
57.54068401923139
80.95199889973938
60.781709378150026
96.45141728645245
53.36269164937455
66.58870746441802
84.24117418796644
66.88133304745222
80.95199889973938
55.229059621975104
73.87803886609305
44.974164933190934
50.7412011088424
65.88609629620635
51.596925163784626
80.95199889973938
57.44861302976586
42.9178696309144
43.852493207341304
54.08648669468155
44.031414809302326
47.52476011510156
61.23067859092294
46.083372633555705
65.97762630713146
60.95862516392143
44.84919410788563
90.84482798231565
56.800646190202784
61.23067859092294
47.196232780449364
42.618414028290985
47.053990213127555
56.09470620923715
43.93109301301527
43.598604133982924
46.272321031928705
56.518045913192324
44.55970688566456
42.90240623600453
75.45054281172975
56.29637685031181
48.08953771955689
46.272321031928705
43.30644374928645
55.3714779559444
43.14181165138866
43.36890871594841
43.46905046795248
45.7054805750987
46.272321031928705
42.19607193341183
42.85543503190548
42.82931479558366
43.04123747060558
48.20994277074506
43.27809622116447
43.087791212034276
44.05145419553153
50.5799353064552
42.690743937699644
47.98723279293223
43.16214285283886
42.08840963674322
44.60287395737267
40.51966122571746
68.77301658757145
44.63249780660023
43.93750145909785
81.23309237702979
47.728948392150464
69.70430548823703
107.400437752362
42.478206967237426
46.65824990119898
110.5380892540633
59.90048901523531
53.14554167606523
69.70430548823703
63.39864460560614
51.222924152859584
51.13592677445989
52.81576638344512
39.31115324803897
44.07503865540504
96.20863876858535
84.11949805175655
80.1653889171803
46.987505342809285
117.58251143375733
58.51279445009418
44.541306224455326
96.20863876858535
78.05359687855217
61.47957625838993
51.9002844319251
54.31651516544321
46.49351690857257
45.17010659382935
96.20863876858535
57.54584794381472
45.219582048094075
40.34702375810913
43.20097852043027
39.71862145896046
38.48449962798976
55.40010989516498
76.94615429212419
49.8924711132732
53.25503473316186
58.283913201693835
61.18619842599175
52.78913270561063
55.40010989516498
43.33519254765426
38.809903942534994
44.225951250960215
47.950796328012835
39.36743099239671
53.04681885576866
55.40010989516498
38.1495468098805
39.757466227565175
39.376728320412305
38.820337989920816
41.1080629070001
44.114044650779874
36.81853254740319
43.22623718557809
57.768143088241544
40.48081396877545
60.177245242668285
61.199949052818525
45.750616500075004
51.73683725383919
43.22623718557809
61.70835633088543
36.65192926895675
37.81803382747792
55.78956103896355
37.54728678170549
42.081015713763286
39.978023957002364
38.71351995271105
57.51343820835336
54.66690516892737
44.41000876366263
55.814897584901956
60.755872054442335
39.978023957002364
49.367401293583576
44.007099296873115
41.33267588917766
49.4271426961837
39.807477285091394
47.83953655440501
39.978023957002364
42.38515815442221
36.60322380438376
36.46064851921742
37.97578228541933
36.700968332573694
39.603335201736456
54.290264460606046
44.878093748233155
45.327998357838524
42.028849274203246
51.493572830796076
40.12259470715012
41.96194491351784
54.290264460606046
36.39364331073197
35.54768179156542
46.73508164936384
36.9052573778542
37.98166715463369
42.354888638317156
42.38965168906319
36.19873493390061
50.28966372019643
35.86182947787961
36.94593698898013
52.316680401513835
38.610428841614294
42.38965168906319
36.72252429406181
37.880218283593244
39.92439947378799
37.3637202319096
37.1676969607889
42.3538256693039
42.38965168906319
39.60091716622956
35.788632743330425
35.502241766168126
37.549120830774804
36.207550111877
35.63160761787516
37.841582635063084
35.91402483400443
36.305195681747605
41.45628170993866
36.08108518844808
39.2294906977563
37.788155505876496
37.841582635063084
37.76546862567103
35.358750748255034
36.176844428038876
35.568139577854005
36.41090062004462
38.36628722464531
35.6853784761784
43.27004087864874
35.81958758114993
36.285569862050465
41.289830548056834
36.05471191103314
36.01921573946641
35.6853784761784
37.26044478591242
35.8718805385109
35.559853530993344
36.023995723512556
36.6695129974792
35.33652274610271
38.77231715031245
39.86000597058292
37.14434802116318
36.47912112973976
39.457658849511525
36.12172854275384
36.877874880607294
38.77231715031245
36.83832968677733
37.11302243049411
35.57359735044868
36.6822671365602
36.644494606620604
35.09937285955357
35.05580129747906
39.104150266589
50.30795023292447
35.213732956658134
35.57399044746235
51.60722633804635
38.80932336127605
37.524567734741005
39.104150266589
36.56802575903912
43.320671306332535
37.05396744443477
35.08979004676825
40.69863169943713
35.69777581282627
39.104150266589
35.077614390869236
36.0435155779019
38.69385459295049
37.30186085386972
34.590434077867926
36.32948897328457
36.35659890209122
36.02461527734011
39.44621744867784
35.26599868772865
35.43798447334493
40.47838744241236
35.68775659382926
36.35659890209122
36.36728570656902
35.28240207347248
35.94878491687604
35.73056193729417
35.51288656499851
36.12048725019841
36.35659890209122
35.22569099312066
35.16625770579225
34.591513068900355
35.255743200326904
35.20479328651501
34.8638178319598
36.35659890209122
34.73048199978644
34.7308092029849
34.83280069467996
34.95566678119856
34.573531460448095
34.58650204181036
35.76543515661742
35.171706408197466
34.89281403137559
35.52255796159116
35.020927594884135
35.2969471152323
35.022274684571784
35.76543515661742
35.07809968668768
34.64893117475242
34.59930903239234
34.8243990169149
34.80335257584495
34.603134646491384
35.76543515661742
34.869794603163065
34.5961378236643
34.556500147218614
34.713249226910136
34.55092260128292
34.59056632542914
34.62601338451073
34.59003609394438
34.60749377189751
34.90816047347971
34.585597598194724
34.71224301361549
35.188206440051815
34.62601338451073
34.77581017576092
34.54896472538137
34.57718386508558
34.674712331977915
34.60239174683098
34.57476928233525
34.836983686380826
34.91423598252874
35.06973430337182
34.748477250616276
34.847823519171385
35.082832524516384
34.50263406892195
35.5166643837375
35.41758129794317
35.16726970263847
35.00522150013012
34.801877457898286
34.8705612725682
35.74733984346007
35.5166643837375
34.63731256915356
34.446464700567375
35.36811147070597
35.18801235440721
34.6405795149589
34.89642433531293
34.73956057348967
34.57000941452076
35.0732834488987
36.640240866826126
34.89108835858185
34.72831948991343
35.79629751883402
34.73956057348967
34.653657225213905
35.01395704893956
34.71664413994815
34.55435542885979
34.8572754065432
34.983011894836764
34.73956057348967
34.536481409324736
34.67808202682675
34.47736757513583
34.49197964306111
34.788780916809124
34.45686204225607
34.73956057348967
34.5177634111325
34.50180797767255
34.4543678989437
34.5171931085097
34.50527563328941
34.444389999953465
34.512060370745715
34.52315925181755
34.465694931725515
34.884354158168556
34.572337934467214
34.46766156623617
34.72604931035144
34.512060370745715
34.52882280665955
34.49909209088712
34.44459484864848
34.52635120528967
34.475196195422875
34.4933894761912
34.512060370745715
34.45629492091413
34.441566132556986
34.46803841848853
34.492475899174664
34.461242841074245
34.443959462766585
34.45358577186405
34.444746436089034
34.606135418016706
34.444359542976095
34.45568041203581
34.5575382371236
34.43877240894288
34.62443306052942
34.73953178499564
34.507991594536264
34.710688376830845
34.593313367492854
34.43980562165518
34.593001108492324
34.62443306052942
34.506686123473855
34.67033252484321
34.505858479410314
34.46805096191707
34.54461012069704
34.48199553429176
34.62443306052942
34.47781698266537
34.44096727074963
34.54921598349211
34.45832772710759
34.45102401443512
34.48344804450426
34.62443306052942
34.47534937207352
34.45439616339646
34.44198751340716
34.440992791386726
34.481903331309915
34.44131243867993
34.62443306052942
34.437803723933186
34.447203026265825
34.44944083957786
34.441111884376575
34.43971144357448
34.43769243421687
34.48483628247664
34.4568650814513
34.4373683032162
34.4509822573061
34.460041117308094
34.43815757592588
34.441757983734256
34.44851641715571
34.43179135769175
34.50722859483635
34.44096029337532
34.44330842537389
34.49502663886294
34.46635541447555
34.428323740198245
34.529599073772204
34.480557588802824
34.63769831987159
34.71325688401472
34.47361382574696
34.88237925705981
34.60748398413978
34.529599073772204
34.447573378301016
34.59842711555936
34.48544428628682
34.503105383046524
34.50196548719143
34.461403770744106
34.529599073772204
34.50103228779589
34.44179818355513
34.44167803231176
34.44699040574824
34.483957692710845
34.46620714401022
34.529599073772204
34.42665702180406
34.43241253602453
34.42226146126434
34.44769630741295
34.467283304999796
34.45412653367617
34.47337448101063
34.47065538657821
34.472681258866835
34.43131058064927
34.46740904585151
34.48935156066943
34.440843800083776
34.47337448101063
34.4428959488176
34.438973287753846
34.41255194403164
34.43434976220447
34.429199137054674
34.43197090795424
34.441501649214196
34.47373758424364
34.4439219004139
34.43410124402332
34.500039959230115
34.46562863490466
34.46299165546489
34.441501649214196
34.41119097847096
34.41879566382858
34.460560622211396
34.4176392492814
34.41482189794883
34.442865131723956
34.412262947891115
34.42522993406696
34.49728016930428
34.425979359722916
34.4408702719837
34.45719897088563
34.428279300453525
34.412262947891115
34.45527673359034
34.41325503007661
34.42584829487189
34.433661527051655
34.409126977147054
34.42290422525545
34.40298947554242
34.39417984459475
34.35935004743877
34.574451549094675
34.86420906304335
34.41584660753865
34.57999883309379
34.37725634882822
34.306534745316874
35.12937501367137
34.71177444576712
34.569373105332645
34.64368691070845
34.97670585217749
34.61241703699578
35.08442482061341
35.63444008172876
34.71177444576712
34.949831140538095
34.5190343727282
34.651826002130875
34.60168088801202
34.67447601886015
34.3810617154664
34.71177444576712
34.794460038499814
34.27527223286585
34.31781543049778
34.53472778773099
34.434052523517515
34.324335688198204
34.39727378159062
34.57771340320217
34.65254312142445
34.679886123902115
34.56682229439547
34.97447406830836
34.590267484343535
34.39727378159062
34.52540906178464
34.25666794694685
34.39580182144323
34.47275063760815
34.293870336374034
34.3690720955306
34.266706597225586
34.643812092290254
34.34984918695505
34.46640037594332
34.88113928636989
34.3157936316893
34.51846141040474
34.266706597225586
34.28762580593433
34.53744586664475
34.26668944059947
34.27752905235743
34.476828616680216
34.34440062656072
34.266706597225586
34.24326521991899
34.279761819104905
34.40824759288399
34.300162441257775
34.262383643180556
34.37372885367914
34.67170075883023
34.33286422856011
34.422066842543956
34.373795888966995
34.269900167685186
34.63833409795839
34.32767246381057
34.67170075883023
34.32767918321178
34.35232322448765
34.24811104939386
34.43067256453602
34.285125317106555
34.330987276093516
34.67170075883023
34.30903675424436
34.24996710703344
34.25763268457146
34.24679174744888
34.302193142982546
34.299921183772106
34.67170075883023
34.24025459735696
34.28587761449883
34.244517625413295
34.25358385593722
34.24334490248369
34.24201278292645
34.25733382531249
34.31870214927046
34.25405162042772
34.241408908032994
34.27535479077385
34.242334383420655
34.23910019816061
34.294736531611
34.33801083752783
34.3354911489388
34.344150685278635
34.32034830798013
34.42162010407456
34.32573696859884
34.294736531611
34.28264577846575
34.237056021233165
34.2924626613244
34.27710986410093
34.241144267873295
34.28241752004391
34.331068353583156
34.30968371593188
34.32796098190017
34.34153578836808
34.261757752502575
34.30424129297916
34.438311737928935
34.331068353583156
34.27572814070392
34.29244504294807
34.27706383927926
34.319228200439184
34.26390226277392
34.26556015031884
34.331068353583156
34.30444680368179
34.24044945234661
34.23929258027777
34.272596258807965
34.24933014090006
34.23998331534841
34.331068353583156
34.255344698968386
34.23667887999011
34.24751773073923
34.24374475392553
34.240547915173856
34.258432290567285
34.23517036712986
34.22913714928731
34.205017599152775
34.46845183745518
34.239221192865735
34.3057096019303
34.18497891746826
34.36415813909504
34.2163170210142
34.28219235565485
34.958400370559474
34.51300149934548
34.80936569375031
34.31479474715503
34.250929456847004
34.46543752715941
34.676329116636914
34.958400370559474
34.43863127398129
34.1795135591312
34.3394486152893
34.255983543275654
34.38227343074773
34.20505889698387
34.65252985067028
34.32636269700006
34.6077282740811
34.56017838087529
34.44942572920441
34.49960529682075
34.58488091360524
34.65252985067028
34.194324223980566
34.3406207509693
34.18029673954945
34.30603208000748
34.178946489145666
34.28072604285691
35.45906905229116
34.90014898534198
34.16016456515954
34.639212598524395
34.389332462186744
34.3318679208069
34.27069057903043
34.72691087450842
34.49461355910807
34.73642647355251
35.29219783693395
34.50158498463418
35.253401261825
34.864004158675414
34.72691087450842
34.64478905663699
34.37586519616044
34.49012902191817
34.43629329756302
34.486350718427225
34.539832256041706
34.72691087450842
34.349138730233605
34.37659002020182
34.316915141519964
34.26972025543603
34.43443584233448
34.30634209230979
34.72691087450842
34.254407861625694
34.24564492896882
34.169983371572954
34.250823071068126
34.21039651877771
34.202712917893635
34.72691087450842
34.189707995478344
34.160089514925026
34.16517877348486
34.16462003800888
34.2115175497926
34.15636600123422
34.213452305658905
34.16069453252433
34.20544936112814
34.26380461248907
34.16446187961289
34.199111069533814
34.28449394807663
34.213452305658905
34.17400986689147
34.172772305324706
34.15755812889503
34.19506961990847
34.19687074386711
34.165256218776264
34.213452305658905
34.196030162593644
34.15551407479592
34.166713943773836
34.167597668846334
34.15906125751036
34.15453400958164
34.25315889772902
34.17415111356103
34.196514161487784
34.19993581206325
34.173796546267184
34.23940068376603
34.191662494260505
34.25315889772902
34.17460064923537
34.15128654153188
34.156098312542404
34.18947000557595
34.15778152628723
34.15546361120094
34.14930301228618
34.20897847799678
34.24493841388134
34.248773414905486
34.19990705874429
34.16169763692113
34.348253685648565
34.26126310396898
34.20897847799678
34.183693301009555
34.288800279103725
34.14590500081148
34.14704962175914
34.21496768398297
34.19811558042588
34.20813439890574
34.30846171588521
34.14856165032572
34.176142540786486
34.26611204921733
34.152158791867336
34.15130439015578
34.20813439890574
34.16763701030207
34.17257967664524
34.164961108439805
34.19217451054053
34.153974068422514
34.17627294951402
34.20813439890574
34.13718264482904
34.139038096240384
34.1409529447003
34.16630219509973
34.15642209260981
34.1668285347074
34.28394673953333
34.24601041650561
34.14386505814646
34.13696503207403
34.19033123057026
34.191445691424384
34.145176598582886
34.179817294907835
34.16228002916247
34.27912646355479
34.143126978828164
34.13331929607019
34.377904484255644
34.18821335795713
34.12467219137358
34.17236773539955
34.634203127275185
34.30089667501209
34.33635166037786
34.48026397723699
34.355164111725934
34.25831957782792
34.17236773539955
34.40082739988829
34.149888484227546
34.185618671550046
34.36833838016655
34.112425993845456
34.1265212568421
34.60516998769358
34.282061564835814
34.10866408366861
34.66816835568502
34.146966497370705
34.16839308641358
35.13417652724043
34.23551628269892
34.34459678025509
34.506154320023356
34.824628123647095
34.20185464557443
35.05364303649889
35.56775221536474
34.23551628269892
34.68041565267438
34.25878658671402
34.361637750065654
34.30346266757636
34.54269395494718
34.62923120425233
34.23551628269892
34.392523490174895
34.21417449952
34.422551095242206
34.19357136682445
34.07039692847093
34.213857282013365
34.185212038234525
34.688218926762914
34.109046249081
34.424274294897415
34.402612131750296
34.2365022537545
34.67139665685797
34.185212038234525
34.451043530418126
34.2100342766255
34.135910084993284
34.266946960688344
34.274254693764085
34.14007706524902
34.185212038234525
34.103579094331266
34.053570258895235
34.26485795587705
34.148525737064844
34.08722396760633
34.196501174875614
34.211436573266106
34.07565260690448
34.20267382233017
34.181635349180695
34.07249344938389
34.366385274842784
34.31907223106463
34.211436573266106
34.135234638198575
34.0980587615648
34.06269103864547
34.21580015438448
34.17401833879646
34.09377071763682
34.211436573266106
34.12938429006846
34.06220589151749
34.069326971039914
34.07865903887157
34.09973638024364
34.055123360713196
34.211436573266106
34.05562804596445
34.05110006735333
34.08042093695423
34.077396668807516
34.07178694417331
34.05404680734232
34.09921004775771
34.10225161815898
34.055257208325166
34.054540904430986
34.1213205889943
34.05662710726373
34.052694181757644
34.09921004775771
34.0686786607693
34.05500179979671
34.0528222580786
34.0623176370971
34.0536921687681
34.05052413651273
34.078074137829304
34.0600089889512
34.06158582399842
34.10989507039021
34.05432918882298
34.05392678083895
34.1178782485906
34.078074137829304
34.052576483217344
34.074902790657525
34.05024207147567
34.06014995477259
34.06105884818957
34.06449299036632
34.09623265700502
34.11326670220728
34.07522074506751
34.058529568707435
34.08011884775081
34.084923358908576
34.046356406069165
34.08228780402776
34.161154566735064
34.100529616431224
34.059674740403906
34.19298573210786
34.10846125881327
34.0641471935958
34.08228780402776
34.10955204773654
34.08242539997936
34.05175386556914
34.10024438210214
34.060426503357306
34.06861705036112
34.08228780402776
34.04548973262246
34.064944588868464
34.06850309142149
34.047877508590226
34.04910140152237
34.045328685708384
34.19411570742885
34.133856675625786
34.055826137558014
34.074353696241566
34.070174316814395
34.08300377980328
34.04209651880117
34.118872349584585
34.25804129922051
34.068457845667716
34.04586059847087
34.187643872349256
34.09495644489388
34.05333592614413
34.118872349584585
34.05466907706209
34.03523434424951
34.10783445156484
34.045559355536184
34.05814180488323
34.12725920272476
34.07972220988011
34.09697956082568
34.13413461580498
34.04345431293224
34.13500205177151
34.2216435284433
34.04839883644695
34.07972220988011
34.07366512603508
34.03170986022991
34.11039730027961
34.04840182638858
34.03902538804709
34.16138744550251
34.03920340257933
34.05779376940498
34.21979717196524
34.10562684596402
34.04842959492662
34.15613979640748
34.18174710977698
34.03920340257933
34.08153551858349
34.057957678488265
34.05160443976662
34.073362441034966
34.03830485176496
34.05065452317901
34.03920340257933
34.03202054419983
34.03315070132131
34.0573243438046
34.03139916575978
34.0355443284313
34.06087783448356
34.054691048489936
34.09524557006275
34.064017284892124
34.050567988492844
34.076318219946614
34.06914431366343
34.038392567961424
34.054691048489936
34.04161332319853
34.029353296664084
34.056926981761215
34.03465822616846
34.03881605928991
34.06678998527907
34.06973879015986
34.117606589705574
34.04493407513951
34.101116608781844
34.077629182297606
34.07121746797297
34.049438401691994
34.06973879015986
34.04877550930577
34.030374372217494
34.03170006793775
34.07350635279069
34.048477195161
34.045996733101
34.06973879015986
34.04368659241557
34.02718276483562
34.04649423467178
34.03005883191548
34.034769289132434
34.02901015062684
34.058503253941474
34.05367585063557
34.049767055953005
34.03048069761369
34.04575211268589
34.051259596315134
34.03553490665484
34.058503253941474
34.03565801974091
34.02903920307699
34.033042550938625
34.034081381258616
34.02869956205021
34.039415785754976
34.058503253941474
34.02688898275231
34.0276844760524
34.02873436606769
34.03097636580293
34.029414020845046
34.027726914468275
34.06076048314035
34.034332979100725
34.039581494718384
34.048497943385385
34.02860448015623
34.02747292862833
34.0366457603377
34.06076048314035
34.03466628068918
34.02721741153416
34.02772151260369
34.026971450015324
34.03217270874536
34.02605645605342
34.02272638077248
34.02823812383126
34.06516498899684
34.02278330913721
34.03022312325918
34.092266618299604
34.025510542956766
34.044730793955985
34.02823812383126
34.034257911344135
34.02957392210311
34.03457962529107
34.031915457829854
34.036633626924974
34.029535776504424
34.02823812383126
34.028139278171224
34.02880570937663
34.02372143893033
34.02543065868247
34.03143390208686
34.02340855977884
34.02823812383126
34.024730757884484
34.02260835964547
34.023398388041976
34.024409979630576
34.022844401467374
34.023730762590716
34.025815654182836
34.02780514964389
34.0259712722192
34.0229915590089
34.02918256792212
34.02609307926025
34.025409048688864
34.025815654182836
34.023578774257786
34.02307119401626
34.02656087427721
34.02313822085168
34.02517876864488
34.02726420345149
34.025815654182836
34.02242551223733
34.02259253061788
34.02278357168045
34.02321308826008
34.023984050127986
34.02404243930204
34.02462240006452
34.02748076202963
34.022755901210225
34.022727330795064
34.02549358324556
34.022095124025384
34.023362136880834
34.02517352421388
34.02241378102567
34.02315400254587
34.033895463945356
34.02279458550253
34.02495665944853
34.0277880845692
34.02517352421388
34.02232718156302
34.024053634688194
34.029776454171646
34.02230680508819
34.022510580326795
34.02577048833044
34.02517352421388
34.02546558816715
34.02216705345067
34.02210782854061
34.02343577701152
34.02332519142308
34.02228558519178
34.02517352421388
34.02230249818082
34.02200734627573
34.0221435367564
34.023636886001604
34.02218290182109
34.02224547685046
34.02290454221
34.02425062304358
34.02192484818761
34.02195825045925
34.022112941289656
34.022765755278634
34.02348606668931
34.022268087210485
34.02157948677587
34.02677677939833
34.02430686353344
34.02227021040743
34.02407686250668
34.023617208638996
34.02270234387559
34.028577345475114
34.02332082750768
34.02236350823922
34.03398411128311
34.026509088118
34.02660660224255
34.02270234387559
34.02205767488821
34.02572019389392
34.02430069877989
34.022836832562874
34.02376715687115
34.028593546247194
34.02270234387559
34.022279066915466
34.02285209647409
34.021647131858835
34.023878949266845
34.02171455826533
34.02302955254879
34.02270234387559
34.022471250544115
34.02154253260073
34.02145289602794
34.02158609025665
34.02170133504773
34.021706077527334
34.022572154755174
34.02226166339478
34.02124924446553
34.02431676178856
34.0222412366371
34.021687432493195
34.02296014971613
34.02246429330152
34.02718384214829
34.02158270747164
34.02146322519526
34.02503417842263
34.02206977926117
34.02157755775786
34.02246429330152
34.023018108150445
34.02219777048453
34.02379420775996
34.02287981196431
34.02180086742965
34.02277323091778
34.02246429330152
34.02185459927515
34.021729946588124
34.021263151436884
34.02160887750443
34.02139446756757
34.021671924035154
34.02246429330152
34.02122797149993
34.02181680407729
34.0212848430886
34.02151375634862
34.02137480652802
34.0212575363462
34.02360093335043
34.02187496847176
34.02193582434444
34.02163742775953
34.022497229464456
34.021553164760185
34.022557113806236
34.02360093335043
34.02120373032201
34.021494356619066
34.022149012747576
34.02129440583841
34.02127115417029
34.02162649314871
34.02120461193452
34.02163120282147
34.02112757901011
34.02173318459491
34.02173362834797
34.02127988169295
34.02227450861069
34.02149192344181
34.022412218603634
34.02159257845332
34.023260394908206
34.02187150579317
34.021724700062364
34.024005431756066
34.02149192344181
34.021173731766496
34.02148934271618
34.02200594921605
34.021304481421616
34.0213034441269
34.02190762868164
34.02149192344181
34.02124057846744
34.02134426264592
34.02150141938782
34.02153496330623
34.02119493059151
34.02154288020556
34.02149192344181
34.021099320802335
34.02114003776078
34.021135161940464
34.02115583721975
34.02140535274399
34.02115315953992
34.0209862879992
34.02179324872775
34.022839312427294
34.021439766796085
34.02133199312572
34.02198234538973
34.02156973462592
34.021356311653896
34.02179324872775
34.0213337227813
34.021017472458624
34.021566323766685
34.021163569132824
34.02107473806377
34.02185708886066
34.02179324872775
34.02127688686661
34.021073056141596
34.02111288661991
34.02121987372934
34.02109223609139
34.021057884097914
34.02179324872775
34.02103524295693
34.02110679724233
34.02099695258647
34.02097770736524
34.02113519884383
34.02097562340959
34.02108460433357
34.02146603785789
34.02104596652304
34.02096665539161
34.021306375777804
34.02112463096766
34.02100490990891
34.02115860454209
34.02101210665917
34.02187325036332
34.021008517936465
34.021017473776745
34.02147880653869
34.02123554972377
34.02115860454209
34.021341250828236
34.02110894713443
34.02095332264769
34.02115216927024
34.02105626595195
34.021049255604
34.020986818454425
34.021047064722055
34.02155681248749
34.020997922695436
34.02091420029206
34.021941345817304
34.021123850728536
34.021014368976424
34.02098003024425
34.02270200262264
34.021157985266946
34.02103554703316
34.0219402383502
34.021770577821805
34.021014368976424
34.020921185363925
34.02178382635242
34.02092791663144
34.021010874067386
34.02135990500317
34.02102335293023
34.021014368976424
34.021313846166244
34.02094527851262
34.020897040431876
34.021086936575415
34.02091531196531
34.02099948911159
34.02100485115989
34.02159648569518
34.021029428410365
34.02093808513942
34.02130998082485
34.0210059174688
34.02103116761636
34.02100485115989
34.02121136914911
34.02090679519472
34.02095371605598
34.02111128615606
34.0209100355109
34.02094036506147
34.02100485115989
34.020891286146025
34.02089219282703
34.02110105504758
34.02091949566913
34.020911306519636
34.0210490057342
34.0209082827515
34.021088937131495
34.020951364325896
34.02090794377318
34.0212191854483
34.02102147994306
34.020953085649715
34.0209082827515
34.021055684707456
34.02096204259393
34.020906148343656
34.02096024492227
34.02099432087067
34.02087849544491
34.020961382526295
34.02094026310562
34.02100285954052
34.02119457943776
34.0209919759301
34.02105454545358
34.021126321626554
34.020961382526295
34.02100845845732
34.02089913252572
34.02091562355734
34.02099354147999
34.020888231227374
34.020892415651495
34.020961382526295
34.0208902134679
34.020901075062085
34.02090346862323
34.02092162833483
34.020880946668086
34.02088015747139
34.020961382526295
34.020885993808065
34.02087519471838
34.0208784090639
34.02087862477681
34.020897888786166
34.020898285944426
34.02100118093969
34.02094555593779
34.02091334533086
34.02088151152549
34.02090310305595
34.020931896014204
34.020868877910566
34.0208630276197
34.020959328613856
34.02102026504514
34.02101762474864
34.020860208053605
34.02113611101965
34.02117068405385
34.020929257502324
34.020926597514
34.021328948463214
34.02144665275459
34.02099985372945
34.021101602593404
34.02115060962303
34.020994742390656
34.020926597514
34.02124362502175
34.02091145337092
34.02091309796365
34.021055939609795
34.021014796073324
34.020911714291564
34.020926597514
34.02109095949468
34.02087452661184
34.02085959565694
34.02097303662002
34.02089907684176
34.02086320184697
34.02097460975949
34.02133229408455
34.02096774736901
34.02097983458913
34.02102573806203
34.02112193048386
34.020888543753216
34.02097460975949
34.02086811058541
34.020847946595445
34.02105263806938
34.02095047833632
34.02097198579447
34.02091232725864
34.021076913879924
34.02099363720415
34.02091693028509
34.02102393221365
34.02106076968066
34.02093219058763
34.02103422912958
34.021076913879924
34.0208841187272
34.020878797358016
34.020946378235976
34.020855989841586
34.020857380572835
34.02092677258403
34.021076913879924
34.02084612323447
34.02088889228852
34.020852269153416
34.02088860158237
34.02085291677316
34.020849936079145
34.02116075004924
34.02086441276817
34.02086485215799
34.020945015498384
34.02095530826442
34.020946355025316
34.02088671657991
34.02116075004924
34.02089130535128
34.02084884876973
34.02085263605396
34.02084126210203
34.02090139379096
34.020843477847066
34.02096752263133
34.020834049356374
34.02088279277438
34.0210463658089
34.02084847484875
34.02088574670382
34.021005033160435
34.02080519838176
34.02068979460346
34.020228181399126
34.018381759201205
34.010996560217585
34.00706834770207
34.01761920392758
34.007523144678004
34.007869624295324
34.01169045406128
34.00661355004673
34.006267093396474
34.00533521188415
34.033879066757706
34.0063103867349
34.030259036052456
34.00876521842165
34.006148416309756
34.01914434058662
34.01170031515766
34.033879066757706
34.01436860883176
34.00118627722318
34.00651224297499
34.00397441982267
34.010911358715056
34.013285784867094
34.018475600940555
34.01158634051417
34.016595650257194
34.023828738066065
34.01082661051802
34.0190858962301
34.0282016523459
34.018475600940555
34.00343194513841
34.00772403383069
34.00496662028611
34.01029657450664
34.00210659245785
34.002737201341404
34.018475600940555
34.00159728943614
34.006457472642275
34.002835889501974
34.00077526950559
34.00266536417568
34.000330032460305
34.00261382857178
34.002084251898125
34.013159014701515
34.00263643615013
34.00043580348217
34.001641099226724
34.00479547691091
34.00261382857178
33.99995363448475
34.00454694622329
34.00106537334377
34.006161481017976
34.001321171874366
34.00127414489701
34.037890594184596
34.00562394089452
34.002000770912694
33.998091400010196
34.0039928872506
34.00421932245013
34.00181587854391
33.99858986191858
34.028754814569076
34.006848635626184
33.995248482487206
34.0157216078514
34.01167973363903
34.003182753164076
33.99821993579693
34.02676717675534
34.0256466149811
34.02494702487775
34.05017035590604
34.05561290565172
34.01301415946428
33.99821993579693
34.02090250020807
33.99402245244389
34.02106940792177
34.01306698758062
33.99767458825092
34.011393947951355
34.009651536083624
34.05570950442375
34.02093076741419
34.022761139077424
34.02718753401523
34.05028763403609
34.049807742313185
34.009651536083624
34.029691064101584
34.01067103895977
33.992905553741075
34.01470058400586
34.00479027281514
33.996440924067706
34.013969152462714
33.99523934476917
34.01957933129635
34.02883660609071
34.003857018882584
34.058604533275066
34.07267111191424
34.013969152462714
33.99191314443925
34.0401166112173
34.012991608404874
34.001230564943015
34.01356453525209
34.03914930610479
34.006180424746525
34.07853448822755
34.02457333565282
33.996855769645315
34.03367955008845
34.06269916552955
33.99523207524388
34.006180424746525
34.00325536672976
34.015932407743215
34.013771616176385
33.999924767205506
34.00570861101259
34.03581498498353
34.006180424746525
33.99806295310866
34.00594162516702
33.99392330045467
33.99703869861722
34.01657621243804
33.995146251133924
34.006180424746525
33.99634678371498
33.99136695906818
33.99512891497638
33.99656611022968
33.99309626974615
33.99429487914305
33.998664412970854
33.99477250897547
33.99593519880213
34.00856695891837
33.99394110293248
33.999887718588994
34.000450783473006
33.998664412970854
33.99336856233767
33.99571026006757
33.99876618907383
33.99470682234002
33.9941279179389
33.99576905418085
33.998664412970854
33.99472551450802
33.99123184609836
33.99137173774146
33.99380786948872
33.99238428804687
33.99187344378299
33.993239155435724
33.99184312928475
34.00263631778726
33.9952487100154
33.99193260422661
33.99847582805967
33.99570586854248
33.993239155435724
33.99211733967026
33.99082683953212
33.99432671819941
33.990865957604974
33.99163685180517
33.993909066192
33.99169434255562
33.99229055252063
33.994070606307346
34.003848346402044
33.99286186749303
33.9929554743491
33.99819493632625
33.99169434255562
33.99365461186894
33.99246486837544
33.99134959231385
33.993692954910934
33.992824944808035
33.99181831646085
33.99169434255562
33.99251872282151
33.99096574122955
33.991005923891365
33.992580079445446
33.991081869508854
33.991365807318466
33.99169434255562
33.99128037328266
33.99109930609489
33.991254647581876
33.991373161253165
33.990944190703274
33.99099122569949
33.99169434255562
33.99102975168264
33.99115706373321
33.99074526978028
33.99116437547172
33.99095525442449
33.990908409295294
33.99075058513646
33.990874096605374
33.99098513983138
33.99144325991038
33.99090763520589
33.99088647892745
33.99148124513472
33.99075058513646
33.99083747084766
33.99107672483629
33.99087619483352
33.99095695718083
33.99105637305571
33.990990013923586
33.99075058513646
33.99073069270237
33.990918313939964
33.99076807081826
33.99084304234931
33.99085848021063
33.99087419719966
33.99107356512233
33.99083235338805
33.99074731115331
33.991041021306096
33.990682909937235
33.99085098025815
33.99115550631514
33.99082456092726
33.990952765468315
33.990725647942945
33.99153231797958
33.9910471700043
33.99064017195865
33.991534577206274
33.99056056016491
33.991165522424055
33.993352421803905
33.9924131475068
33.990838524539285
33.99281758646007
33.99267423702987
33.9905667593646
33.991165522424055
33.992028213579104
33.991153301599624
33.99173675271041
33.99193977843378
33.99132133527892
33.99130118345872
33.991165522424055
33.99153384266548
33.99100327706264
33.99068464141472
33.9912883027633
33.99110218114881
33.99068981693586
33.991165522424055
33.99059702518699
33.99087119010824
33.99077955602443
33.990545809996966
33.991040736410376
33.9907059414606
33.99085216879648
33.991257397558904
33.99077486578178
33.990891315428925
33.99119500290362
33.99086242746505
33.99079049554433
33.99085216879648
33.99084598270557
33.99073334584328
33.99079527796793
33.990825627217866
33.99068396900068
33.99083908334577
33.99085216879648
33.990658758322944
33.99062232114897
33.990716771366536
33.990682288215034
33.99060699569944
33.9907376427725
33.99085216879648
33.99056859145147
33.990641680388485
33.99059695260889
33.990577477371644
33.99066129398138
33.99059523033554
33.99085216879648
33.99058605355687
33.9905595212663
33.99057785979822
33.99056311419132
33.990539406524725
33.99056597122455
33.9906006521335
33.99061309773731
33.99056865387363
33.99062684982188
33.99058476499682
33.9905809260496
33.99063410464461
33.9906006521335
33.990560416126854
33.99057926856822
33.990533698113985
33.99054820771703
33.990590530942974
33.990545114934605
33.99052223726768
33.99049068062426
33.9903644545044
33.99264360224425
33.990916882119095
33.99026423303107
33.99019906603415
33.991119155887496
33.99046467596551
33.99052984294113
33.99062438771227
33.990170833203564
33.99130382727319
33.991873521535304
33.99035269439142
33.99158431212379
33.99148688243694
33.99135072285264
33.99561940998505
33.992132313063834
33.99128394648721
33.992867442505194
33.99352544140738
33.99092566404222
33.99135072285264
33.990651080660655
33.99150317723385
33.989958301849
33.99073933095414
33.99225476485318
33.99042518307547
33.992897100572876
33.995056307595874
33.99554263175786
33.990339825028926
33.992195986458654
33.99214040901861
33.99096079136123
33.992897100572876
33.993052409435
33.990611103571005
33.99048859329653
33.99127078277562
33.99171737883315
33.99020264908799
33.992897100572876
33.990125170184946
33.99089441416581
33.99014326546484
33.98997927208999
33.992262655475926
33.990346100519204
33.992897100572876
33.99066198751954
33.99005788000145
33.99003697880497
33.990232076345016
33.990299887165875
33.9902647078406
33.992897100572876
33.990313514720796
33.99001441661435
33.990060617451554
33.99007864707287
33.99018247184788
33.98995714275262
33.99011978042237
33.99016083474167
33.990394658473065
33.98998770599122
33.99026493123462
33.99087100491908
33.99001372817175
33.99011978042237
33.99000456778409
33.99024112125201
33.989933145991664
33.98996450569002
33.99013610435363
33.989981139512025
33.99016233442678
33.99047518875388
33.989978794049904
33.99087155973446
33.99019194571549
33.99003275514721
33.99034499994797
33.99016233442678
33.99039470915939
33.99004328712958
33.99006068323891
33.99014669896299
33.99013461254117
33.98999362672696
33.99016233442678
33.99008216500172
33.98998710193981
33.98995875041605
33.99001007883436
33.99001123915237
33.9899588493383
33.99016233442678
33.98993770384119
33.989952549657296
33.98998002074813
33.98994524433583
33.98994499542108
33.99000428064663
33.99016233442678
33.98995734398348
33.98994424120127
33.98992623976621
33.989958830752634
33.98993204751178
33.98994005221865
33.98997151147697
33.98999556574943
33.98993850031213
33.989964179114175
33.98996381603594
33.989942377368386
33.98994735603813
33.98997151147697
33.989925735019895
33.98993836660877
33.989946124851784
33.989927104934424
33.989941186203694
33.98995600337395
33.98994432942911
33.98998465665821
33.98997740137288
33.989955004338164
33.98995855970309
33.98995257243029
33.989942649575774
33.98994432942911
33.98995243035846
33.989932042579554
33.98993881251145
33.989943803251656
33.98993509807384
33.98994499694581
33.98994432942911
33.98993110363389
33.989933792994464
33.9899320989024
33.98993345566408
33.98993533236847
33.98993243104708
33.98994432942911
33.98992846401105
33.989931150688435
33.989925491448716
33.98992895780017
33.98993020323921
33.98992675788117
33.9899259588467
33.98993304942199
33.98993219453851
33.98993262609876
33.98993397023078
33.98993135373556
33.98993398508465
33.9899259588467
33.98993346799216
33.989926928281854
33.98992695441649
33.989933175095715
33.989927467961664
33.98992729544241
33.9899259588467
33.98992782379457
33.98992737431321
33.98992560670517
33.98992724892815
33.98992679593063
33.98992537619118
33.98992769958652
33.989928814487186
33.98992918509002
33.9899288522415
33.989928410415004
33.989929454674844
33.98992989254615
33.98992769958652
33.989925814090675
33.98992903391265
33.98992659127923
33.98992541706922
33.989929231520016
33.989927064297504
33.98992769958652
33.98992668903745
33.98992592931618
33.98992593683894
33.98992655913178
33.98992571223994
33.98992591007992
33.98992769958652
33.98992628621277
33.9899254433648
33.989925349665725
33.9899262514883
33.989925482864436
33.98992550156464
