3481.5099764082242
1776.5288026330377
2240.267288669072
2443.8451789106875
4693.682223463778
3570.373478080627
4517.802377464315
3062.7042487308704
1505.6853099043806
2141.0349919977257
1608.289827499832
2726.6179249985776
1989.3667592714564
7414.3248351911725
3991.793534164213
3315.3083035377945
5869.8187782170935
5973.556839798567
3631.6189075405987
5548.889035190066
7414.3248351911725
2339.154048776397
2141.0349919977257
2715.473128477823
678.2390908185905
3560.4092223223147
2688.8151577149706
Inf
4148.305000892856
2715.473128477823
2134.748127876276
4304.703732599168
5968.006348031971
2923.5195181714494
Inf
3647.4286871362738
315.93435252575773
927.3141577173005
3082.5252000911228
1710.190927125577
483.05759162990995
5450.6620070414265
7400.54616523728
5638.727691394255
8944.54575944267
4517.802377464315
9300.118403215936
5835.496250881428
5450.6620070414265
1745.9833577218596
1262.6394317099316
1295.5743085304036
2377.852062773375
1466.1893228615645
1614.6990339383183
5450.6620070414265
715.0245025980506
408.71662465530494
444.7903058676429
1346.8932076495669
932.5861204385221
998.9710268540886
5450.6620070414265
233.48960849411313
152.38462454590268
1056.9370724394796
496.6682646417271
751.5886783681252
485.4052787398617
2415.9858489223375
869.4674575537775
899.5726485390938
973.8163999391969
466.86186031186037
1204.3418976308988
583.2673399797136
2415.9858489223375
884.9909466535803
227.43276593254024
114.5637600504306
555.5123664696333
496.68883625563586
302.11805346314407
820.7538257266358
1042.470604549858
686.4532162973103
756.5012257903842
986.1029549220666
824.5075068100325
596.295762545701
820.7538257266358
901.9052687588394
146.39213531081987
415.3739428171512
786.9483240733473
218.8654483906857
369.6153411036356
820.7538257266358
332.3062013400061
236.841387462321
252.9901502446911
266.18817468102986
241.41072298395875
204.69421438953094
820.7538257266358
211.36599435989825
143.54380405200232
155.0833824040802
178.86528965209868
148.67715011257593
81.10128179027112
170.24753899567855
280.50149922981313
196.3666610344023
214.19583095213474
233.16831684983396
143.36944579741484
202.1735459839285
170.24753899567855
158.46616369014978
102.23299592681894
136.8913753225557
113.91429762132243
117.51993176955341
128.74349039803673
170.24753899567855
99.9922962396717
93.90273118179641
103.2845233014832
118.8031822209704
85.24106353596247
109.63071282579759
170.24753899567855
91.47244425242255
91.03088737854885
88.66520327283719
88.79117576281159
87.74191796148598
81.59140139244772
170.24753899567855
84.52812490509646
87.3015109408324
83.98640218449076
79.89948161822907
85.51068696888376
84.66311992465748
81.59571401407861
89.96163588864556
92.80106833764896
88.12361000202304
80.15198605879726
97.79016261249566
91.0843446439614
81.59571401407861
86.94363748897543
81.59559039386096
81.95420272239535
82.56489148429993
81.06084273668694
82.34465299818565
81.59571401407861
79.8915438064257
80.54711524235273
82.38695672097862
82.01151701348599
81.991849287169
80.99993036445962
80.38886469770846
82.57778407459111
82.03740715318932
81.99946939193951
79.49638423055157
81.61513056270665
83.65554978563999
89.56333575947116
93.42911096765738
85.80989114127948
83.14112125542675
80.93809158222226
89.36468620316238
80.88918467131404
89.56333575947116
85.54168221732128
81.85177519606563
81.1675452612788
79.80724232653691
84.89857976871534
79.14457284365247
79.88707182831513
81.14236678498482
80.78624756622209
94.89746781679338
94.0040695914787
77.49395566001755
87.37690794523739
74.39086516802516
100.55887583683395
84.8381352724312
83.91355628207526
124.09213736361433
95.65898093986041
136.58005999678875
214.98847250872296
100.55887583683395
144.75439794720518
76.17777495235889
84.88920028483113
83.60422167011103
101.4512558959506
69.71559318555045
122.37279843223808
94.68465603879659
148.72710308303664
252.6614692408254
68.1050064402848
114.42573713349549
163.29142770095262
193.49490330082457
84.72410833690599
296.41380539475114
185.1704918940005
54.617418296114046
304.13353326934714
189.56566951318817
218.9716611179561
584.2909973503549
258.5079432447239
484.52531520317945
503.3510442318191
315.16697572230214
392.9777202630748
218.9716611179561
441.00139132651043
153.2747326730915
147.614483391035
362.82766501131397
190.9822827419837
218.73993378908105
218.9716611179561
123.05955440142179
135.8660934299846
128.1934542383777
172.70634741812736
96.97494251575144
76.13231516303179
218.9716611179561
140.7826342714813
58.565630672294276
71.81839549819236
87.81095193673653
80.30909662681015
53.396882588538624
147.7429468916137
123.32848092366245
181.06341613780054
71.12364486529239
127.10131902828442
196.2932810816244
65.57832613792382
147.7429468916137
99.04928324263268
64.52801306932278
99.11786535090081
97.0380752233292
61.2497225639408
111.24154070275716
147.7429468916137
53.018748402196586
69.81019645225011
56.00760775194126
71.07367370152164
55.18638160835956
52.34440765419865
118.14393385598888
87.81632262798173
67.11476763012699
142.0880057464619
76.74853824451058
78.3557721691325
102.56873752790318
118.14393385598888
58.617012598566404
67.34826017795825
62.016178799275316
63.90479652212653
77.66424478076715
71.40077209238359
118.14393385598888
65.65007307258867
53.211607647135345
53.32470841268372
61.32050824499716
51.96767268861462
51.90285713246838
52.73922227704817
50.698362137543285
78.72858535621944
54.66684069096993
54.70351575956766
92.63273501032245
53.394040433075595
47.85926610217135
87.61105794365236
285.6357274095503
110.35881237326547
55.95609848316996
254.25328508429766
103.51200594940863
55.556392171941255
87.61105794365236
71.82942128593666
89.76347196058924
57.442772550153755
70.94770209132365
99.61889493902859
55.46862209398291
87.61105794365236
64.85311940089906
46.78172966513028
50.80680579475202
60.76482953594796
48.94159299498877
51.947112696953916
76.49236599835089
49.19031945907919
88.97352750647906
66.83135053692548
65.33828208130073
114.40324269681767
72.52395076208745
76.49236599835089
54.04031092391884
49.92794490702758
74.8754811718726
48.006936769193715
50.88177174103259
65.90814090177304
76.49236599835089
57.29252291249
48.62963035561476
50.01620116717093
49.11515113988554
54.77901068209802
46.885072113914966
76.49236599835089
47.25987106623997
51.853500396141875
47.065546212343655
46.79248624723883
48.125917717068326
46.51918886691382
54.40993453911075
61.1382311381558
46.17343733517228
50.30254648848174
48.649234827010524
50.03801261377789
47.28329969987504
59.915494367106945
52.754706231519684
60.741033553177914
51.52299388841965
49.59932738039163
63.48339670765172
48.17287146886493
59.915494367106945
46.92389958644622
51.590629706604865
45.67318077239118
48.890775899398484
54.9792817459556
46.67865580894056
66.17239019466328
77.15469546690235
51.372300975207935
59.506870220686686
83.12129426199007
45.26540069774538
48.80314450885753
84.8537987665749
48.40833534650472
153.67480150636737
78.24071273772131
49.216860064869074
107.43113586429712
83.59425280836746
84.8537987665749
78.22944163800486
45.161173527246454
46.734266125185314
62.15779457207554
46.32965045362987
57.204236496301334
77.94122549605483
115.9696297833573
80.65126944215169
65.54887888357231
93.57497276870646
61.40956963608369
45.445858842350404
77.94122549605483
50.69472469510906
66.62144102423841
55.06658005283506
49.06047851743915
75.73226081156217
45.871345662454786
77.94122549605483
47.60551157831876
60.76164477506989
49.404448558107326
45.74979082078346
57.18405270422145
44.59939547966701
60.39401374973778
58.09259189666754
64.04872390034467
45.547215053326546
66.62879204333603
61.980343436937346
45.76483980953529
60.39401374973778
45.08186881476846
54.33047873389754
45.05496695758915
48.495927384171424
62.469182465456804
48.16099545462947
60.39401374973778
45.79614859687035
46.43378403798035
46.059052105484916
51.88678856251306
44.566627234216874
43.893590581231294
47.094451967385695
49.98061764024408
45.01555641369043
46.53111594521524
54.62537478847835
48.36203701105529
47.984318510884385
47.094451967385695
46.1500966613758
46.401821213774305
44.13732692929489
49.35678669224668
44.63973523775479
44.11078884702031
47.094451967385695
45.944803172887724
45.024187692816575
44.78027903425476
44.83352182374625
44.169900590349044
43.96261854687388
47.094451967385695
44.62743539632632
44.05728227589638
43.84142845323146
44.15661921839546
43.72980381979982
43.9458070166151
44.74386409677494
45.178306389891276
44.688639733115984
44.437153942127324
44.95904438745626
44.27166820684344
44.33151897301672
44.74386409677494
44.18616773349454
43.74314571122492
44.252071228479814
43.81556242694993
43.74446855400661
44.006302703907544
44.74386409677494
43.75812657055507
43.91945075287168
44.00298841910532
43.70146509452411
43.78003475402634
43.86489919909694
43.5879503380563
43.510943207446466
47.82957122540271
44.51365259046159
45.84279262697178
47.45153102323879
49.3152056107154
42.79639643409655
44.081164350442755
45.22775163857681
61.704892205711104
43.63962480722658
47.39241416120208
63.24996101653277
42.25659313810295
44.14298323316362
46.54143944552071
50.23903056583045
58.141206622688586
62.757270780092504
44.04444067894021
64.47394401546023
60.15509685649579
46.54143944552071
55.35076597435136
45.92838081323433
53.84469126268361
52.061613829642965
50.3390858330946
46.67102255578065
46.54143944552071
44.1746492242842
42.33529254595457
45.50171261301187
48.522417048782565
42.50314860110702
42.9015016986094
46.54143944552071
43.01952693850644
44.06399389200983
42.254332411203016
45.316717402208994
42.429380789490175
44.40008512746826
45.328234997913356
42.61320695424403
43.54002576437841
49.581682405279075
42.13723986976797
42.27242251573226
48.44385279738039
49.6965296968427
44.003834784278126
55.02613287863988
45.257471409084474
42.637331216413415
57.59974069087877
42.14325288654493
49.6965296968427
44.46837638061121
43.745723675707964
49.7164597392598
43.212245688252075
45.14942451450054
45.382416172199804
49.6965296968427
43.84124561952861
43.16238624203001
42.42095081012079
46.84116965136246
42.15723568751092
42.47621959950886
49.6965296968427
42.39874179345015
42.89106187777683
42.55626644868893
41.875820150728266
42.23194193507521
43.454542351213796
42.132090135821755
42.72235217144412
42.68220496191683
44.87055240909951
44.22128483282239
41.95013814423991
43.18774005636195
42.132090135821755
42.669567795491915
42.18363745149786
42.10668505070332
44.03699311981054
42.01638035897429
42.214715215599874
42.132090135821755
42.08167640001847
42.36525498931288
41.96520178325461
42.510080973177004
42.07355308268653
42.00873119660258
42.132090135821755
41.97682941681141
41.95401290012676
41.89963164409755
42.19241328858736
41.92412935762499
41.97055955639078
42.132090135821755
41.893271425335975
41.98560696547746
41.88767556364834
41.992528919479426
41.916789048921146
41.863964786510685
41.907202391161526
42.044510495485916
41.9679515840877
41.87479672763816
42.25812026102209
41.85838215950454
41.87453243628532
41.908315208762005
41.96310556365747
42.259219934559844
42.013860516371246
41.897033431399805
42.74751945834375
41.92182698740177
41.908315208762005
41.951106803976145
41.90572924744105
42.07043023574285
41.93991977595927
41.86266571881202
42.14555096372302
41.908315208762005
41.875485239235005
41.86954208993427
41.88610972056953
41.84127983541028
41.94145982052252
41.83065537367596
41.85197305316751
41.94088936965048
41.89029409705839
41.976444864677205
42.00487304780438
41.8907774622811
41.96469562312895
41.85197305316751
41.85919159833632
41.891574134045825
41.85883130443648
41.889267294857426
41.84785875715099
41.80248045185326
41.88145020993811
41.94498449155033
41.91101692499423
41.91859696435957
42.0966118013367
41.84914839203496
41.89681932978214
41.88145020993811
41.85918056746307
41.853735055578014
41.85835012438278
41.84629848027586
41.842008082317186
41.88444805923244
41.88145020993811
41.83903995449754
41.797846301184094
41.795497127099075
41.82613216412664
41.82008592359354
41.817582450052676
41.84357649203701
41.88869391025177
41.798196283425
41.80450566797676
42.010922931816914
41.81068867626754
41.78648738132097
41.76781184203383
41.705344630922575
41.45771076838836
40.50291022206557
51.64020063867072
39.76970352270027
39.80542601769984
41.27621887209386
41.908522302314594
42.45483313444979
47.16759798048438
41.14596540875247
51.246435670300556
41.351004235561454
40.65243125576049
47.77413956324201
43.556690468838
44.82802955435737
41.14596540875247
43.33460487899238
42.93558586633166
39.14901332742418
41.0155254138523
46.93940906081435
41.30505251884577
47.24761887979837
42.645503881314404
43.618456382795365
48.65012874847272
45.61532013008132
44.082514322583606
46.47737541696446
47.24761887979837
43.55321748067189
39.74323070606864
44.20305217251863
40.299751159202685
38.78398419986702
45.570154788355694
42.69972752695314
40.71831581052007
41.65090119733009
59.34019386127185
39.71830800985791
42.42574256972555
56.802322131424724
42.69972752695314
39.634539191490774
43.75899182202764
41.823434989158976
38.919209715262184
42.42729929935148
41.803654508059786
42.69972752695314
39.123537267912475
40.280864474486734
38.949555846807776
38.77045258482987
40.89722532422754
38.8766223665369
43.64215598481583
43.35338998998658
42.88876129216527
38.89826554950426
41.42645213741398
40.71386679907806
39.16438676439913
43.64215598481583
39.306294196094655
39.0370237355129
40.315522110736204
39.39979450487546
38.5041207640329
42.461572003749374
40.94226584035558
43.793726754057616
42.041833306168016
39.72059573031245
41.21278093089705
39.736579068031894
40.436641171750544
40.94226584035558
39.66657653137721
38.903360040416594
39.89984518202709
41.37511909435376
38.87667854809685
39.00294767721333
40.94226584035558
38.65772903313038
39.27038363787494
38.678148943018144
38.5476677804175
40.30188104630572
38.51958462391559
40.94226584035558
38.7339776366394
38.50655030769966
38.72082886693309
38.9914727231905
38.50168765743524
38.943970945053486
39.05085253162957
38.79032683267017
39.21562791552398
38.85523185882123
39.127340814474856
40.537514679806826
39.17072624966578
39.05085253162957
38.7155125226323
38.65875989309578
38.85008707612815
38.89601470010447
38.58587554709996
39.48668608883157
39.05085253162957
38.58946641753027
38.91687531471361
38.548657291702334
38.8308287641677
38.677563899350275
38.52830134917863
39.05085253162957
38.542260775979294
38.528762839634915
38.55547361403569
38.50110139512824
38.59601911896772
38.62531386317299
38.59668920661135
38.660218474175984
38.49457811318531
38.58691994840994
38.76197719400602
38.51105220125843
38.598543414263624
38.95848761253831
38.53991832882754
38.842733643497134
38.67435048108428
38.537451480088016
39.44789233923743
38.82404253048354
38.95848761253831
38.53480288393028
38.97755582630534
38.650398930656145
38.55662994348457
38.66235059625281
38.812364991105596
38.95848761253831
38.56709868290346
38.563032925491214
38.532480075686045
38.51755830775703
38.67162880613735
38.555457568735456
38.95848761253831
38.52027805024714
38.547354057405514
38.53082645265046
38.56410623553186
38.51486284381601
38.517179036000385
38.95848761253831
38.5087512492334
38.528737931351365
38.51294130358229
38.50514180740264
38.508307765531335
38.501208332095736
38.95848761253831
38.502893336165805
38.50818838623659
38.493464648647965
38.50099436943019
38.50062240652308
38.495691594948084
38.52489387694912
38.532033689452625
38.52625455699305
38.497238280304266
38.50571082421349
38.5016559037183
38.50272095335508
38.52489387694912
38.51786494467832
38.507559820024504
38.50594611830688
38.501556210140535
38.49513859888452
38.493802664499405
38.52489387694912
38.49312795099983
38.49486693745687
38.4952606624519
38.493801346111255
38.49206235714379
38.50623692182304
38.494623716234166
38.498374433974085
38.50010627580616
38.494649255130184
38.493515092843445
38.51384523877614
38.495197235654295
38.494623716234166
38.495493847066896
38.49166100926517
38.4934234981699
38.50228006954395
38.49246370044808
38.49471008421582
38.49005557200406
38.49122899332421
38.49831084655317
38.4925141663228
38.54308305446522
38.523288101822764
38.49500026147939
38.507437157322116
38.49122899332421
38.49554886070417
38.502700989649114
38.51217570640483
38.49010909549339
38.490492869744564
38.49497285541344
38.49122899332421
38.49040588800338
38.4961534829237
38.4891562050711
38.50045171959144
38.48932890730003
38.49507982641166
38.4931724933391
38.50148967512299
38.49170522718918
38.49100271751677
38.51786126679347
38.489432845589334
38.48741557203905
38.48723677061307
38.48827915548681
38.51512271216165
38.58383146837151
38.519125173113274
38.535335287243655
38.522195201215
38.547251251145795
38.48827915548681
38.506515943134225
38.49091055074022
38.50399178185213
38.52481733995198
38.48478011227875
38.4982991052947
38.484469547315676
38.49901702761452
38.66004279342646
38.50710946932398
38.52697376508837
38.5493021729995
38.4899093416396
38.555341659206036
38.49901702761452
38.492579147985616
38.517341068207124
38.49255607466292
38.47933493298552
38.56756908327879
38.492507687579234
38.49685826701581
38.51321465803218
38.501637445652726
38.71271357349914
38.55021205852552
38.49373364221295
38.59714549454937
38.49685826701581
38.48887358054704
38.54627403311123
38.50246283227916
38.486731058417824
38.519368333618736
38.484287513865084
38.49685826701581
38.491113722350896
38.49402473831297
38.47661336442652
38.5010409448187
38.47791365171655
38.484752629063955
38.556517206042194
38.498636439547866
38.533092780490534
38.53317733743522
38.53713441148835
38.50117399476112
38.509766507764
38.556517206042194
38.481788485238134
38.4950443849324
38.47855447805773
38.480025860443185
38.51452235022301
38.47912406251563
38.556517206042194
38.484236044215734
38.47751943422902
38.477029280598316
38.48776549572174
38.47958478346584
38.47768416591749
38.556517206042194
38.47786035851621
38.47787106556112
38.47846290814088
38.478852853422886
38.47856955898524
38.477391401620004
38.556517206042194
38.4762865769344
38.47672017408115
38.47606831998802
38.47694015195091
38.476506555072426
38.47762287697778
38.48467252833825
38.477508494160425
38.47963035784115
38.47756043295413
38.4749872051162
38.47657665592105
38.48112130746623
38.478849650880186
38.482524886158416
38.48065744256308
38.48087065694489
38.482355483304936
38.475270981575974
38.47755506838029
38.478849650880186
38.48202797346346
38.47416658015011
38.476051744520824
38.47885359093085
38.47580783436462
38.47481340789159
38.476468212752586
38.48179987578897
38.475211605397554
38.48755709405366
38.48328137062379
38.47389408501089
38.48441811976239
38.472803972091725
38.46844140236969
38.45095721786617
38.38047690966515
38.089789154027116
45.81741861930503
37.84805377654315
38.246436830592906
38.08760037514985
38.33149716328041
37.933026273628386
38.09199464104195
43.14006976433934
38.39476656313301
40.15839781769771
38.170843841590454
37.80776062987633
38.31459686176733
39.09954110351965
41.02115072008938
41.68734066365298
38.81081303443299
38.785789743193696
39.69097944386576
39.51468389353968
38.06171057020858
41.02115072008938
37.92518649379701
38.158962931734344
38.69628498303303
37.88163983795275
38.10684444956697
38.37650853635901
41.02115072008938
37.60032642809206
37.89797760499045
37.69304474371522
38.015087141267614
37.717554065697186
37.92248676727882
40.798992067730694
39.5046277797988
37.73222152066113
38.60492881571723
37.85961362848413
37.89821857522582
38.056723420656
40.798992067730694
37.68483268847003
37.7847686207981
37.98100977432137
37.76720836530324
37.845348788862445
37.70538777905356
40.798992067730694
37.636084945340514
37.691904801119264
37.68782753589095
37.62847209591138
37.57734477887405
37.68264026568281
38.79729283724734
37.90605255981598
37.80615244833507
37.57410506139068
37.546937969158755
38.7273889165885
38.1413292053896
38.70999901579862
39.066391549431486
37.7344280857943
37.771038429167355
37.96270102859551
38.69165455972432
37.89792719311053
38.70999901579862
37.76013508307833
37.89518166003797
37.53085794411037
37.59487701037049
37.70164846333492
37.56303401428179
37.46669832443235
43.300191016126426
37.79047606200085
39.71649811154597
42.83061529152467
37.17384046568569
38.40118667886162
41.960359703922805
41.64430096017048
45.52659807820135
46.43631311763508
38.32146033486409
47.260894938290434
47.29055423270546
37.57855030911754
41.64430096017048
46.580748185820596
37.54523626511162
40.99320538313609
45.854577536875155
37.111934128316314
38.30894044042435
36.98936257220278
43.267910024032105
53.500011629987426
64.44441271043038
60.695415565955805
47.438363195009806
65.80415908116217
54.12661554358124
43.267910024032105
50.7720189540986
37.94883427272116
42.888077749435794
53.61516051457243
37.161295284679966
38.3251969387182
43.267910024032105
39.25901364140618
41.50659664028348
38.33904005720883
38.46237418940444
44.89550942438954
41.33902425172908
43.267910024032105
38.021854182795124
42.55742045132676
37.24859403518525
36.94948059854545
39.36759543582863
38.17771790966396
40.36974875991011
43.852973600978686
38.342535108635516
37.428898744070246
42.941219556779124
36.41629169528943
38.098601142074585
38.030270718887564
48.23632615015372
41.75881812386783
44.473191443783115
44.068309467488135
43.90578155550609
43.12988203972514
38.030270718887564
41.6665557485202
39.477322244741046
41.86627629716826
39.388322380453054
37.86653918058716
38.70144634843547
38.030270718887564
40.60548422043504
36.80086535642966
36.21318187129688
38.10745731147503
37.7605914415036
37.078913350169756
36.976011124421966
36.04365891832496
43.452102644939266
36.89413546949914
36.38423140823173
45.15233735757836
36.34408958700131
36.71512637846364
47.472275601150784
40.19361423029911
38.535505539716645
45.13620816522491
42.16743727584304
42.64244303701876
36.71512637846364
43.842911954643355
36.19915442580029
35.97423221072509
41.14178518535696
36.958629655457976
38.03976620529051
42.24467939251412
36.97980373182723
36.489446536989725
53.18853761624941
37.30576329637743
35.74526058757142
52.46773750841174
38.63165162422419
37.686588655673255
52.07581152194659
60.853365711091065
38.39711471455362
48.83642464139824
58.06146730802308
38.63165162422419
41.13378501314104
43.37698496582331
44.737959908913744
45.61736337156926
39.961205579265716
42.66955613871011
38.63165162422419
37.266656959988865
35.69336459883263
38.19298494947003
40.763738484045966
37.42146725017769
41.32780398979265
37.7564761191695
44.50780790961485
37.74518648379145
45.4284296232693
45.68369226144529
35.63593807918509
45.370142557550125
46.07262365285188
65.01893531153527
50.54566017100541
46.81630064573132
62.174207374505166
55.212955724165575
41.26841418764846
46.07262365285188
40.323694256749015
37.66178511051517
54.4974616473222
43.59261792940595
34.28556187813916
49.99574596069169
44.14361227297996
37.1526039164161
56.61198528619821
53.226740895023035
37.82139759553946
56.49033523570602
52.80539138672169
44.14361227297996
46.15383341700529
42.537387600477665
36.25706539390079
46.43104088191284
42.324187913037974
35.5298961155727
44.14361227297996
39.26425995538717
37.29509626921642
34.54784668864289
39.35086360155685
37.32151401264093
34.6440506194146
44.14361227297996
35.3314666385286
35.08398852388845
35.99353780022377
34.92806238512751
34.8396966967705
35.90349945665441
44.14361227297996
35.01928975239068
34.439159474425075
34.16974025439062
34.82393290805534
34.1318723483811
34.43750318710758
35.121793628488724
35.911313785583516
34.52041086473131
34.15858979571398
36.61895738618948
34.950162638270555
34.47519063529423
35.121793628488724
34.31536173375116
34.25270145354228
34.57582974850666
33.99719342415257
34.01094258569905
35.29213386830674
34.75805580519671
34.98428966372518
35.897307483892035
35.358182340570394
34.380514949357455
36.88112394718604
34.3436739777254
34.75805580519671
35.06340572330805
34.26158261787811
34.00396017882736
34.11061591960189
34.87950679949897
34.102863960012726
34.75805580519671
34.093790279568985
34.0907407931885
33.97008351499005
34.555241355700076
34.10248900297966
34.02431729131697
33.86178348105042
37.79162554099462
36.67294409678676
35.907640209187235
34.40655816868288
37.60099141491815
35.24557382791792
34.81450879095448
37.79162554099462
33.912037362150365
35.07274950500388
35.19967505916071
34.12540746446961
34.26289016768716
34.413423258615424
37.79162554099462
33.89045099018191
34.22710136618974
33.77016278625234
34.646622774065435
33.80795952036668
34.13696921271905
34.64832890491772
35.67699898230101
34.254841786681624
33.909494902585394
35.71761360121095
33.855639608950625
33.70565967880461
34.07662738765967
33.95451242216436
34.26728077863593
37.735196249648766
34.21015534436619
33.98811337387928
37.79163333175579
34.07662738765967
34.5058454849668
35.262818707828764
33.84659611942925
34.512163047830086
35.23068098307208
33.74041343678266
34.07662738765967
33.84847902602944
33.70229678032491
34.73729964263875
33.93499579788851
33.70904218720558
34.790077109204034
34.25422473868925
33.9956044509537
35.375040322439524
35.19037466147022
33.86055518921443
35.47934614282941
34.67650584893224
34.25422473868925
34.04300335307377
33.98775471809794
33.827458997362235
34.345886714351316
33.88232869635534
34.073352623418785
34.25422473868925
33.75366887766529
33.71233556023032
33.90232015588612
33.701307567255434
33.72426956155116
34.1356634467958
33.69740092307867
33.93261482844399
35.011222429429466
34.267368053986566
33.86429285593793
34.70234471043379
34.6592969864575
33.857140537828805
33.93261482844399
33.77799364923972
33.844388900925814
34.18726309872974
33.88586931411682
33.67030067406022
34.41309430928289
34.30524659996444
35.070905677276706
34.30136709682219
34.25811710274558
35.13266312637139
34.09211819450035
34.76270049040451
34.30524659996444
34.34026259238693
33.882084252636545
33.81014569651274
34.15328009385271
33.698965973895625
33.68666947138871
34.30524659996444
33.70964960837861
33.73744235261385
33.67346280303928
33.80051004661255
33.64774010773973
33.83647514684684
34.51219483934719
34.11365284684524
33.92553144220777
33.76497113755704
33.95162624672917
34.18708133938385
33.695583137268166
34.51219483934719
33.62828076118834
33.64250555956216
33.85870753185944
33.769371505741454
33.68288129147938
33.66007756020976
35.1045245907343
33.78992164657944
33.70908368273492
34.044074397445655
34.28489024524651
33.94884837293641
33.66365646981874
35.1045245907343
33.633286930975146
33.61429532638817
33.723078589346855
33.823229707839104
33.90089371685434
34.08183016541332
34.30628111663724
34.12800739944226
34.04469098595885
33.60899233331345
34.180079345966845
34.19118046100308
33.67913988498901
33.6154166816357
35.878161933474274
33.72337192372462
34.10119125057531
36.25440393208191
33.49461940791697
34.001693621791205
33.81876167823399
35.87139607894769
35.742667814863985
35.256674970740974
35.55718830057577
35.455873944164715
35.4539817601009
33.81876167823399
34.294702682576236
35.059372625504984
33.68367215771258
34.54589153256575
35.072011521551616
33.659627368806575
33.81876167823399
33.94185549265761
33.50637937356532
33.79016075628605
34.08234623347936
33.58242298862375
33.9035883419034
33.81876167823399
33.721141640171844
33.61432789060047
33.5684595091011
33.62851335372979
33.57580002230545
33.50151232749456
33.81876167823399
33.495099432415294
33.56433929998946
33.65337608630751
33.51953621503818
33.5111304683873
33.5937843671939
33.81876167823399
33.5143499576424
33.530921811136956
33.53276906210315
33.47488881918624
33.48583928847255
33.48534250945645
33.56305178582462
33.56634235621906
33.459686001524645
33.51413540630595
33.661987699583264
33.499120271634105
33.48801797439374
33.58662693704333
33.4999715332056
33.58034850947312
33.620841319543665
33.49557118764259
33.500214723170636
33.89137696978438
33.58662693704333
33.48306955085921
33.47359292562477
33.56917749826367
33.48548800327126
33.535817144384545
33.748677963335695
33.58662693704333
33.51219137019617
33.513602305508634
33.46506252448561
33.59546211584142
33.468417123633095
33.47350120737839
33.58662693704333
33.529151160169086
33.46139070529739
33.476818556594246
33.484225818959175
33.458396985054726
33.45917317724086
33.50261790823163
33.47937394365563
33.49502546699832
33.52568405244461
33.54940711930426
33.452531371582346
33.474391497103646
33.474963606248934
33.46522050666634
33.52534337429961
33.514562136898604
33.44272707146612
33.63832690510756
33.5595229477896
33.4989286782292
33.90541148039485
33.633008806573514
33.623002448142046
33.64588564712013
33.49854558795735
33.48020231340054
33.4989286782292
33.508648701207115
33.51794790969512
33.703294982136164
33.470232844681085
33.60911913409381
33.52629780278005
33.4989286782292
33.54116743044909
33.46554026554667
33.50572455817676
33.477182658751744
33.50328993499837
33.45354376817621
33.4989286782292
33.456051954129954
33.46063622829185
33.456566798657924
33.48925844390179
33.440037740780475
33.44460285021302
33.46021690836786
33.473807680196174
33.45012308873189
33.48906677516645
33.47825045093281
33.4467300597836
33.54853317703605
33.46021690836786
33.46354303455149
33.44495769017287
33.44243947388014
33.473587684018156
33.44427608424775
33.440567122203554
33.46021690836786
33.45043876116978
33.44365093748073
33.449207912840855
33.44201115750895
33.44563275804503
33.44267294318221
33.46021690836786
33.44025388684777
33.44115829153649
33.442711270083194
33.44386561096438
33.44286390044404
33.44073377882929
33.46021690836786
33.44159712542221
33.4407700800354
33.43999494311271
33.440191282060056
33.443588442328014
33.44025659435747
33.43982374244019
33.439138779729674
33.48505228714434
33.470365151311896
33.45410669492428
33.46963970253295
33.46079998956207
33.4495259710598
33.4550323027407
33.48505228714434
33.43844626931634
33.443611066108524
33.454995644362896
33.43983131237841
33.441198648928186
33.457202973658546
33.45520311278687
33.456973657428854
33.44129231149665
33.47415584060619
33.45340443934479
33.43997323002746
33.455955178791875
33.45520311278687
33.44319438785273
33.44148822326785
33.45655231803419
33.44708415420214
33.441007264721485
33.45177770139751
33.45520311278687
33.43963139236327
33.43906522597066
33.44337808890026
33.43726114955464
33.440564639073756
33.4426678573041
33.43252070336616
33.4430586310892
33.45367946824759
33.45298525935682
33.45290589998896
33.47568928530747
33.442996102710794
33.4921254559758
33.4430586310892
33.4344189665839
33.4465124365143
33.434262307477304
33.4345829186334
33.46585392371354
33.432253847107084
33.43594279867666
33.45545870364832
33.454041084894776
33.44022709430056
33.49832502214956
33.443347155480254
33.446718154905945
33.43594279867666
33.435668458098114
33.435736711044804
33.46451783318427
33.44465552024787
33.43152387803099
33.445491792527534
33.43450311157642
33.45653838244896
33.45193720917202
33.44022863242217
33.47940086212505
33.44094362756016
33.45330471304098
33.43450311157642
33.43567532240377
33.458182079938744
33.43179555862764
33.43834832580598
33.444745744273916
33.43243472419629
33.43450311157642
33.43973103181299
33.43111342258285
33.43247522071946
33.44310550287763
33.43319509292897
33.43057253322818
33.43142900705865
33.432472843877186
33.44385018152447
33.43378450660798
33.43126529723729
33.45749446246471
33.431921144967816
33.43142900705865
33.43574108333747
33.433235828755436
33.43057022622104
33.438261321148566
33.431879232651305
33.43057484649387
33.438343808573066
33.43022226597675
33.46547123227229
33.43480573248724
33.433347819502735
33.4454297827663
33.43233567142729
33.43498395845576
33.43533555580875
33.4547530476068
33.45819486587256
33.42944750349403
33.493611858203295
33.43464233285071
33.439483579345804
33.440351152828256
33.47915334257504
33.44723046328814
33.4340928772632
33.54975448302755
33.427358772053196
33.43635866679326
33.517407600154954
33.44863477640643
33.46103973795737
33.64174473954335
33.44495696431264
33.435332421915966
33.43635866679326
33.46874704093751
33.43712189039878
33.44162297511923
33.52163842755553
33.44231322970282
33.43342023047762
33.43635866679326
33.44911003831316
33.429256193410325
33.43265676915954
33.46744297384595
33.429242951336775
33.43264495468077
33.43635866679326
33.4304041562672
33.42922432108381
33.44263775725921
33.42726772173787
33.42589970061739
33.45188783983095
33.45829743772781
33.47583770313448
33.447167955663254
33.43577615255453
33.447789155802454
33.433158565276905
33.42756606382449
33.45829743772781
33.43446986889415
33.443853204555595
33.42623236924152
33.451358297260185
33.435065070620006
33.42864736354437
33.45829743772781
33.427051984397295
33.42968808614359
33.43079762394387
33.426339031476594
33.427460667830914
33.43497140948453
33.45829743772781
33.427406764024916
33.426096720760334
33.42673624004331
33.428109650351466
33.425702679706774
33.42536986176773
33.428729860600086
33.4297111477727
33.42635981133962
33.42626316766942
33.43034126810261
33.42744302896171
33.42786955691524
33.428729860600086
33.4256011415719
33.42731485415773
33.42734060710658
33.426024092194815
33.425414526358495
33.42588023201323
33.428729860600086
33.426440176089265
33.425558410156235
33.42527370626858
33.425337740334825
33.42672189495603
33.425466017202915
33.42488908362161
33.42335058266913
33.4332332569607
33.439903967919605
33.44224859045867
33.42660529140935
33.432089701381905
33.43140388544735
33.42216290857324
33.427805548705855
33.43629703945093
33.43770070230717
33.43070352317421
33.45393589537194
33.46259039697075
33.43226685835273
33.427805548705855
33.43333853412142
33.431413060838715
33.426666120222414
33.44832132454023
33.42662983663698
33.42533285767757
33.427805548705855
33.42936225418598
33.423298003116294
33.42419196596691
33.437420613313385
33.42342317609533
33.42211721997648
33.43062570685308
33.431634641852725
33.44027053277006
33.42486763248463
33.45440796471735
33.42939718539322
33.43052154714615
33.43062570685308
33.427219470265435
33.42916842351986
33.42635663373221
33.42247057811133
33.422832047231175
33.43517041568308
33.43062570685308
33.42666173309566
33.42225468787577
33.42247431051602
33.42188056631274
33.424108096058895
33.42626590640365
33.428867417073484
33.422487551058396
33.42256381852105
33.42844448998083
33.42374930182084
33.423296206789644
33.42686703742012
33.428867417073484
33.42396767352006
33.42234290454053
33.421942039061065
33.42185743271776
33.42396460169984
33.421819094332044
33.423287781905415
33.42543107671695
33.42503621547489
33.425960775399496
33.42483873554224
33.424643436382866
33.425265362079614
33.423287781905415
33.42335850983309
33.42211400714623
33.422940501417045
33.42259588018287
33.42377113374026
33.422268598153344
33.423287781905415
33.42198177381265
33.422431850265085
33.42388374478334
33.42167916800165
33.421783874941276
33.42258673732428
33.42123582050214
33.41946238023915
33.4123678148764
33.38397668205489
33.27020605668728
33.05101120442838
34.257387201094005
33.17726074582072
33.16521479098234
33.14633420079224
33.07481161317331
33.087051743767844
33.1342422913412
34.257387201094005
33.03411670392786
33.08280056116462
33.04522444069572
33.067904559789845
33.13994035610492
33.07591328795115
33.02980222465001
33.162334308954165
33.3411679074033
33.25660936502979
33.51756529638111
33.52923790599849
32.999622417957426
33.248209923230256
34.55705860682026
34.03523320272754
33.982034595274826
34.892018972046245
33.572828750536104
34.46179281818349
34.223702532417704
34.55705860682026
33.289658932768845
33.5882346655177
32.896473450742704
33.848729358303096
33.10989501283474
33.26383108358718
34.03142573548648
32.850313385279904
34.845365519915774
33.124808479330014
32.942664110463944
34.856811849351125
33.02388659107741
32.906493959239796
33.091612519359416
36.769307221939016
34.34797049124435
33.09578159293863
36.62986473775078
34.15783710038902
32.906493959239796
34.45961174462905
34.05442535719446
33.17959688619247
34.56270899136062
34.13774540531237
33.14189135739763
32.906493959239796
33.4466532938132
33.37140980382596
32.834511190849
33.460127418942754
33.39622084105503
32.866135552933436
32.998710653388066
34.183207675834105
33.77735307839982
32.94052544919066
34.351524762021384
33.617447152152074
32.88427519719188
32.998710653388066
33.3746274296957
33.419180841422346
33.04516297648352
33.202816492501896
33.25196703135344
33.147268891341405
32.998710653388066
33.00742410047036
32.8557428951829
32.985627352841384
33.12462800749081
32.839051140124795
33.12528356933965
32.998710653388066
32.918157851822016
32.93113585181117
32.92769006536242
32.94517036464977
32.89724269409721
32.900021082077764
32.998710653388066
32.88480469184153
32.858942881608144
32.838213159032364
32.88842035698457
32.84770038876424
32.83080943572884
32.8491183932597
32.83730404392972
32.9474174158356
32.977121005965735
32.834817072673125
32.89663316302158
32.92119026713145
32.8491183932597
32.83412645528106
32.88194170387074
32.90765655821753
32.82863782417003
32.907252197297
32.88345684712876
32.83151078794023
32.93232767354728
32.95461195948257
32.83529775781471
32.99284885971947
32.9028378090535
32.8221622887803
32.93184859659191
32.90953100891044
32.947343396746064
33.26033070523054
32.948478727729665
33.0857354010536
33.039035894964954
32.93184859659191
32.874384824424105
33.095187551603594
32.84582532490539
32.925310594766
32.954404619153124
32.84753847547315
32.93184859659191
32.867530821625266
32.83115359080452
32.887192054031125
32.90743435708378
32.84293198978092
32.85201521073388
32.93184859659191
32.828561499501035
32.84709148508525
32.84572439845291
32.83552949296185
32.83419873155186
32.86546696063514
32.93184859659191
32.83293249164817
32.83057496002027
32.83355110882879
32.82849609469204
32.83453418708408
32.8443540489153
32.93184859659191
32.82933285582917
32.8236103569683
32.823083227367846
32.83407834640861
32.82347114875624
32.8233297353788
32.93184859659191
32.82254736199721
32.82622214046433
32.824232731946076
32.82267992363223
32.827991800236894
32.82451873983198
32.93184859659191
32.822422920246126
32.82220513818037
32.82358656567018
32.822426037478124
32.822286797465665
32.82385415793483
32.93184859659191
32.82226642946411
32.82234589067467
32.823069209115786
32.82234503646364
32.82248040106522
32.82297044120266
32.93184859659191
32.82239976277954
32.82237407123323
32.82211401321104
32.82247331164944
32.82224159438949
32.822245443489294
32.82265762181086
32.822862767139206
32.82228507695974
32.82240264241728
32.82314069386327
32.82221043411729
32.822258350144224
32.82265762181086
32.82245217279688
32.82220886756088
32.82224079006522
32.82234006551567
32.82227844932923
32.82235337889898
32.82265762181086
32.82232155366982
32.82221806070868
32.82215075974178
32.822241487966
32.82230821290356
32.822097155639774
32.82216924199256
32.8221903253523
32.82219816014614
32.82251650192806
32.822174131660205
32.82221403439647
32.822421339455715
32.82216924199256
32.82219580511361
32.82225861157917
32.822218852953334
32.82217986640767
32.822283195811444
32.822194529323454
32.82216924199256
32.822131415099896
32.8221810850785
32.822152020959
32.822134433748666
32.822184511754145
32.8221488445677
32.82216924199256
32.822088613897684
32.822109140924375
32.82214035412935
32.822105697381176
32.8220922543013
32.82213584701891
32.82211735817888
32.82212770355495
32.82208911547943
32.82221132359362
32.82213033472037
32.82208829239092
32.822180934644855
32.82210032203457
32.82226874771548
32.82218734416946
32.82209362591721
32.82222639870151
32.82222709484951
32.82210864530949
32.82210032203457
32.822195430016315
32.82212667852173
32.822156219488434
32.822164357172745
32.822138924672004
32.82214398249314
32.82210032203457
32.82215082227105
32.82211604734965
32.822102057964834
32.822136432160406
32.822127657562035
32.82209608402582
32.82210032203457
32.82209282022472
32.82211190928943
32.822105255385516
32.82209066571046
32.82211906917173
32.822099728924314
32.82210032203457
32.82210056130106
32.82209212021158
32.82209189028196
32.822097314897604
32.82209293446214
32.822094089000394
32.82210032203457
32.822093622297054
32.822091131974396
32.82209346857627
32.82209212951856
32.82209057421041
32.82209172924243
32.82210032203457
32.8220899958196
32.82208917125163
32.822091792480755
32.822090586373804
32.82208969383542
32.822090610185754
32.82210032203457
32.82208894773491
32.82209040033233
32.82208896383199
32.822088638725106
32.82208963269029
32.822089316207396
32.82210032203457
32.82208862372073
32.82208830677392
32.82208861903657
32.82208901814903
32.822088544038024
32.82208892743602
