8426.937806657656
8914.193730773379
8854.611630061532
8226.153406001182
7711.061304717032
7820.098012200995
4534.471231917672
Inf
2869.415154360135
7145.301295783848
2235.9918725752473
5554.487115892643
1923.6411680514982
6036.145059175823
Inf
Inf
Inf
Inf
Inf
5173.59651263582
Inf
Inf
3828.425521336584
5032.88687017467
3405.1660849086456
651.0438582307853
6036.145059175823
2751.285874161411
Inf
8509.892026346251
3405.1660849086456
4534.172766952204
9303.83618800979
12683.06398269927
10190.234863108071
Inf
9713.102221480385
2276.285026772437
1398.4474987997116
6221.764558647782
928.657485514661
2957.872039111751
Inf
2762.697260876815
3429.4506589717876
3929.208379815718
2755.0492013082803
3540.8748766858403
3685.9951651017145
Inf
716.3859325654824
479.5601112174942
846.8390039204539
1526.5664822566537
1044.4901583786973
1117.740491058248
4406.285675024449
2615.7676983739398
1908.1262106114204
1984.827283964246
2123.963257796263
1044.4901583786973
1143.8442841475714
4406.285675024449
1430.8349593313892
1113.6971416484666
651.0438582307853
1060.9450326138601
486.35409815036934
1002.5302851463393
4406.285675024449
487.9063865683406
678.5804594317472
733.2857235862527
564.0954197595834
1045.3828862644634
290.37130572830154
1059.7591415818067
1984.6700712781376
690.965685624331
339.4969474909937
1775.242741296589
721.6716719857322
888.0019852100031
1059.7591415818067
544.0763032472046
385.30092030203093
358.6936223646705
651.8291766595603
482.33355256143295
460.70875449098213
1059.7591415818067
396.01570487994496
315.4563163376044
360.1616092092382
524.9022465030553
275.8313273252283
292.48574587335423
441.5573415463198
626.0128107902179
190.4187588918477
613.8063531153026
589.8318688069204
458.07347433689364
482.760524518769
722.4917658082238
1807.78551511246
771.2477683541407
374.9728515187617
1841.0296981142037
615.6757051918278
776.5991577244116
722.4917658082238
411.0158284022112
225.11647959080517
299.11250877638287
678.5719837709381
464.82671737386255
488.4793506557853
722.4917658082238
138.6188753589244
324.14863354343424
313.50960394781754
413.79214195815524
105.34454249708644
188.40716193059103
824.2237688050803
570.4864785378993
411.0158284022112
417.9442336755915
703.1652317376496
364.83779382561113
314.26320454493236
824.2237688050803
319.026817964421
214.05993439887786
111.5254347538915
276.2832260663542
271.1941228825482
216.1137347658317
824.2237688050803
80.73473135845649
180.79968627174907
154.11724548110942
150.82693233281788
219.61435212816326
146.5496580330003
204.17855863002265
142.44871143448123
386.2989755922425
282.0066499617541
244.91993045087008
383.3343790354917
269.6034716140595
204.17855863002265
162.74138217472577
74.35348373754698
105.62467099057753
205.59059634879296
106.1722943582063
106.35409244575382
252.0601696221178
189.1876887958549
229.31280084558745
365.5513999495225
181.9833702064879
298.8299379177295
273.85976521378706
252.0601696221178
63.43396631719403
126.80570994035708
144.10074200326642
132.83667075983843
162.43504671100825
179.8641196673426
255.25266915206873
259.94251283234195
264.0883265032023
100.26128022528576
300.73405528036227
231.16107965433656
144.94124671396435
255.25266915206873
131.34541560991642
199.37546740480303
40.25577696911875
178.86462859293854
162.81726324344066
104.78558467301943
225.98925992662947
285.24470847381673
60.106205418834314
368.6530355975028
303.923963045242
61.18758384775035
355.0184537478789
225.98925992662947
61.144452779306654
99.17402864762127
169.94489622668033
55.40541528013851
107.28406375857841
177.77551437776955
225.98925992662947
105.91488460332818
60.19253528569388
61.47139063581155
100.8433870115885
69.00049854525096
45.1646347172923
225.98925992662947
45.43381212237304
63.07222010409941
68.36156029931558
38.790506613666956
48.258609412488184
60.90374306525863
58.59872662742753
36.49183332576209
95.76423305268469
58.87146066001342
42.390169816951975
103.89564855290935
69.51465500644082
65.07696518747736
154.9350089159966
125.11906251328395
151.9639280048056
186.94184107746761
92.19974677639576
174.63282522479096
65.07696518747736
89.00921291448232
61.1966816346251
62.60252648322961
117.2054060824002
54.68490020606516
44.62164041758366
65.07696518747736
63.882712275926345
47.33249142807067
39.31557029919823
51.72529020787193
56.495692263060505
51.89038558877753
65.07696518747736
43.579784863562864
44.37814002801212
35.99771195132559
54.781836096665465
38.29494266195736
40.97903300133921
58.51910844341974
51.41720447734795
67.87372212227727
37.45282156536028
51.92858036577796
63.821150225532655
40.2804988897671
58.51910844341974
46.76169620997505
36.9285294975364
51.137358607077765
45.04971986223783
39.758977142066
48.16157450881716
58.51910844341974
41.0483914387402
36.60890105601247
35.38756592380957
36.50656100351469
40.73719714242405
37.32111886319588
45.86564890397924
42.47181897590325
43.48065319871824
48.22578096532306
42.85936127931301
40.6645190494634
54.13216773328332
45.86564890397924
39.740792966354405
40.362017253086
38.326796509981804
37.30559386919692
40.2204563279968
38.82459319678508
45.86564890397924
38.87391859633328
35.84619466622678
35.81619436893996
37.74964491229807
36.65340852458046
35.27988656002232
35.973978334857854
35.53963325754637
43.42877286034084
35.40532827849068
35.08109111427609
42.524008387791014
36.40051166513848
34.75244880363313
38.97974891184725
69.73409814928203
50.69080382538743
37.59529869417706
87.84438633107558
48.675010085214694
37.51046105849336
38.97974891184725
40.94610148642609
48.20251694413865
36.416867468813976
42.61513233566561
44.680464992351276
37.222623043838254
38.97974891184725
38.41711172792567
34.94108312013965
36.55461217407109
39.91969735056158
34.84890656373405
35.290582302888694
38.97974891184725
35.075118251259276
36.67904871197324
35.63375282091391
34.62716205718236
35.441768001324164
34.22098051876822
41.55118695024662
36.143458984521786
34.33265120468772
41.72985252641979
34.85927730244298
35.61623871694215
39.43854793727935
41.55118695024662
37.226451510582834
35.3065108431889
35.68359069918407
35.17732361077717
37.303721831035055
34.66503884751784
41.55118695024662
34.87120390846192
36.094368960075826
34.25555781156179
34.27967026917719
34.73181629279567
34.76093284500241
41.55118695024662
34.98099714976531
34.27247704283353
34.305734594445596
34.278234407862975
34.33807612366005
34.136233456987604
34.34740110254701
34.54575358324642
34.60837932735487
34.33440271734023
34.26326919188495
35.23172831760516
34.181167158025396
34.34740110254701
34.16806689594474
34.34152207757065
34.22407474850921
34.22966152687495
34.678936647487554
34.0965819569245
35.37899321981629
34.72364466810753
33.99437510770605
34.247152774410296
36.26488326559213
34.614774609972386
35.044612498907576
34.751667217445565
33.93919206709585
37.743218192873
35.09029886018603
34.37073481521267
36.23657189509475
36.13539731328873
35.34526121888675
40.26664679181914
34.50159212369998
35.17607051908147
39.62507691331773
35.128971325692476
36.132334375779564
35.34526121888675
36.753986506691724
34.848749209663985
33.844245674560256
35.41114544607426
34.47285469666471
34.13644757203911
35.377649114131735
36.05946146659455
38.41029206692554
35.47477936864672
34.61898733871724
40.34133022076903
34.513262095685974
35.377649114131735
35.0818701362943
37.99338645712256
34.929841157490536
34.4149164807155
35.80554222731836
34.21542869206278
35.377649114131735
35.18825369922236
34.29134700391198
33.899274484812594
34.39014407618558
35.107629015833076
33.9235276160763
35.377649114131735
34.058149505362174
34.93837870971127
34.09002927388943
33.90901481237478
34.2575900435271
33.887842138072216
35.377649114131735
34.290776920495254
33.83358406625946
33.82321654079307
33.98490088951229
33.9343388380112
33.935317031406925
33.958830168583326
34.43778900547316
34.05209408287161
34.06146194104482
34.138189467889774
33.95058112777394
33.95418679979402
33.958830168583326
34.12151679067043
33.907264645323345
33.891403486355706
33.99619302923713
33.9384105868504
33.85281587953048
33.958830168583326
33.904063525472665
33.87407452795851
33.871831172591925
33.91205261802479
33.88280533956871
33.89714187444778
33.958830168583326
33.86741890580539
33.83937953840404
33.832901450170745
33.87350651327107
33.844841100003606
33.8460344679998
33.958830168583326
33.8398430123948
33.83986968076923
33.835209777975685
33.8431073619488
33.8353367664389
33.844610513898694
33.958830168583326
33.833079843178076
33.82870294257792
33.832106437792454
33.82837119873589
33.82298924013254
33.828774572649486
33.83611709944708
33.82035955772387
33.842567952158994
33.83634180585514
33.825914176057466
33.8427003945162
33.84263491730445
33.83087728268119
33.865636156123074
33.833840929637475
33.84534133017572
33.85946068535068
33.84035098478094
33.84119988558032
33.83087728268119
33.85416151870146
33.823463080846494
33.830403362620736
33.85584537081266
33.82292951243701
33.83596487562973
33.83087728268119
33.82279015702618
33.831697752951776
33.826900553280886
33.82369309445839
33.82938238330331
33.82742489293092
33.83087728268119
33.82537942870597
33.824212146193524
33.82483094583322
33.825546423544374
33.82372315279183
33.82673081283239
33.83087728268119
33.82334853099548
33.82006620175938
33.821304453357314
33.822703401858796
33.820652913859924
33.82158878895461
33.819391998663676
33.8172406122114
33.80863357980266
33.9172036472652
33.84629076523088
33.83112610462688
33.83400489562312
33.850620489701875
33.816026166977295
33.83613536327083
33.9172036472652
33.807244725256815
33.80159740173381
33.839759130172666
33.81526526989337
33.815669671376334
33.829501643383466
33.82665157356848
33.80688679476435
33.888243259460175
33.811444413556906
33.80283564653226
33.854122443294514
33.81870483859544
33.82665157356848
33.809607119311515
33.8115238540528
33.82733226307926
33.80542005374238
33.813738692317244
33.830464941486
33.82665157356848
33.81795385315381
33.80552787671756
33.80168413547512
33.817852711205234
33.80687662887132
33.80411741440721
33.82665157356848
33.80194925769307
33.80471159632787
33.80609005957668
33.801719411704106
33.803861913034055
33.80692011810784
33.82665157356848
33.802888280785886
33.80221464552248
33.80412571568341
33.80366538062003
33.801291405856986
33.80275234168311
33.805059865504376
33.809648369087064
33.80257969036876
33.80206403453802
33.80835015701086
33.80339611642441
33.80245170910797
33.805059865504376
33.803937878300275
33.802981516714425
33.801640555213126
33.803280293275435
33.80355115700644
33.801701294190075
33.805059865504376
33.80287981595348
33.80155482395506
33.80178633116079
33.80231488474367
33.80173352157727
33.80151987078847
33.805059865504376
33.802102524111994
33.80162187754498
33.80118521160879
33.80161556088827
33.801906828389576
33.80139760009576
33.801457718658064
33.802933344965325
33.80142838575294
33.80127780779698
33.8026976851775
33.801810303449905
33.80130308648883
33.801457718658064
33.80144502021996
33.80221007440056
33.80132537215459
33.80128590247575
33.80196831403319
33.80129937124117
33.801457718658064
33.80130581508926
33.80136134658417
33.801593099980934
33.80148877409025
33.801198409167974
33.801482340732164
33.801457718658064
33.80123960524646
33.80125259671
33.801192056061936
33.80113081797478
33.801384440201744
33.80117836715331
33.801307138328525
33.801454943907
33.8012684785065
33.80135699242129
33.80138275132181
33.801299625652646
33.80134253787571
33.801307138328525
33.80125076493142
33.80128104654745
33.801138969875545
33.801272867068796
33.801251885549135
33.8011542151732
33.801307138328525
33.801219054761454
33.80115511348464
33.801159551662295
33.80119876547496
33.80117290381361
33.80115858007246
33.801307138328525
33.801150790988416
33.80114517111051
33.80116995712362
33.80114566470569
33.801157332082184
33.80115403066543
33.801307138328525
33.80115299647419
33.801132213061706
33.801129172278806
33.80114145221135
33.80114232031561
33.801132463670136
33.80114515667072
33.80118725321652
33.8011276703299
33.801128800242815
33.80117956877415
33.80113815818026
33.80113401198982
33.80113194549577
33.80113844899085
33.8011555635055
33.801215797342266
33.80111758037534
33.8011525733551
33.801218494307705
33.80110715636016
33.80106546020821
33.80089867413206
33.80023150632388
33.81271309966562
33.80315861732856
33.79880922914648
33.79968054117066
33.80005678004443
33.8016537851594
33.80078247065916
33.80298305591961
33.80483933816849
33.80466966460852
33.80087138724881
33.80319540809213
33.80479134315825
33.80105187261807
33.80298305591961
33.800967582972184
33.7999223476899
33.80071294132991
33.8002573677832
33.799918556519074
33.8012215834965
33.80298305591961
33.79972156316388
33.7987513470734
33.800465595247516
33.80036823879597
33.798948118453836
33.80019946924483
33.7995234093169
33.79948729018638
33.80051355561904
33.80297805435292
33.79980685220278
33.800059142353426
33.80293012529896
33.7995234093169
33.799457474331696
33.79987117894867
33.79979563744141
33.7993065633594
33.79999751903498
33.799948480248254
33.7995234093169
33.799026095408635
33.79954201241667
33.79876558567687
33.79901533505676
33.79951794790208
33.798817544717025
33.7995234093169
33.79904261798754
33.79899358672622
33.79874606871751
33.79899076608619
33.79893888660485
33.79875662542948
33.79872495529394
33.798640501617655
33.79830268720115
33.80642224325562
33.79652622164959
33.79755131609484
33.80235528040127
33.80105713597517
33.799054063335014
33.805672179130084
33.809052600102575
33.804829009315384
33.8012303343922
33.79888520555434
33.80740866974999
33.80279248744491
33.79921300192586
33.809052600102575
33.80239889029826
33.79675998331523
33.79794451112737
33.80069302622972
33.79655683745098
33.79909601763226
33.809052600102575
33.796422105679675
33.80010796964638
33.79608287259551
33.79663033702056
33.798857534895234
33.79758164435029
33.79822142074684
33.80077983168666
33.797164634002804
33.7993535215263
33.80069808987026
33.79681472154459
33.800078847245516
33.79822142074684
33.79696551042056
33.79941916509405
33.796375829619976
33.79735069858619
33.79945377708593
33.797284388886595
33.79822142074684
33.796179377573814
33.79636724935366
33.79743598414381
33.79687927891351
33.79579849604659
33.797765930191666
33.79579382825116
33.803462214966366
33.80225537669705
33.800784238916
33.79624384567453
33.79951969129227
33.80311183804105
33.79769500794834
33.803462214966366
33.79571390674707
33.798227080638895
33.797943450580256
33.79711660012195
33.7966041021351
33.796950161571566
33.799925551188835
33.800480322104
33.79703815370112
33.79846979183707
33.80107082526301
33.796814417777576
33.796734496956894
33.799925551188835
33.79538437626078
33.79816223324269
33.795320132676146
33.79604343731886
33.79887393242151
33.79686398831515
33.800155207376534
33.79510531642587
33.800942615640174
33.799759258417325
33.79553493986145
33.80353955719633
33.7991585039279
33.803130228934336
33.79778786622587
33.8144620311598
33.801512336543475
33.801889563733496
33.803935843564965
33.797781662607235
33.803130228934336
33.801195933106314
33.79702286575193
33.79651335340576
33.79818298907572
33.79957289505512
33.7978953769372
33.803130228934336
33.79529208185424
33.79615733496458
33.79546510488866
33.79637324952083
33.797641485328775
33.797313477509874
33.803130228934336
33.79495583887006
33.79511719243014
33.79432863642111
33.79622807341728
33.796531346682336
33.7958819961007
33.79611476007977
33.796504920473545
33.79602432916712
33.79459760463547
33.7968978933223
33.79627216508624
33.794916038907864
33.79611476007977
33.79573468677575
33.79508695285077
33.795066112530044
33.795787982028855
33.795218305870186
33.79547704471256
33.79611476007977
33.79427001163908
33.79437575346485
33.79521771974777
33.794387261238384
33.79436263977838
33.795071505866936
33.794063217360495
33.793381316028196
33.80132028712744
33.79517022145011
33.805194052547904
33.79664394098264
33.79772258324138
33.79874467977214
33.794814515344115
33.80132028712744
33.79951390822342
33.79356210787632
33.79614511914903
33.79624301070526
33.79320052321084
33.794608946602
33.79381247598067
33.80115675745406
33.7949969889074
33.79873866823181
33.79691095568283
33.7940398591779
33.80663728876203
33.79381247598067
33.793886970559385
33.794498203714944
33.79566432196617
33.794907248158594
33.796405592687755
33.79868705892472
33.79381247598067
33.79582060070261
33.793906340489634
33.794450422933174
33.794402429217236
33.7949226955174
33.79374220753127
33.79381247598067
33.79524718366615
33.79340263171716
33.79320518783749
33.79410886519902
33.79353069255633
33.793315819491454
33.79381247598067
33.793597237995364
33.793544582669966
33.79365954118311
33.79339086829136
33.79391069728018
33.79345108136036
33.79381247598067
33.793479713137714
33.79322371358563
33.79328617345195
33.79336430746885
33.79319235259472
33.793330057728916
33.793294926212404
33.793530463730725
33.793261355267184
33.79353709579896
33.793893514383306
33.793324437395405
33.793362421349265
33.793294926212404
33.79321462236352
33.79354866913649
33.79324552115298
33.79319447411029
33.79337761972579
33.79324083278555
33.793294926212404
33.7932207460112
33.79321486445736
33.79330697447206
33.79324037017908
33.79318028389114
33.79339313648808
33.79341872119292
33.79329138363447
33.79334990184419
33.7933540024898
33.79320685926787
33.79359472000946
33.793241739543
33.79341872119292
33.793256957757045
33.793305510097625
33.79320787503156
33.79339342260578
33.793227287212865
33.793262899777794
33.79341872119292
33.79324986578402
33.79319812282909
33.793201449977545
33.79320153360052
33.79325112833486
33.79325334644055
33.79341872119292
33.79317636958724
33.79323183439696
33.79318499720502
33.79319821884261
33.79319221101706
33.79318008351702
33.79320248501926
33.79326505571528
33.793200648438436
33.793178078960125
33.79322098062262
33.79319008617533
33.79318260066911
33.79320248501926
33.79319906790504
33.793199059859155
33.7931994994981
33.79319052384165
33.7932144965169
33.793192992573275
33.79320248501926
33.793181115612406
33.79317593544979
33.79318405499691
33.793184687342716
33.7931784454796
33.793185154145924
33.79319249934657
33.79318868047112
33.793194214648324
33.793196485438415
33.793182749743565
33.793186121835156
33.79321968974649
33.79319249934657
33.79318317570985
33.79318398368939
33.7931799075943
33.793187938837484
33.79318093661846
33.793179340717785
33.79319249934657
33.793184802120415
33.79317563135147
33.793176229901285
33.79318198060828
33.79317847032353
33.79317564099868
33.79318098197122
33.79318361573646
33.7931764105306
33.79318545339897
33.79318417582803
33.79317587232826
33.7931888019806
33.79318098197122
33.793177327928575
33.79317952060381
33.79317721053712
33.79317987145507
33.793178274444344
33.793178738862856
33.79318098197122
33.79317525784962
33.79317553207346
33.793177428990354
33.793177061485004
33.79317788714027
33.79317560940209
33.7931826869421
33.79317929482248
33.79317753524157
33.79317925430142
33.79317851805301
33.79317933306029
33.793177331800216
33.7931826869421
33.793177228791585
33.793178406825675
33.7931773291917
33.7931759443165
33.79317662759739
33.79317643609945
33.7931826869421
33.793176063561766
33.79317530912317
33.793175585046
33.79317496900928
33.79317658661586
33.793174930652555
33.793176573692726
33.793177851984375
33.793175237822595
33.79317626835115
33.793177166231295
33.79317515716322
33.79317608970084
33.793176573692726
33.79317509461526
33.793175656482966
33.79317615733912
33.79317502803741
33.793176091808846
33.79317578773414
33.793176573692726
33.793175567365196
33.793175014712624
33.79317512142962
33.79317517987807
33.793175300948825
33.79317533246126
