887878.4641957314
612065.3588623315
578101.6092848297
553483.3471783765
1.4491572360491345e6
954739.9465572133
383363.61015282874
Inf
2.179741090148217e6
377802.21626129927
4.77949000256861e6
Inf
Inf
786853.8042927448
Inf
Inf
Inf
Inf
Inf
1.5986026269136367e6
Inf
Inf
Inf
4.77949000256861e6
Inf
130459.56160882012
5.483469518260478e6
553483.3471783765
Inf
9.71846600201722e6
Inf
3.5302255938479807e6
1.2398381230621958e7
3.9079828324355534e6
1.8770551099889386e7
Inf
1.3041320223245952e7
1.5028458810379882e6
596644.2510090295
5.947637823193858e6
157274.92098550618
1.9986882519992539e6
Inf
1.0288907592732393e6
1.6722238958715901e6
2.317990838944462e6
1.0076502413130295e6
1.1836106922223596e6
2.0943861057536795e6
Inf
133714.29817587993
94950.81864270332
214403.87224611247
468703.7017514719
210563.50897424505
250545.07800866992
851120.238827965
768678.7097807906
231084.232610897
761403.6000129614
895299.9533048865
210563.50897424505
309164.2406162641
851120.238827965
247555.13598671323
282110.48528782325
130459.56160882012
310865.7577487611
122875.93259410353
120743.71595063376
851120.238827965
75220.75693702385
174447.4130960936
148480.21239766665
117543.92464614264
182213.5175321764
67550.20126410222
193977.42556594755
523827.0698432727
130634.23554960646
10925.091082517143
599544.5765305883
62217.92712594506
211805.32781471402
288538.5028545542
623538.9771298594
270268.99784108717
201264.14138482243
599544.5765305883
523827.0698432727
122856.26925452566
288538.5028545542
388046.58512157423
50428.03203443041
141177.91549141952
306911.47843539005
49953.30548694417
69797.67860091275
288538.5028545542
51462.93401665771
10169.620043299423
48902.365712434206
45464.3338668399
36737.50546315347
29533.133029828427
168488.83947976885
386982.44194033433
73343.72321535183
17902.727041996874
481277.90013154695
20599.58029082013
70770.70390035417
168488.83947976885
17081.889202721108
4580.696747522464
14191.172633537071
75548.84653451058
34030.102551532276
47554.8955005336
241895.78995396142
173951.3675535635
34030.102551532276
64661.12172047244
137710.60832442335
62188.568674324815
116584.14160740536
241895.78995396142
33822.79633257595
31290.825248594923
35963.85519540566
56230.260843475204
18641.803047440055
16010.251775050354
241895.78995396142
18563.934850631904
5789.997870907392
4357.912531036521
9503.74504334691
12862.424510944978
12399.965178405408
67648.52337370659
18020.866224183315
86534.50482749037
32106.322725631486
9139.958860402901
62807.33852968373
16244.404739306818
67648.52337370659
5492.305297404317
27358.721656687085
21595.95879950515
9503.74504334691
13031.375517683435
9883.676699562093
67648.52337370659
4447.308606174764
3669.201997663407
3542.737969080324
10931.209687236842
5342.225566951998
7275.0009447296325
22979.721497653612
6677.278123186199
9231.272272957878
18196.035033723892
6374.1887823145
9409.983001212027
16306.461079196295
22979.721497653612
4060.846234396158
4838.79023094278
5842.755893126109
4586.138122831756
4851.842519610739
6077.900150360557
22979.721497653612
4095.353620751801
3993.3017161344205
3555.5650463715365
4094.50014718893
4273.043874867362
3625.8704275613195
22979.721497653612
3728.52035091887
3700.111050448821
3482.2475253990315
3676.774906687652
3801.291888175418
3631.459257716978
3517.862871894532
4102.24840068094
3533.3171143003724
4664.911444955643
4043.2634548806577
3442.1414910625067
4484.399319832546
3396.1723028096767
5365.559040646084
5191.984760635977
6541.471820706813
16803.99969369195
6723.698845436797
5849.785053902289
16209.38167605679
5365.559040646084
7779.021097572397
4495.035613082053
3178.08074282965
7826.317921504985
4164.790028951692
4202.8219162132655
8003.3498756593235
6564.5237438612885
10227.322332972615
28821.585556941285
5420.307117849297
9236.510085954533
26022.856818189106
8003.3498756593235
3305.230776538587
6930.302638602034
5319.14773069732
3056.8855138038525
6249.569432580576
4911.350301626909
2604.6868314679764
767.0855720227946
2.528164629687588e6
498071.7964602695
222847.0554608591
572378.8865779946
404589.02516011096
285098.0031778372
439821.62558042194
2.528164629687588e6
80794.4185398703
6619.971424130604
8937.656927272417
73932.8935184726
8082.9128543096795
9951.660315418
2.528164629687588e6
8940.9442563463
10114.550383165939
5152.188329427389
10186.34340600602
9158.193854657991
4133.223351000894
2.528164629687588e6
6371.9158326120805
1821.657884829648
1630.1545667947814
5405.118272912779
1990.8841893574572
1374.3687190298022
2.528164629687588e6
1115.1993264863524
1867.53924563678
945.2848289992006
1431.282048060675
2189.8160299211677
812.3923233576187
2.528164629687588e6
1146.7917701313545
794.6911655721475
1171.6762693533612
920.0444728551377
864.9360250249803
1029.8464452003907
2.528164629687588e6
838.1334910555906
782.728864035561
748.3781433277522
777.0289801167098
841.4884498210237
810.8404308303948
920.0756335235557
871.8356749929505
801.8509481973892
1080.1030634826625
861.8170127861063
855.8269382940481
1147.3195326963453
920.0756335235557
768.3080443660149
827.1582305794323
790.5798089441502
786.5778828039765
793.7092905927178
801.1894016088304
920.0756335235557
777.1063422507068
758.036350749133
754.0753115958571
790.8483458403032
744.7797761728732
743.363208343138
730.169192838255
789.7533039830412
699.4050038085186
1257.9621925189292
765.2624223022982
769.7292319152918
1175.2179256336049
732.7825071264598
659.0083503574273
1578.2250354023004
9840.936687697213
2459.2170728962337
1015.5127432518955
11577.454836353409
2027.253043050315
714.1098418357315
1578.2250354023004
882.913209340465
2005.0608548637688
629.1395269410527
1220.4652079602388
1429.708069948954
1057.264960204177
4227.0134202008085
5512.337623929705
1216.6529574078868
1389.9840421328192
3820.7543944563486
730.4395951544691
2192.9914766207576
4227.0134202008085
603.4912031176036
1328.8113636828425
742.509856198349
1004.3803594848847
2170.732153890018
1224.9572115985516
3803.8223860236476
1374.44803116594
1558.025020406037
5833.952619497588
2054.562962893746
781.4329208761371
7234.670743125005
3803.8223860236476
1458.3826891534998
1711.4186433374784
808.0253279390896
2287.8403163772614
1247.2996509373663
1091.1956974313923
3803.8223860236476
623.524751854414
867.4722024964599
690.5105252193157
734.4231379136502
1384.4437844017968
603.061773344411
1505.4484652408205
2136.669702825904
676.688277903325
715.2810078239189
2076.5954721832145
906.3925467673503
850.48967789547
1505.4484652408205
645.8788754011058
769.0486107659905
625.8692722037038
677.7249709547461
850.1546313010168
704.3573950376838
1505.4484652408205
639.4160940266012
685.2205702751003
572.8273749213538
631.5898361012096
686.2106627593945
654.463923579225
666.6353284613751
1236.6915491701664
633.6814292930151
630.918281183648
1017.5585742397037
558.6883865415197
674.3517814390137
985.7302675753101
691.8234776895008
2841.7391360851225
934.7018660381232
504.03530971216134
2362.5809828348074
1308.1816052764248
1081.730108883498
5740.241442603606
747.7614925532303
1098.900279312265
4333.141368983437
811.270318815909
1521.5923872506505
1081.730108883498
1947.2112124071161
875.916472801936
711.0309334513463
1278.3546217352023
633.3402043639056
505.84829365574933
1081.730108883498
559.1806698659785
610.7803807934058
607.2241917634101
497.2802288486671
943.6675554168155
490.9253082350519
1327.8853422003385
704.2449236959295
2111.2081664462075
690.1016655910436
632.2598729058071
2219.1358571463084
811.5545939726766
1327.8853422003385
669.7021952948089
733.076395865464
520.0001793496793
678.6723727353085
635.1943717505742
500.00763936705937
1327.8853422003385
508.8417120170625
597.462108714693
490.91967107470487
486.93387246467995
632.1137851665444
520.5312358960549
611.3907767848225
744.2400906699304
514.4541889173793
575.5437775223886
1000.7901842672887
497.9247182703776
454.1005586028936
886.0316721194964
1410.52912484634
607.6471742433928
865.5155828109973
1217.0731900538915
597.0942790719008
773.3079315528905
886.0316721194964
807.7492797330453
524.8301572953384
474.70314418980803
692.645529172722
547.3083877071936
465.55884946438067
886.0316721194964
503.0971930169484
474.81727243065086
457.4051979335488
563.047478067211
491.771938130805
486.5347877315225
886.0316721194964
461.36342576143744
456.17999733881044
452.73582410934154
491.83995917931856
459.74492063218423
458.33719802994415
476.0822264729602
518.1731300927365
508.07207428846993
477.17797975381774
538.3387539858528
471.03600490863835
481.07940643725493
476.0822264729602
470.5384901945329
451.461758250714
472.334955049174
455.37345557736637
456.71255469225935
464.13509414866144
473.5273361528836
466.1557143833216
518.7927602681183
551.5294827871741
439.62056943685167
477.19521384973206
503.43581461553583
420.1152406621051
751.1499506586057
1048.5014865553144
589.3716494274736
1251.148885237858
1492.6526367839706
418.8655707412102
803.2684943115111
2282.160714363742
11713.358808364274
604.1942528726909
915.1756436525334
13775.038727955656
343.54660925926476
1671.6436463501345
992.1954446538335
1388.1596238411296
10314.680246247794
10187.332204866309
1022.2332566763785
11183.952343742843
11385.002922701806
992.1954446538335
6252.027433554051
2053.8988735931225
3528.279630102456
5291.26111416448
2463.972045560208
3306.814463379931
992.1954446538335
1231.0479412868503
321.6383798605693
798.8620425529101
1554.7314629136963
493.1392826411142
508.43187494883244
1577.4035675647838
4912.049905595125
1992.2102929792306
1561.9313060249374
4451.519095209637
2220.9610315352425
1518.7365558248498
1577.4035675647838
437.8109861085106
578.577491086084
2618.9168060649185
433.316464911643
417.8076051742068
2903.0454491500527
1577.4035675647838
335.17035265542876
809.0669636786901
350.8574899139272
337.4715802180552
691.4224027008871
326.35905528651557
1577.4035675647838
330.3028050044654
373.7895983645332
392.8453080637982
358.1346566505225
322.9728967052036
434.62672656900384
1577.4035675647838
379.7250849913176
322.7136912346205
333.02210283247973
347.23890497478595
324.522184669596
314.44850352913994
327.07677556556047
321.5283107601316
344.48057463527846
388.6854908816543
315.61967244907646
334.1667056023725
379.76411873038734
327.07677556556047
323.6980180196207
319.36732431689836
333.6611107702285
322.5775790827467
311.16546988797745
335.2264186094067
314.6374327676148
454.69042430225
305.2841659871511
332.37188266821937
423.97749916277866
325.3475001072855
315.89625191354645
365.8455569140205
469.1834180897763
465.6338501312606
354.6963505508753
549.2428572554844
431.3894079275599
365.44825036312193
365.8455569140205
348.8754466821097
327.566843423504
310.5417330008236
385.68426934684953
323.91656838312787
334.3334864363367
365.8455569140205
308.214597411553
333.2217227714744
303.08906220775884
328.38698747505316
317.60590593489854
308.00085014113785
299.49527313432714
366.50044617184136
588.3457011222322
356.2416897615407
349.66292111061097
865.8301116334998
284.3133037258956
284.9925250979884
644.5199110322594
380.04708649594
2123.5649199111754
489.54351559344
330.6030105785525
2218.6959656783492
578.4832803811729
644.5199110322594
413.8784957607478
327.22836466209293
721.5789372189084
390.752565468978
292.847487273047
799.2536336193035
644.5199110322594
281.8061617328464
368.9832537820214
283.09092601649695
299.3214783362314
349.3232176858183
306.04742184631056
399.29036290126777
477.0712204398088
319.8297162025755
431.8238632923137
366.25670555009685
355.081328194009
506.17502375510054
399.29036290126777
306.6975365244103
347.0113850336137
293.1778319297861
344.6319709373238
291.9716582090962
288.3837211736497
399.29036290126777
310.62420805370647
280.14460457657145
284.21877972852633
280.15226450824787
288.5605310094561
292.37649319866
323.90264843248593
311.86829300195325
304.6164425414999
323.43040101318746
316.2074127489365
300.20381644960685
305.7457792843543
323.90264843248593
297.8533063903096
286.19035782742566
285.36788381608784
290.8096381958798
283.028297667734
280.436595609853
323.90264843248593
288.339269562516
278.2606936042052
281.22418068777773
286.1999591703989
282.6413253018239
279.12028060504514
276.85713496625834
369.58100230278285
276.7859745732014
282.6809537770305
327.0442376028004
292.76720614599935
287.7334085683466
378.4364851522489
434.0485793258558
510.5575862789179
334.3166516062556
372.43482607699156
545.6281291534121
301.8575558299515
325.03542001531946
434.0485793258558
314.3159409743995
411.73421810414413
290.0492440814024
324.8432716260718
367.91434796659144
291.6520656865073
434.0485793258558
282.1596218775609
279.2979871953007
295.49261630431295
282.57688245415824
288.11622749888164
281.4033972085243
434.0485793258558
280.9172261379373
279.51840258475903
280.01499572447557
277.96720217559414
274.50609146884415
288.54761237456614
269.9243302925635
324.8991449839719
274.1197391850528
295.9294606866445
502.16832832522874
275.26832925041913
268.3214704487744
423.76685479477953
509.5698411132469
287.4961394792318
526.9039682738414
470.47593166244667
316.34454523619473
617.7409797646817
366.5726513461029
509.5698411132469
260.82284499042805
399.57370783832596
272.7461652539122
295.01891502117644
339.0446842515344
275.65752277234554
427.23361116561847
422.8891676001195
386.78488503986324
289.7952023605361
513.5744455125499
437.2542028631113
270.6854069932949
427.23361116561847
305.27683022082306
266.60634506077
422.53595420655546
265.2532204718146
264.5422260358
365.82456527424534
427.23361116561847
262.7441033714252
262.31295234678623
271.13867158665437
282.5328457882828
270.3825143527317
258.8404349410542
333.90652184493854
313.46049005926386
264.7295550643819
284.64861104284927
325.9330262370188
270.7739628206759
266.233416755441
333.90652184493854
263.617125671735
281.1706794999849
260.6869882404655
255.76028335496645
292.06786699105885
258.92966096510673
260.46781039554725
309.6144481971444
255.3591704086595
305.5479023398121
297.71576261896405
262.06947869920083
305.8686064558237
312.7682689634958
327.5970783491169
697.5151956917231
350.45153791810657
280.45522665718823
646.5659262099049
349.3594341277808
312.7682689634958
294.89406454090516
277.3014345609116
373.7619343500078
280.52478336235345
261.5102188386994
347.60333019974564
312.7682689634958
273.49185740277443
279.42786102396735
251.43895585599776
260.93957449591096
286.6038687922301
261.4872491644073
257.886062376773
267.8722855779053
282.8605977775891
307.69174841032714
256.1784328429474
280.8102353615055
329.52066541455224
257.886062376773
266.16485920081135
252.977114548025
265.8703615421134
270.7762574982154
252.17325855206334
252.63982883816786
257.886062376773
253.018215295498
255.46255050217104
250.85093659391953
249.9399138671569
258.93307717386415
254.88209044510538
244.74614638490283
236.82405377564476
412.21723331629187
237.9687690047429
763.2632302433007
368.2873517694297
322.6765791814631
457.14602945686613
585.3407025161803
412.21723331629187
278.3714353651738
236.9370055459908
226.76006660201577
218.54044424406072
352.67245148684606
284.09666066287485
381.7533035279737
369.10290157349027
353.45035528681154
327.25155859855374
391.5102353939836
324.22707570576785
324.53392213767063
381.7533035279737
248.7296960980965
286.56765661126724
243.34123128674383
247.88274054895427
268.3187342650273
236.04595923709886
381.7533035279737
233.4010853051735
241.16965785443267
221.71649240051804
232.15308795766435
231.33147571129206
219.16737009625467
381.7533035279737
222.40554330058134
222.6096366027425
219.2072243564669
220.26860578080704
218.5266785189448
219.2716274863383
259.16461118706616
230.7634927553796
221.95274128042453
220.32243700866277
253.59320876480888
229.34275820528006
226.436809027944
259.16461118706616
220.4402923957783
218.49660334128353
229.58515211145962
217.1273910520042
219.36086766963268
219.8612429211603
216.6493964503341
295.3048225089613
235.18582280026794
276.1882592243405
221.23622419949308
219.18196881823502
289.9370538872352
236.4737252679546
295.3048225089613
231.68571790733185
215.84918219708547
217.38079016097274
239.45317171538005
217.8566202568538
229.37679929875674
216.6244131836936
240.72416903753665
216.52079123349196
324.42630676563397
246.8942427275659
227.18898057832314
281.63984154735897
216.6244131836936
224.1965991099314
226.32253559924845
234.69129280108822
213.5388408532872
214.9574251186517
224.75895543573066
264.90228628439974
278.00925234663464
243.40297584199365
226.94812156669175
254.65211927069203
248.86991189445988
222.79845768239824
264.90228628439974
255.43444478514868
212.88645746621003
215.85239660327503
241.28702915437827
217.31511092970615
211.57262414212124
207.2205599674779
248.28877492030426
401.69845686738745
422.38096817311384
415.40212519857164
305.4713474287166
544.5093076561234
302.68240925193516
248.28877492030426
306.1732477094673
214.72313341483752
215.30726038159162
238.67085191596297
205.45783793035673
253.40843390629217
255.15579424328098
404.45601935415675
218.0610015493257
343.11465584012757
527.1882065794886
232.23763457739474
284.3477888297388
255.15579424328098
206.88095750923804
323.5854478680458
226.7379154687437
208.9882660267076
256.3231952450064
210.71856634105828
255.15579424328098
219.66735317089936
203.89648683293711
223.008045356479
200.39963588701298
209.79504067115442
263.5409426469241
272.15128857764995
203.1226065564344
280.032263042531
220.49513775006238
211.31646584138065
275.6801961639303
221.26611266295018
272.15128857764995
225.3436285109699
209.05515095563422
204.0003227453697
220.48862155944968
207.40400000548644
203.1049921358997
272.15128857764995
202.41039675332317
203.92564623555566
203.4093933399807
202.57826781688846
201.71842284846832
203.4660584910256
272.15128857764995
201.0653778066896
201.4299720649545
200.45583118253106
200.04820046875827
201.85330132202523
200.49969955137212
201.79057062308695
206.1464904681135
200.51468590783267
200.99733896925696
203.6661939950214
201.22283297813544
199.88862157517562
207.1163410258615
208.62205555124365
220.26343418168298
211.57105098097583
216.0256595184321
216.80093761715304
212.02309740943608
207.1163410258615
202.3829045972796
200.24676143087527
201.93395476776217
202.65215724034636
200.0346968603187
205.19618247099623
207.1163410258615
200.43045351257223
200.13515335214817
201.93045330727557
199.6236453843533
200.58616468462776
200.415614239231
201.33863707641729
205.2376917983281
200.56664777280744
199.8645795166643
200.44789796967555
201.66515489549258
202.67261232352615
201.33863707641729
200.34805341319122
199.4833003526747
199.8791923455818
203.96085128540093
199.94480736451885
199.4619366515892
199.74926502309083
200.3189757802005
200.0885393756791
208.3838835380382
203.85139787791545
199.12391966094617
200.57068743282144
200.65221165737768
207.92664071069484
212.69431896873576
203.13605286750317
220.90589739840817
203.83728993746837
205.2942584625639
200.65221165737768
199.89565022845767
200.08596125107246
203.3749788818527
200.41255229819933
206.4972230456978
198.91632163613272
238.68214290722975
218.8143021965421
202.73252381997517
209.3339575358921
210.09277181312814
209.20036627952464
198.6602133443472
299.7313772125996
214.40531707830212
230.90377743917412
242.1156867540202
239.07554542630163
273.24783914304817
294.03585637373936
299.7313772125996
196.82022311210537
218.78224471671328
197.35559276805083
215.30032436438475
201.18058866278957
208.06260609480185
338.3995419838439
276.9475521266225
197.50632357667254
237.17063890603845
236.3257032241049
212.7287660934948
215.60369798248766
338.3995419838439
203.7857717794849
199.89988007841836
219.04480527074296
196.82880593180792
213.72298717973075
199.31636409321678
338.3995419838439
203.05657161333008
195.88358792700575
195.31596803582207
195.0519264814478
200.51173239753138
203.73597502011972
232.69892981220673
200.76848932024683
217.86651862509524
203.65560643170375
203.82501862212038
212.92923612416473
204.7007245265918
232.69892981220673
197.56590768712664
197.93119219052124
195.5658007770846
200.20332149345407
197.86359040704244
196.32612096342692
232.69892981220673
195.96936446420844
195.8961087687523
195.400489083294
194.93800761007182
196.36027013807634
194.8582685267358
195.63330280752936
195.15591863759516
196.7991518503654
199.51555772507987
195.0254233313034
195.36570666867627
199.81879548732914
195.63330280752936
195.65972766741066
195.2892113422966
195.06960600016137
195.39859137802188
195.97336556922312
194.7768871775292
195.7483663742204
207.28931683170404
195.63263171863503
196.3144698036767
204.43948385806905
193.96065445054285
196.03045742716824
191.09627330791272
186.35812224902853
296.44930151320705
344.86783569734115
446.75010843641047
472.1299846013538
255.1441128751967
609.5724866150615
329.3611032078191
296.44930151320705
249.15916400936186
191.67882373313404
218.65481839486617
343.0705581720293
182.68159508804715
184.18304065322604
184.63589788913842
246.57779374049142
493.77824337644876
259.944196840499
221.67140568653366
630.3937863674676
338.26569512042676
184.63589788913842
199.75565573555556
424.85557240786676
189.79118671743245
182.97476936165646
327.0623410130318
203.134139714351
184.63589788913842
223.8337475413157
184.28596871487173
180.23601864016234
190.12992188822923
182.9166915684426
189.07082954469763
209.69887571606247
241.87284606815845
201.08235053275476
212.41517994246513
227.84555095218872
204.89215279708395
206.19438231693897
209.69887571606247
193.99574957227242
184.83692756429062
195.1142321147371
188.7459278313791
184.47610319773025
189.45462398607785
209.69887571606247
189.2857737017139
181.3873036840618
180.37389651406448
185.10396678735495
181.18284607094247
180.85016518351432
209.69887571606247
179.94283690167757
181.34825480329403
180.3782727402425
180.56961089909194
183.50551123941057
180.26227304877307
179.17485552898196
182.6162336678223
197.618347417871
181.4595773670166
181.77137397299774
187.77341857685857
184.98956028687823
186.06695976953338
182.6162336678223
188.51540747489972
179.10379510581757
179.40102314288188
182.24879563216626
179.9571129140505
180.01394288943152
185.91287246591747
180.06181533483854
180.79712845082094
211.366345954798
180.43045382058327
178.13759144151942
216.17414356643152
181.38768340163512
182.568875779471
208.27060472222894
244.59901096806627
181.23737037567955
201.41328936511704
239.67196336263353
181.38768340163512
186.29176554643206
186.08270464982985
190.0326050917966
187.8140130290122
182.6526603084843
187.67575267799728
181.38768340163512
180.4554400008814
178.25449381960854
180.74256549588497
181.24922711612263
178.5824711439872
183.00210086210703
181.38768340163512
178.70520940783254
178.4254725288828
179.7227588451923
179.26929558047925
177.98969316684145
178.52040664023983
178.80233803853812
183.5156649713626
180.25089540225486
178.5316185682466
183.92433614290334
180.77307499763205
179.56381711881545
178.80233803853812
178.5383109590084
178.3951717931234
180.1714457688588
178.45512530568857
177.7081818335259
180.47346646535527
177.82531437694485
178.13590427471166
182.04376186323785
180.39309517370552
177.89163714873916
180.1279175913225
179.8393304546832
177.82531437694485
179.08392043524256
178.67786153135444
177.73509479079482
178.54764374048563
177.83978348375575
177.83921628952533
177.82531437694485
177.82516162946627
178.04558082600255
177.69554450343063
178.08467889321074
177.61377848691342
177.75352976404082
179.66784679296953
177.75207335194926
177.94798575747302
178.91452443183874
178.3722586925092
178.0302518072951
178.1884756986476
179.66784679296953
177.76314628090756
177.68327504471208
177.64205590324786
178.19372564023678
177.584614786691
177.62054435877155
177.8717439249551
177.94340028253276
177.70320475739297
177.81834696445486
179.33812541479242
177.98350752217584
177.55992299973153
179.54963177637984
178.19508723696248
178.14141016444216
183.10462873702446
177.58321462766293
177.62709882849336
183.91289796952958
179.54963177637984
177.58056530266413
178.40975247921475
177.90490529266694
177.91747855427465
178.84660297389667
177.82734703540723
179.54963177637984
177.888278806942
177.74759000655564
177.5216485338417
177.64979739990156
177.68879400276253
177.63234097028098
177.71059255573044
178.36240951575053
177.82228540935267
177.3623726099975
179.369106223082
177.9524298231765
177.88592563793722
178.77690520266552
182.7312244382598
179.0206980613605
178.18177797175923
183.1075284877209
179.77668145273196
178.4831616989652
178.77690520266552
177.42767544859996
178.1867291388747
178.0733771821734
177.415193644331
177.89609090305518
178.32236747928727
178.77690520266552
177.63189337309444
177.4406676714382
177.3176453635893
177.60368898018024
177.49530001080842
177.5008962836207
178.07736347356044
180.17293183864572
177.41777337629566
177.51557204997758
178.88810254486552
177.55906573455903
177.16233315739245
176.9677783850517
183.0476711250836
176.9724768733798
180.61360062480267
201.5294379442346
180.7531158048738
175.83033092021373
212.87090781003027
196.02085817338826
211.0232654420326
271.4061795865286
180.6725844756385
202.4371665655987
252.17646681321423
182.25270026728745
196.02085817338826
178.53706164269855
177.48378190538395
230.18462822033388
182.46754493830886
174.98222031156942
217.0923348939408
179.78665915148255
185.3548812561753
280.70815535765166
227.57309600334102
182.00294751914095
280.0655139891059
227.5811565689267
179.78665915148255
188.7995416314967
181.4223898873108
178.90131110787172
188.14345342830566
180.49882675070842
179.67124310223517
179.78665915148255
175.1969890786646
175.65845510994842
182.02169807840957
175.1942901544867
174.84080284991165
182.01507732659942
179.6289543942504
193.56851632634698
182.03051809038485
177.29230046000274
186.8272509182495
186.27134346452738
176.55861898302396
179.6289543942504
175.33382860188127
176.36815020027728
178.9408676142275
177.03056744676113
174.45182637539602
182.64794107781393
184.22947629206618
194.5233256653354
182.18621671637604
182.10460414205474
200.20179500633643
178.15615262522914
185.89132343709164
184.22947629206618
182.27427414111781
176.7325954407498
175.6294156405485
179.19928762911331
174.7852587930793
174.85371579698202
184.22947629206618
174.87183129244445
175.5184251356129
174.66188032973767
176.01313619959154
174.397801517322
176.03726983312106
184.31692374444236
178.4982259211104
176.5570457996134
175.79538838717508
176.63866878292436
179.52584503347424
174.60194899472205
184.31692374444236
174.72397845874215
174.38454209393757
176.43115008509147
175.68848001750553
174.6107248192223
174.76562455162946
176.32467459178565
177.56698266038782
176.02499093730415
175.7476397267814
177.25006359326633
175.64850928249103
175.40392064368757
176.32467459178565
174.9474777672361
174.79584208786642
176.23516231838502
174.57998598779412
174.9339904231969
176.12681682149713
176.32467459178565
174.63834326888073
174.60911317355163
174.33554276599486
174.68476661410855
174.7432232985988
174.44112930286173
174.2155024431734
174.955046803972
185.4020695312293
174.58344514674388
175.22391348460326
188.66767936469208
173.9397775804115
175.09307551781458
173.755954932201
187.55499644278868
209.31757564325216
216.96222583585032
192.79559135704255
224.91739481955656
197.40921898981213
209.3414272106817
187.55499644278868
176.69465910265242
201.41105098151493
175.39752868455872
186.49707727651457
188.45669561187609
176.7106380044052
187.55499644278868
174.26438678514356
174.23235110864303
173.692545856462
179.87443959111818
173.98453661886958
177.8963147023019
214.33576792277066
181.7919204357967
176.6585017512936
180.90973913849194
190.54119774684358
182.93858899798403
173.85126080963664
214.33576792277066
172.90760466125673
179.14134774563325
178.1902961480057
175.98429301322852
173.7106876148359
184.96509992084924
184.8316024952947
176.09319300149525
190.8993873318027
189.67027142495238
175.37693124990759
191.83371644616392
189.4576068764657
184.8316024952947
179.17596584169297
172.91280199578665
174.1436450133565
179.46352894249605
173.29327832900304
173.9389600815789
184.8316024952947
173.1043656929971
173.1205115840944
174.18572416040848
172.9057346988161
173.02787464130785
174.25429445526729
174.84360825297372
173.21110572743902
173.4596096548653
181.60167516040482
173.4439946243354
173.89360907472167
184.99745760679482
174.84360825297372
174.75247253997009
173.57075618248365
172.94942271873256
176.4709728822215
172.9971900990347
173.03356942101496
174.84360825297372
174.1887866262047
172.90758130568554
173.09957303791637
173.24470393489295
172.9383990277392
172.8623890450958
174.19399633801976
173.771926929684
173.00596008655276
173.70124455289843
173.7047232095965
172.9261716800697
173.43943532781194
174.19399633801976
172.91362277150702
173.15576291840108
172.9982420090975
172.81773184218372
173.14007503491445
173.08664561756143
172.70480978882682
173.30116596164882
180.8229644526329
174.4002347220951
173.73662466561152
178.05603612333732
173.03798001701645
173.25768241629586
173.30116596164882
173.40989345418672
173.21429347403037
175.15286834046893
172.62273955887946
174.21405835556044
173.72997581464688
178.5278785668697
177.02297133979965
175.52549410785858
173.92533995239694
179.04619485251735
173.96016901764884
174.58452462705293
178.5278785668697
174.339232192464
172.7367311319712
172.70554156838108
173.3306950758447
172.8634249443105
173.20697686521663
178.5278785668697
173.00512443966826
172.5937955624621
173.3720955752221
172.55064181104245
172.70232303160637
172.821312932806
175.3632212517359
173.71047212501568
172.6034996079116
172.70095243695985
174.5495576086991
172.72739840942344
172.4486110671677
172.52563280813953
176.68696680496603
174.38240603803482
177.18036171719658
176.7379960138916
174.03748769775623
177.64510952582788
172.52563280813953
173.1306442696942
173.00386610187715
172.7335931037282
173.0808227243595
172.81342786680386
172.75721628020312
172.52563280813953
172.56063631691092
173.0220362208162
172.42672874781198
172.66664086151218
172.95423922222716
172.49239860699163
172.5583659641901
173.8645958051761
172.9653979853098
173.46123750611795
173.81083527640192
172.84615236753774
173.25498364941538
172.5583659641901
172.48853124339576
172.4806864758189
173.12542764575988
172.39125935622826
172.5105946344068
173.15302278525758
172.5132376983163
172.86291806970124
172.45950268010944
173.17925954581005
173.15154619347507
172.38867441290287
173.4750651566051
173.03747719923007
174.3024934484415
172.67531876863788
178.63187876251797
173.21310982930947
173.19829649520102
181.5744190556163
173.03747719923007
172.59825908476444
172.44324477767103
174.01344043112982
172.34327443947777
172.8886265891656
172.914501514037
173.80169952112078
177.00564637941068
174.02210256761094
178.60886730916607
176.34549258994753
173.84272727213985
177.7906003603183
173.80169952112078
172.49996883682837
174.8484155536957
172.3629838390233
172.25125473887203
174.45048052409575
172.43554036632807
172.53136843979158
179.66742077891345
173.48755571802604
173.1744291300743
180.343407991491
173.50981380557954
173.52350534503512
172.53136843979158
172.57283061793385
172.36384493515308
174.88557571073312
172.60203625544145
172.22858942310177
174.49001655880983
173.04093064193995
179.3570920402904
173.36243737515343
173.9673232199509
178.04161777278887
173.81394290594497
173.078755673057
173.04093064193995
172.38190918096043
173.99667527390972
172.21027103934495
172.79806601911844
174.729645284684
172.37798245330816
173.4487128566045
185.31633344184604
173.17786638052883
172.44326426297852
183.40944731076692
173.3265836624077
172.17647334266658
174.039820660527
172.77029298569138
202.4895478798348
174.81941582802003
172.83676013562356
204.765321499353
173.11880785943242
174.039820660527
176.49997309466045
173.69370445442522
172.63633901668663
177.6062176035652
173.74567926439804
172.0121626255459
174.3315728438869
172.36856130266634
211.76208584637726
173.4862391255452
173.1087735315503
215.3656471099181
173.88281044425662
174.3315728438869
172.18620365360576
180.80305995897837
172.9385506106611
172.2291262754833
179.18545419958903
173.337198263417
174.3315728438869
172.04024325233422
174.1391066854235
172.07887779614435
172.08457088355553
173.39646468306003
172.04077664347844
174.3315728438869
172.54585600538644
172.07961595902427
172.01349555450696
172.2066789951168
172.00516443992538
172.03527036043465
172.58159602940233
173.3284726664298
172.08868414093024
172.1277699433173
173.24397348294633
172.1738036128871
172.16487416388503
172.58159602940233
172.36971359592286
172.00230065263764
172.0617117257566
172.33173748113174
172.0337657803422
172.0233473230604
172.24835433074912
172.1466473696993
172.18724909316862
175.05740012950548
172.01550215245456
172.12019967864669
174.82303577707134
172.24835433074912
172.3067956087378
172.07037559877858
172.02263209969803
172.41427460651246
172.0795820753165
172.03082317090266
172.24835433074912
172.10490284140081
172.04769068916124
172.00398145270808
172.07355059366336
172.09811906410857
172.01088612150807
172.24835433074912
172.001496768586
172.00714192645447
172.04244178619103
172.0099649482636
172.01298569475236
172.01216134174425
172.0668988513694
172.09003744354126
172.023776030813
172.01910294677148
172.09507759112083
171.99649678034513
172.00882711555477
172.14939060843986
172.27640913620667
172.04643743343277
172.03256942924116
172.13917630448614
172.08633071248514
172.09859446771372
172.14939060843986
172.00110467984953
172.07262234307296
172.06560832671929
172.0094694336659
172.0106384825213
172.01172997244598
172.14939060843986
172.02855725904047
171.99714660206058
171.99168892161677
171.9975738146062
172.03534832838804
172.00155489494327
171.9749609353779
171.94815405804863
172.4858128967999
172.56762650107177
172.7076248789091
172.11543399582987
172.8360259488611
172.91610241629868
171.90535000394874
172.97810074658761
174.01376925142876
175.0733564392347
172.664813099943
173.9804139268332
175.21986806641533
172.7376838394964
172.97810074658761
173.4139234542948
172.12691623289948
172.08128361949653
173.50029175227118
172.17032935740684
172.0888508525936
172.97810074658761
172.50433697072302
171.92392654228274
171.94007050636617
172.5515659255788
171.9554001975057
171.93213248097373
172.97810074658761
172.00697898896303
171.95302673869168
171.9141239233467
172.02324626433364
171.9549331037581
171.93616168651639
172.97810074658761
171.906317619499
171.91652003939123
171.927808891365
171.9112178424508
171.9075861290265
171.93257594930986
172.97810074658761
171.91003255633956
171.90769447027375
171.90717076376524
171.90637371404765
171.9047126863315
171.91086387332598
171.91923657124332
171.91217147719834
171.91388083587992
171.931163754215
171.90258268876573
171.90034537932507
171.9133231309226
171.93089832061108
171.96130429124818
171.94828024274528
171.89609759373184
171.9459928989263
171.95014031712427
171.90715006774883
171.90470772649792
171.9707383477838
171.99276241408882
172.1029791234462
172.05047796134807
172.0309680505036
172.03551067767893
171.90470772649792
171.93986719602285
171.91593071664326
171.9159913130024
171.9189509776913
171.96064465057756
171.9024630007941
171.90470772649792
171.89908350174787
171.91083187349318
171.9618865787094
171.89343675449845
171.89245182209822
171.92865369272954
171.98876845210737
171.9236529321599
171.91097736795828
171.9246898082166
171.93383863139056
171.93765494481363
171.95056826172257
171.98876845210737
171.8886604069944
171.9236206026011
171.89333883004034
171.89677868106557
171.9080116007152
171.89810675951242
171.878851085977
171.9254217705311
172.05167505216878
171.96268121650488
172.12380189656363
172.10096770479905
171.9136255320008
172.03679123933347
171.9254217705311
171.90023064621724
171.96481391576512
171.94400087171448
171.9275330096854
171.91241578194075
171.97678010712866
171.9254217705311
171.90436908028266
171.8776853849848
171.8878504128479
171.88773230901703
171.89836983537398
171.87679353348435
171.93797571400648
171.8707600632059
171.99580499741148
171.8821106049267
171.88317079627942
171.98095988062596
171.88466758591952
171.85006115232278
171.82206096089197
172.57663661034317
171.8370405107031
178.8253516303958
172.7312375683402
172.01577532914305
177.42165712257804
173.40239848731895
172.57663661034317
172.76210023393665
172.94039672822908
171.82348828278947
173.3622473101539
172.39255651039704
172.02052211116262
172.57663661034317
171.9019855717406
172.1346928998021
171.86494308675194
172.14990977157953
171.87556566499066
171.80770573998967
172.0359586404364
172.65664176097593
172.30296120910518
171.8565799346257
172.9414905075927
172.12397128859848
171.87265046267888
172.0359586404364
171.995343050075
172.02177020531232
171.85877159488504
171.88537242021889
171.90525262065321
171.9153731691493
172.0359586404364
171.82273910663164
171.8065561055502
171.82471328301457
171.88401201384517
171.81502744193168
171.88537182842293
171.86366330236157
171.8952733669442
172.0018568393792
172.0234772695521
172.0066096357507
171.88133317511205
171.90126293108722
171.86366330236157
171.83025560024845
171.8053454557536
171.8033147205273
171.9075721321106
171.85732210901327
171.8195413424369
171.88783607362518
171.82000341094314
171.96643050299815
172.03100764036458
171.827142477735
171.9206843043572
171.97630186940202
171.88783607362518
171.80788992395685
171.87304421385147
171.8900502158125
171.81004282893383
171.90034997344918
171.85180366905016
171.88783607362518
171.80951023366924
171.8213656604775
171.80236830578664
171.82751215395987
171.81162723883142
171.80496809893586
171.80565513305035
171.80431860967371
171.83851177399237
171.88681549319216
171.81618017013653
171.83933942793695
171.8695892633256
171.80565513305035
171.8023599384338
171.8385055734221
171.80609603363726
171.81012857031737
171.8315504496048
171.80102243862916
171.8194523504897
171.8467169919616
171.8102637779449
171.83516691278527
171.85323335671566
171.80955286467244
171.82842595374836
171.8194523504897
171.8042242816871
171.80759838138556
171.8127796499239
171.80436886185126
171.80451146526795
171.81626682713036
171.8194523504897
171.80300678596788
171.8018909211963
171.80503548296556
171.80121369528038
171.80305816887207
171.8065948162524
171.8194523504897
171.80197237056362
171.80135936801292
171.8013895018626
171.80304669412115
171.80080555691546
171.80091856182617
171.80113852239518
171.80121397946795
171.80917522960002
171.80382464016625
171.8007257749605
171.81035526845372
171.8023660213216
171.80369338610294
171.80486636886314
171.80199072661958
171.82547521543108
171.8053259200787
171.80037954829368
171.8220242011589
171.8081769524125
171.80926184244333
171.80619225571863
171.9270192461406
171.81528729525175
171.81445160319197
171.96343812609393
171.8081769524125
171.81587452542988
171.80911828620322
171.8020873304536
171.83043668787153
171.80228934699448
171.8055709596473
171.8081769524125
171.81141172048717
171.8003345811119
171.80032522691013
171.8031976776141
171.80062326474567
171.8028534227855
171.82430495800145
171.81206997908492
171.8032552731097
171.8075474100515
171.80941141937015
171.8039194512555
171.81308669301364
171.82430495800145
171.8052394672032
171.80323653295932
171.8022151352094
171.80405019986733
171.80654085247613
171.80034256346477
171.82430495800145
171.80066915991247
171.80032079825727
171.80240782942957
171.80010923758775
171.80072903620632
171.80096006116733
171.8005247090345
171.80395410332665
171.80287968123753
171.80450017698917
171.80136961526182
171.80518203285322
171.80099606047634
171.8005247090345
171.8013054946354
171.80058129102122
171.80174055152966
171.80006390233675
171.80179684817605
171.79993083201762
171.81374579994565
171.79992721280348
171.80130710284396
171.80843337271625
171.80042350797464
171.79949231603138
171.80404129686548
171.80711733544
171.80234232502534
171.80020767345047
171.8325400254196
171.80201504696421
171.80034604756764
171.82718583950356
171.80711733544
171.80331975952075
171.80181198510533
171.7992132609281
171.8018381702941
171.80326612150088
171.80036788500337
171.80406110592412
171.8214902995278
171.80585045200448
171.80430818331655
171.82479428359994
171.80326449272675
171.80527354582878
171.80406110592412
171.80459939715712
171.80248096513927
171.7998020103458
171.8066753150394
171.80170427993718
171.80094981038815
171.80406110592412
171.799104673083
171.80121247656396
171.79963986629355
171.79968367306356
171.80025332352895
171.80009764796608
171.80228862328818
171.8039061335988
171.79969198203997
171.8006919204462
171.80229529868623
171.7995613045411
171.80163257507672
171.80228862328818
171.80017601902182
171.79926513423828
171.80062314296288
171.7994557797868
171.79931065641267
171.7998989308954
171.80228862328818
171.7991235093588
171.7991273925795
171.79978917350925
171.79929427551056
171.79922281061485
171.79922841467206
171.80228862328818
171.7991588543107
171.79940447594797
171.79911420811416
171.79906473863358
171.79910295098026
171.7991429202347
171.79904747121228
171.80125807208015
171.80050710941495
171.7994362551964
171.79996580180568
171.8000099651847
171.79895959517643
171.79922745338743
171.80161737326938
171.80056282446768
171.7997334193137
171.8040301760689
171.80021439535213
171.80014690342173
171.8067035899981
171.80161737326938
171.79913362189043
171.79984621882468
171.79925889912266
171.7991255668057
171.8009437272566
171.79885852391814
171.80043656005213
171.80443883997265
171.79891816189794
171.79967321481382
171.80424398025306
171.7992815133744
171.7993247290698
171.80043656005213
171.79895062676567
171.79967849657842
171.80006359814607
171.79894677046562
171.7995719705808
171.79976913598517
171.80043656005213
171.799121760005
171.79892635675174
171.7989331734326
171.79915862016057
171.79906830389376
171.79889380447054
171.80043656005213
171.79885084160475
171.7989031227406
171.79887895657023
171.79889405002777
171.79894708299165
171.7988565104152
171.79909855517027
171.79917381925083
171.79921982628548
171.79891365783212
171.79889387633662
171.7989863858023
171.7988127490098
171.79890762095766
171.80042331953524
171.79904008598248
171.7989083370261
171.79947666237743
171.79931717615995
171.79884802126674
171.79890762095766
171.79877233307204
171.79914332169588
171.79875071773185
171.79886984902794
171.79974709498444
171.79893071372746
171.79906194846362
171.79988881728454
171.79899652815172
171.79892367525804
171.79948240731758
171.7989245908337
171.7991587301477
171.79906194846362
171.79906137706783
171.79878408497945
171.79875532394047
171.7989150345868
171.7989783313737
171.7987973404619
171.79906194846362
171.79870623440533
171.79882615456376
171.79876443012634
171.79884517065034
171.79892337002605
171.79874478099973
171.79902799338814
171.7988114627115
171.79894432905297
171.798750213888
171.7986684294182
171.79908487951272
171.79871330172188
171.7991914612336
171.79973445610625
171.7987140509597
171.80058843221346
171.7990340318226
171.79880076785093
171.80015121172377
171.7991914612336
171.7992148087263
171.79863202078943
171.79881136235957
171.79899691422685
171.7989417682559
171.79868063573764
171.8008556598374
171.79911785288937
171.79924403857217
171.79872793762596
171.8001831184441
171.79878208149597
171.79893043224862
171.8008556598374
171.79859409697104
171.79886950716497
171.79924213458082
171.79871938841586
171.79853408130057
171.79874887221533
171.7995378340174
171.80041753239888
171.79874427069234
171.79887868104728
171.800319659108
171.79881575752643
171.7985390422911
171.7995378340174
171.79878468122362
171.79854143228295
171.7985908133476
171.79869766791847
171.79862863767693
171.79864135073763
171.7995378340174
171.7985216943386
171.79857051723505
171.79856539828643
171.79855339149915
171.79855202608368
171.79862494825275
171.79854137842074
171.7987209363858
171.79861232335585
171.79862461673716
171.79863662751154
171.79867636537077
171.79858323040705
171.79854137842074
171.79858761576972
171.79855448640947
171.79855987465135
171.79855439624652
171.7985034594507
171.7985677493009
171.7985760953605
171.79849197053107
171.79864551110467
171.79876726777098
171.7986447576762
171.79873922660104
171.79855785676244
171.79974413850007
171.7992222389471
171.79917739367946
171.7986047641681
171.79870661250357
171.79961234647666
171.79848281667324
171.79948256270015
171.80150371795057
171.79938438148469
171.80133889488178
171.80002618513788
171.79977671725774
171.80298448582602
171.79948256270015
171.8020432219584
171.79860047581016
171.79862424164097
171.8005525682821
171.79860815110484
171.79852845906467
171.79948256270015
171.79885390292628
171.7988457457647
171.79846071765976
171.79854175788503
171.79843729492015
171.79853435916112
171.80142936641002
171.7987091544582
171.79886911701496
171.7985278708473
171.79935142599192
171.79932978420518
171.79914768767932
171.80142936641002
171.79838076241953
171.79875811182924
171.79835695841052
171.7985336103166
171.79929072899932
171.79861007687902
171.79896009538427
171.79924312568315
171.79867888911272
171.7984805527368
171.7991457412587
171.79871399303698
171.79865133065263
171.79896009538427
171.7988628936903
171.79831848512623
171.7984227065471
171.79886162830022
171.79842088608981
171.79834338169735
171.79841914008233
171.80080071427213
171.79880154326747
171.79851772486703
171.8006087124288
171.79864814530092
171.79828803666265
171.79985421095347
171.7983304228149
171.80213751882383
171.80251062155497
171.79932708788692
171.80025480555648
171.8009875994065
171.79985421095347
171.79864702296194
171.799463179875
171.79814792138015
171.79970879028718
171.79873376021396
171.79845814402304
171.7978874252035
171.8016473545411
171.81991899467462
171.80231003551236
171.81827990851477
171.81345644565178
171.80549858760418
171.8141735038143
171.8016473545411
171.79812276631446
171.80435015756876
171.8008629097598
171.79769794970406
171.8017437590808
171.79874378477666
171.7973987002307
171.80353994199066
171.82152709017012
171.8332417371548
171.83276274072082
171.8213120747633
171.8271833079075
171.83851642151163
171.80353994199066
171.81132110412105
171.80240973012243
171.81206284337117
171.81352716061838
171.80287551335738
171.81684611461804
171.80353994199066
171.79962768825183
171.7996811789421
171.79867212319908
171.80129233819144
171.79991107782757
171.79745909685462
171.80353994199066
171.79732836411614
171.79897475859937
171.79766041892552
171.79775014283064
171.80020936761142
171.79737484672222
171.7998579582416
171.79745569677425
171.79980398266324
171.79986207107532
171.7981035917256
171.80106573529292
171.80123224008213
171.7998579582416
171.79962913595074
171.79739280018384
171.79786378527612
171.7988847634399
171.7976191973587
171.79719872765145
171.8007379105178
171.79785331912294
171.79846466574818
171.8024594178151
171.79772419670857
171.7974635736164
171.8004538398831
171.8007379105178
171.79753915451482
171.79786080448002
171.79730942508084
171.79715098023348
171.79893855477462
171.7973028358168
171.79988694733856
171.80218250069012
171.79770665056085
171.79848246825335
171.80116761579237
171.79743874486675
171.79747319811565
171.79988694733856
171.7977179822493
171.7981275473835
171.7981026898888
171.7984365311713
171.7975224257022
171.79831658437837
171.79988694733856
171.79756382218963
171.797141639555
171.79728453277514
171.7972434030023
171.7974143423362
171.79727922948786
171.7996444437895
171.7975082408843
171.79737424772503
171.79829447514345
171.79703192859617
171.7971228627613
171.79928439173446
171.79916204583827
171.7977883007902
171.7971799483065
171.8026048451232
171.79795983969132
171.79694828832743
171.80325376207628
171.79725728030533
171.809941672693
171.80744015594186
171.79789252467566
171.81024388738186
171.8065187099481
171.7976683239965
171.79725728030533
171.80014170614726
171.79812340448197
171.79810198818453
171.80029761255796
171.79779385348454
171.79837967922617
171.79725728030533
171.79876707322077
171.7969685369271
171.79708599278288
171.79897667540865
171.79705058259069
171.79723132309383
171.79725728030533
171.7972280309658
171.7970655633814
171.79707226261215
171.7971348533396
171.79698662822906
171.7970736786408
171.79725728030533
171.7970199858991
171.7969513141017
171.79694428996623
171.7970589440461
171.79695739691226
171.79699514634504
171.7973568955814
171.7972244066768
171.7969622746846
171.79722034150913
171.79703029915748
171.79696821719227
171.79707172985812
171.7973568955814
171.79706581032215
171.7969501077322
171.79696831903004
171.79695647433815
171.7969922777871
171.79693612320216
171.79706207835832
171.79721174755684
171.7970300399206
171.79704860159535
171.79714430205857
171.7970344409329
171.79699735093794
171.79706207835832
171.79699412869672
171.79696198328625
171.7969727716576
171.79696022771134
171.7969597154987
171.79695534954203
171.79706207835832
171.79695035458
171.79694124748235
171.7969597727682
171.7969367145129
171.7969318592434
171.79697704156686
171.79692340672906
171.7970272535802
171.79716776618687
171.79710384030176
171.7969539611323
171.79701375006223
171.7971974335208
171.79704096773344
171.7970272535802
171.7969592957036
171.7970430128756
171.79690441955827
171.79691842388328
171.79714906230106
171.79696050216486
171.79700955583488
171.7976534583261
171.79694220813101
171.7969280903289
171.79772812590804
171.79695745769837
171.79689138624394
171.796945624567
171.79719032460432
171.7977407981777
171.79701161252927
171.79747024596386
171.79750034390386
171.79717282067298
171.796945624567
171.7975842937997
171.7969340939704
171.7969429809194
171.79730835628848
171.79697542694112
171.7969118590589
171.796945624567
171.79692450779032
171.7969043793931
171.79688395550755
171.79701372351167
171.79689258478422
171.79695987674503
171.79746483450901
171.79727782866445
171.79702027311848
171.79689828784154
171.79749059777868
171.79689612966632
171.79692602943533
171.79746483450901
171.79689931915578
171.7970746720082
171.79689742156395
171.79687535258125
171.79695397676346
171.7969416528705
171.79690854942695
171.7970447883412
171.79711171222837
171.7969750598178
171.7969520785083
171.7970351622622
171.7968954848677
171.79690854942695
171.7968831589513
171.79693516427923
171.79694908623134
171.79689182213406
171.79689276520728
171.7968899969784
171.79690854942695
171.7968981604627
171.7968784277732
171.79686726685654
171.79687636632045
171.79691248901065
171.7968848014245
171.79684855492823
171.79699178825993
171.79692032614062
171.79720380979086
171.7969972181898
171.79699924519934
171.79708765889742
171.79705009354421
171.79699178825993
171.79688040571506
171.79696252213466
171.7968461002112
171.79692151259655
171.79690374886627
171.79685507450046
171.7968769294634
171.79706047343223
171.79699613662376
171.7968564948877
171.7972481525347
171.7968664204355
171.79687121525444
171.7968769294634
171.79685491759344
171.79692023713497
171.79688158428945
171.7969233886679
171.79684145664206
171.79684391989045
171.79751782426962
171.7968326688926
171.79719113497157
171.79685526917868
171.79687392082965
171.79743904984713
171.7969698869041
171.79703427300743
171.7970018952759
171.79897353053124
171.79703259080196
171.7969048767334
171.799166059826
171.7972054195654
171.79703427300743
171.7969840363593
171.79683878192316
171.7973249153228
171.79688720076834
171.79684157888548
171.79741566723803
171.79703427300743
171.79682285064578
171.79685650285398
171.79693302431497
171.79685103834117
171.7968827500566
171.79688217980956
171.79686909025128
171.7970213663251
171.79696991218037
171.79688186484336
171.79694845672557
171.79700776969818
171.79693697951654
171.79686909025128
171.79681953879177
171.79685841707393
171.79691007185335
171.79684413935965
171.79688287368464
171.79686650377624
171.79698606314
171.79710234701682
171.79684598572044
171.79685095292908
171.79717226891225
171.79688266596884
171.79683489985968
171.79698606314
171.79692965366317
171.79684443254203
171.79683499473146
171.79697612094577
171.7968256045311
171.79682415982455
171.79698606314
171.79682144826864
171.79683331166763
171.79682221442556
171.79683911953188
171.79682457332524
171.79682284906684
171.79698606314
171.79681955748998
171.7968291976424
171.7968219329347
171.796820451946
171.7968182859163
171.7968260407292
171.79689733443604
171.7968334481806
171.79683285184072
171.79682104903333
171.79685333573374
171.7968160955073
171.79681834961113
171.7969310891725
171.79685626815038
171.79682514151114
171.79684363887307
171.79689803777083
171.79683463867875
171.7968124333955
171.79703660165663
171.797052375549
171.79685271636708
171.79720973294565
171.7969159832411
171.79690898746122
171.79708017512303
171.79703660165663
171.7968740231124
171.79681570315122
171.7968299524604
171.7969648390873
171.79681131562566
171.7968687819518
171.79682836518828
171.79693267531442
171.79742823323517
171.79683940043896
171.79682440091156
171.7971669390967
171.79680505512937
171.79699825181353
171.79801969746583
171.7971331225863
171.79689176154278
171.7976700752468
171.79728042348438
171.79682758122615
171.79699825181353
171.7974208865598
171.7968110779448
171.79682465533048
171.79719933559474
171.79688040846796
171.79680211939467
171.7969570234407
171.79820938149362
171.79708877227978
171.79712809607128
171.79765679958115
171.79751267948774
171.7969045200469
171.7969570234407
171.79677280382282
171.79711186482467
171.79686064158324
171.7968528984878
171.7974939758086
171.79679568634708
171.7968701727243
171.79678070005957
171.7993372046921
171.79687467571534
171.79684916655697
171.79956529124115
171.79692374149656
171.7968701727243
171.796913256945
171.797246395154
171.7967778632224
171.79688030726615
171.79735135805043
171.79682180510102
171.7968701727243
171.79687161826726
171.7967660319853
171.79680787321954
171.79683215108705
171.79678260718578
171.79678754766832
171.79676925874898
171.7970094742381
171.7968228235735
171.796810310779
171.79699791501923
171.79683675773504
171.79680683614652
171.79676925874898
171.79684921260554
171.79679445307886
171.79677312031487
171.79684671540116
171.79678421657246
171.79677213404779
171.79676925874898
171.79677434104843
171.79677576147955
171.79677310330936
171.7967771021523
171.79677831049028
171.79676953713152
171.79676925874898
171.79676785748492
171.79676872286288
171.7967699164666
171.7967662967115
171.79676687029874
171.7967694854115
171.79676925874898
171.7967673467333
171.79676607374813
171.79676638420304
171.79676662583364
171.79676688669062
171.79676578199977
171.79676580441304
171.79676786031283
171.7967680381588
171.7967698823428
171.79676599686846
171.79676636064553
171.79677064653697
171.79676580441304
171.79676533059333
171.79676850460407
171.7967655180723
171.79676665370306
171.79676779032994
171.7967661699378
171.79676772783864
171.79676964362366
171.7967643682541
171.79676646603656
171.79677475158005
171.7967670505114
171.79676428856928
171.7967610547365
171.79676306728288
171.79678140793982
171.79676524033948
171.79692182116978
171.79677140283036
171.79676499934735
171.79689736476246
171.79676306728288
171.79678021875569
171.79676908771285
171.79676039438831
171.79677197905798
171.79676796589615
171.7967659605132
171.79680020746784
171.79681534156433
171.7968145905267
171.796765674493
171.79683511533415
171.7967856738162
171.79677711270284
171.79680020746784
171.7967794294973
171.79676318080354
171.79676682898182
171.7967650764901
171.79676007248523
171.79677328564753
171.7967834297648
171.79683332705721
171.7967644918436
171.79676766947097
171.79682683242038
171.79677392404335
171.79677375560638
171.7967834297648
171.7967821974451
171.79677653351558
171.7967576856912
171.79677868365187
171.79677614645476
171.7967647893351
171.79677143915802
171.79677817812552
171.7968427239553
171.79683648452726
171.7967816776629
171.79680657892004
171.7968741192078
171.79677143915802
171.79675663779443
171.79677394802428
171.7967589992288
171.79677072271446
171.79679101519267
171.79675908545892
171.79687233754427
171.79677651856076
171.7968441868213
171.79678878897417
171.79682516103355
171.79679989603147
171.7968231112091
171.79687233754427
171.79676074760576
171.7967795135458
171.7967548982783
171.79678044968455
171.79675541947665
171.79676254167123
171.7967895841733
171.79682641129082
171.79677281645252
171.79677426022107
171.7968336595816
171.7967655309059
171.79675599375017
171.7967895841733
171.79676905433791
171.79677613366812
171.79675245613893
171.7967691341573
171.79676692476954
171.79675742424826
171.79674352591726
171.7967212191037
171.7968466629386
171.79719323316166
171.79783191591633
171.7970370980044
171.79716349470633
171.79774275524227
171.79698414300327
171.7968466629386
171.7969909368178
171.7968357364946
171.79677177425614
171.79702866584597
171.79680951095702
171.79680279761013
171.7968466629386
171.7967630143976
171.7967602825635
171.79673193008654
171.79678437425449
171.7967467712759
171.7967349410498
171.7968466629386
171.79673064686577
171.79673248468168
171.79672416705742
171.7967407538898
171.7967246599886
171.79672589281833
171.7968466629386
171.79672739306247
171.7967229978048
171.79672199029355
171.79672204616406
171.79672056895868
171.7967241187317
171.7967292539903
171.79673952909508
171.79672546728187
171.79672313231896
171.796742596365
171.79672523497734
171.79672035725156
171.7967430267985
171.79672300398494
171.79682251536403
171.79676214273636
171.79672525249035
171.796846453746
171.7967479451873
171.7967430267985
171.79672402419007
171.79673057279965
171.79672726362497
171.7967209700031
171.79673784559824
171.79673638530744
171.7967430267985
171.79672534173315
171.7967253373711
171.79672037940657
171.79672098201797
171.79672188176303
171.7967214234779
171.7967430267985
171.7967199581027
171.79672021160653
171.79672245961163
171.79672183134437
171.7967210232064
171.79672017570573
171.79672911104416
171.7967221085338
171.79672184776658
171.7967220715624
171.79672256667624
171.79672061671587
171.796722605459
171.79672911104416
171.79672084347052
171.79672078898784
171.79672045009468
171.7967206280749
171.79672012669445
171.79672028075544
171.79672911104416
171.79672008406158
171.79671985441593
171.79672002863535
171.79672021014997
171.79672011977732
171.796720399371
171.79672001948558
171.79671969137638
171.79672139348966
171.79671984553423
171.79672006876925
171.79672150771808
171.79672003214526
171.79671955240883
171.79672720764736
171.79672326393515
171.79674747060378
171.79671858871396
171.79671996558102
171.7967650232569
171.79672317408776
171.79674131400716
171.79677140954084
171.79675313503964
171.7967232303009
171.79676912626704
171.7967588139023
171.79672648695882
171.79674131400716
171.79672039781934
171.79674310797148
171.7967206717312
171.796720656836
171.7967407165533
171.79671823433495
171.79673410318995
171.79677653698894
171.79673953529286
171.7967321372555
171.79676210724392
171.7967340778795
171.79673725341507
171.79673410318995
171.7967372430364
171.7967214535584
171.79672282553418
171.79673110468076
171.79672713440746
171.79672001580704
171.79673410318995
171.79671918313505
171.7967187621469
171.7967211437171
171.79672253396382
171.79672012014348
171.79671900131666
171.79673410318995
171.796720010945
171.7967182022923
171.79671845543882
171.79671817855524
171.79671921884943
171.7967182139438
171.79673516376516
171.79672044853908
171.79672293311688
171.79671761670434
171.79672412009091
171.79671964390627
171.79671913285205
171.79671929378932
171.79672000710008
171.7967417221352
171.79673349210907
171.79672146469412
171.7967397059563
171.79673342751255
171.79671929378932
171.79672472321164
171.79671821542289
171.7967198462021
171.79672413325633
171.79671747010448
171.79671952154413
171.79672140487583
171.79671837283462
171.79673407659277
171.79672188064953
171.7967181680399
171.7967413259315
171.79671910436716
171.79672140487583
171.79672327211316
171.79671815732576
171.7967174966907
171.79671977352348
171.796719542516
171.7967178994479
171.79672140487583
171.7967198559904
171.796717494913
171.79671807638525
171.79671788696004
171.79671822693473
171.79671725358892
171.79672028516416
171.79671774924387
171.79671839560135
171.79672183785542
171.79671722005696
171.79671799987
171.7967216259949
171.79672170719113
171.7967180992608
171.79674240084734
171.796719644921
171.79671686020927
171.79674679330864
171.79672146123534
171.79672061438288
171.79675958363194
171.7967992426862
171.79672022784487
171.79674725416336
171.79677786599208
171.79672161945425
171.79672061438288
171.79674239528433
171.79671979239114
171.79671842596773
171.79675642311696
171.79671781489557
171.7967219019543
171.79672061438288
171.79671767173463
171.79671658166595
171.796718224967
171.79672106736913
171.79671777816208
171.79672309722702
171.79672186162998
171.79675477250387
171.7967193773224
171.7967169615716
171.79674867711142
171.7967192684299
171.7967186930538
171.79672186162998
171.7967193520117
171.79671800211563
171.79671865702485
171.79672073580318
171.7967168195306
171.79671699730733
171.79672186162998
171.79671716091866
171.7967177833327
171.79671637315934
171.79671783925718
171.79671678555823
171.79671686568818
171.79671629427332
171.79672806130827
171.79673675432824
171.7967178236484
171.79672785448977
171.79672559395195
171.79671630715941
171.79672116743848
171.79672806130827
171.796724562806
171.79671626669813
171.7967162039944
171.79671816103664
171.79671670825877
171.7967180776472
171.7967327737452
171.79672270830622
171.79672744763454
171.79671910601456
171.796726017347
171.79672619249683
171.7967212525552
171.7967327737452
171.79671933343366
171.79671826019313
171.79671706262647
171.7967204304388
171.79671688811408
171.79671608626995
171.7967230244754
171.79672958537685
171.79671713097085
171.79673091378098
171.79672548555004
171.79671770095533
171.79672797803482
171.7967230244754
171.7967178626879
171.7967167144041
171.79672350754043
171.7967166274706
171.79671587309326
171.7967262119756
171.79671916998137
171.79672205789421
171.7967332914455
171.79671746952528
171.79672150903724
171.79673501987443
171.79671858715668
171.79671916998137
171.79671716477387
171.796723923937
171.79671709687224
171.7967169531243
171.79672260721765
171.796717352745
171.79671916998137
171.79671723722862
171.79671577047415
171.79671590333783
171.79671751698575
171.79671641736
171.79671592049655
171.79671977646188
171.7967162762065
171.79671621855712
171.7967227913627
171.79671584503123
171.79671549898632
171.79672652257207
171.79671617898038
171.7967319512494
171.7967159231639
171.79672749310325
171.79672954978992
171.79671630033684
171.79672736007709
171.79671617898038
171.7967157873702
171.796718901456
171.79672136672642
171.79671528919675
171.79671770632595
171.7967207030441
171.79671523597972
171.79672759765447
171.79673192433614
171.79679667446968
171.79674504471552
171.796720907282
171.79677117358406
171.79673420994786
171.79672759765447
171.79673612724514
171.79671633736584
171.79671752615656
171.79675193921977
171.7967163909503
171.79671423858716
171.79672317696696
171.7967155315295
171.7968232847393
171.79674089194512
171.7967175373385
171.79682348796743
171.79674159099866
171.79672317696696
171.79671930216247
171.7967541837492
171.79671593607284
171.79671886886055
171.79675355493518
171.79671677862575
171.79672317696696
171.7967152901826
171.79671551592068
171.796719288831
171.7967148321533
171.79671563981455
171.79671911979088
171.79672317696696
171.79671455204556
171.7967157062661
171.79671512324063
171.79671483786885
171.7967157713721
171.79671509518894
171.79672317696696
171.79671428842713
171.7967143922399
171.7967145012393
171.7967142617759
171.79671430794403
171.7967145765088
171.79672317696696
171.7967142678788
171.79671427616196
171.79671430074967
171.79671428793523
171.79671423777626
171.79671426659644
171.79671460218293
171.79671448376536
171.79671438577617
171.79671467640816
171.79671424098441
171.79671420905163
171.79671445745157
171.79671528689175
171.79671435703332
171.79671445686228
171.79671578585635
171.79671443213087
171.7967142085101
171.79671623981412
171.7967166790238
171.79672142280444
171.79671451602152
171.79671518722057
171.79672326557863
171.7967147016659
171.79671524901957
171.7967166790238
171.79671515242154
171.79671483252264
171.79671456691455
171.79671469153155
171.7967145119822
171.79671417823897
171.7967173385287
171.7967158138258
171.79671489105485
171.79671838855336
171.7967168936267
171.79671586565598
171.7967204000197
171.7967173385287
171.79671505853537
171.7967158287809
171.7967142196468
171.796714506427
171.79671485715986
171.79671425326433
171.7967173385287
171.79671416322972
171.79671449436788
171.7967141707873
171.7967144584114
171.7967141414635
171.7967144247193
171.7967167879002
171.79671676234904
171.79671414351787
171.7967144103895
171.79671586675823
171.79671444452498
171.79671413161742
171.7967166830274
171.79671762815616
171.79671418283053
171.796716242684
171.7967187916301
171.79671440613097
171.79671510961631
171.7967166830274
171.79671425733682
171.79671435415594
171.79671617352975
171.79671411846903
171.7967144472887
171.7967173395959
171.7967151915806
171.7967181974469
171.796716039609
171.79671464647424
171.7967177217313
171.7967158855311
171.79671413085822
171.7967151915806
171.7967140695633
171.79671560474253
171.7967141225474
171.7967141713222
171.79671586995357
171.79671434951683
171.79671391338425
171.79671391988578
171.79672606688456
171.7967143898341
171.7967324558556
171.79672440476097
171.79671513028455
171.796732865434
171.79671391988578
171.79671420737614
171.7967238615024
171.79671417524767
171.796714042028
171.7967247795338
171.79671497400227
171.79671391988578
171.7967142036867
171.79671726542398
171.79671390842392
171.79671387140124
171.7967168179785
171.79671421516176
171.7967161866756
171.7967143577698
171.7967145995054
171.79672378136632
171.79671400471256
171.79671563109252
171.7967210825173
171.7967161866756
171.79671413759422
171.79671395792795
171.79671599321037
171.79671472854022
171.7967138623805
171.79671476504654
171.7967146012909
171.7967144009343
171.79671473347375
171.79672351005848
171.79671435480267
171.79671456572
171.79672512039156
171.7967146012909
171.7967153455894
171.79671390243135
171.796714649968
171.79671472593907
171.796713834971
171.79671452190132
171.7967138517006
171.79671813482835
171.79671574941423
171.7967144843111
171.79671812662758
171.79671526865516
171.7967149356657
171.7967138517006
171.79671602455326
171.79671394463122
171.796713907923
171.79671574230258
171.79671385608196
171.79671413813963
171.7967138517006
171.7967139932301
171.7967140554762
171.7967142087093
171.79671381353515
171.7967141741168
171.79671420538824
171.7967150960449
171.7967138691531
171.7967143477324
171.79671399779804
171.79671399383247
171.79671503231688
171.79671462833832
171.7967150960449
171.79671388660418
171.7967138364393
171.79671383275118
171.7967137742973
171.79671413215874
171.79671419559105
171.79671395560732
171.79671466842927
171.79671380357104
171.79671429734123
171.79671523021904
171.79671375120418
171.79671479336088
171.79671372065843
171.79671458753228
171.79672522234344
171.7967279323715
171.79672044031338
171.79672582061872
171.79672772423015
171.7967206851006
171.79671458753228
171.79671671140335
171.79671394413293
171.79672037889023
171.796716654473
171.79671388433994
171.79672075331095
171.79671458753228
171.79671372496085
171.79671536463326
171.79671400369713
171.79671376969534
171.79671525394997
171.7967141176216
171.79671458753228
171.79671399970158
171.7967137347926
171.79671402289972
171.79671397714156
171.79671372002542
171.79671410999836
171.79671385252243
171.7967138976595
171.79671380111532
171.79671575393456
171.79671402493022
171.79671384568977
171.796716124587
171.79671385252243
171.79671403837628
171.7967137545561
171.7967137594916
171.79671419727026
171.7967137305679
171.79671372801718
171.79671385252243
171.79671373803404
171.79671375232508
171.7967137615126
171.7967137918445
171.7967137224461
171.79671382895498
171.79671385252243
171.7967137184862
171.79671374747662
171.79671371951957
171.7967137461707
171.7967137193366
171.79671372099406
171.79671395838653
171.79671373799587
171.79671371592866
171.79671375501098
171.7967137689761
171.79671372245343
171.79671380285606
171.79671371982292
171.7967137397441
171.7967138963041
171.79671400276555
171.79671373730315
171.7967139411532
171.79671395878663
171.79671371982292
171.79671383037387
171.79671372978996
171.79671373326948
171.79671380323808
171.79671374494362
171.79671372266404
171.79671371982292
171.79671372964776
171.79671371992208
171.79671372157696
171.79671372052215
171.79671371711325
171.79671373113885
171.79671371982292
171.79671371524253
171.7967137201893
171.79671372381716
171.7967137171398
171.79671371573684
171.79671371789502
171.7967137176793
171.79671372489142
171.79671371885243
171.7967137206584
171.79671372834792
171.79671372135454
171.7967137195823
171.7967137176793
171.7967137193112
171.79671371661954
171.79671371702796
171.7967137176359
171.79671371750064
171.79671371558052
171.7967137176793
171.79671371534394
171.7967137152308
171.79671371569162
171.79671371535122
171.79671371586423
171.7967137165935
171.79671372137219
171.79671371611707
171.7967137190253
171.7967137153095
171.7967137175924
171.79671371706073
171.79671371689025
171.79671372137219
171.79671371532518
171.79671371591547
171.7967137152988
171.79671371659214
171.79671371529753
171.79671371596655
171.79671372137219
171.79671371512399
171.7967137154899
171.79671371514885
171.7967137153959
171.79671371516287
171.79671371574813
171.79671371520357
171.79671371628146
171.79671371517534
171.7967137161598
171.79671371580147
171.79671371513228
171.79671371726545
171.79671371520357
171.7967137150708
171.79671371541653
171.7967137151214
171.7967137152628
171.79671371517108
171.79671371550987
171.79671371574395
171.79671371522602
171.79671371525595
171.79671371603075
171.79671371535395
171.79671371532268
171.7967137160939
171.79671371574395
171.79671371503164
171.79671371533297
171.7967137151781
171.79671371510545
171.7967137153486
171.79671371522113
171.79671371490804
171.79671371459224
171.79671371638233
171.79671372396697
171.79671372618486
171.79671371482888
171.79671372207773
171.79671372846155
171.7967137159509
171.79671371638233
171.79671371620432
171.79671371685112
171.796713715023
171.79671371703665
171.7967137177717
171.79671371601273
171.79671371638233
171.79671371538322
171.7967137150989
171.79671371472242
171.79671371592573
171.79671371458105
171.7967137152217
171.7967137194699
171.7967137150896
171.79671371480723
171.79671372030816
171.79671371476118
171.79671371591445
171.79671371768896
171.7967137194699
171.79671371536125
171.7967137147921
171.79671371511975
171.79671371458176
171.79671371590007
171.7967137146032
171.7967137194699
171.79671371492148
171.79671371449342
171.79671371474333
171.79671371447844
171.79671371499572
171.79671371452974
171.79671371645108
171.79671371598852
171.79671371459628
171.79671371528727
171.79671371575498
171.79671371473916
171.7967137152881
171.79671371645108
171.79671371491537
171.79671371448848
171.79671371448944
171.79671371502826
171.7967137145347
171.7967137144852
171.79671371645108
171.79671371450178
171.79671371451914
171.79671371455007
171.79671371446824
171.7967137145022
171.79671371451374
171.79671371449697
171.79671371499745
171.79671371454754
171.79671371447898
171.79671371500413
171.79671371457985
171.79671371452125
171.79671371449697
171.79671371447543
171.7967137145165
171.796713714518
171.79671371446963
171.7967137145371
171.79671371453134
171.79671371449697
171.79671371447813
171.79671371448913
171.79671371446827
171.7967137144638
171.7967137144918
171.7967137144746
171.79671371455672
171.7967137145528
171.79671371448413
171.7967137145269
171.79671371449064
171.79671371445417
171.79671371448455
171.7967137144442
171.79671371501541
171.79671371463758
171.79671371533476
171.79671371494555
171.79671371489943
171.7967137157023
171.79671371510995
171.79671371501541
171.7967137145595
171.79671371457758
171.796713714465
171.7967137144922
171.79671371475806
171.796713714465
171.79671371501541
171.79671371443212
171.7967137145864
171.79671371449737
171.7967137144582
171.79671371449513
171.79671371443087
171.79671371484255
171.79671371490625
171.79671371446523
171.79671371441734
171.79671371474262
171.79671371442083
171.7967137144699
171.7967137145886
171.79671371445255
171.79671371487768
171.79671371575756
171.79671371458252
171.79671371498284
171.79671371559107
171.7967137145886
171.79671371456698
171.79671371450263
171.79671371446855
171.79671371465886
171.79671371449163
171.7967137145009
171.7967137145886
171.7967137145668
171.79671371440566
171.79671371442683
171.7967137145104
171.79671371443555
171.79671371443163
171.79671371447037
171.79671371501692
171.79671371444542
171.79671371439153
171.7967137149298
171.7967137144519
171.79671371442257
171.79671371440048
171.79671371509863
171.79671371462402
171.79671371569086
171.7967137150657
171.79671371469428
171.796713715587
171.79671371440048
171.7967137144829
171.79671371447802
171.79671371472196
171.79671371446267
171.79671371451622
171.79671371475646
171.79671371440048
171.79671371454802
171.79671371440224
171.79671371438891
171.79671371451826
171.7967137144117
171.7967137144002
171.7967137143918
171.7967137147077
171.79671371443771
171.79671371438775
171.79671371467032
171.7967137144342
171.79671371441623
171.7967137146562
171.7967137151587
171.7967137144068
171.79671371474333
171.79671371552786
171.79671371442458
171.79671371497517
171.7967137146562
171.7967137144616
171.7967137144456
171.79671371466583
171.79671371461157
171.7967137143937
171.79671371450442
171.7967137146562
171.79671371438286
171.79671371459622
171.796713714404
171.7967137144172
171.79671371445818
171.79671371437985
171.79671371444425
171.79671371451383
171.79671371441543
171.7967137144867
171.79671371461203
171.79671371437306
171.7967137145737
171.7967137145922
171.79671371475402
171.7967137159766
171.79671371525484
171.79671371471193
171.79671371591138
171.79671371531197
171.7967137145922
171.7967137146571
171.79671371447654
171.79671371437976
171.7967137146883
171.7967137144555
171.7967137143813
171.7967137145922
171.7967137143681
171.7967137144182
171.79671371442797
171.79671371437553
171.79671371443192
171.79671371443325
171.79671371435595
171.79671371435228
171.796713715095
171.7967137165261
171.796713714938
171.79671372007783
171.79671371598798
171.7967137149017
171.7967137191598
171.796713715095
171.7967137152727
171.79671371492464
171.79671371437612
171.79671371498995
171.7967137153176
171.7967137143637
171.796713715095
171.7967137143748
171.7967137146059
171.79671371441464
171.7967137143512
171.79671371483357
171.79671371433471
171.79671371471343
171.79671371441833
171.79671371644739
171.79671371446852
171.79671371439997
171.79671371642294
171.79671371447952
171.79671371471343
171.796713714593
171.7967137143552
171.79671371448345
171.79671371459247
171.79671371435498
171.79671371449928
171.79671371471343
171.79671371434802
171.7967137144263
171.79671371434716
171.79671371434506
171.79671371442674
171.79671371435472
171.79671371471343
171.79671371436913
171.79671371433955
171.79671371433315
171.79671371437033
171.7967137143361
171.79671371433972
171.79671371437823
171.7967137143363
171.79671371441762
171.7967137143435
171.7967137143471
171.79671371446895
171.79671371436382
171.79671371437823
171.79671371433858
171.7967137143351
171.79671371434355
171.79671371434927
171.79671371433815
171.7967137143614
171.79671371437823
171.79671371435015
171.79671371433673
171.79671371433608
171.79671371433716
171.796713714338
171.79671371433724
171.79671371437823
171.7967137143405
171.79671371433534
171.79671371433986
171.7967137143359
171.79671371433886
171.79671371433892
