7.448599893774883e7
4.619269237308448e7
5.564744015538247e7
7.021755991643967e7
1.034592333373575e8
8.471600833505607e7
6.037527338981077e6
Inf
1.2886325670020394e7
2.2430274466351294e6
Inf
3.4738175848510084e6
2.5785225755829114e7
626365.9378368725
Inf
Inf
772302.6337996862
Inf
1.3438336987543377e8
3.0444122208383795e7
1.6741549831452599e7
Inf
92711.24482023905
2.5785225755829114e7
2.911760602735224e6
2.000347795615668e6
4.882118486399332e6
1.15911520690367e7
Inf
Inf
Inf
2.4004470682646986e6
6.962186308738565e6
1.15911520690367e7
1.6645770043062618e7
Inf
1.2756424527978525e7
1.1250475786597799e6
694618.5911766737
3.5013877607293474e6
422163.8609567122
163030.46765462693
Inf
1.985960042197132e6
606742.6642690048
3.0274145199953276e6
459899.2958668869
2.518030284607039e6
837903.9368078286
Inf
440195.24307576
276938.0667587275
346005.1645670193
13264.664619231817
17142.38644691461
39270.08388368719
2.37585252436034e6
440195.24307576
144093.37587264617
287453.5723421605
658483.7583807585
201231.35087779054
381488.65698630264
2.37585252436034e6
92711.24482023905
46108.09959743203
79613.12458053294
201855.5024727384
137978.03085543684
24378.378078328835
2.37585252436034e6
12321.729768656998
113372.74395367362
4012.0578208936695
17209.499509252866
35575.81198707127
45635.31223084072
220740.42591591034
501088.80175417673
37222.89751763224
33486.88192879689
375290.81325660076
53719.6564283013
38464.8299039781
220740.42591591034
44484.986948006175
20721.82096840141
16718.01691949243
36182.90284686353
30365.612974640175
11891.517204968868
220740.42591591034
24858.30704879299
4313.726544867865
11421.816050862026
18684.75857630285
6564.814146867257
7355.048983616105
220740.42591591034
7174.219501895023
4196.066135642034
5765.206526147127
5222.49804893311
6051.623471350516
4365.423873178836
220740.42591591034
5951.618922174098
3932.695337417563
4025.5527802674114
4337.071556104764
4570.533619455911
4150.95815220096
8253.653253864892
5780.268973233468
4085.958707513666
5338.305145866794
6591.697471125692
4658.003981669717
5633.262916414575
8253.653253864892
4293.160184134987
4214.398605095782
4363.538807093965
4698.874433081103
3915.2160286311637
4222.238144580706
6609.773363612261
5545.003599953635
5127.3990199438185
6712.006184464995
6696.621483790274
4255.338861187
5158.725181175372
6609.773363612261
4897.965863214521
4003.1110087913885
3845.5254297740507
4164.628509284683
4476.991153261359
4351.881504571422
7074.311791066134
4718.636707599086
7456.948931260249
5518.090760443544
4298.0212706268485
6443.756256558601
5058.710762499012
7074.311791066134
4001.2081415343437
4990.803349159291
4769.829803468178
4114.724018277269
4413.655819178315
4411.167400367461
7074.311791066134
3935.049466351795
3801.2408674404232
3843.9248014050004
4153.308176452451
3917.4269471204548
3997.843841586484
3905.001276903215
3989.910362502698
4110.854731613297
4507.947724838451
4049.8482692896564
4011.44083638724
4558.899727954067
3905.001276903215
3882.5245212837704
3887.2783777872573
3941.998610259189
3850.105776030262
3831.0231737156814
3948.323617720489
3905.001276903215
3834.124474961887
3847.0087827332427
3789.8585510264893
3834.053561980925
3828.5294124365946
3818.1620462897936
3800.3724920254413
3988.2874459492896
3994.996220598621
3792.5717437776116
3901.9026961072623
3999.6662043306615
3815.687554794692
3800.3724920254413
3809.0034747105333
3806.381886573079
3872.0590267692
3838.8379701274
3773.938226681785
3839.4266438972572
3716.3363502362363
3586.1042815100855
4893.344320853454
3722.764031543562
4321.325386501012
7120.10189513404
4376.641304800722
4192.060772461814
7439.849473926182
4893.344320853454
4932.176610422476
3804.4429829681676
3495.6807198454635
4672.95904301143
3793.4790098737067
3827.5850484134758
4615.251304990342
4287.696484947808
5182.156817117986
9138.045740956544
3735.3588725400755
4873.166730110385
8137.63191632965
4615.251304990342
3551.4230839799175
4477.3704244417695
4075.4087631325565
3439.9780447075336
4158.212449360863
3783.0551715227652
3217.8649928010577
2399.3396432121226
26205.20260775867
51172.097406065266
10416.042703280002
31155.629299830594
41662.23171760546
14932.614258154512
24633.76424760387
26205.20260775867
27179.70341155751
4876.844362788307
5022.916801624529
21333.138010428065
5880.543379212101
7587.620966504666
26205.20260775867
3996.2914475972398
4705.111689288744
4331.272755592827
5397.8878511874245
3380.8389203556126
2790.691130738256
26205.20260775867
4567.683496087852
2489.154172818627
2661.9078889711827
3122.267441634904
2681.5294436614754
2419.1934945011244
26205.20260775867
2307.1164319527634
2409.977075621947
2558.879292567717
2744.4676190910154
2869.3104782531136
2301.709694189472
2523.241977578293
3712.946159489034
2420.435668520634
3458.969970763745
2979.50656407033
2720.08819780747
3090.22270841087
2523.241977578293
2506.7678425098647
2366.5038328430333
2254.845362660286
2347.492139387581
2567.673229672157
2481.1686467285026
3356.0553826309224
2614.0462557011206
2308.0007859035945
3387.7882666413307
2801.260084251128
2551.6741624925285
3895.4401655397905
3356.0553826309224
2269.4165944490073
2595.1002010040884
2514.0960014420143
2401.248201426442
2367.500411890938
2404.4569063265294
3356.0553826309224
2312.616800698735
2289.6735932337924
2267.5420159595037
2457.3179010809326
2234.8772303551295
2244.298209703712
2305.1010785440217
2221.564061639198
2723.409486732923
2231.138759497025
2265.830971643624
2596.8922260773825
2280.27863566405
2334.7212907073513
4135.856226988561
2486.667120451645
2333.7400511192764
4808.058698253167
2315.6352575478363
2198.295687671356
3066.037454111382
2968.6930791098134
6942.319513996153
2695.595370601105
4198.069151673937
5402.853598783237
3265.3432490228283
3066.037454111382
2664.146479473613
2267.9164616101652
2607.490413204753
3457.7747156352516
2376.5598518986326
2160.162503137696
5852.659586675887
2475.0622834481524
4966.972617179483
2733.974721702542
3588.624607714114
6574.1253720716695
3433.341599182203
5852.659586675887
2855.5817401644085
2158.320218771594
3813.1435397666974
2172.954596672002
2442.199658517171
2944.0458564045275
4951.151766280171
6952.6746666833515
4885.185065700065
3400.269251357579
7910.035129969848
4279.3824977553
3669.4858729587304
4951.151766280171
2352.8297763157575
3737.868254850748
2315.4499798201355
2463.326683924773
4355.351915693368
2173.9961272266737
4951.151766280171
2329.9178228140195
2199.049584696297
2180.556778277119
2597.530514149067
2185.283150060251
2274.203437793021
4951.151766280171
2134.0218972706766
2240.977571727714
2149.177795670181
2203.9202060020443
2162.2858869754987
2205.294358230165
2252.2407804720274
2262.89812393907
2431.72458956241
2140.9823481654525
2302.7605930986765
2389.069916128649
2184.9048019179104
2252.2407804720274
2266.6339295622715
2151.298103758557
2141.5042073098016
2262.994153668399
2123.757484338857
2152.2164048135114
2153.9671462371266
2164.594316139405
2697.520951874599
2193.708043738546
2104.8397279288706
2534.2843730280997
2228.24020728139
2247.312240957569
3462.2746948481868
2230.39583154015
2249.164044326716
2954.645351118767
2092.0176565655865
2369.6841821580033
3123.2918349519764
5882.846949102579
3122.768179419985
2796.4656291328597
5214.8681773547905
3194.9552677798997
2736.3531594093806
3123.2918349519764
2144.5921574131426
2850.9783132532184
2316.4402421498025
2166.5770642488255
3174.1266699354055
2353.940228344119
3123.2918349519764
2207.681376236864
2507.3101373794375
2164.778636247532
2066.31442748925
2350.218322691467
2166.3055105149897
2874.3471634801726
2509.3257765981302
3118.5715871785173
2272.9862823115477
2861.18761846365
2481.966122282421
2086.5252326745467
2874.3471634801726
2090.9423151269852
2279.673627597872
2039.969265803135
2095.778322484098
2632.385237491891
2238.741184749894
3419.7762812282717
3602.5667052693125
2099.2495200872745
2135.6551371723317
3083.915444284992
2103.792313366019
2118.768336929409
3419.7762812282717
2320.7267250067966
2073.637445475154
2189.216444674158
2116.5405675545217
2054.8533319168846
2084.903234143973
3419.7762812282717
2169.039789808871
2040.9599453238218
2046.1858301293016
2046.4597274721361
2068.000994657899
2041.8288319603193
3419.7762812282717
2027.4086794541083
2035.2596341515095
2028.5270028459433
2092.0375949798927
2055.6455286668156
2057.3103664068053
2370.428290321627
2126.7678664012474
2057.2027132492867
2023.2882340291949
2096.665944301932
2019.4427219132772
2040.378447515219
2208.547155800989
2241.636746093155
2246.654365629822
2043.072842708021
2337.79249678011
2085.9030216767746
2123.5755813240535
2208.547155800989
2093.6282942938833
2024.805339014927
2093.275303557296
2018.7183080122327
2021.628104845083
2054.487430603038
2750.865821207362
2034.7742704058005
2078.168264876694
2167.3423932591563
2023.6043066520278
2225.0491483809897
2451.9230189251325
2750.865821207362
2019.9873285053498
2038.623802643257
2115.3006675252404
2106.8854565893876
2004.2155235197424
1999.6121396687352
2704.1821390739437
2579.1420816086784
2047.515614695771
2015.8646293278575
2806.5529423529533
1963.1427317291696
2042.6584507378413
1928.9217727914931
3430.1344133503235
2295.5105153845943
3417.558908619424
3994.77161258557
1738.4438687179497
5181.882081514814
6051.768692903649
3164.778675085455
19079.803650630784
9956.726381336148
8377.139702707886
19501.51212539532
9476.01740935223
8783.744604375279
3164.778675085455
5346.255957854781
2134.1046245132466
2837.5216935895646
5265.125349645639
2252.5888684148827
2598.89165916454
3164.778675085455
2818.4137530937346
2240.102761861595
2011.1679545614372
2793.5184612406924
2086.4142615451606
1958.1367088579002
3164.778675085455
1807.4395166015881
1819.8967102957706
2255.7785228025696
1709.982606392925
1803.8221867456007
2218.0207977274194
2010.8021234667574
1827.1939890771625
3185.9014469916074
1810.149991513726
1700.8230117542096
3322.9061805509323
1724.3375468960285
2764.410209476351
2714.861712785587
4244.807289072391
5651.32607076454
3670.501615994551
2822.9772047415745
7051.753385570396
2764.410209476351
4644.04458433133
1777.6393090061888
2200.0287519083836
3541.076207167139
1811.299279643762
1660.7343753473392
5740.199217916606
1775.1037712409025
3379.885179690308
4729.408899595764
2146.4583969786995
2153.632057051317
6680.741920018542
5740.199217916606
1799.2190813000511
1767.4509241453472
3535.9737550738423
2414.4539400300646
1598.5014562083286
2320.7743111092886
1835.7928978170858
7121.893740470528
1710.6847133250626
2040.4421540660433
8706.20599280301
1821.2708432129712
2844.7247087050578
1835.7928978170858
1933.8372997104552
2296.731347383173
1611.8783660825843
2514.218614346458
1903.145667866021
2095.6944670041926
1835.7928978170858
1663.997993905319
1823.1108741362978
1530.8021766712106
1927.3539197748646
1572.984285313707
1772.4005351749918
2339.139297024023
2236.4236484247504
2659.328543643345
1472.5110183261659
1984.7057417704489
2781.2952067668703
1619.7523160265666
1530.2534432456393
7433.685041831176
1684.549831439811
1998.4100020966484
8048.274471110364
1791.0350419429878
1527.4002126157482
1530.2534432456393
1585.9840498580782
2833.2638613163745
1642.678769126698
1512.332830082172
3168.198333552357
1885.2803782283422
1530.2534432456393
1581.1059936284096
1524.2689590521065
1808.2375346668398
1517.1400636503313
1461.8140411017223
2035.9309335746498
1845.4573612356894
1380.8347344238232
2940.9980130273198
1493.5971694838386
1662.3919760766064
2174.4382972158205
1851.1282120930312
2349.857800609148
3463.7289689907434
2113.1036418161143
4167.4779405687705
3027.014130686289
2161.428911994223
4524.660426516008
2349.857800609148
1870.3955784880793
2062.3403166243434
1591.1187382970265
1959.1917500223763
1818.9158630837603
1555.8126251264412
2349.857800609148
1632.6286845626405
1406.676614567146
1475.6145222230393
1508.1814663039147
1405.0248079915214
1496.4140003281943
2349.857800609148
1431.3781496649651
1393.1759151099725
1438.1111943220094
1402.2262636471712
1401.4885817672812
1380.3281773801725
1948.3027977838717
1490.8169375219038
1507.1600409192415
1483.0279886270325
1661.468252243224
1360.1226488072869
1377.9342896830226
2374.19276661528
3263.4615073458644
1463.901897677823
1431.715487876847
2642.1628656076105
1457.0672308984758
1309.20073438013
1284.9206002209162
2988.185492344024
5406.212484173893
2026.542065517951
20876.41839904576
3123.5268157440723
1648.744889241961
19702.798933548132
2988.185492344024
4322.325420113594
1656.647178677932
3125.2039906788477
4834.413619942521
1637.9240870438416
1807.9871835020617
2988.185492344024
1890.0146599834254
3406.378391096839
1606.6231968855047
1770.9530416876923
2498.1900741895083
1404.5915901754327
2988.185492344024
1386.1253107943137
1254.483040022452
1536.3669174232443
1337.866841645796
1546.3594983670203
1353.9029473265666
3485.717563017014
1290.8776580915828
1312.5102365074538
3708.757991868368
2252.7097452925223
1305.3667569419056
2643.9609086297264
3485.717563017014
1197.8420135684898
1455.9241895562413
2279.8265017512053
1337.4172725595065
1127.683005114274
1643.3882869302993
1390.0473677107611
1403.3802591077624
2376.721997747339
1502.3181244004309
1068.7072789951026
2271.041377349924
1717.678618011926
3159.8432451009885
1262.2009841131285
7927.273417800773
1155.6657693320756
1913.0181030431213
5895.377646623586
1688.0194469218202
3159.8432451009885
2180.2146206363095
1996.7525266929492
1035.237558777355
1470.8968917427742
1263.7316801069423
1305.443651064181
2983.0037678390418
3076.8545261276067
1230.5148720729026
7960.2062144477895
2616.6076516284393
1450.2017715713664
7960.444971694105
2983.0037678390418
1752.1300150909192
1339.5916637203843
1403.8665896593034
1712.2927141671255
1245.8856784197371
1268.0140214974595
2983.0037678390418
1247.503830401898
1116.726007417957
1108.6609158669908
1259.5054445158064
1045.2250969031577
1065.689837742011
2983.0037678390418
1042.9513565039745
1136.3853290898414
1062.127047057437
1032.6336552524983
1138.0732873231175
1015.2349135208144
1003.7926346083754
2039.8051247026467
1752.2085978452908
1081.2672325361661
1700.6614082906863
1612.2668122273626
1025.3487569016677
1772.454086250665
2039.8051247026467
1096.0408228685235
1377.6425487368797
1087.6086632951383
1008.4518867554458
1327.220477385095
1121.6590694023748
2039.8051247026467
1045.2555638767992
1042.904292664812
1107.2524404663404
1033.067313151295
992.9050630239085
1078.5997494911962
1232.005042900746
1240.0093091848155
1272.5906057841353
947.1003687728299
1045.5370546260258
1547.86995570678
1079.7283905070703
1177.2881962414203
1120.929719792982
1371.8189246982865
1959.0682158566153
1022.0961273175745
1356.3524853745669
2073.0356809892237
1177.2881962414203
1181.6329826596993
971.724775408943
1110.4033195359884
1205.44499260649
950.910329932175
1021.8401208557506
1177.2881962414203
961.1303986637433
1014.2045498762932
960.3525056746884
934.6938335254141
1037.9274578089846
982.5420699114859
901.2482292311403
1023.5099872677393
939.7851099289975
2495.507153164683
1666.2094646858932
1275.548837364986
1778.4583796182415
2216.9707017634983
1023.5099872677393
1017.6990340549428
972.5066401175756
899.9946765246121
856.5925559558337
1238.6875412795607
1066.0801319226782
1417.455315787654
1478.335726669785
1278.4636151574723
1238.1545068744044
1346.8715610330707
1296.4244759827675
1367.6419806257363
1417.455315787654
945.2079235067906
1049.6813139749534
895.3909471099633
1018.339325422094
1080.083211196271
956.1913994307175
1417.455315787654
887.4846958469982
909.6391246891341
854.2183991798711
943.0896280411818
928.4582060055341
871.0930203469244
967.2546836791357
1014.6933524115698
981.803169550029
917.7676155827787
1026.1682187191532
939.3639851303572
891.4346629847333
967.2546836791357
938.4571232086195
888.6955892968919
873.9374588864694
956.4336635065671
867.6490295998599
863.886258672318
967.2546836791357
861.6668034617207
859.650970213775
874.9238140685686
849.5979496905418
851.6477617547197
877.8924999525583
859.154018346147
873.8941409233255
895.3633200366447
861.9590636059423
841.7327546098617
921.9614760584934
865.5126781428877
976.8440372295282
1171.3356929318456
811.6375511192595
994.1510381547532
1052.1938020801526
888.0109582187185
918.8165396068002
843.033868941395
1203.6079882531621
966.8267295648186
2197.74677634677
1194.5678473520798
916.490898243948
2083.295314046262
843.033868941395
877.3922431737964
896.5780674464783
1019.8472116455588
863.1445269842425
841.305994089527
1008.4182321825401
843.033868941395
857.3699485460494
855.3010695483692
807.0873927058199
861.46132748475
833.9830212539998
832.0930740169817
951.3588584884096
1421.1125679443012
812.9892597989
831.6581957457778
1226.9500226877594
839.2532367699037
785.17140242199
725.3767063458461
1015.1554884307318
3935.6894199715457
3558.394485723763
3803.905167315777
2643.924782515534
4790.514383890714
2488.5115497939078
1015.1554884307318
2025.0152311610675
895.3668127225628
921.9970321187324
1289.7998091451807
679.6717654041097
1375.1891930614895
1663.0799066803013
4126.378450416482
893.0416986605054
2675.7358839519998
4798.137087462966
806.5380209414243
2439.2512358211507
1663.0799066803013
736.0550127589258
2079.8134671377884
928.8136670630689
670.7410504261369
1741.4157373468531
904.7217475794528
1147.487257005494
2151.8292806410336
786.8680054916442
8097.893467975747
1197.9165726553977
1140.3579537540431
10787.598819658293
1147.487257005494
857.5651142839778
1280.4894269400338
1241.7107448961149
696.8646661252398
2207.9599370849905
795.2515120373115
1147.487257005494
783.7408427073373
968.2447346705487
626.467828800321
1241.4896931642074
624.7854112025456
796.5654098330609
2955.8958013962283
955.0289600088859
1490.788176645403
1691.201538873833
1226.009926333125
979.8789392654409
1205.3477278649607
2955.8958013962283
739.1479629376976
778.2986504606745
603.422699145663
584.8993886407037
1069.8739314608135
695.5635485775238
1187.6168304486753
1869.9867079709006
770.8567742009495
736.0609289725603
1619.3177679848038
781.8175925370762
685.8908439036541
1187.6168304486753
791.6403501825993
784.49237224817
843.2043622214849
761.0994566227749
899.4410394972665
721.3791771389645
1187.6168304486753
654.0592786304525
594.0198548184111
653.2175489667337
597.2951689064274
583.041527949696
624.4260037117672
648.431848356965
639.295414879289
749.5433897265677
840.450663675726
586.7377739155085
671.4085660612157
900.2691548692513
648.431848356965
618.6891794302487
624.4847384188099
623.5065411245439
637.2529063541988
586.5824678354091
597.5220109616781
648.431848356965
633.9471604666073
580.8200672467868
591.9195247920201
607.0005874660656
587.8230692909168
576.3035186413431
570.4370180741074
866.9774698950057
663.2266563490666
577.7815558349586
1023.6489257360388
788.2567400810887
583.9554244235518
746.8660816240294
866.9774698950057
573.7184467528983
636.3810500632844
574.256184318982
688.6793766552505
564.6432352067364
604.0428327385703
1152.2219360686966
688.1783447507829
887.3682038759381
631.0488997358111
560.2098667529614
783.8404227164045
717.3709560093928
1760.4979467138246
1181.0802709648285
1138.8910549858715
736.4936715928725
1821.004342863098
708.462729011181
1024.5774151604178
1760.4979467138246
580.0896590544799
603.0800475842888
649.8398545601565
760.7699613857312
872.649509372033
1019.486025050669
1760.4979467138246
524.6233035247982
661.8062747492804
536.5537318360178
648.2098044965626
541.2025565104735
620.1600275746994
912.6632400328956
747.3807975031278
559.5121248133217
606.7346221601708
737.0650529608519
568.5899953742995
648.4863536165382
912.6632400328956
532.9694003874513
565.5514143053862
577.8852331723506
546.3097213923314
552.0864991744929
567.4800754934971
912.6632400328956
534.985334873621
533.917381532307
535.8995701084754
530.1683390985825
525.0060393168089
535.1732689088667
912.6632400328956
526.8259366839603
531.7294173019701
524.8397690580323
525.4296186885849
527.0116809304939
529.051949342619
912.6632400328956
524.7109995663822
524.5262402976222
523.9156430118554
526.2166412397303
526.1176816535783
525.8004137815883
525.782147501678
526.8316656490043
530.4915947753702
524.0596185262087
523.952791248394
525.5503556289673
524.3013585582428
525.782147501678
524.3699427547123
524.8507947845064
523.8555671339815
523.5835101467832
523.5099371668861
526.2749205155119
527.1906487354454
530.1397546496898
527.243899594188
524.9154073662631
521.8718158572472
525.4697960793118
522.7441046111043
565.2600713102541
574.582966902753
527.1317134426585
527.6524608799416
554.1916208116767
516.6765361115449
525.1826058692828
496.56478776708195
428.1951917542203
453.979856555406
960.8107531352748
1472.3380432980189
1550.4270538769033
817.4974265005903
1819.2940038886586
1175.2619935837045
453.979856555406
727.9218741925325
458.6436473333736
527.7692372233049
925.1050009045777
404.6345746191908
454.3232947869882
380.4483018261838
1478.8412500956404
749.267814293972
6368.997687186196
2811.930340096359
1500.1470405389678
5178.907066205258
2031.3084684793555
1478.8412500956404
391.17696449103823
2882.901732296951
741.7367913015329
621.9056150768967
3817.7565871108295
356.7503898244342
3898.9887854226617
7087.295523993269
502.06148387226546
645.2903905644481
5143.415619740879
623.8418158463404
999.2095099605988
3898.9887854226617
1543.0442357366255
476.24985971837646
1051.8779629267726
877.0801455766646
876.1638217611996
499.29001185600913
3898.9887854226617
697.4165805292965
507.9055588236441
687.2376868443871
357.0053332749839
327.18671051639336
405.98426596648306
1376.918530324218
1937.5348295552717
573.5049936430627
463.78919503299846
2121.360603134034
473.88651474400956
371.874465858157
1376.918530324218
317.1852766751816
919.1406776045541
340.1880111867416
347.5543327817989
800.6922405256615
355.8819204002203
381.70081400906184
1111.600046966333
589.6697371365901
693.7077304830443
1160.2849647865355
508.3178455141055
581.9848080784274
381.70081400906184
674.159446739775
331.76169637872187
381.8328201807681
732.407883367189
341.671955346976
318.9389942600158
381.70081400906184
334.9419229659186
320.9907026099083
468.4502907396601
308.5242077589581
317.3315697680921
429.4706401277013
365.2529549684359
325.3964828539581
432.327286921446
574.5306489648427
322.30886003181666
390.8638963679786
554.9329103911095
365.2529549684359
338.4773116830071
341.9003153697903
357.68541876666296
345.1314267755769
321.1552913261434
348.7842153138969
365.2529549684359
317.8704570108739
307.98435138104105
316.48783720827794
320.14637328013345
311.12498431700624
329.0108598950855
326.46792524902435
362.97546877093583
314.9563337382122
378.3936340172965
356.9687682693897
308.5278289477055
360.27587515464296
326.46792524902435
327.73073435443075
315.5118831374557
308.75217615056437
330.5097928384639
320.6740576490071
315.76256067939255
326.46792524902435
310.2089975925648
310.8521302785268
316.3840713330269
309.34453928831675
305.5747486050422
317.8618943342258
300.54375718242727
355.59311083067274
305.8569719938514
376.6192615869743
352.80243015453186
305.7646394002701
325.3675788876933
321.61931137252236
355.59311083067274
328.4751166694662
319.8265398146606
304.01316979023943
307.47230912274523
297.4963474932243
299.4112147550614
448.7316417460905
381.7664658104824
316.36932195287255
297.60435358463434
335.19168439228486
336.8579933677344
304.85310423739
448.7316417460905
297.95396598683783
299.46018652635445
324.9632003857208
310.1801312517937
306.66853107018363
300.2355167033249
448.7316417460905
296.7030629244656
297.84587132312834
299.50508173358065
309.5487705186171
297.70904611004437
296.10451839274407
296.6950260406343
303.4779146895392
298.75545025403306
300.77627287937594
321.5140371849893
301.10155270844723
295.0011516605371
326.1388306599143
303.608894540471
305.11821753727816
386.0620400713278
297.25445064136113
293.51871974086106
388.330058048648
376.0223786709131
351.42732890460553
478.5545211487927
410.8952118102592
324.62757653703056
616.3922850854541
340.03061812901564
376.0223786709131
376.74461148979816
312.72676040067296
299.2796144558483
312.55575674344755
355.0524989069248
294.8974455307092
376.0223786709131
294.7138691134633
292.0628299709359
290.32052706287215
334.6665319955276
305.745991227389
299.7370070797011
307.82545070987834
393.3517428042463
300.97655915107606
316.2209395742187
351.474960453081
344.62614460174
297.4373256058055
307.82545070987834
290.75493151903345
294.0028089761792
291.5034312253356
291.71500801662836
307.1409149022418
315.3354647853709
307.82545070987834
299.4349892204012
287.7709043324291
291.93708904783733
288.89883441167586
296.3593347435701
290.1038619096626
312.3854705166122
323.5547544703997
291.09881691997293
291.3983039725401
320.75665217516985
289.25101832289744
284.7274493503521
278.4203930740981
348.6408821059642
287.548789217929
332.94674821934746
691.1046607918997
332.068288396844
268.4757192290496
791.2170612617963
651.7980130255647
853.780194432567
1700.0365337599858
326.34873705077905
626.2060542642249
1263.720780976008
377.16587007830896
651.7980130255647
294.57021834271166
297.00926934083725
1200.5745185336693
386.9992696091767
251.13070677536274
868.2508153728602
301.27071780213765
446.5966374963454
1802.2781559248053
1113.267282865775
326.0525138741062
2006.3798165305593
983.5004046680366
301.27071780213765
426.89412207862324
385.46169490867936
284.36515283449546
493.7823830964689
314.28702964441396
338.236089383188
301.27071780213765
255.0639313984373
267.50675993669887
331.8798244904888
253.7976136906451
242.92941097446712
389.4195481510657
292.16540221510814
491.54875772435315
388.5114423816694
269.67414127319097
469.0712943885608
384.31669250225076
278.909254421047
292.16540221510814
263.98319790949665
259.8789914238057
331.1597531760751
263.93908549383576
244.98739909583912
337.19938615857234
292.16540221510814
269.34363407574006
249.47970460243153
252.31185958923064
262.11649201457857
247.29446899414918
251.18062033884783
292.16540221510814
247.49150595094994
244.7566884215869
243.30810964400047
250.80164231337733
243.5511013450173
244.00294485070603
292.16540221510814
244.75127997249504
243.60517780920185
243.65165979207245
243.0719610529728
243.2569692052291
243.87145925059085
292.16540221510814
243.05498766596233
242.7399310345293
242.94421473921255
243.1743620204097
243.57107433146493
243.0173364369846
246.50307576692174
244.04999394037017
243.57692672869896
243.55881471438292
242.9415590743667
242.08641128534447
244.31317193759597
241.3101751520859
267.7842761982412
261.91943292442113
253.31290313767872
242.8781294089054
244.08901783856302
241.03055089371225
248.58394401731454
356.7169035482482
260.27092132481
259.7463594823425
328.1775554179911
270.3070326124551
279.36852030652756
380.53511934101135
356.7169035482482
248.9846325186418
268.8551425697934
237.83879489421963
266.12754649453933
250.3349515406547
244.62357238021278
229.11648528413372
260.79017236335875
1012.3755868095186
241.3542482832308
299.2783408036257
1042.6250925141342
221.98513324761245
279.38573323410975
243.00519601199406
887.7930027646973
798.3964868378729
600.6553581439556
976.8013447447851
650.013070472343
710.2054238455166
243.00519601199406
297.68779967061295
596.367008841891
255.47553345420164
376.5539415585979
515.992333692267
263.3907592068557
243.00519601199406
255.25736914477676
226.19890333271002
237.68028255112813
292.8341494583812
229.9700846685303
269.90609074549985
243.00519601199406
243.34474086001654
235.56219193469994
224.08611940521422
224.85987520040828
219.95936451280457
227.50513616771894
328.18156451990325
222.1693142379113
286.98511776309465
320.6485737545731
241.488204808716
242.86234494382154
359.6177676586907
328.18156451990325
228.88571595285202
243.0992529045318
247.3173261574153
216.8438788886861
231.83185299271412
225.69038967050773
262.4700245429406
300.99468706733103
217.81054665027185
236.02053453196712
330.62828085855574
222.94436319337868
234.59061741021762
262.4700245429406
220.89015054077763
221.47936806337302
231.34904466691015
216.16058009075658
217.3865560376456
243.14974329404657
246.8191859258689
222.05336846031318
217.61257209605049
336.1678389593886
225.60878270470238
238.52926784155466
418.8022617776672
246.8191859258689
238.54978888788077
231.01070011464722
215.86807017994633
279.3348791572194
212.6047374146858
219.2712564490369
311.55376584900193
401.5120730693885
223.89241905449603
226.1156071260322
428.9828992880771
210.2826797180611
234.17712378658945
290.1969412612787
384.45569955186534
252.8856275052826
431.54110748209683
470.1075823285166
213.62719135195596
344.43622029490297
290.1969412612787
212.50484799334447
254.3141027938312
235.3344951431194
209.95172855512348
306.50818134818655
277.4425526038593
227.25428232664026
735.2541966647129
318.97759418494127
286.4688513217522
539.6126991246952
228.69597989951967
232.44843232290918
227.25428232664026
252.7625046716085
238.85198546100222
370.7085410473989
207.65929837444565
311.0450499311778
265.2995288475996
605.3899240557075
485.89274915726145
392.3581410122159
292.5918899409067
610.3122981878703
305.86122675519783
306.8656849767237
605.3899240557075
312.00456669793834
217.3385764831748
210.35557482982915
257.29138291221665
218.39732702424593
247.95679592301792
605.3899240557075
231.3117752573847
203.68155163030372
251.5918025530638
204.29110298849963
214.8881432955856
222.6361067243759
220.28112151216476
319.27191319390084
217.22322490188188
207.9881000798787
286.7994197977391
204.98830697491397
202.33168747510425
227.63423627724782
545.6509389644366
276.08913063215135
568.6470569646871
409.2685241614313
346.57000897022493
452.8751670136607
227.63423627724782
219.2037931517765
213.55047840241807
239.89641836835207
267.66863994996254
248.58941213430924
204.24928155968666
227.63423627724782
221.56395346601997
213.79306062753074
202.60838025720622
203.03200235767335
259.43181568064426
203.40404624860818
227.63423627724782
199.29539071004902
210.42785273906034
199.83068006897423
216.54223550228153
198.10874872202473
211.96098789518953
219.91664757464738
200.20026518109228
204.21493888282703
249.90767115498375
197.58559830835756
200.48144749537758
236.52028194888385
211.4230854931976
222.74513539656527
199.3172837233756
236.90265498154167
251.82734879661396
199.57130176399124
274.172647770232
211.4230854931976
208.44321129167105
197.63273555676818
214.71728163944124
197.22991508571795
201.73565810802324
241.69417681841628
301.2902858245248
203.7984954968126
223.70705662662954
250.34952459906665
201.66763472705347
205.22559234706415
278.09827627115857
301.2902858245248
209.34362293736973
207.2466607451185
209.16894474715326
219.98022612884336
199.9338588562241
230.30746819151688
301.2902858245248
197.32721000437618
200.87087491184207
198.12176010009512
197.38908486315717
211.65770982937838
196.80984614218028
199.8331423181968
213.59468910797256
204.9393260126635
197.62315062381506
239.86954746177483
198.8788733694056
204.81225459622684
199.8331423181968
195.65677570732151
198.68400466416313
213.08593574689036
200.55854400981508
195.25776664264788
199.83793013017586
192.29724486806646
233.95746638677838
309.4208786470743
209.58321176093588
220.01172035760027
280.76710470344625
217.4663284536983
204.72995010069408
233.95746638677838
193.31283660627759
218.58491496776125
192.24360538614192
203.0338272273738
232.93336960056024
194.44465128198894
213.02731961291772
404.52807091504184
206.93441497727332
197.22068554476485
364.180293435368
208.95068816717605
190.25037355015718
212.49378751323982
201.16569293207507
684.21027256139
231.18863312546347
199.7234625000917
701.5791275566978
202.66136229687285
212.49378751323982
260.6800796338055
215.98359702944492
198.68839931161622
271.7950769296469
213.8722188180686
186.31751577246314
216.84591489355594
189.23437241320772
804.0914968507395
208.13037695836442
209.48810545435816
873.8581128886418
215.3731456081206
216.84591489355594
189.7699431590759
328.3683081743193
200.8845171861119
189.03399661297152
297.36100222426785
206.07626166896193
216.84591489355594
187.11372905868348
220.96760508962842
187.84775363700342
187.0551347728092
207.0797951664128
186.32567282645147
216.84591489355594
195.24083553232407
187.55867420047483
186.5821902754851
188.8929037309552
186.06013462167576
186.42000985987474
194.85996706027495
207.6364913118462
187.01925997017034
188.696923058663
204.76807868337391
188.89404207933282
188.08327183448563
194.85996706027495
192.27084380582855
186.2193886453076
187.06397944400555
190.7528091182107
186.323495727196
186.2211023168026
194.85996706027495
186.47776350252613
186.6041631203524
189.26108166516562
185.81078503767657
185.8089903712397
188.64373467299262
187.73952013198198
191.83033519971684
187.70195631106031
186.25375503869688
191.1697478574738
186.1710564617719
186.11556369770716
187.73952013198198
186.72225723167747
187.05505456115185
185.5477441887622
187.59296047087818
186.81967725759205
186.23024839649926
186.1037986782722
186.20047725179447
187.6507335077
192.93119494587793
186.58432637031717
187.33137451705028
190.92814340598738
186.1037986782722
187.3340396602828
185.90756231696207
185.85639332260638
186.64081644516062
185.45085330888048
185.63255841644445
187.69860551446624
190.47205686765784
186.19403842970306
185.79139102302537
187.09075731630983
186.87063683668626
187.33956542030626
187.69860551446624
185.55827664048095
186.91997542337526
186.7594045661241
185.6107290174304
185.39722164134264
185.49266869906475
199.34010590697017
187.5331914415527
192.2259726807775
184.84177807298718
191.46882420850685
188.65905701053273
186.01228981655927
183.21954312403696
186.51061402070403
236.3044054294816
244.91602808708234
189.79178861760278
226.27248116951634
228.34886504167756
184.73875627256808
186.51061402070403
188.88498715892905
191.75059218734728
186.4879324174688
194.1221518174955
200.12737321172696
186.38216291152256
186.51061402070403
186.75969104788393
185.2989556339051
184.14108933112922
191.88447888738756
183.0501665329138
183.76771367002786
201.41212724754305
227.26076337913824
184.57114514144763
187.80202027059974
217.12212343843856
185.8423032924053
182.36718708850938
219.8569236374123
273.3830393220426
241.76102884006895
194.0921528024511
308.61197470780576
222.3615863014203
211.18217055449463
219.8569236374123
187.44721867079326
194.10312088403893
199.8692576988681
183.98754396438534
183.96294920687149
215.61756913564915
219.8569236374123
188.23459580692642
182.29476762520275
182.90507084608927
182.16060994901648
184.16967922685382
189.33948782554222
238.1564955505024
183.29550103390014
182.84890620655432
192.35724016598553
186.59494926776148
186.24738148951238
207.2569807435312
238.1564955505024
188.8476314038756
182.79827218856704
182.21542488671662
182.1824996554635
187.77972754645066
182.2546823670385
238.1564955505024
181.28361981029164
181.6848952225024
184.17251787000131
183.93282195217427
183.5400686223774
181.539195783758
186.7348221794316
183.53550771619402
183.00621081134403
182.38531173739122
183.21271300418405
184.88508754235593
181.89049065380772
186.7348221794316
181.52530255906964
182.03254756336898
184.924381663974
181.06398398617102
181.22688465441985
183.87812022216272
180.40507630646826
181.23786324720638
190.99034303661224
188.73271943150374
190.96550273886987
188.27604742860737
187.86691453694095
192.89152385130876
181.23786324720638
179.85860355577222
185.7912059505623
180.87615488788984
181.08183688765192
186.7685599999294
181.63168230204897
178.98296235697794
196.86288434729434
213.14222428843897
203.57970285893074
245.04289837076917
242.19186498573464
184.2229663443956
214.01288349955334
196.86288434729434
182.19633078078905
203.5568039631277
189.8583633391412
193.41173520800612
184.970381308267
209.0917182243887
196.86288434729434
187.72301517775512
177.58034060745328
181.5797920246972
178.93075532652958
185.06519235883246
178.17993793048672
218.76964488777136
176.88845698250185
210.34440266562643
178.33348364748878
178.3547068463375
201.43933282225285
180.22682381537575
174.9333648599322
179.50944403304248
175.63368701113794
608.8661888096611
239.0073736738843
187.95984770570703
539.6717136097985
271.22964940757277
179.50944403304248
238.48107263920258
241.39496670631425
175.51285888792532
268.97489769185654
214.89597875839794
186.65675438337988
179.50944403304248
181.77668562922557
193.46439167003535
177.0351521285778
193.99079872086483
179.88515239512873
174.69214884531803
192.54384325804347
233.24562467013948
204.17556788129468
177.06386157107235
242.72460037518525
197.06692710789585
179.82200454675657
192.54384325804347
185.06501351135228
186.98386962943678
179.37068165559594
181.20569468260246
182.26366551991367
180.33937446656242
192.54384325804347
176.60478639176785
174.4505807718507
176.5434184664645
178.57965811541197
175.33285614736454
178.82735542074772
177.4678425724193
181.4406796622418
185.65447559266536
186.48205334559978
185.74848733190993
180.4482047137796
182.44925365246414
177.4678425724193
176.9634753812223
174.88425091640997
174.60899602918877
179.85889080586307
177.16753139542143
174.93426224875816
177.4678425724193
174.63901553672792
175.66777774781414
175.86171910060585
174.42627003936917
174.34143915939077
174.63108528193175
185.00374675439275
174.65349924455947
181.50515111798612
177.33370493164156
174.7457171041369
177.82920125263567
179.8992836633528
185.00374675439275
175.97246468075934
174.49702890531938
174.33814759803
174.6334435103028
175.87109535720887
174.38823557566886
174.7614372855513
175.46137573743707
178.39063049611372
177.13306416467094
174.21109456687506
174.99172569530202
181.1561351352554
183.71313995514373
176.82417165983517
207.2266495902586
176.17271262250404
179.379670748956
207.53423286697506
174.66367333993205
183.71313995514373
177.12188770272928
175.2801025307202
176.3052115466344
177.53274517945886
174.28863476700994
176.01531102186084
183.71313995514373
174.6518361536669
174.62926814021057
174.9597791008197
174.19152810557816
174.42684418217618
175.17737075155046
178.32062059573562
176.52121738048228
174.5356896352224
177.43189241320246
174.04725630546415
176.8004691867484
180.7706989403798
195.428992872064
204.31684282580494
175.0186785018107
174.79713312645342
192.48306761701645
175.01342652726635
177.52973500958677
195.428992872064
174.3266282471834
186.8878743281558
174.96806831679896
174.09912146275119
179.4969875324239
177.72353249009868
195.428992872064
173.71869081836658
174.41024138001484
174.1265036159032
174.93535948471725
173.7451254625437
176.89258288078128
177.99629971262706
174.94457608807025
174.61149231742428
183.51902781078266
174.0483330219038
174.07872336458763
182.37267208652204
177.99629971262706
175.36354004567366
173.86348157460583
174.12674945132292
174.96902451918126
174.24840972339078
173.7573854721369
177.99629971262706
174.02341917223998
173.8064099424738
173.85523710112258
174.29288117921396
173.64372993954362
173.7379477394865
173.47157138288821
174.8316531421305
175.45350508450073
174.85945318671912
176.51663930755322
176.77554863265755
173.72227132844935
175.54441517404976
174.8316531421305
174.02989002942292
174.96657870960817
173.55590482077238
175.09748334077332
174.31519112263206
173.87603072396166
174.8316531421305
173.55884068248196
173.64699871549564
173.5999485872054
173.41679051013972
173.39723318359353
174.03631795998558
174.11160409354517
174.0755026487176
174.43681282741613
174.26502515373002
174.02282636972438
174.34382836022027
173.88544738634636
174.11160409354517
173.55804572946866
173.69571911217005
173.6788668532608
173.53016890436285
173.64588291810512
173.48903351497418
174.11160409354517
173.38007847924553
173.42718194571663
173.47643846692418
173.42221933865846
173.38202962904865
173.51902738787328
173.38976130525026
173.47513371043212
173.42103595373567
173.90555483654475
173.3692973049807
173.3638689311588
173.82270418133604
173.54660228935518
174.31403602463814
173.9763084579108
173.24768024693861
173.9857928352191
174.30250151704755
173.6355033630558
174.3329468454253
178.92509712330812
175.012340632702
174.45147146017834
179.75886799494867
174.18850189940204
174.86858142966724
174.3329468454253
174.5423165959139
174.06744155275425
173.40321242676396
175.21263922147267
173.9067989383092
173.68948253978513
174.3329468454253
173.21446861023654
173.788032289679
173.36820805902394
173.37324919526267
173.47820546178036
173.4637368018927
174.00543121488408
174.41517381456694
173.42319560786308
173.62513214397316
174.04892507209536
173.266783604436
173.8567626948133
174.00543121488408
173.47993382931602
173.22009287393627
173.59262746021622
173.31170120487974
173.30097077913112
173.42709915554374
174.00543121488408
173.23155271097627
173.22985753494973
173.38944151615746
173.25012536165622
173.2347690055657
173.24624985941045
174.00543121488408
173.22826950487578
173.28826739634596
173.2261399137487
173.20429167473816
173.21675373074967
173.21483563724576
173.19983400989204
173.76259210112553
173.57319807502296
173.3178933743142
173.45490038405424
173.44657613495187
173.1577717970502
173.223428563401
173.75031151693844
173.5213762195619
173.39745683756348
174.4572243083114
173.51788856712452
173.41577048839727
175.13040076107524
173.75031151693844
173.17461189808762
173.3955835214997
173.24229117687074
173.2265839690459
173.6523999422688
173.12419566325207
173.49930039087556
174.50103527076593
173.11109129552696
173.36086507980653
174.5402996214256
173.25997104886025
173.21909789924166
174.28748443955845
173.75286108141233
175.5953546762404
178.56822223304147
173.21517932484994
176.85125960347048
176.31294434046075
174.28748443955845
174.65540097928587
173.25681557208875
173.59921441928932
173.8523184022494
174.10053868320517
173.07469966499622
177.4436292936143
173.46770134418125
178.14670932884775
173.39303745640538
174.49263112904546
176.71266052619228
173.9642638860231
177.4436292936143
173.54293044216388
173.6562529436709
173.22618603708327
174.1006382104207
174.55145301381785
173.02284372946633
173.81319571901017
177.37491763740832
174.90099561583537
173.45345013766823
177.96199913623124
174.11770821803697
173.1280182301505
173.81319571901017
173.0323684091455
175.9192777720803
172.98654006659467
173.08108884553513
175.29119466366384
173.2856768951092
175.11216858265482
175.69173737817755
174.54600346425508
174.7739577020816
177.90351531783094
173.13701128147858
173.57491806435291
175.11216858265482
173.36814507043152
173.9136906561261
172.82361312198904
174.5383036178896
173.12996748388298
173.35694354713618
174.25072401948907
174.18315502803796
180.87839269973014
173.12576826567278
174.74541092923593
180.92554988592687
173.03146399098537
174.25072401948907
173.01511411019484
174.1287830565435
172.9904353669147
172.90654092154776
174.0365780296443
172.86843396150792
174.25072401948907
173.07947706538698
172.84438704710038
173.2533120688325
172.93555667618335
172.84850546626149
173.25968457305802
174.25072401948907
172.93312841703627
172.82006855257487
172.8490471169343
172.93645890207432
172.88804934589646
172.83790303322434
173.41468927255812
172.8950584943809
172.99359366465546
172.8356047575517
173.26367770716604
172.84053479182018
172.9060787866526
173.41468927255812
172.80603956192934
172.89627426636903
172.99717572379402
172.84662283361956
172.7792097381267
172.8286392880827
172.9694121444226
173.19820763095274
172.84657069760533
172.86617505044762
173.2947547669424
172.8365901542195
172.78277114628173
172.9694121444226
172.82654265854498
172.78738049334538
172.77681320915354
172.83747713708186
172.7972799209929
172.82324286559063
173.18378454299057
172.76406783280584
172.83736648671808
172.88657354103935
172.81805762941576
172.9376110003646
173.16605701643977
172.99796226587785
173.60049317436486
173.33065285077612
173.18024761735657
173.20957858156027
173.19439515465228
173.02382979675224
172.99796226587785
173.06456865490182
172.79697512160445
172.88740472685785
172.86584022628716
172.78962351839604
172.98570635101999
172.99796226587785
172.74223415614506
172.78636380140873
172.84490324917982
172.81890848905581
172.83782730158873
172.7648174547054
172.985093672726
172.91386605486974
172.96323999631022
172.76409225211523
172.8110396372664
172.98220271861817
172.74712073625787
172.985093672726
172.8046341228261
172.7671142365819
172.7891264087827
172.75212197210166
172.75230831428357
172.8130086321662
172.985093672726
172.80316611851552
172.7537044383647
172.74666443231447
172.77101256439016
172.73466679098328
172.7407649673547
172.7434269131189
172.81097747863026
172.818845458141
172.7363530767873
172.76821352243013
172.73116840382244
172.7405589965473
173.52432228475587
172.76219219021164
172.82330428383594
172.74147173312568
173.00461700106857
172.9759378025247
172.92423075140613
173.52432228475587
172.70297450372522
172.79022781978213
172.70707784916658
172.7697202876362
172.97145663523267
172.77873434482703
172.6936907519173
174.30750291467209
173.31539297175198
173.30119470640994
172.70342235317986
173.77975895764936
172.78210306033765
173.1089815785724
174.30750291467209
172.97702882747765
172.61718215097136
172.66435831194372
173.43988132531518
172.79612379444148
172.77698822064525
172.57052508411707
176.54142271589294
182.04211942027916
174.81460172978973
172.86991229479335
182.66045429499556
173.6193707666074
172.96849832956207
176.54142271589294
172.48090808423993
173.45475991073812
173.5423033958144
172.93363641424736
173.1688167137656
173.37045356390132
174.8569466879259
176.7556514391285
175.04390259592842
172.49800639224094
175.45305687527906
176.55226331784007
172.5844096521828
174.8569466879259
174.1678472496061
172.65946695069496
173.96891200837803
173.19864978508895
173.07233520405362
173.32518255019053
174.8569466879259
172.52511693079362
173.00851827617845
172.75167275552272
172.43964800689105
172.61064436003366
172.45571778430693
172.30409194692578
172.2334345933991
179.48721365882867
177.39066681632457
183.00783546695095
179.50667034595412
179.36696555473515
178.21014582205603
184.50749668905976
179.48721365882867
174.774949963171
173.93903380994826
174.7649641187433
177.37377912360267
173.21343964025843
178.39504888432373
179.48721365882867
172.30527070694757
172.47145683181773
172.8051784804091
173.72901711489732
173.22380687849804
172.00155509952637
174.4822638163067
172.52931658465027
181.1008352480411
172.82791173748404
172.6290352997246
180.81021099290913
172.1567866217179
174.4822638163067
171.95812055931322
172.706859124905
172.73956251739114
172.27512004648122
172.8801347264987
172.91088792208683
174.085488046167
181.30783049116832
172.225338377145
173.31899521200287
178.40721207990356
173.15337166589094
172.27175118309134
174.085488046167
171.8935460572627
171.93981273750214
172.49482112711436
172.32617114094361
172.36679923510223
173.5977980802958
174.66762162590308
172.64323016713308
176.58652816733266
172.18619587080934
172.33590315975124
177.01673075535263
172.4776113953922
174.66762162590308
172.94984557603658
171.93563046046953
172.0140445716174
173.14847592640572
172.06718199442648
172.19697926110626
174.66762162590308
172.21523753446905
172.02555714199733
172.1969411958162
172.04557141893852
172.1065352138154
172.13073057416344
174.66762162590308
171.9318752867659
171.96085136102482
171.918113157325
171.98443962680957
171.89122210409334
171.9358008473005
172.53193336597775
171.87845745375552
171.89931392503124
172.4656827616333
171.9695666562247
171.9377930222695
172.15970934150758
172.48296469751395
172.09536339170484
171.91533842522813
173.439479047047
172.09273684537698
171.8583511798387
173.33172696645224
171.94466633880214
174.96393334879627
174.6884626284345
172.0939963191707
175.47248983876773
174.14805691515107
172.04921847340157
171.94466633880214
172.56847508982716
172.1930300172442
172.08655414206822
172.82070744249305
172.0429129675413
172.28847201193122
171.94466633880214
172.24306856402546
171.87952884119588
171.87965177129547
172.4571305747964
171.868562592543
171.94498874245872
171.94466633880214
171.95320692367116
171.90347210778205
171.91322487506284
171.88284717795236
171.85300043339228
171.8671944371217
172.229481766855
172.3052736013339
171.84671007917677
171.97220796753757
172.14611508013977
171.90902250586518
171.90930853594253
172.31837465978037
172.45656643263132
171.98064346711365
172.50266340946015
172.73493367396705
171.88493155707707
172.84237154566657
172.31837465978037
172.03240063983165
172.024370937537
171.86033865727052
172.2080234778938
171.88933063541546
171.8979562772738
172.31837465978037
171.86374090620077
171.90134036236486
171.84922982313446
171.9534992590007
171.8412026531334
171.88862528813723
172.31064953567585
172.07268090277387
171.98230082989232
171.9894197959877
171.94577884970903
171.90246411951097
171.9220399152662
172.31064953567585
171.8999980992919
171.84147963389395
171.929835058911
171.84307669313762
171.84444514967356
172.01685897997814
172.31064953567585
171.86801046820483
171.84221520640222
171.8366586849161
171.8357873117292
171.8692558439068
171.85523811520633
172.02805500438663
171.84443286235086
172.04236008909203
171.84534242943215
171.85871434516574
171.9824230639611
171.84477383761816
172.02805500438663
171.87027898326915
171.84013932743954
171.8372862490982
171.90188765499747
171.83723433403935
171.834971416031
171.83853669201096
171.84291190824592
171.9005677941527
171.836213966589
171.88309010140608
171.86260908414212
171.85945293708897
171.83853669201096
171.8907956223528
171.8351427307769
171.83998158369778
171.85011491066868
171.84291603991105
171.83456172233602
171.87892842406487
171.90904891580416
171.84232092869385
171.853144826733
171.91907063499437
171.8413570403857
171.87851191317048
171.87892842406487
171.8735080178655
171.8400317505999
171.83435454794102
171.8595993505875
171.83859780359853
171.83837092094296
171.86954564859545
171.84244922534802
171.93570608026246
171.88744340090128
171.8331713367365
171.99990953565776
171.85397568550252
171.8975973228344
171.91491646206612
171.97006240172942
171.87173652386986
172.00341567410362
172.10133545377104
171.91728340599278
171.8975973228344
171.8640867532993
171.8459351023567
171.85389886182358
171.82707663298544
171.8994179405972
171.9029650689539
172.0510515243776
172.0585683102097
172.10543589147116
171.82035556136032
171.98540120070072
172.20691428513086
171.85620489040102
172.017005904589
172.20261566953695
173.11937081988532
172.47715130518878
172.35190208531384
172.9519288269294
172.59710799816486
172.017005904589
172.00561293589556
172.22179311092324
171.82878099207522
172.06371602640198
172.11178698626844
171.8286037423327
172.017005904589
171.8773106419103
171.85700577802214
171.82726838690897
171.92118668667078
171.82726705777063
171.822531605199
172.017005904589
171.82468637987742
171.83870804554527
171.83042487194487
171.83804860814425
171.8197845723248
171.8188193664096
171.8980204071011
171.82027732542969
171.92756847384823
171.82827531586304
171.823436323412
171.95238072173325
171.8457499320416
171.8980204071011
171.82228163571583
171.84790929642352
171.81886801492627
171.81921084590095
171.8612883500213
171.82793055539733
171.8980204071011
171.82276994609717
171.81916649498012
171.82411934988514
171.81815956206725
171.81871185537705
171.8307152293399
171.8484299200655
171.8185713307247
171.83220821972816
171.83324962441662
171.81993608039068
171.82301484269374
171.84142779293586
171.8484299200655
171.8192100442897
171.82325435558468
171.8203853072454
171.82228973940047
171.81837309891637
171.81870606891624
171.8484299200655
171.81830120639663
171.8201742405029
171.81824271931723
171.81830519484188
171.81767262211565
171.82017061097022
171.83100309231028
171.82423441238248
171.81812044947142
171.81857821365304
171.8212718213401
171.81865697394645
171.8175166232661
171.82438766619003
171.84861806819734
171.82027871098433
171.8208136219376
171.8546587135454
171.82267120803593
171.8193681927119
171.82438766619003
171.81920336479956
171.81984189008614
171.81760137135305
171.8213257048997
171.82000368506206
171.81896565696897
171.82438766619003
171.81701522173424
171.8190807041881
171.81848195196275
171.8182566541108
171.81810208181463
171.81882872692805
171.81739590628743
171.82369683247606
171.8194799710215
171.8172295848177
171.82317931453576
171.81771869016964
171.81752356695281
171.81739590628743
171.81823327447307
171.81714676755084
171.81748449919843
171.81774983555923
171.81732535022314
171.8169274072736
171.82039104587653
171.82164657192797
171.81794547400906
171.82441780700748
171.8177066329385
171.8180980713052
171.82006703360955
171.82039104587653
171.81747683568773
171.8172016050693
171.81665850554882
171.81980112181435
171.8166874958503
171.8183766670717
171.8273865216838
171.8178852221568
171.8226677419292
171.8170963193388
171.81758203306262
171.82619979992197
171.81657022528572
171.81971215757088
171.83133735544624
171.82599355514853
171.81782181085265
171.83506541379737
171.81999202632974
171.81706554915402
171.81971215757088
171.82282793049023
171.81758806455653
171.81784350245954
171.82646788591404
171.8168515511828
171.81556319521292
171.8141976910598
171.8513456609288
171.8979565145103
171.8348349362923
171.8361308897717
171.8750571110085
171.85738573704953
171.81970225648922
171.8513456609288
171.81209329348803
171.83741399435536
171.81893984088083
171.81767899415212
171.8550462768734
171.81279189810655
171.81744267816572
171.80965453061896
171.98284083848242
171.82240472235566
171.8199416863321
171.9839567425263
171.81794291526975
171.85392756984587
171.91588862685694
172.39567131936172
171.84059618726445
171.95677395266833
172.30053130904
171.83411193791792
171.85392756984587
171.87339464351413
171.8111302033317
171.82394810116185
171.9077477858951
171.8112989941549
171.84637995538478
171.85392756984587
171.81773126386216
171.80870675658153
171.80925883286062
171.83198531976254
171.81875824450162
171.8154975691682
171.88649306105054
171.87505786157968
171.84456322563435
171.8192960876159
171.91001746155888
171.82054555326542
171.81162993846615
171.88649306105054
171.82407223264497
171.8127697989477
171.81924557739904
171.81317485357908
171.8271611457988
171.80900221094478
171.88649306105054
171.80809613573112
171.81357546601586
171.81625947196937
171.81145547902236
171.80744985728833
171.808668200535
171.83854209934577
171.8210657383086
171.81255109319895
171.80883818294765
171.8250934130728
171.81702975786095
171.80773931732813
171.83854209934577
171.8097269116679
171.80847396170762
171.81092623261492
171.80751834799307
171.8093269136076
171.81315238810382
171.83854209934577
171.80757697453032
171.81087304340323
171.80748654452086
171.80775339567123
171.8088684492072
171.80754017679612
171.83854209934577
171.80750814332842
171.80738993387607
171.8076107989308
171.80827015894118
171.80755828308403
171.80729489446392
171.8067348309495
171.8054511616576
171.81562058526836
171.8110536634459
171.80611175293015
171.8461787269773
171.80770159262806
171.80687704385306
171.84074590720562
171.81562058526836
171.81013935434603
171.80760099300574
171.8051414361972
171.80846073847667
171.8071261737486
171.80684850800003
171.81477945295646
171.81893900138223
171.81910974583369
171.80593671618496
171.8245310803126
171.81151230828723
171.80997163621538
171.81477945295646
171.81017994279995
171.80567836502783
171.80666955589658
171.80617245625814
171.8052359031955
171.80855932638954
171.81477945295646
171.8073716543449
171.80538066867874
171.80549947208004
171.80515045699562
171.80519434105355
171.8051240549154
171.80846095916274
171.8112138349217
171.80905371004775
171.80466912005065
171.80945444411407
171.80952244010686
171.80617495999616
171.80880936021526
171.80943156741836
171.82694766484965
171.823874935813
171.81129648921956
171.81668292258996
171.83541789751226
171.80880936021526
171.80429213227183
171.80835813405798
171.80505304355594
171.80811555071475
171.81366838362248
171.804980289231
171.83347889197407
171.8100323833654
171.8259573263046
171.81288113829157
171.8211825666065
171.81609167302122
171.82095733892953
171.83347889197407
171.80561730322324
171.80982351506188
171.80403185323755
171.81011270675015
171.80430350699507
171.8056171766225
171.81363994720343
171.8229874891004
171.80813059161017
171.80873580188805
171.82352997885027
171.8072384520836
171.80456353093953
171.81363994720343
171.8079870831878
171.80914467325715
171.80350316762093
171.80734044716482
171.8074337232882
171.80458192679535
171.8016023568674
171.79742495475315
171.83571752990613
171.91738752448208
172.07843317457795
171.8771564261993
171.91191983643796
172.06202094959025
171.865765283716
171.83571752990613
171.86764126824986
171.82562363013062
171.81116036326918
171.8749219250429
171.82109706585499
171.81753263365107
171.83571752990613
171.8088550339091
171.8070761533539
171.8003752231807
171.81285295304545
171.80431476807127
171.8007312628591
171.83571752990613
171.80021106225837
171.8001149336998
171.7982572833719
171.80205317437134
171.7984991453561
171.7985442820622
171.83571752990613
171.79885154142465
171.79777788416186
171.7977122865954
171.7977903416509
171.7973608570143
171.79807741664308
171.79999295436636
171.8018822994155
171.7983568573816
171.79796054098486
171.80333137788242
171.79881291257564
171.79736301215
171.79999295436636
171.79755137605628
171.79894003238226
171.79826301148316
171.79729099013932
171.79943325219935
171.79756871263956
171.79821803447635
171.7976666610893
171.80083467964533
171.80009114329272
171.79801066690504
171.80083879988248
171.80036228126144
171.79821803447635
171.79802106336933
171.7981855205157
171.7975239822673
171.79799677541186
171.7980615724173
171.79733654394138
171.79821803447635
171.79745048736095
171.7973744396555
171.7975829000885
171.7974066255479
171.7973407222674
171.79749082601634
171.79821803447635
171.79735184924994
171.7973193925718
171.79732307209454
171.79730627783806
171.79730335230886
171.79733506887123
171.79821803447635
171.7972911867588
171.79730239879456
171.79730231842103
171.79731567957842
171.79729557033627
171.79729269384697
171.79821803447635
171.797295148607
171.79728412449742
171.79729829021167
171.79729287920895
171.79729878313876
171.79729187839018
171.79726593558885
171.79734156175786
171.7972567634609
171.79730495387608
171.7972881785838
171.7972783899942
171.79743121062955
171.79725449984392
171.79731682916915
171.79726859943824
171.7977506204626
171.7972502272475
171.7973063676601
171.79793252988114
171.79730129412275
171.79765837088064
171.7980236610484
171.79783075574298
171.79725137550838
171.79813033800727
171.79786609064223
171.79744963180974
171.79765837088064
171.7972991897595
171.79760113338878
171.79731356418202
171.79726328646933
171.79764561141212
171.79721454295026
171.79734833248762
171.79807936453952
171.79755543712307
171.79751023919763
171.79798437477552
171.7974679393097
171.79744550251945
171.79734833248762
171.79747178584472
171.79729110823715
171.79729795111055
171.79746730085066
171.79733186223834
171.79723311308035
171.79734833248762
171.7972482847588
171.79724012762455
171.7972593546893
171.79726476430062
171.79722756984535
171.79722855506597
171.79734833248762
171.79723230771862
171.7972155805792
171.79721099241127
171.7972243079576
171.79722874544495
171.79722130395788
171.79722889527315
171.79729914356867
171.79722623374408
171.79720835996977
171.79725420422605
171.79729527239917
171.79721990224365
171.79726060496316
171.79729334240236
171.79747091880628
171.79760574008915
171.79722319086636
171.79768480979453
171.7973179611049
171.79726060496316
171.79723729560868
171.79721224141556
171.79721200315535
171.79739738647746
171.79721170938652
171.7972708532307
171.79726060496316
171.7972091327089
171.79719828606696
171.7972272166939
171.7972091873512
171.79725889179505
171.7971955488294
171.79720475986596
171.7972973533851
171.79721024922617
171.79718907520473
171.79722342166443
171.79722499513474
171.79720931848775
171.7972361404666
171.79759972707444
171.7972870094154
171.7972751652947
171.79749588599404
171.79729120188875
171.79720275208524
171.7972361404666
171.7971974825079
171.7972069042393
171.79728631564467
171.79718806336604
171.79720145321022
171.79723512964
171.79725797005486
171.79722877961433
171.797639483648
171.79723893419472
171.79715565569617
171.79761261023265
171.7972438556163
171.79710911241207
171.79825243125336
171.80006901708762
171.80274488132443
171.7973837520915
171.7988284577516
171.80064885495855
171.7973546790966
171.79825243125336
171.79848974983915
171.79735114112373
171.79718485696415
171.7998944352816
171.79711588284556
171.79745627394217
171.79825243125336
171.7970961638834
171.79705216447098
171.79712315633097
171.7974432413875
171.79720697158308
171.79758154531092
171.7972334894252
171.79974605348258
171.79716458047687
171.79709185476867
171.79885603803524
171.79729059467059
171.79717195892735
171.7972334894252
171.797149054282
171.7971906300001
171.7972070037733
171.7973984060842
171.79701980314815
171.79705675685221
171.7979514395079
171.79813096731112
171.7975955477431
171.7970456063783
171.79778933126656
171.79788333473962
171.79707129996405
171.7979514395079
171.797349284837
171.79702870658912
171.79720017653713
171.7971664290547
171.79703556601936
171.7971023792375
171.7979514395079
171.79715332556364
171.79702360781613
171.79702485838828
171.7970484356843
171.79702218055272
171.79704183491162
171.7979514395079
171.79703899020063
171.79701037948314
171.79703586872208
171.7970169320848
171.79705045691318
171.79701168895545
171.79718498606192
171.79706647803087
171.7970459543454
171.7970164422423
171.79707196799137
171.79701864455052
171.79701617278428
171.79718498606192
171.79702288201466
171.79701307844118
171.79701643335542
171.79702077486306
171.79701034021215
171.79703104169272
171.79703678006746
171.79703336900945
171.79702843411764
171.7971491836407
171.79702438918335
171.79699888814434
171.79715223026298
171.79701949581528
171.79709169320685
171.79724207902697
171.79702606064762
171.79709519695845
171.79734067617463
171.79704068989057
171.79701949581528
171.79700776529674
171.79714605257388
171.79701841205363
171.7970279518572
171.79708827150043
171.79702261964266
171.79701949581528
171.79701295221378
171.79699347342674
171.7970034644449
171.79703294908416
171.79701136912365
171.7969955546106
171.79704247728912
171.79700062357506
171.7970088585948
171.79712523503017
171.79699560739402
171.79698091515365
171.79714606085196
171.79695894976322
171.79732330369086
171.79774386664937
171.79701535182684
171.79746170267146
171.79812609950955
171.79698101608832
171.7979829440548
171.79732330369086
171.7969706302102
171.79706887339202
171.79715969339253
171.79695230069154
171.79720801644368
171.7974667755511
171.79697601439594
171.79726972574264
171.79840726930107
171.7974721518082
171.79699264351135
171.7976950596796
171.79721287665464
171.79697601439594
171.797202279394
171.79697031041144
171.79701830992184
171.79762379650467
171.7969703892774
171.79690697084882
171.7969324511759
171.79687121678293
171.7988133615346
171.79724958273755
171.79701618645532
171.79849300382472
171.7974284527509
171.79746283279505
171.79801393325096
171.80689302563772
171.79737119598897
171.79820936721305
171.80714072630283
171.79745614140455
171.79746283279505
171.79707427517295
171.7972785031613
171.79813306870727
171.79708927910016
171.79714973724762
171.79815167088415
171.79746283279505
171.7970066250346
171.7972643450848
171.79712951638223
171.79696946264096
171.7972461395333
171.79705868998454
171.79746283279505
171.79688875653076
171.7968995720817
171.79696264001308
171.79687236902853
171.79689994753625
171.7969335376061
171.79746283279505
171.7968893015397
171.79687603610984
171.796881749629
171.79687326404547
171.79687580856248
171.79688376632117
171.79746283279505
171.79687577140643
171.79686931603095
171.796878639255
171.79687064926122
171.7968750256255
171.79687432671398
171.79688079395618
171.79688268964213
171.7968676017754
171.79690953369055
171.7968618800761
171.79687498646868
171.79688681565312
171.7968915123117
171.7969951022562
171.7968768682845
171.79688777416925
171.79698899337535
171.79685970078853
171.796868289088
171.7969790751946
171.79710222654495
171.7970146904662
171.7969418722115
171.79698245210392
171.79694213133894
171.7968615362612
171.7969790751946
171.79692424565263
171.79688435263097
171.79698299738405
171.79686477101967
171.79687344656935
171.7969033109358
171.7969790751946
171.7968520476998
171.79686206105933
171.79686458514465
171.7968866898047
171.7968946095722
171.79685667943681
171.79701479454482
171.79688076692273
171.79690744227742
171.796874708822
171.79689121100265
171.79686816016073
171.79689057477447
171.79701479454482
171.79687446558043
171.796857936814
171.79685755147221
171.79689916439762
171.79685103999753
171.79685068981266
171.79688671664485
171.79688134483018
171.796860872363
171.7969006264875
171.7969505332024
171.79684571920683
171.79685017550656
171.79687795574182
171.79688856687088
171.79688916305977
171.79739314436432
171.79683168420368
171.7969400415538
171.79764221137495
171.79706368847525
171.7978894350164
171.79729898618842
171.7969285291431
171.797740523476
171.79730845278797
171.79687317725953
171.79706368847525
171.79681735967367
171.79720609405626
171.79685410959993
171.79684701799857
171.79728610249057
171.79686945283623
171.7967701551127
171.79674288395782
171.79922176867214
171.8091188806561
171.79742066015592
171.81491485698083
171.8075559313605
171.79779920290062
171.8169643329785
171.79922176867214
171.79690922374328
171.80662814406716
171.79726789348848
171.7970091102643
171.80817258675123
171.79757215641885
171.79922176867214
171.79693625232468
171.80036565942135
171.7968094822548
171.79680382134043
171.7995270459405
171.79698025540387
171.79922176867214
171.79675999235207
171.7968805786214
171.7971146620083
171.79676543485473
171.79676440090216
171.79746686632734
171.79922176867214
171.79682190401692
171.79673477848146
171.79676673061863
171.79673575804577
171.79675594978139
171.79691202754057
171.79675195868595
171.79673954695045
171.7968095517584
171.7975468264174
171.79679599434002
171.79676077182913
171.79726074258934
171.79675195868595
171.79676112580114
171.79672991361696
171.7967486135752
171.79685862644135
171.79674045224183
171.7968135609962
171.7967185427089
171.79680245159673
171.7978085703372
171.79713878212814
171.79695537394875
171.7978279456498
171.79715539875835
171.79692969254185
171.79680245159673
171.79724066420874
171.79673228876496
171.79677580801476
171.79724525188726
171.7967382779866
171.79675756574187
171.79680245159673
171.7967307028227
171.79679100193727
171.79681611825876
171.7967414097802
171.79678935399107
171.79681147243505
171.79680245159673
171.79671903133644
171.7967317958516
171.79672788752666
171.79672182858164
171.79673333732785
171.7967251831182
171.79680245159673
171.79671783412195
171.79672083555278
171.7967219964139
171.79671979253447
171.79672171432205
171.79672150936753
171.79672041214894
171.79673370845472
171.79671731145623
171.79672958740696
171.79673956099148
171.7967184556978
171.79673075508546
171.7967162098912
171.7967276301473
171.79693421174701
171.79691906856897
171.79684177770187
171.79687583693587
171.79696478900115
171.79680958918172
171.7967276301473
171.79675403145117
171.79671830975303
171.79684596927208
171.79677318092305
171.79672030449737
171.79680550566837
171.7967276301473
171.7967184178852
171.79673323451615
171.79672659535944
171.79671485529533
171.79675002208256
171.79671670457486
171.7967179707832
171.79677473264496
171.7967160323797
171.79681452978332
171.79679207298227
171.79671713508336
171.7967922255705
171.7967179707832
171.79672077005617
171.7967165972486
171.79675733591162
171.79671666117378
171.79671642137126
171.79674339056274
171.7967179707832
171.79672409643172
171.79671488752126
171.79671433911165
171.7967183436848
171.79671554422214
171.79671613078528
171.796719867459
171.79672576604128
171.79671850186656
171.79673385828545
171.796725907641
171.79671906438472
171.79673332690945
171.796719867459
171.79671754058177
171.79671766055557
171.79671454289448
171.79671743684384
171.79671786808834
171.79671425344364
171.7967150918551
171.79672371286645
171.79671432167768
171.796730925768
171.79672271467356
171.7967145465437
171.79672853056002
171.7967150918551
171.7967147468452
171.79671793563776
171.79671790736165
171.79671448301093
171.79671706080288
171.79671907459894
171.7967150918551
171.796715557853
171.79671472076865
171.7967142424299
171.79671617703121
171.79671447210058
171.79671464962425
171.796718050129
171.79671728525486
171.79671513300343
171.7967160829583
171.79671588616978
171.7967146764831
171.79671774074183
171.796718050129
171.79671412894973
171.7967151036264
171.79671599955935
171.79671448906905
171.79671442202212
171.7967150069423
171.79671500655368
171.79671711108634
171.79671531968486
171.79671530468175
171.79671697315868
171.79671542892635
171.79671545278342
171.79671500655368
171.79671490945915
171.79671460483445
171.79671443983744
171.79671500383458
171.79671458452677
171.7967143642299
171.79671500655368
171.7967141689516
171.79671419429917
171.79671438236227
171.7967141441622
171.79671422154914
171.79671433822332
171.79671500655368
171.79671416033565
171.79671418279256
171.7967141328031
171.79671414950366
171.79671416506065
171.7967141528739
171.79671500655368
171.79671413519813
171.7967141315123
171.7967141310923
171.79671414596334
171.796714138415
171.79671413963294
171.79671500655368
171.79671412809816
171.79671412884474
171.79671412942585
171.79671413064398
171.79671413203985
171.7967141354494
171.79671413308316
171.79671413850974
171.79671412239583
171.79671415177245
171.79671414714437
171.79671413483482
171.79671415534744
171.796714109945
171.79671422592048
171.79671411266358
171.79671433348076
171.7967142138206
171.79671419834798
171.79671423573677
171.79671440576965
171.79671422592048
171.7967140919305
171.7967141372723
171.796714132191
171.79671415650935
171.79671411080014
171.7967142149588
171.79671430537775
171.7967140664946
171.79671440123548
171.79671423593945
171.7967141185875
171.79671434032304
171.79671421724836
171.79671397693036
171.7967138136872
171.79671628093072
171.7967232356144
171.79672600970807
171.79671413163925
171.79672165719964
171.7967276931681
171.79671512364064
171.79671628093072
171.79671559658894
171.79671622876876
171.79671434395715
171.79671618222758
171.7967169662758
171.79671517536622
171.79671628093072
171.79671470154904
171.79671427010263
171.79671398312948
171.7967151015598
171.7967138624148
171.79671441918643
171.79671628093072
171.79671375815244
171.79671393174127
171.79671397737079
171.796713913215
171.79671379527818
171.79671421540644
171.79671397593057
171.79671412671948
171.7967145323347
171.79671397485797
171.79671418711183
171.79671455176648
171.79671411338063
171.79671397593057
171.7967138690787
171.79671392138306
171.79671377943086
171.7967138906164
171.79671392606124
171.7967138486843
171.79671397593057
171.79671386747555
171.79671376193963
171.79671379962127
171.79671382707295
171.79671377854373
171.79671382004267
171.79671397593057
171.79671378232445
171.79671375250837
171.79671376128897
171.79671379687548
171.79671376789938
171.79671375581586
171.79671377090287
171.79671377270867
171.79671379860287
171.7967138275016
171.796713740444
171.79671376595766
171.79671378332637
171.79671377355575
171.79671425868307
171.79671383123537
171.7967137581942
171.79671431312937
171.79671384558014
171.79671379007564
171.79671377355575
171.7967137484249
171.79671378643522
171.79671380255067
171.7967137418898
171.79671381293934
171.79671379745204
171.79671377355575
171.79671375093744
171.79671376935343
171.79671374196764
171.7967137396119
171.79671376041713
171.7967137451359
171.79671383290176
171.7967138228329
171.79671375031012
171.79671379635747
171.79671377146957
171.79671373287476
171.7967137629425
171.79671374550628
171.7967138237704
171.79671403571376
171.79671389755634
171.7967138082485
171.79671398085148
171.79671386823162
171.79671374550628
171.7967137458743
171.79671380017865
171.79671373881237
171.79671376236965
171.7967137809984
171.7967137378235
171.79671374550628
171.7967137356921
171.79671375075176
171.79671373636904
171.79671373198002
171.79671376528054
171.79671374107923
171.7967137476183
171.79671383603355
171.7967137370506
171.79671373153792
171.7967138288052
171.7967137335769
171.79671373850138
171.79671379056745
171.79671374137627
171.7967138276108
171.79671410519097
171.79671377357238
171.79671389890206
171.7967140020649
171.79671379056745
171.79671375921524
171.79671376358212
171.79671373828447
171.79671380473667
171.79671374085777
171.79671375961163
171.79671379056745
171.79671377993887
171.7967137279452
171.79671373014526
171.79671374667302
171.79671373778976
171.79671373945226
171.79671374012113
171.7967138627151
171.79671373972624
171.79671372641738
171.7967138838586
171.79671373743105
171.79671373098833
171.79671373548933
171.79671388150197
171.79671380459342
171.79671403209284
171.7967139239748
171.7967137851149
171.79671405934775
171.79671373548933
171.79671374614742
171.79671375710086
171.7967138283122
171.796713747931
171.79671374847658
171.79671380217297
171.79671373548933
171.79671375520766
171.796713729183
171.79671372641494
171.79671376960496
171.79671373000153
171.79671372694278
171.79671373166013
171.79671379366258
171.79671373112404
171.7967137286359
171.79671381290544
171.7967137466805
171.79671373125717
171.79671373166013
171.79671373793943
171.7967137281272
171.79671372900052
171.79671374553834
171.79671372562782
171.79671373891549
171.79671373167454
171.7967137508815
171.7967137379768
171.79671379544
171.79671377589403
171.79671373033133
171.79671375772224
171.79671373167454
171.79671372766776
171.79671377614147
171.7967137271557
171.79671373085245
171.79671374697622
171.79671372632012
171.79671373167454
171.7967137246678
171.79671372727555
171.79671372453672
171.796713732462
171.79671372438114
171.79671373149108
171.7967137233903
171.79671378345066
171.79671375010912
171.7967138294684
171.7967137785589
171.79671374278203
171.7967138184825
171.7967137848175
171.79671378345066
171.7967137403298
171.79671373106294
171.79671372429436
171.79671374475967
171.79671372760276
171.79671372346138
171.79671378345066
171.79671372293473
171.79671372529904
171.7967137272284
171.79671372386318
171.79671372803455
171.79671372714694
171.79671372129897
171.79671371780168
171.79671375235387
171.7967138531375
171.79671374930956
171.79671408298083
171.796713826425
171.7967137590542
171.79671402676595
171.79671375235387
171.796713773778
171.79671375347414
171.79671371930453
171.79671376153232
171.79671378036062
171.79671371865214
171.79671375235387
171.7967137192785
171.7967137351473
171.79671372294
171.79671371771929
171.7967137474804
171.796713715513
171.79671373482708
171.79671371843853
171.79671384803808
171.7967137253865
171.7967137219728
171.79671385175226
171.79671372341616
171.79671373482708
171.79671373207162
171.7967137165666
171.79671372669776
171.79671373200102
171.79671371687166
171.79671372426816
171.79671373482708
171.79671371617954
171.79671372153354
171.7967137171233
171.79671371630064
171.79671372113518
171.79671371591252
171.79671373482708
171.79671371796593
171.7967137154148
171.7967137157722
171.79671371751076
171.7967137158653
171.7967137154971
171.7967137175668
171.79671371532922
171.7967137207285
171.79671371628845
171.79671371612073
171.79671372386284
171.79671371657636
171.79671372124244
171.7967137242865
171.7967137152547
171.7967137323664
171.7967137226646
171.79671371568222
171.79671372963443
171.79671371767992
171.7967138182396
171.79671372269587
171.79671371870066
171.7967138389044
171.7967137191264
171.79671371737078
171.79671371767992
171.79671373042962
171.79671372266012
171.79671371764923
171.79671373880234
171.7967137185513
171.7967137221472
171.79671371767992
171.79671372165865
171.79671371735208
171.79671371493498
171.79671372735555
171.7967137153064
171.79671371632963
171.79671372120316
171.79671372217973
171.79671372720216
171.79671372059192
171.796713720372
171.79671372804472
171.7967137192769
171.79671372120316
171.79671371649735
171.7967137189939
171.79671371570836
171.7967137167336
171.79671371999618
171.7967137150653
171.79671372120316
171.79671371638568
171.79671371524637
171.79671371525737
171.79671371583015
171.79671371522903
171.7967137149809
171.79671372120316
171.7967137149742
171.7967137154655
171.7967137150937
171.79671371498983
171.79671371520465
171.79671371489985
171.79671371600614
171.79671371648035
171.79671371493905
171.79671371508326
171.79671371594597
171.7967137153499
171.79671371520237
171.79671371600614
171.79671371499055
171.79671371499114
171.7967137149116
171.79671371526737
171.79671371507618
171.7967137149081
171.79671371600614
171.79671371489923
171.796713715019
171.79671371491705
171.79671371505265
171.79671371490844
171.79671371489283
171.796713714941
171.79671371488396
171.79671371537296
171.7967137151494
171.7967137149226
171.79671371503395
171.7967137148549
171.7967137168954
171.796713714917
171.79671371599514
171.79671371512302
171.7967137153336
171.79671371549063
171.79671371487842
171.7967137168954
171.79671371480072
171.79671371535113
171.796713714853
171.79671371500604
171.79671371502144
171.79671371493978
171.79671371561304
171.7967137156381
171.79671371531913
171.7967137148511
171.79671371549716
171.79671371560445
171.79671371485264
171.79671371561304
171.79671371479006
171.79671371482675
171.79671371532038
171.79671371486643
171.7967137149372
171.79671371517182
171.796713715238
171.79671371479077
171.79671371499992
171.7967137158849
171.79671371489363
171.79671371510776
171.7967137158602
171.796713715238
171.79671371494547
171.79671371475408
171.79671371510227
171.796713714924
171.79671371484076
171.79671371512694
171.7967137147684
171.7967137155648
171.79671371492287
171.79671371515633
171.796713715557
171.7967137148897
171.79671371505069
171.7967137147684
171.79671371490863
171.79671371477954
171.79671371497815
171.79671371497085
171.79671371481615
171.79671371497363
171.7967137147684
171.79671371477406
171.79671371475965
171.79671371485753
171.79671371479918
171.79671371475513
171.79671371482974
171.7967137147684
171.79671371476178
171.79671371477917
171.79671371475385
171.79671371475078
171.79671371479625
171.79671371475527
171.7967137148041
171.79671371476564
171.7967137149882
171.7967137147369
171.79671371475706
171.7967137148632
171.7967137147707
171.79671371479867
171.79671371486563
171.796713714746
171.79671371521536
171.79671371488251
171.79671371481766
171.7967137151517
171.79671371479867
171.7967137148184
171.79671371474146
171.79671371473435
171.7967137148116
171.79671371477113
171.79671371475084
171.7967137148043
171.79671371500672
171.7967137147147
171.79671371505142
171.79671371502945
171.79671371476212
171.79671371508567
171.79671371472938
171.79671371465892
171.79671371486873
171.79671371743814
171.79671371482004
171.79671371488388
171.79671371765943
171.79671371493924
171.79671372314573
171.79671371461419
171.79671371681437
171.79671372362895
171.7967137147899
171.79671371689213
171.7967137153095
171.796713718316
171.79671372834846
171.79671371835545
171.7967137165439
171.7967137317121
171.79671371690893
171.7967137153095
171.79671371523497
171.7967137176134
171.79671371638915
171.79671371485824
171.79671371949576
171.79671371763737
171.7967137153095
171.79671371460884
171.79671371454916
171.79671371707997
171.79671371488504
171.79671371475496
171.79671371586795
171.796713715079
171.79671372238752
171.79671371474245
171.7967137149402
171.7967137211929
171.79671371470815
171.79671371497002
171.796713715079
171.7967137151272
171.79671371469175
171.7967137166192
171.79671371495994
171.7967137147713
171.7967137159845
171.796713715079
171.79671371483744
171.79671371471753
171.7967137145902
171.79671371463957
171.79671371490923
171.79671371452278
171.79671371456428
171.79671371448774
171.79671371501692
171.79671371751746
171.7967137145756
171.7967137147444
171.79671371674002
171.7967137145182
171.79671372108817
171.7967137154656
171.7967137161665
171.79671372005168
171.79671371606014
171.79671371581324
171.7967137145182
171.79671371700618
171.7967137145689
171.79671371455328
171.79671371777664
171.796713714539
171.79671371459193
171.7967137145182
171.7967137147235
171.79671371477951
171.79671371450024
171.7967137145739
171.79671371508726
171.7967137145354
171.7967137145182
171.79671371472253
171.79671371448885
171.79671371450348
171.7967137145449
171.79671371452955
171.79671371448464
171.79671371460265
171.796713714697
171.79671371458005
171.79671371453594
171.79671371466603
171.79671371464153
171.79671371449194
171.79671371460265
171.79671371451948
171.7967137144891
171.79671371453213
171.79671371451116
171.7967137144901
171.79671371457374
171.79671371460265
171.79671371449655
171.79671371448393
171.7967137144891
171.7967137145059
171.79671371450706
171.79671371448592
171.79671371471127
171.79671371449197
171.79671371452505
171.7967137144892
171.79671371453117
171.79671371449402
171.796713714556
171.79671371471127
171.79671371447893
171.79671371448114
171.7967137145365
171.79671371450848
171.79671371448885
171.79671371449146
171.79671371457886
171.79671371453102
171.79671371449984
171.7967137144883
171.79671371454438
171.79671371450814
171.79671371448518
171.79671371457886
171.79671371450667
171.79671371448632
171.7967137144823
171.79671371450158
171.79671371447563
171.7967137144806
171.79671371452883
171.79671371448865
171.796713714552
171.79671371448148
171.79671371454154
171.7967137145096
171.79671371451474
171.79671371452883
171.79671371447787
171.79671371447645
171.79671371449854
171.79671371447833
171.7967137145024
171.7967137144799
171.79671371452883
171.79671371447864
171.79671371447353
171.79671371448813
171.7967137144782
171.79671371448046
171.79671371447267
171.79671371455936
171.79671371448154
171.7967137144796
171.79671371447563
171.796713714484
171.79671371448845
171.79671371447833
171.79671371455936
171.79671371447282
171.7967137144754
171.79671371447984
171.7967137144758
171.7967137144779
171.79671371448063
171.79671371455936
171.79671371447625
171.79671371447256
171.7967137144764
171.79671371447327
171.79671371447563
171.7967137144778
