6922.764322531789
11018.85788541464
11069.803690771776
1.9488689032954054e6
11127.837129870759
11076.459126774962
10327.476617104887
6867.374749284972
6923.841286280689
1.934080128453165e6
6976.741438932514
6921.687358782886
10007.37066777501
6630.6429191996385
5364.210522717265
16320.823228682451
1.013109652537294e47
6071.513124067779
1.5362093381791587e46
10396.319105056065
4450.636421124672
10396.884652165201
6580.249794108015
10396.999999796544
4.074701151768912e90
2.018610375971786e94
2.8964436912473533e85
10396.999851524992
10396.796033861465
6580.249794108015
4435.890114640593
5364.210522717265
10396.32078942118
4465.382727608751
3977.827288134425
1.7441374163184967e45
11615.61521401756
1.9295621908652558e88
3.853656581424983e92
5339.249029825872
10396.994758261431
10389.750215767399
4454.43419086122
11615.61521401756
6.12475473776473e42
4465.382727608751
1.3596417512979286e44
10396.32078942118
3692.3167971641524
10392.662235453789
29751.2095331572
3712.6773420751283
6610.958847516983
2.9180996543219838e85
3671.9562522531737
4435.890114640593
10396.796537177992
3590.514072609266
3555.835173693339
5280.254358024014
3538.1160880655066
7901.470378404734
Inf
3573.5542593211735
9178.403675213862
10397.000000000002
4079.167150472718
3753.398431897084
Inf
9824.769230835229
3573.5542593211735
10397.000000000002
9571.108022654485
4079.167150472718
7791.245104023273
3555.835173693339
Inf
9124.579383529466
3590.514072609266
10397.000000000002
4079.167150472718
Inf
7917.420980174388
10397.000000000002
10397.000000000002
3633.507506598463
Inf
4079.167150472718
3533.686316658548
10396.999990758228
26800.90164789405
3542.5458594724646
6.594928420122692e170
6339.681031728019
3631.2351624312205
3762.2023582235042
3590.60922272345
Inf
7943.642966577712
7838.755020964416
10397.000000000002
3631.2351624312205
3529.2565452515896
10396.999990660493
27194.276032595808
3538.1160880655066
6.66467095382727e170
6296.774166502379
3671.9562522531737
Inf
7864.977007367741
10397.000000000002
10397.000000000002
3719.304074348492
Inf
3671.9562522531737
3549.792982787312
27587.650417297555
6.73441348753185e170
3533.686316658548
6253.867301276744
10396.999990562761
3671.9562522531737
3529.4324378763345
4701.323631354031
10396.8055968755
3531.471430955068
6058.195886155521
2.7881638758741996e85
3671.9562522531737
3976.8976005598606
3977.0008991792565
5.866546900624758e42
4169.809368800065
4129.148679934186
10369.083808475822
3671.9562522531737
3528.70282382572
3795.46825046383
10056.982774052898
3529.81026667746
3734.6262265696037
3.238585280737409e21
3534.5225741040786
10369.047670474869
3976.9750745244073
3529.81026667746
5.874141248775935e42
4159.644196583595
3527.5953809739804
3565.0633914705445
10396.80383526765
10396.999856520484
10225.370214925637
2.7845545486950945e85
8.77990097889481e76
3.918849798199865e90
3565.0633914705445
3534.5225741040786
4179.974541016535
5.889329945078285e42
3528.70282382572
3977.026723834105
10368.97539447296
3565.0633914705445
3528.1491023998497
3794.8409333908257
3.251162497568271e21
3529.4324378763345
3750.7725874094026
10055.662299213964
3565.0633914705445
9110.430454123258
3673.954086375528
3527.872241686915
1.068344790053761e11
3641.1827666400827
3527.318520261045
3537.067642217951
3531.9775059902063
10055.442220074141
3753.4636475493685
3527.872241686915
3.253258700373415e21
3794.736380545325
3537.067642217951
3529.4324378763345
9296.621216300719
8888.957907898235
3527.5953809739804
9.12371395358725e10
1.2412517647208554e11
3537.067642217951
1.1356626269349167e6
3603.9287935279835
1.1166146119163819e6
7433.166212942848
3584.7208895658437
7592.318263014674
3537.067642217951
5874.370793886501
3566.5973223572987
3527.3877354392785
17640.15236485246
3556.590744188117
3527.5236367909306
3537.067642217951
3220.317224441888
3547.192667504065
4830.580842127269
4328.768679247473
3541.771236675328
3709.588580659057
40630.566822442524
3156.6110840772076
5207.873934916343
40714.83778150802
3284.753779651291
40605.91744466136
5306.799494764908
3043.380855097533
3029.911305360378
5406.825762279827
3214.4104190528533
3028.7207092082476
9.51995738893984e22
2911.3927837503074
3031.101901512508
10297.738236330966
4819.513030068097
3.732808240415157e44
10395.951739492315
3461.6846149391076
10390.400042931722
1.398692065381963e43
3216.317732350491
4819.513030068097
2915.6749147276105
9.51995738893984e22
10297.610761285092
2907.110652773005
10126.544372666542
2.4331764226122874e22
2889.9821288637904
2821.4680332269377
2915.6578545897414
5319.344961063642
2855.7250810453643
1.9102382018607034e176
13499.303201405794
2831.591003573483
10396.999999969514
2915.6578545897414
2.8809228648012703e88
3898.567177798799
10396.99998977555
10396.989246841878
4533.03603227249
4.881752448122118e81
2915.6578545897414
3232.2461453986607
3236.344521975683
3.622833570581905e44
3232.5298953804095
3268.9563005251334
10390.561499160776
2915.6578545897414
9.275440878248881e22
10300.287737248436
2963.045100759501
10134.185578393583
2.367472064530204e22
3056.1044207072437
2915.6578545897414
2823.609098715589
9664.716393384499
9415.286902609634
2820.332050312377
6.606162999269304e11
8.766704167999819e11
2823.3344378486713
3054.3185264790486
10133.664587094012
2.369036454008349e22
2951.887357101441
9.24487631441251e22
10300.478949817247
2823.3344378486713
9549.83648314382
9665.199636597861
9416.582592387464
7.626801869665679e11
6.60180350868783e11
8.766704167999819e11
2823.3344378486713
4.786032935337907e6
4.885352758106778e6
2885.022229316657
8182.627166389739
8072.016214500658
2853.943464982004
2823.3344378486713
6339.9052520684345
2853.607042414034
38206.397918252915
38133.268853191454
2837.8037310371155
6410.502783351099
2823.3344378486713
5955.954137358215
5873.457270007174
3928.1181065336177
4734.758411671255
4673.0642570337595
2469.0927871934746
104798.90429954077
2533.5280637429387
5635.6217937930005
104980.48489029815
2421.4057239060776
105141.57020584545
5710.3846198358115
2261.9970512745494
1824.4942478477392
3724.7447599775064
1827.462751427378
1.1578816698507264e24
1826.5203286758024
1821.5257442681004
10345.282645978608
1960.2678563867914
1809.6517299495447
1762.1556726753224
1877.595771345444
10396.999999999998
3909.812590628466
1738.4076440382112
1.4371523888061105e183
7833.930039805182
1785.903701312434
1803.34387986641
Inf
10397.000000000002
11141.849235763062
10395.310974896172
5.230381475080508e291
5634.765386338154
1803.34387986641
5.370942111228612e155
3.776864971295274e196
3909.812590628466
10397.000000000002
10393.727663138205
7451.012370080478
1803.34387986641
1750.2816583567674
1.1273456890113576e87
7.840409320096506e95
1726.5336297196561
10396.999999803813
10396.847272596375
1766.2179341268925
7738.200622374005
7355.2829526493015
1.413724170502006e183
4086.067667438906
3945.063605990554
10396.999999999998
1766.2179341268925
2835.227069321556
1729.0919883873744
1.5169378857477256e92
2796.627525314874
1738.4076440382112
10396.999873608176
1766.2179341268925
10392.955148143918
2094.6580166461245
5.105176627735933e46
4.710476853025068e47
2017.760355851537
10396.32543811904
1766.2179341268925
10347.605137848577
1919.3806800257976
1.1058842153115583e24
1.10894288910798e24
1775.97275855002
10347.468520679757
1766.2179341268925
9999.711309733957
6.857506225716949e12
7.723073230037193e12
6.042777167804458e12
9945.345859250976
9881.088390088737
1766.2179341268925
1727.2757556145657
2.507277110994919e7
8893.957295555301
1725.7915038247459
8766.400843806914
2.4003729963981166e7
1722.8230002451064
1732.959274401908
1725.7915038247459
1772.1767848472643
1.1055018810870056e24
1723.6777879670283
1922.8981175769334
10347.622214994679
1732.959274401908
1748.7294222272867
1722.1308735612154
6.840944796371101e12
1826.3055037549154
1724.3072520349267
9945.813982893991
1728.318531184468
1921.4911425564792
1773.6951743283666
1.1047372126379001e24
1767.6216164039568
1927.119042638297
10347.656369286884
1728.318531184468
1722.8230002451064
10000.944932218465
9882.690349010792
1723.6777879670283
6.03233862419557e12
7.709732073407139e12
1728.318531184468
1775.411926739652
1735.2941071224827
2.447838210704413e7
1733.8007126636733
1776.9214390573948
8835.572037951091
1728.318531184468
1721.7441449597623
102490.03881511059
1749.4611810869114
1722.5176021626692
7037.122009668492
1728.004330777835
1723.1940631925622
1722.4519372976524
1734.9207585077804
2.448261972041636e7
1722.5176021626692
1775.7893048190879
8835.301843672201
1723.1940631925622
1722.080874350197
1749.0791818056146
7083.794616700566
1722.1308735612154
1728.3765471580793
102399.37153952131
1723.1940631925622
5156.901821406921
1735.491005193048
12310.456221636774
12314.385249493283
1725.0579167415096
5155.995137209732
1723.1940631925622
3037.4342615611
1728.637566528238
3368.00140641351
2012.3062611156606
1723.3874778776644
3539.094200672806
1723.1940631925622
2467.348280019447
1416.0359284347087
1372.8932069223993
1386.544320491379
2236.4045152760286
2670.548629179244
20676.857234390387
2003.0134613352666
2669.2308036091395
5012.378435981413
1417.8771688194256
6940.796043032515
2245.97361229925
20676.857234390387
1744.7316857473852
1496.4182289119417
3369.48971872703
1404.7633367149842
2312.3315649663855
1725.6869542964544
20676.857234390387
1382.519724754933
1697.391917597192
1415.0375858488064
1363.026487763114
1398.5338075718203
2010.1202147564657
1362.434341903989
1516.4588341801232
2798.1458857672883
1685.0803528655188
6294.835869532514
6315.783925613667
1517.8260895671353
2792.900564661944
1516.4588341801232
1420.9173182904651
1405.78094802521
2913.601953343745
1408.7571711140188
1426.4691507020234
1896.1843089413924
1516.4588341801232
1474.7265628044674
1450.0093397261521
1698.209193773477
1609.0990355161507
1410.4084167389738
1516.987095338175
1516.4588341801232
1355.6403103894506
1427.0162662857228
1375.8034077096547
1368.8670887836063
1405.478499932399
1347.2124767992348
1516.2469134129221
1509.376532156428
1399.0450200802916
1469.9461436338456
1400.9659920773208
1512.9680412400642
1825.962265146009
1516.2469134129221
1395.7310602017046
1483.6579013469966
1365.7194158974803
1485.9029380308602
1396.9204459315642
1375.1530136421175
1516.2469134129221
1355.9540185728672
1366.142816537581
1385.3874869148121
1359.6928419291964
1360.9784907403596
1374.6945139515312
1516.2469134129221
1361.4353606270734
1364.941299749686
1350.1066887138336
1366.713211725136
1360.9231423188107
1350.2874044442353
1516.2469134129221
1351.4774147366963
1356.1789683810994
1356.3799448797276
1350.7203273584173
1354.220244980218
1354.6745362169884
1516.2469134129221
1351.4753325397942
1346.9026031006279
1348.7285709896878
1350.9367342563137
1347.521942084525
1348.9598151601008
1347.6869199078324
1349.0682199383743
1353.076868983016
1354.208724210096
1349.588819904995
1351.8321208700324
1356.90921372268
1347.6869199078324
1346.8825253425844
1347.1957575004585
1351.7265973053622
1346.9938668139325
1347.2217612321328
1350.6417759820251
1347.9600261839537
1347.8884305181605
1348.3217482725806
1357.0896946469468
1348.0398753092595
1348.825213255118
1354.1779995321665
1347.9600261839537
1347.7071027464578
1350.5656015126756
1348.9301155484886
1348.0475284240995
1351.9753516026935
1348.202689759022
1347.9600261839537
1348.1814853342983
1348.6790244307122
1347.2277301937083
1348.7083573603281
1349.4697590411017
1347.374320534865
1347.9600261839537
1347.5327937856043
1348.1567606084718
1347.1046865517815
1347.2789888930442
1347.7612397094244
1347.3191229746697
1347.9600261839537
1346.893036152227
1346.8511503141808
1347.5258094405885
1346.87201382948
1346.9190860858018
1347.2833800963574
1347.0108976426145
1347.845921284117
1347.2561047196548
1348.1401257674927
1347.6141293935575
1347.4263170658357
1347.7886123669061
1347.0108976426145
1346.9496816764363
1346.924336672786
1347.490311291103
1346.9609867375248
1346.9503268780577
1347.3226126809848
1347.0108976426145
1346.9379521328356
1346.8899489359655
1347.0869864542528
1346.9639567703468
1346.8905085417039
1347.1683605165788
1347.0108976426145
1346.8583833117734
1346.8545346329718
1347.0065904786397
1346.8605964570868
1346.8583084910626
1346.9694882300837
1347.0108976426145
1346.8500130490538
1346.878297858643
1346.9099499161432
1346.8540595396355
1346.8766896570223
1346.9268953898563
1346.8662231623346
1347.0110528378339
1346.866384946642
1346.8774398146647
1346.9663237510636
1346.863798432671
1346.8901353582178
1346.8662231623346
1346.8588372169688
1346.8541489916486
1346.9073247350436
1346.854671416047
1346.853035758154
1346.9304920076454
1346.8662231623346
1346.8647688010208
1346.890395758582
1346.8686736336408
1346.858609534419
1346.877698517754
1346.8628344709996
1346.8662231623346
1346.863000791901
1346.8531835192366
1346.851576675053
1346.8701557039196
1346.8510094686346
1346.8546710741703
1346.8662231623346
1346.8518919252826
1346.8545442035265
1346.8555871375252
1346.8496072782605
1346.8517935949492
1346.8601391278094
1346.855072140243
1346.860885115564
1346.8641952830594
1346.859160451468
1346.8632307095972
1346.8685524041157
1346.8605410190396
1346.855072140243
1346.852139606626
1346.8581678394642
1346.8495751706753
1346.8516644516055
1346.8570105187546
1346.849639385802
1346.849446739895
1346.848933009752
1346.8468779768584
1346.8386560482
1346.8057395827964
1346.6736138803126
1346.1377645716148
1343.8775221532123
1333.011160089914
1378.3225914841487
1326.6478462334505
1334.073216434782
1326.7425652712743
1339.0243676103103
1331.935928481555
1338.9282228375082
1308.3811376565413
1849.07900949181
1337.5665498945064
1315.648090429794
1360.9716011771002
1320.5635594893267
1332.583979737014
1326.041937457805
1849.07900949181
1305.0743303704178
1328.1785322376747
1317.2690566838078
1318.4219871921619
1312.6702732413914
1304.9346041827323
1331.3098298562168
1322.360116369661
1320.1390256903856
1339.0695639571145
1322.4958298490321
1320.8726129261065
1332.1468219511135
1331.3098298562168
1309.888018652933
1305.3245228348583
1319.472877430917
1305.9485539735238
1304.542113391701
1319.394367466161
1304.9407384642593
1339.2583444955
1331.9283957903729
1308.1175132506298
1332.4739295415177
1340.3317200613865
1309.2870112914625
1304.9407384642593
1303.583781076187
1304.3404733976122
1320.556609999821
1305.4944939614443
1304.7437662154484
1319.068924872807
1306.8216788545583
1304.9821767137346
1343.0229462126601
1304.6163379731695
1305.9222231689569
1331.384767069323
1304.2827367780776
1306.8216788545583
1307.882230335859
1311.379317288006
1321.634578124587
1308.0885326151906
1310.5343619150578
1318.2991567841063
1306.8216788545583
1303.1255140990943
1311.143738312369
1308.209209091916
1304.0407495682048
1311.7665223090582
1308.1833192796253
1304.6518785869305
1303.9413232969223
1307.2581242566537
1322.4055812698462
1304.7384554640564
1307.227913897737
1317.751057864072
1304.6518785869305
1312.356973196427
1310.201574627436
1304.7699403286983
1310.6977355865395
1312.129893706886
1304.2438939355995
1304.6518785869305
1306.969513220129
1306.900144056418
1303.5503153778557
1307.3427183823287
1307.4533298776707
1302.7257938478997
1304.4061990984342
1306.507405127257
1305.471426120515
1312.916303365213
1305.7604219994407
1306.4484387285115
1310.1966313744222
1304.4061990984342
1303.7346571768826
1307.7491000251246
1305.7723401364556
1303.446319130959
1306.5587089171308
1306.9674788994687
1304.4061990984342
1302.9235684698162
1303.0506948076322
1305.2849299912666
1302.9035276866452
1303.1404365478254
1304.6159829551825
1304.4061990984342
1303.992801821694
1303.1860719264434
1303.997195277038
1303.6270446506912
1303.0755191844914
1303.66704169797
1304.4061990984342
1302.7525861461963
1302.7325775348268
1303.36610015161
1302.733923631352
1302.7662276657359
1303.1816240087421
1304.4061990984342
1302.7867676875535
1302.7471268592851
1302.9417920223898
1302.8403713276828
1302.7977008434164
1303.044649301434
1304.4061990984342
1302.8211042035662
1302.722853100762
1302.8212676056196
1302.8848631055655
1302.7609513705531
1302.7712027369257
1302.8148435846124
1302.9519259709627
1302.7615663681972
1303.0114897256537
1302.9889394521813
1302.7513200639874
1302.9635486901284
1302.8148435846124
1302.7297302990655
1302.72181179108
1302.8506434185294
1302.7159756210012
1302.7238944075082
1302.8435197295755
1302.7332004121652
1302.9575585631076
1302.722756234942
1303.0123985710463
1303.0185479785473
1302.7173910518045
1302.9520094822124
1302.7332004121652
1302.8578844033298
1302.7770969482924
1302.731780556484
1302.837434688896
1302.7847096605794
1302.7388786435315
1302.7332004121652
1302.7159323119324
1302.7152599654742
1302.7791353631628
1302.716018925511
1302.7166912710966
1302.7763369059064
1302.7123972890552
1302.7300400539307
1302.7384083155541
1302.8557837107155
1303.0291217093913
1302.7370579626418
1302.8875159274055
1302.9520007062497
1302.7300400539307
1302.755784690626
1302.8648469010543
1302.7792510334755
1302.764807093708
1302.8341012464691
1302.7998026059788
1302.7300400539307
1302.7727357161648
1302.7104887623907
1302.7149186204488
1302.786529639563
1302.714305809788
1302.709960661111
1302.7237908153284
1302.7181140558318
1302.8297131578015
1302.7762066640144
1302.7160235823378
1302.8713172201947
1302.7932697167378
1302.7237908153284
1302.7624376164783
1302.7895476524093
1302.7118246861696
1302.7484684204487
1302.7704891014366
1302.714809001608
1302.7237908153284
1302.7503830340945
1302.734006828023
1302.7259169196102
1302.7397956301206
1302.7289079755249
1302.7223440515031
1302.7237908153284
1302.7126622607323
1302.7298047757
1302.7169911299247
1302.7118642901603
1302.7250645572872
1302.719965914519
1302.7237908153284
1302.7122947089033
1302.710078537044
1302.719969193056
1302.7117210363767
1302.7105144156449
1302.7174167061683
1302.7237908153284
1302.709895346951
1302.7099765780044
1302.7149616675733
1302.7100259752726
1302.7099447442183
1302.7136484396708
1302.7096340903333
1302.7086564909328
1302.7049401524985
1302.690074847745
1302.6306144124887
1302.392785210655
1301.4416689722527
1297.6404094025165
1282.4864193204692
1222.672023870966
995.274832160138
333.6262087770516
8661.087083462686
262.7574907207531
453.2763597457545
286.52248180550936
609.194581268159
253.34914930627286
669.1842477806321
456.6350495239549
393.4369608011557
333.6522355442852
890.3704500497493
277.9230205147219
253.7957085036652
567.8904742071604
456.6350495239549
286.5213675798147
333.90994429805477
539.5919878763406
413.1861241330713
253.7066413374132
344.44525687299324
456.6350495239549
252.17925220391507
247.11603698469264
269.2626079889322
324.67786154074315
276.16288569276463
372.65541397772574
302.54327602996005
249.32957786262745
256.3689333940409
488.6970745242301
252.99575273962324
251.62835017472858
378.62097095778984
302.54327602996005
247.11488174792237
257.20976079480045
326.65128351115374
247.11286350411405
251.93470691522032
289.7354512478696
249.17973968690978
464.1933776045546
360.93517217181164
415.4966985969178
374.575410303484
312.6066203369206
341.8855152455641
249.17973968690978
248.69200500291797
293.47957107580896
256.39281635121347
249.5479608281271
318.1580109690009
254.02976305056694
249.17973968690978
252.28709424532101
259.68453188212374
247.05493484826744
253.07325583397952
258.93918675293844
247.17032198662395
246.81852644340108
251.52840587641322
248.87479750119667
250.9572483485271
463.64808546260315
254.16452834965568
246.75734720721462
395.35243676038556
319.71920723933204
502.32003950828624
850.502606759536
693.9352827369418
370.83043383120946
592.5463910083789
496.1210238284916
319.71920723933204
248.27702707890603
500.437016951552
338.3769507267724
256.4995848143627
370.033162793576
453.9828817652385
319.71920723933204
337.8939791250102
280.2785667432214
246.81099716641413
284.50693953891374
254.7091078192189
250.06452891159822
319.71920723933204
246.87162150493447
273.1164006360107
252.65248718533724
251.23599289028388
252.54187650779542
247.0035200678952
319.71920723933204
253.7809852886173
248.4973137688637
246.8190679768996
246.94083297221601
246.88031216743207
247.986850016583
319.71920723933204
246.72354190298466
246.87363016728517
249.44671827716104
246.79023566928777
248.97525615664946
246.85244601172514
249.43227251725656
247.69932962969085
247.66522222596168
254.67534039434668
246.7355109339805
246.77251886505428
246.93303108490574
249.43227251725656
246.74000290919054
246.84395043755458
248.0781147332894
246.70683719351138
250.28672496258883
246.76352075252817
248.19842745346816
255.32635197542294
248.763472500984
249.1238937704555
246.90231343509387
246.80849712924544
246.78959488138463
248.19842745346816
246.7629995437689
246.69285762818146
246.82184994682217
248.3872313068318
246.72079977468053
250.7459808596822
246.63676957922797
246.40970380214216
245.45821616287793
290.4366093251124
399.29711092567754
320.08601000224604
320.0832055643016
455.8699576033182
340.81325612626244
339.64428864588365
290.4366093251124
251.9713772246862
263.9680549886934
298.49458753953695
245.09435987584015
250.54637061502456
301.0550019771985
357.57286014439904
262.3471931435165
298.0525784061939
503.32932897535454
298.66274115151907
262.33965657480906
367.44312998604175
357.57286014439904
281.8080246590869
244.94064900582305
248.89723117818596
339.75842191814763
245.24778719659713
267.153277990546
245.9312169658246
244.97454064896888
313.7481077849243
505.64975043139754
246.7430023514163
267.77803575560995
365.8129648853924
245.9312169658246
280.73423642731854
250.85611552635046
341.72404743150145
342.0552738347764
245.24025035196365
280.7342570831556
245.9312169658246
267.1922566099539
253.62231055474086
275.1022962504255
248.0671292039056
245.20590549588908
249.8862776852117
245.9312169658246
244.9024015858441
244.91115440834398
253.51629399928896
244.9787073363559
244.9701186055888
245.14777605025088
246.38548261648535
249.59458188444586
245.66691397001665
245.09749247389354
276.3095144496847
258.5996060285977
250.74743881575154
246.38548261648535
244.95619232243618
254.08368221049054
253.9963685774501
247.79023781584
245.08505908014433
245.14413887838126
246.38548261648535
246.61675283013724
249.23651241725867
244.92274218451053
244.94542851275213
245.02670219990364
246.22538008022008
246.38548261648535
247.07683300277628
245.10897121791749
244.93349773330303
244.96290108194998
244.9174809844214
246.0018735554564
246.38548261648535
244.96076394402843
244.92806401573122
245.99337053971578
244.90472365975023
245.62957190149353
244.93088569481318
246.38548261648535
245.2329637400917
245.44297727081135
244.91186223227268
244.91134936646807
244.92037422758173
245.300202915169
246.38548261648535
244.9096558489324
244.90574836585552
245.175000854736
245.11163270392382
245.04202018218837
244.90979562215963
246.38548261648535
244.90324734924636
244.92750864044322
244.90629446423952
244.9024009102601
244.90370346693913
245.03844295471072
244.90239820000107
244.9023872321195
244.90234133113455
244.90212526000786
244.90074176729783
244.88691751287655
249.40476733778922
247.96675945089754
262.3298326076845
246.12421902262287
245.9818689899379
254.1028712632099
248.3026990957176
249.40476733778922
246.66258037948728
246.46379148720848
244.93490472124856
248.97297529260206
245.08105562068968
244.82579068232764
260.40632022418237
250.21782220665546
244.7882280057783
244.97037942038605
272.67922660871
244.87873309113849
249.39434611448553
244.62162240422393
261.21888557022237
291.39995769850253
245.64485963714725
387.6942052615275
307.1608162648625
244.76563039763155
472.8582326391959
261.21888557022237
244.44120134635986
293.534627492095
257.2000108135061
246.25783052520052
311.816562514382
260.6560960648078
292.76772218454715
244.42231562123578
501.36678483206947
368.46901488071137
244.45868585801045
367.86181395623214
502.7906738362718
248.8137779187068
296.7365053305785
406.8743273343716
857.6153776188579
380.19008604081966
570.9072806395745
587.2731325049542
248.8137779187068
490.7255682187159
275.2948370210106
507.8030478902658
353.5431306209357
334.1405162030698
364.73623681797733
248.8137779187068
279.59985111781606
244.50449946571257
244.4753622096386
343.00288277214406
254.5235471535758
245.17656323754426
248.8137779187068
244.67998655617708
244.37447330346185
275.86601116659864
256.2758091676256
245.24772098857366
249.06997717656014
244.17610983356923
246.75766409106336
270.3044916463497
274.0837726702271
377.0975422702072
256.7117085095368
298.7440434037595
487.9195951442187
246.75766409106336
276.16260697444875
244.02379982961102
325.7284875549894
260.5285422417125
244.32813752522216
286.98876994077307
243.4117319326708
247.51424504566913
290.20742241357146
245.51003701654724
848.8689671629655
355.7044112384917
244.0675906178939
591.2123692825688
247.51424504566913
245.28783243232357
243.13650191869732
499.7572381710408
255.17264956099964
243.68699702194147
369.0725348557346
242.03593250423756
237.6392588674528
220.14182997698737
237.3076054657874
3689.3110408676944
1525.2111618818271
1089.5773845583499
8038.809456006816
1075.8600288543544
1540.0159476569243
237.3076054657874
794.0975863748561
786.1172571537195
3268.6171440723674
618.1510315065963
614.931484520074
2092.4874160016193
237.3076054657874
281.92305460496533
1087.848817589229
614.7199252877824
277.570727815987
1538.0733900751386
785.6651056965454
237.3076054657874
465.06652596470065
219.59460334016165
788.4446596972809
547.097230097937
220.68919567110044
615.8557657683729
217.4070864760819
212.49723117111478
213.32969627988177
1103.616022522031
2112.772567396421
8005.923471267239
1494.519918886766
3229.676971956302
3714.34952133469
213.32969627988177
2119.400178377191
630.2095816515657
836.3028906671067
3237.1322511275316
764.4401429697514
1122.5592190268026
213.32969627988177
462.96337478029153
1114.1185322890515
413.17554316044885
494.8407600788475
1505.8725845367674
408.22969554735676
213.32969627988177
561.5624305197674
757.954820464513
307.0514139678639
505.50170362969806
627.5902511544198
269.78939942843726
213.32969627988177
407.2027202731669
335.7128300469732
234.52495182225937
410.75449279407286
356.77964447677834
208.649415956819
338.8875791875348
298.61175776174656
216.93348896134376
815.3075351114838
357.11981016519013
222.95879951540607
594.0619827727534
338.8875791875348
309.94477003203576
336.2036570407597
371.4581476718928
373.9261858971764
284.06824685949243
464.9121338706994
338.8875791875348
233.97670060024063
272.5999628486877
287.85463540418243
243.8847233685509
249.23185108114728
256.27034660902433
338.8875791875348
208.60181966061484
225.74383754045274
208.87978934170567
208.69384434747062
230.27918502521692
211.92730553671447
213.71856426198065
304.8796060009676
219.13552822471345
228.29163127698993
257.3516467746871
230.44458084401472
216.92257486619644
213.71856426198065
211.26701872745434
210.25719163993958
222.43976924707894
208.73095175444254
221.5368887495025
235.04898179643587
213.71856426198065
208.79370006026792
213.5830780441877
208.54633307760065
216.99790351366602
208.80002414139327
208.65586611712052
212.16869919804626
233.31428503090183
208.62200364033885
220.20084696353132
216.8870216033037
213.439292695439
238.74990482835497
212.16869919804626
208.73363661961554
208.51150130482972
219.0005276806673
216.0805224475723
208.58116489124123
208.77036734135487
208.3721746209026
207.81487431303538
206.0842504706767
205.99180400647475
247.27557443065754
949.9133663734824
1045.5532914757114
773.0329104440424
615.509244580769
1622.2099322518789
1227.4307869459344
247.27557443065754
277.64248600871014
350.7692039359869
860.110795009421
418.0307985632368
526.6790300614855
561.7603827730757
247.27557443065754
408.44991684326493
196.67788529557896
505.51603210403675
270.7756868638754
221.19958589631568
336.5442494509859
238.7663001398546
196.79251057177882
819.4390104625296
258.1767940997683
200.2668156991533
585.7006822276434
230.00518994913674
238.7663001398546
278.2694914545265
361.8727788717896
419.4707696245483
238.73864582796398
466.644195373897
329.8595220776352
238.7663001398546
230.0150823641344
247.42875593563937
200.82441836149232
259.27146313726536
298.20687295779265
196.6776524065462
224.007479263013
363.3260005453787
212.60112483626807
443.6576965241576
423.05857005027974
219.5902118519586
377.32753699889935
224.007479263013
277.3712030966385
207.18137933909637
199.52581226394526
261.2900821794313
213.53223589644017
196.57354793866278
240.46721367143644
248.50872041327963
273.14150593803583
469.93926764656476
304.47889685660874
341.4938413950343
360.5248683986378
240.46721367143644
196.64462882095427
246.346157686088
209.72879239296986
196.60626411052925
300.23510684861895
197.9965145087445
240.46721367143644
196.5535114143654
196.50631743161637
228.3399143436203
196.5931337864666
196.64078056480935
211.32352733579643
196.23741659274106
195.16215217161826
190.866511385304
181.53520582278153
224.7954368019307
2145.5264553307406
3265.089760351185
756.5050325498491
3273.40428200136
2138.252952307754
605.8233538621777
224.7954368019307
494.29994683710714
772.7406601585841
1519.125683883403
441.1067731455543
1035.0720673788667
1129.5464421968413
224.7954368019307
203.04574653489942
327.07399199986463
762.7052692531355
179.46558285804494
323.7780000944362
608.3153332650254
384.0788118846961
1590.0029575549356
457.8688176785654
224.10182158558734
1076.2242600291427
652.2989188497362
187.49941113790814
384.0788118846961
737.4503128741798
567.8812832162877
519.120115232184
512.0599713538162
829.4383971721539
372.012134226472
384.0788118846961
474.8623309880241
473.9049908577497
210.896235707769
342.8318014113378
342.42833776559826
183.0364376666657
384.0788118846961
224.34534538434008
201.828975059161
302.7892889586595
301.93606222617797
178.04877359205136
225.07357293705164
286.2955456841265
174.98408791014708
341.0233435340842
377.7763698437442
181.10500102712496
323.09114726918415
422.47125451510453
180.30915240665604
261.8172526513364
341.1763825436162
786.1185521510401
253.13398758302748
389.0011089464549
594.2010214199237
180.30915240665604
323.40756089188835
173.39904713802756
432.7065757231469
363.15330568750153
178.09316273219753
370.34181280020175
182.18509543784174
588.0030121279785
795.5556629577195
419.87419322552824
797.4993671806151
587.2037226033551
348.42639917347225
182.18509543784174
298.43501402950255
257.208400212265
442.4926388939266
347.08130901409993
235.30392481352564
363.3069280667521
182.18509543784174
187.50042397678902
237.93055188960005
246.73035843928926
186.7837952466191
220.45482495917
272.6933393301607
182.18509543784174
203.06788075798858
198.08771269542729
173.1745509104206
198.08479295303846
203.2114868213559
173.6411921522382
178.16296924315748
183.44539744398642
268.61443847702856
199.61989006922568
186.12369579883972
249.59466802195385
198.77322157551225
178.16296924315748
190.42353442202477
195.59421170933473
192.53939015771743
191.1629884440892
196.21173119821512
192.40708434086875
178.16296924315748
173.5493957643456
173.13975432871476
182.32693220752614
174.66670360828545
173.20934619292296
185.3728686817899
173.06729158896894
172.78221544662009
171.64118135600117
181.85929392530016
510.1991426646189
579.7489614882281
497.5213420400375
693.0762676723507
807.3310989995236
384.3854899436703
181.85929392530016
348.12693908695684
313.09679994647547
403.8992984104114
442.7221778412508
259.92341991703444
322.26271231154146
181.85929392530016
233.05465421950743
200.54058496466325
282.13944807396035
204.9487557607462
223.8238038646754
238.0584733865965
181.85929392530016
191.12389096135087
178.03457149266455
178.4914491275449
206.76356340459327
173.02052292476392
173.30239041505013
181.85929392530016
176.17629809757756
174.34163123065304
178.85323942377252
182.370912383315
170.7574951346444
186.1872679931699
184.67148601276256
200.61493693295023
172.21294561878736
171.86236846294997
196.35553747337283
171.3410103254393
174.52606181478336
184.67148601276256
178.7187348402337
181.19454735349777
178.77053072318836
180.65249460153217
179.52509609262086
176.15214631451383
184.67148601276256
171.39972222068542
171.3392368144698
172.9677961744091
171.04467598488435
172.4369909485992
176.3499089304359
184.67148601276256
171.062126778341
171.74177275389695
171.5403493710049
170.89852822548775
171.13688406202792
173.27945951886335
184.67148601276256
171.3845054559952
170.9708719369688
171.74689115967357
171.02151464748027
171.25538358333972
171.15110583285252
184.67148601276256
170.95291966665306
170.76740982574603
171.14467528921054
171.1897942466362
170.74757964132775
170.9370341095673
170.80790841031478
171.54768587555034
170.96053536459533
171.1388082965542
171.05104428421555
170.85533303452047
171.79020212839538
170.80790841031478
170.94042876373308
170.94160934650404
170.73525691849127
171.21275753426863
171.22534955313205
170.75990173755483
170.8097544831896
171.08620980768606
170.96612170355806
171.1229633094657
170.8766500946541
171.34874993548124
171.83040823733342
170.8097544831896
170.75855177055922
170.93221171579376
170.89067789530714
170.76007502827272
171.25325900599339
171.14655904680728
170.8097544831896
170.9438552535549
170.8310263759105
170.83343452112783
170.82097962144604
170.78377861540497
170.9744936598852
170.8097544831896
170.7581626259095
170.7712507072888
170.78365341581753
170.75777569930955
170.79767075916737
170.83515069521962
170.8097544831896
170.72913088439503
170.74472377225877
170.75957426093797
170.7413827536176
170.72578956373087
170.7652923249075
170.82864478581385
170.737798406558
170.77477949776602
170.7429436198182
170.75577568617533
170.8616511543237
170.7728383841621
170.82864478581385
170.72669587266103
170.7309118467868
170.75015956168426
170.72488325104055
170.7359028144512
170.79191315582764
170.73338304031495
170.7393066994847
170.77359620391564
170.74504765595492
170.7650809464117
170.86396480200543
170.73271594878258
170.73338304031495
170.74815395614826
170.7920111478479
170.73859220220191
170.79170803168387
170.7486802595179
170.76263756645213
170.73338304031495
170.74613008770848
170.7248929902878
170.73708878664058
170.73251383299714
170.7248735117061
170.75926434660332
170.72666040283374
170.7739641949027
170.79461271116153
170.73635463497982
170.74178389810925
170.7492952932574
170.7567943874842
170.72666040283374
170.73711056945373
170.72555685356022
170.73707831829142
170.75971610523385
170.72721415826538
170.75972173929136
170.72666040283374
170.7274558812795
170.73092149383692
170.73684907738948
170.73215023050244
170.74228681473042
170.7291545820774
170.72666040283374
170.724873415974
170.72525760779376
170.73354940328187
170.72488805515508
170.72603215490352
170.72793131076565
170.7250600271795
170.72631737358677
170.72963381224633
170.73098542664553
170.7292552102959
170.72651742103352
170.742316122104
170.7250600271795
170.73182883074446
170.73359429783392
170.72503429916782
170.7272651741327
170.7279243420767
170.7252699132097
170.7250600271795
170.72671198624693
170.7251661834071
170.72638635628866
170.72549621302846
170.7249806127303
170.7292351157203
170.7250600271795
170.72487486414332
170.72487199783427
170.7256221722439
170.72487196780523
170.72488323771438
170.72705435868238
170.72487554241252
170.7253036905807
170.72557814720705
170.726381390187
170.72607778115648
170.72689453977614
170.72923541986543
170.72487554241252
170.72519105166785
170.72549573684373
170.72561891000686
170.72578327676078
170.7266682762101
170.72705433120237
170.72487554241252
170.72530819987566
170.7257829860094
170.72524710841708
170.72501001160842
170.72517831009873
170.725961743069
170.72487554241252
170.72505328908258
170.72486807864232
170.7250400611003
170.7254171696347
170.72489530060278
170.72538001964685
170.72489126085898
170.72504504674203
170.72515219862132
170.725250924645
170.72536810867226
170.724977042251
170.72593882528216
170.72489126085898
170.7253938064013
170.72489637882336
170.7249132599278
170.72505918370973
170.72493619734536
170.72489118320857
170.72489126085898
170.72493118206165
170.72512113694867
170.72495743221498
170.7248966763877
170.72496400540405
170.72490499211222
170.72489126085898
170.7248908723609
170.7248687904016
170.72491577778257
170.72491362753053
170.7248673668837
170.72498494304074
170.72486727809317
170.72492693596885
170.7248774389926
170.72487694349735
170.72505519848912
170.7248974087375
170.72490221258775
170.72541254052715
170.72492693596885
170.72492652467488
170.72507057110937
170.72496104418462
170.72504776444123
170.7249357576036
170.72513964565172
170.72492693596885
170.72486875975287
170.72495093964807
170.72491253963534
170.72487988041513
170.72489319757878
170.7250035170459
170.72492693596885
170.72486577261344
170.7248663005813
170.72488836834034
170.7248687835734
170.72486825560532
170.72493543298214
170.72486859163587
170.7248847055482
170.72489914957896
170.7249131698696
170.7249228509264
170.72487734622328
170.7250020510431
170.72486859163587
170.7249229420773
170.7248833125311
170.72488458768007
170.72488563338817
170.7249174588485
170.72492158897097
170.72486859163587
170.72487328909668
170.72487854472678
170.72487730517935
170.72486781304104
170.72486973466297
170.72489983999344
170.72486859163587
170.72487141174943
170.7248690838307
170.72487130819212
170.72486723579811
170.72486653956602
170.72488280885233
170.72486859163587
170.72486610759458
170.72486571219716
170.72486831205197
170.7248678803519
170.7248669277413
170.72487429264416
