10391.62922665447
10361.897476928558
10361.80849734198
10332.35666563154
10358.563884742072
10358.661458060957
4.50318276542459e15
10329.445596420192
10257.427245236227
2.173193393527527e9
10335.252333100689
10407.286086026857
10391.69838530063
10034.436568878853
12285.894215226366
6.648382020027231e27
10037.756845536629
1.9986756644978754e28
10396.99734854423
10031.04403317626
10396.999476356401
10016.657259992166
9941.8867360991
10105.71616019015
10397.000000000002
1.7394050741106974e173
7.590314851363196e191
5.8320666835892486e82
10397.000000214439
10189.04333195072
10105.71616019015
10490.13999329994
9961.060842901737
10396.99907776134
11562.476115387373
9947.940274641956
2.0739181017053306e87
10105.71616019015
1.2238313213966516e45
1.8940553008442587e46
10186.501280742676
10397.023239667518
10396.374587744285
10545.565007851012
10105.71616019015
1.1122129259141557e23
10050.236240907327
5.197215914178192e23
10396.096541255902
10011.701209542889
10396.4448188062
10105.71616019015
9979.424384993
9942.661590694694
9.561114152301154e12
9956.585989578318
9941.11740580603
10391.322026281814
9951.80901944785
10030.742069090931
9942.661590694694
5.30111508321559e23
10054.9696990838
9945.138460223712
10395.882503279847
9951.80901944785
9984.35891620602
1.234726188495646e13
9941.62453165604
9956.046914415712
10391.93128090183
9941.8867360991
9951.80901944785
9941.501284701624
9948.582160110871
7.081465272666623e7
9940.735254719099
9961.167339763564
10382.088211999095
9946.848746858152
1.8133082745350258e13
9943.397544392112
10390.773329360054
10393.641964349734
9941.501284701624
9.779148734579645e12
9946.848746858152
9963.285077290146
10382.527908288726
9941.11740580603
9948.257196586406
7.569433013644254e7
9941.62453165604
9946.848746858152
9950.566379830134
9944.672796417919
208292.42003759058
9944.320085169044
9952.527031875235
10356.887273426133
9946.848746858152
9945.684649693723
10276.515836804747
11345.240828836475
9942.61574018593
19281.211503455965
10107.894927071251
9946.848746858152
10731.699030675665
9904.82183644309
10104.135407335247
10031.19532957487
10086.657109755115
11328.067095111106
10169.748128471972
9901.597771878138
9904.983145932863
16087.88313147612
9908.045901008047
9904.661039431425
10296.575278845188
9888.701513618327
9895.03040265143
9875.805255358515
9887.941623557814
10380.637411844575
9901.597771878138
9889.471137632076
6.227223668674755e7
9904.419146884604
9900.277875576468
9887.817791084903
1.2927863121405586e13
9883.358238874664
9902.95170104584
10390.816041842698
9904.419146884604
9876.252914185086
9874.94956976069
10378.57466223688
9888.701513618327
9876.671902020353
7.012211912672794e7
9871.631031992385
9882.47564100399
10396.238826353587
9874.294819192175
9945.455896278816
1.8267447809270275e24
9874.94956976069
9910.645050918312
9882.47564100399
10391.263852297583
10392.7920718569
10392.941498013153
1.7494439637457896e13
1.8200884658166e13
3.3825520204152973e13
9882.47564100399
9881.034562792216
9872.445557671184
9.454327914628652e7
9884.994602044333
9871.970313818829
10381.102172751933
9882.47564100399
9878.312817018359
9871.569408787278
229539.89477647078
9876.09948143787
9872.037072584577
10351.559178336089
9873.149369598092
10381.326483267618
9872.367213181984
9884.636162174123
9.721556546373272e7
9872.037072584577
9881.48491294673
9873.149369598092
9876.527160867008
10351.861107535022
9871.631031992385
9877.931783787772
233097.559617343
9871.970313818829
9873.149369598092
9874.048284827142
10265.867869093821
10265.615755299288
9874.5795945946
19583.532179279206
19688.169701578674
9873.149369598092
10612.532263388704
9847.053358655243
11287.524258472717
9998.127480958054
10003.039859458595
10092.616247572776
10141.903049473238
10284.14155492951
9846.853158172487
10158.89362384663
16243.687742036183
9847.254268724082
10674.502344681005
9846.059343009307
9842.990134460348
9832.11565580111
9801.334099240195
9797.82706479224
9803.917976690213
6.077114503882735e121
9797.991337607591
10397.000000000002
10397.000000000002
9797.65728644676
1.6934590433718008e121
9796.912594921421
9842.990134460348
13313.370987366052
10397.000000000002
Inf
16939.089279296033
Inf
10397.000000000002
9842.990134460348
9797.299263264229
10883.557447988382
8.265832691216267e233
9796.490940881218
13305.813763031467
10397.000000000002
9795.448819449484
9797.672000247787
Inf
10397.000000000002
12121.051347650988
10397.000000000002
Inf
25027.776858233497
9797.672000247787
12070.27669532412
Inf
10397.000000000002
16118.65069717231
10397.000000000002
Inf
9797.672000247787
9794.90106453814
10540.635921023688
9.857179175157434e212
9807.772329131185
12788.105795150374
10397.000000000002
9796.912594921421
Inf
9796.02534384383
10397.000000000002
10397.000000000002
9807.772329131185
Inf
9796.912594921421
12788.105795150374
13030.257281733735
4.152751832112498e218
10696.678830081572
10540.635921023688
10397.000000000002
9796.912594921421
1.1141971160507683e112
10397.000000000002
9980.566632786395
10397.000000000002
8.462719437783779e108
11179.731644531548
9796.912594921421
9822.326123240422
10396.999999999878
10396.999999999513
10284.42395441415
8.738630073760811e55
3.8585784040550417e56
9796.912594921421
9800.291291675721
10396.99985971251
1.5388196016652155e29
9894.299526647084
1.2493309256345438e29
10396.999930709038
9796.912594921421
10396.93681131406
10396.950339799614
10396.958040499667
5.610055227228579e15
6.86303553363383e15
9.239919056469742e15
9796.912594921421
1.88969234430832e9
1.7232423551878104e9
9796.242111077885
10395.465225324884
10395.257278743757
9808.064694330476
9796.912594921421
10381.264035370094
9796.235823979056
913292.8109423545
970100.3514353104
9795.549566816655
10380.426702421672
9796.912594921421
32613.382202063603
31631.022863008235
10141.146149214312
10318.964893707296
10315.589366262166
12064.456302819784
9796.912594921421
9913.119729933673
9921.420915283245
12131.402919809168
10245.00896974817
10258.475827445485
10146.320886351516
9796.912594921421
9821.089285981674
10246.871167799944
9786.79783599827
9786.742897737386
9914.330763181157
9851.401203090776
9823.87317145149
10169.173967875113
9816.944103124923
9885.335655572782
11774.330723481628
9887.488997878554
9810.079027905807
9823.87317145149
10131.321978461461
9873.908655389772
9785.329884981253
9958.696194056392
9976.821677187674
9788.156067264463
9779.679402446813
9771.717314099538
9767.371520011025
10006.234664499749
2.2609179148554482e9
2.158184375487553e9
9766.25707443394
10394.290676165048
10394.043050223048
9768.48342298825
9789.092689123596
9764.065042024855
1.1007171250294732e16
1.073695337332716e16
9768.449106843018
10396.925382339892
10396.906679263973
9889.992051782909
9819.354063956402
9768.517895437039
2.830100939291686e29
9768.380948104363
9823.548990004087
10396.999831194327
9889.992051782909
9764.109697343318
9766.25707443394
1.1564267424360832e16
9764.020591681783
9787.209363041393
10396.898791403986
9763.844862449369
9769.362913370927
10396.999999999753
9775.151984612567
3.413018225230007e56
1.863647815553507e57
9891.232269352178
10396.999999999656
9769.362913370927
10396.999914611897
9763.758250481156
3.45675681777389e29
5.53974179831828e29
9763.932310880364
10396.999863158426
9764.944952921607
10396.99999999987
1.3214081905744154e57
9.57751867951883e56
2.383478990066055e56
10396.99999999991
10396.999999999518
9764.944952921607
9828.59167537713
6.401352191268969e29
10396.99991928377
9768.213347620333
10396.99988888516
4.498249308046085e29
9764.944952921607
9793.661352499046
9763.80145176961
1.6092180942243794e16
9765.985799050743
9763.715258651098
10396.923608118295
9763.545382266093
9774.284523599159
9763.715258651098
9773.513485895699
2.105361808790045e57
9765.69494770529
9904.201239906026
10396.999999999925
9774.284523599159
9835.313671062619
9831.518353082618
8.261107445610856e29
9768.114716718452
9767.985452687408
10396.999935974294
9774.284523599159
9798.045605739499
10396.939056342711
10396.934384826242
9765.797573828124
1.922485649359255e16
2.0955917428477984e16
9774.284523599159
9780.759689847717
9779.944720818607
3.7600020100311995e9
9764.691311546172
9764.651693488522
10394.373052713943
9774.284523599159
9771.506697197867
1.9098051943205122e6
9763.534875721238
9764.1084301566
10370.51153421812
9763.55590179788
9763.618700413119
9780.556542716164
9763.55590179788
3.78147072251881e9
9764.661579654827
9763.513901552764
10394.384426131382
9764.756568564679
9798.688395271316
9763.999440951402
10396.938495807815
9765.769737524462
9763.55590179788
2.0733260266406664e16
9764.756568564679
10394.557038668236
9763.618700413119
3.6032306521138754e9
4.0459927364499536e9
9763.534875721238
10394.25684987441
9764.756568564679
10371.470952836853
9763.503433908454
1.866325269857211e6
1.9773531567452853e6
9763.524382153517
10369.949207818197
9764.189264596847
10394.440160021433
9781.56835878696
3.664676410448161e9
3.803007269858886e9
9764.651693488522
10394.244979171011
9764.189264596847
9772.29629245239
10370.710080327528
1.921839213301248e6
9764.067695851822
1.933888163552213e6
10370.808072102944
9764.189264596847
14907.86305073905
9950.202598841388
53868.484091740844
9959.761479369447
14763.775552928046
10258.232174629142
9764.189264596847
9765.644908281985
12376.02985712684
9956.577748359548
9763.644499394299
9786.33879121313
14854.895010201515
9764.189264596847
9646.325448201878
9930.070627271214
10968.803935038628
10725.495633099168
9698.080870250242
9656.106629114183
10283.285650883543
9673.774087319753
9738.724067164776
11258.389101022536
9743.632231345646
9674.776993066273
10140.035371164182
10283.285650883543
9881.747336762743
9673.584526637422
9837.568371930476
9763.556496479498
9744.593247177392
9919.790156171179
10283.285650883543
9639.876654458703
9674.009060276316
9658.125124206479
9652.844580763556
9742.510498563084
9634.900995081298
9698.296029885727
9697.8993014783
9701.202070664425
9880.235348468397
9703.025942854125
9698.251984261695
9926.121878412077
9698.296029885727
9700.607730315654
9698.128516608918
9652.883869409645
9698.363463613652
9701.823258735907
9645.991202149191
9698.296029885727
9641.870365045856
9637.921159243802
9654.496467666526
9634.05801566453
9645.991266753343
9658.195823356473
9677.034083636425
9683.598386174375
9708.541405792586
9644.625516994298
9716.083263391129
9677.300829772557
9635.85064297985
9677.034083636425
9647.148123163022
9665.094819840962
9666.180535384676
9638.928120581342
9649.947708985183
9651.146458850611
9677.034083636425
9648.285673720811
9634.851857161693
9640.215106270469
9639.264412257176
9633.27672300964
9633.486710736
9631.507087967864
9642.61586863364
9645.145470720216
9670.01775397687
9693.039660061811
9647.483443484594
9660.713025103829
9706.80671142847
9642.61586863364
9630.864037497153
9632.618239570831
9660.14450354088
9632.52266839018
9633.286986810781
9654.647320105314
9633.358061010065
9635.819790278512
9639.58642778209
9708.597718967092
9637.234632034431
9640.30309384263
9690.443172989088
9633.358061010065
9635.064144943979
9653.69570885379
9640.597381496336
9636.428091494105
9661.179279951471
9638.860183383344
9633.358061010065
9638.427161329715
9641.897920589232
9632.859361387504
9640.185695947403
9644.193262916478
9633.263715972158
9633.358061010065
9633.858497387477
9637.133451297086
9632.229084721972
9633.355831143414
9636.066673261475
9632.798555133028
9633.358061010065
9630.93988863286
9630.646741358332
9633.891778160558
9630.788394993002
9631.087525514024
9633.275973181242
9631.265191111905
9635.555524143687
9632.99979013348
9636.84634491458
9635.067274848585
9633.302645623517
9636.315890759837
9631.265191111905
9631.196152322364
9631.130984189978
9633.659345206495
9631.211225274963
9631.09383994374
9633.424000660834
9631.265191111905
9631.134874871905
9630.86381101258
9632.042233916109
9631.188757542795
9630.858411186007
9632.12084325988
9631.265191111905
9630.701367676551
9630.67915697867
9631.37691546225
9630.695215198344
9630.696846312192
9631.338816935942
9631.265191111905
9630.657464502969
9630.794264306134
9630.99254068873
9630.669071674789
9630.791511402062
9631.00764075674
9631.265191111905
9630.823830227759
9630.663047075905
9630.687075454833
9630.820376396903
9630.666931058591
9630.687779429145
9631.265191111905
9630.650882354043
9630.647611610972
9630.733069388938
9630.65746341379
9630.652589929041
9630.73275138581
9631.265191111905
9630.657519345737
9630.68719451365
9630.663247877907
9630.662857125544
9630.689639892458
9630.667728271039
9631.265191111905
9630.668273693622
9630.64540274161
9630.651996719558
9630.664288021797
9630.650544314443
9630.646534462869
9630.661158896943
9630.653600329799
9630.666694107096
9630.68603201678
9630.65160744014
9630.663101553107
9630.691053991035
9630.661158896943
9630.658989521438
9630.66467650171
9630.656890629298
9630.662796891178
9630.668141082604
9630.659710413724
9630.661158896943
9630.64652243581
9630.656775774765
9630.645317328013
9630.649418193487
9630.653794567277
9630.645488155496
9630.644975676556
9630.64612324095
9630.69081899419
9630.651602656735
9630.690323131244
9630.686334688671
9630.653760753212
9630.687507678962
9630.64612324095
9630.66253094974
9630.656694254027
9630.667635880887
9630.660357361274
9630.659154713574
9630.665618959536
9630.64612324095
9630.648881220803
9630.656328152058
9630.650219827805
9630.65067969002
9630.654601138234
9630.6485730376
9630.64612324095
9630.646890501152
9630.646683936124
9630.65069617995
9630.648348775037
9630.648007558044
9630.649043287873
9630.64612324095
9630.6446302026
9630.644874931737
9630.64782931226
9630.645900650436
9630.645076421637
9630.646385432841
9630.648364053419
9630.649722210133
9630.649971458159
9630.645035120308
9630.650092424441
9630.649773347684
9630.645664379823
9630.648364053419
9630.64449914537
9630.64462840136
9630.646897795192
9630.644761260013
9630.644632003843
9630.647334277266
9630.645036384067
9630.644676278564
9630.649946907286
9630.644761271418
9630.645017230809
9630.649896206924
9630.644535344394
9630.645036384067
9630.645278003694
9630.64556325286
9630.64710072917
9630.645101662269
9630.645802458279
9630.64718952034
9630.645036384067
9630.64439929815
9630.64584760097
9630.645134219165
9630.644598992618
9630.645672884893
9630.645341458328
9630.64462660019
9630.644583485782
9630.645062655702
9630.647170558392
9630.64470239856
9630.645076390636
9630.647103684194
9630.64462660019
9630.645742111263
9630.645674177616
9630.64465325685
9630.645763187138
9630.645686614313
9630.64462048029
9630.64462660019
9630.645065483131
9630.645080638946
9630.6444743791
9630.645039513827
9630.645033105458
9630.644389872496
9630.644654952312
9630.64494068142
9630.644792728825
9630.645810473412
9630.64484713012
9630.64491332723
9630.64568315996
9630.644654952312
9630.644524074523
9630.645102342085
9630.64487263855
9630.644465474325
9630.64499854461
9630.644971927277
9630.644654952312
9630.644421555839
9630.64437777569
9630.644745721966
9630.64435905076
9630.644453638803
9630.644662288038
9630.644498384994
9630.64505581112
9630.644629511658
9630.645066628189
9630.645010548393
9630.6446042734
9630.645042909688
9630.644498384994
9630.64437839461
9630.64437622685
9630.644714080077
9630.644379234836
9630.644383652076
9630.64469702304
9630.644498384994
9630.644417186048
9630.644394374482
9630.644528820605
9630.64442316001
9630.64439534352
9630.644535802929
9630.644498384994
9630.644444114303
9630.644376663997
9630.644411551473
9630.644446920449
9630.644376147464
9630.644407914897
9630.644498384994
9630.644399432878
9630.64436666007
9630.644402905691
9630.64439983296
9630.644365797592
9630.64440075253
9630.644498384994
9630.644360530901
9630.644359190928
9630.644380446915
9630.644359288104
9630.644358910595
9630.644380139394
9630.644358586258
9630.6443598569
9630.644443985613
9630.64436193144
9630.644446210048
9630.644447075616
9630.644362207167
9630.64443971663
9630.6443598569
9630.644403076503
9630.644379904154
9630.644367053334
9630.644400586903
9630.64438184054
9630.64436724949
9630.6443598569
9630.644358542733
9630.644358784875
9630.64438083834
9630.64435888567
9630.644358973974
9630.644379451924
9630.644359313967
9630.644362233921
9630.644383373588
9630.644402818185
9630.644363094327
9630.644384034596
9630.644400682448
9630.644359313967
9630.644365861992
9630.64438050614
9630.644370634152
9630.644366464883
9630.644379722304
9630.644370852764
9630.644359313967
9630.644369088865
9630.644358491798
9630.644359146449
9630.644369414942
9630.644358743995
9630.644358693118
9630.644359311607
9630.644359493795
9630.644379434092
9630.644369651262
9630.644359728894
9630.644380747835
9630.644370435442
9630.644359311607
9630.64436562306
9630.644369648146
9630.644358725807
9630.644365322609
9630.644368820778
9630.644359031268
9630.644359311607
9630.644364056643
9630.644361950546
9630.644360720942
9630.644363612653
9630.64436153887
9630.644360565899
9630.644359311607
9630.644358846022
9630.644361274513
9630.644359613245
9630.64435873201
9630.644360976356
9630.644359841835
9630.644359311607
9630.644358833017
9630.644358433607
9630.644359880598
9630.64435863796
9630.644358549987
9630.644359664962
