4881.683091261819
5839.852751664966
6539.398879305907
28529.0763687676
7449.689320786507
6545.896824635759
6239.494033684916
7884.290790323411
4877.946894194087
25736.94394342773
3730.020371405852
4885.419288329552
3999.948474034488
3641.5583293584978
7404.449941010818
7.341861479175885e16
5157.191904381984
3.769389498130088e15
4238.592286146752
3730.020371405852
7233.213812951345
7404.449941010818
7099.824251016278
9.405048232652847e7
1.701404034023019e8
4.138390578046323e7
6306.753903444095
5149.301104545861
7404.449941010818
3634.385287425915
4097.791086124822
5465.416340324969
3648.73137129108
3126.142697870403
35338.759000507824
4881.683091261818
6.487944914238471e7
1.2903501674518067e8
4084.413873535542
5795.358934948468
4361.175370037372
3163.24131642981
4881.683091261818
32457.42077172866
3648.73137129108
34023.48141653074
5465.416340324969
2984.003295254636
4947.384258034764
7923.285435083789
2982.9404902527363
3732.060143244506
4.151601136485052e7
2985.066100256537
3634.385287425915
5154.86139175008
2978.6892702451346
2961.6843902147302
2893.6648700931114
4569.722962866564
2876.659990062706
7466.673946097141
1.2121240783152908e115
2910.6697501235153
8243.710612683502
8723.075098734307
3257.7017044635545
3048.8891095399363
9.935155299677725e229
9438.281004552908
2910.6697501235153
9503.051847466168
9218.216194856246
3257.7017044635545
7382.407274836743
2893.6648700931114
1.246980834647292e115
8181.788995228056
2944.4828120781267
8674.938448827488
3257.7017044635545
4.4836428644153516e57
6450.279092493074
7556.403876693753
7634.7123593466185
4347.342194350679
4.3600394888460556e57
3257.7017044635545
2872.4087700551045
6385.239766350602
3373.471309436046
2880.9112100703073
8.636783613171784e28
4682.728654590678
2970.584386443579
4220.5129908670815
4389.61859551188
4.452742020523028e57
6477.859686589032
6367.537310205199
7575.98099735697
2970.584386443579
2892.2796633472226
6357.204662473829
3410.1488349571687
2876.659990062706
8.697139444939982e28
4642.796011207628
2970.584386443579
4.7259613214168375e14
3171.8382357239548
5132.946233164924
5169.351044681924
9775.095729356228
4.6932778157451825e14
2970.584386443579
2872.703482573133
4314.444984111293
5.0763953198800795e7
2873.471575057005
2582.3633395556803
3987.20107886416
5194.087214116932
2573.9154745062156
3983.24769474577
6507.870352524454
2590.811204605145
4314.444984111293
4.594382613231431e15
2540.124014308357
2472.770609209992
3003.482406544796
8207.192071549742
8090.865873821565
1.00256836153915e125
6798.572811611078
6980.084956926159
9473.927061295768
3003.482406544796
2496.519604668094
6467.075600296424
8600.56483243545
2449.02161375189
3073.8540394276465
2.9867214793473894e62
2573.9154745062156
9485.868670404661
8178.110522117698
2506.3325541104964
9.895983361203008e124
6934.706920597389
2496.519604668094
2573.9154745062156
8600.56483243545
10386.540917927716
9550.261396848435
2.909444248203394e62
2.140896328441935e67
5.357937664149923e78
2573.9154745062156
2460.8961114809413
6624.685446201338
1.668969736035823e31
2455.6453638137086
4887.179165582367
7510.087873812883
2573.9154745062156
2447.197498764244
3604.914963678175
4.865394844279216e15
2454.9588626164164
4720.601798636303
6278.459397598739
2480.9889589621025
7519.5470963812595
4905.232580202047
2464.093228863173
1.6635012092837115e31
6592.0254444396205
2454.9588626164164
2480.9889589621025
2449.02161375189
6291.9541596531935
4696.710221311303
2455.6453638137086
4.849452948335228e15
3627.169830211563
2480.9889589621025
2446.052989319627
6146.077523847298
3631.3426977941663
2451.4214312889753
5.358247942028336e7
2.202903196355285e8
2457.9274870486784
9.510484530155114e16
3593.787530411482
4.873365792251209e15
3112.4975389648434
4684.7644326488025
6298.701540680419
2457.9274870486784
5092.452417563662
2793.0436749052774
2447.197498764244
1.2145606859903876e8
3081.5160774967508
2449.02161375189
2457.9274870486784
46214.77745840707
2526.510003710323
4009.6863741057546
4020.1592515605694
2685.181054746124
46132.513942352074
2457.9274870486784
2451.735687066074
3173.599903668964
4297.270455328098
2489.9907713779435
3968.975712157253
3441.591054448988
2457.9274870486784
2448.7458150587536
2459.115919626194
2481.094266586996
2470.2906421998496
2446.8309482699315
2792.0560505948706
2457.9274870486784
2378.9835283014936
2559.9432525763136
2504.275203247493
2531.1848911526304
2460.6923205057665
2385.447108714709
3322.2110414224203
2464.9266904267693
2395.1429973783024
2662.629130757864
2478.1157018759413
2484.993545640225
2683.8995344228347
3322.2110414224203
2348.5699312749894
2368.52261427157
2464.237704772867
2422.3751977116576
2389.4551419676513
2477.594865346648
2340.642385778413
2676.1056622568617
5409.527264043091
2354.575635900873
3607.2133979320743
3339.7320506968504
2348.3944037497104
5688.8179636162085
2676.1056622568617
2482.4013340660517
2348.7230160929266
2363.858839295772
2257.3719989973997
2330.5272461791815
2818.8111277832136
9374.188682329352
9368.72508370251
3352.5604357058937
2396.745681117534
2947.709544957938
9841.089645422671
2144.2313192483766
2337.5592642617703
2143.1309763088097
4897.742860126522
3867.5073108028296
2145.3316621879458
214473.2206422762
254843.80925284515
2138.729604550537
2171.6446338879273
2921.698959638104
4043.69548478073
9.917893182476521e14
3910.6898185561754
1.7954054119740923e18
8303.036783889927
2171.6446338879273
5599.329328168129
6486.938959898088
4444.153165194474
1.2963831148638124e9
5.913942606648228e8
2.3865938795379677e9
2171.6446338879273
236233.88796477238
255905.77336083818
2158.4318659067158
4398.616423231174
3840.7141686200493
2404.843451589442
2171.6446338879273
3069.7205407160473
2140.706686512029
9406.970274090392
9192.36454461433
2270.3021470611666
3326.5662094407376
2171.6446338879273
2882.9315976497787
2705.1207306024253
2372.4179802381122
2718.607002517358
2613.6659046417644
2251.9639199736635
2171.6446338879273
2243.357567174524
2248.688702314463
2190.070608560079
2140.1567793246845
2170.360522541554
2347.753142021342
2171.6446338879273
2141.0912159925188
2166.2975086187903
2154.1864101633814
2136.0761555288286
2247.7878882212713
2161.596080349855
2205.044459253066
2356.1720484378234
2208.727946083398
2156.4505027984933
2149.2334270160036
2181.332222059697
2204.182381530684
2205.044459253066
2157.9736906594194
2236.5867458855823
2142.2152225540294
2261.859233627287
2174.0054888773184
2135.163351760781
2144.1503121161545
2173.155680595854
2127.802863426855
2119.380610800878
2370.12882984362
2355.543322436631
2200.9293971772922
2061.166232070713
21004.758460058067
2062.7741421475284
21120.754733302867
21033.672111609238
2059.5583219938962
3377.6531870343188
2924.924052493565
2053.126681686632
2027.400120457574
2036.2188013199193
4120.71933025684
4071.6764402449508
7.036016568778852e17
2036.4660581221772
1984.8977119378426
7070.249445404332
5136.246622621778
4120.71933025684
2036.4660581221772
6.283692803146643e36
3970.586691667328
1951.1754996055984
9330.300478955643
1816.2866502766212
1647.8674099240873
3368.218447450113
10397.000000000002
7887.660665489873
4.6535047217906515e286
Inf
6498.4885985882265
10394.380642433547
3368.218447450113
10317.859926960695
6170.967293116506
8.090724579845433e143
8.473292804356127e143
2923.5901455530866
10314.117805110976
3368.218447450113
10395.854952169915
3.4543621626107637e72
4.973885855356173e83
1.1709514694685166e56
9936.26150602304
5946.667668056013
3368.218447450113
1653.7042449934468
1.254985726054546e40
10118.48543431453
1642.0305748547273
5270.346792810466
1.2133229803599064e30
1618.6832345772873
1984.8977119378426
1642.0305748547273
3139.3506908921227
8.042903551781597e143
1649.1768403488952
6292.974668493521
10318.327692191911
1984.8977119378426
5681.299974203909
1608.1527517332524
3.316335634148644e72
4658.578177448632
1630.3569047160074
9944.335779787083
1782.5644379443768
6244.171718342715
3053.046472756508
7.947261495653923e143
3398.263345298965
6439.383518945939
10319.263222654341
1782.5644379443768
1618.6832345772873
10395.913777286236
6175.296822411567
1649.1768403488952
1.1367506416942128e56
4.828609968230557e83
1782.5644379443768
3337.182887667397
4856.362680435178
6.86174058057246e36
4758.2769004114
3421.636728200722
9232.172943661097
1782.5644379443768
1609.9279819732471
8.295853176275898e19
2442.731979515888
1618.408773887163
6752.241344408965
2400.43525827891
1782.5644379443768
1608.4687732059074
1896.4657512838562
2.071908561050624e10
1613.2807628102078
1874.868403739155
6917.889868068252
1782.5644379443768
1607.7391688222372
1703.0966290348626
5542.734610984946
1610.7167572717299
1706.9415014483075
1.304884972040534e6
1610.6575863569174
6920.50672268143
1870.9254712850604
2.0703501497598186e10
2.0765837949230408e10
1898.565385889191
6910.039304228719
1610.6575863569174
5542.734610984946
1699.0244963703683
1.304884972040534e6
1.3068538945653029e6
1708.8985831051343
5535.432222560822
1610.6575863569174
4392.995679494765
1629.2932527398164
22930.139010199287
22999.395074918346
1638.3785363844202
4041.96263641856
1610.6575863569174
1611.300790828804
3070.261937036857
1962.4838471844325
1615.4583217223872
4595.880095026611
2402.2128241742544
1610.6575863569174
1535.4893765688576
1935.9912522804063
1906.4469258935087
1718.7788454821336
1551.2998192102932
2336.2343560719373
2180.677969774994
1535.9460420832065
2258.715574443001
3023.615431954768
1535.032711054508
2108.0577504841267
5674.344908220453
1533.2060489971095
1525.8994007675176
1526.5059128038306
7497.926251038968
1651.5243212681698
2.9003799899434647e10
1.7133064753846516e10
1859.958162460508
6931.86406307089
1526.5059128038306
1537.7651637122758
1527.7260628249153
1.748882149645946e6
1691.177660025394
1524.0727387101192
5537.324875624316
1516.7660904805273
1538.2066455441632
9048.937689841292
1.2190018005419973e20
1.2116379729023628e20
1.1393441693678866e18
6831.889335686805
6810.222087684221
1538.2066455441632
1520.4194145953234
2.89380472044114e10
1680.3482105647786
1513.1127663657307
6950.13853733713
1853.7125705114404
1525.010094969979
1.7243293045393226e19
9050.979723919718
6815.638899684866
8245.536715427757
1.1376182998710753e18
1.209797015992454e20
1525.010094969979
7504.4985583476555
4.541252011707443e10
1696.8190044485552
1.6991075846607313e10
6270.1844144920615
1853.7125705114404
1525.010094969979
1553.5164657173304
1514.9394284231294
1.7396240559950676e6
1675.5666929484103
1514.539370133015
5562.9925630578155
1525.010094969979
4376.463108854284
28203.46676012786
1530.4444296779525
28108.157691529366
4036.60685087844
1595.2273512581849
1525.010094969979
2365.3753239671564
5583.863067016127
5465.563978472344
2280.4345550339444
3090.1140488418737
2960.9079529365845
1525.010094969979
2281.55249517291
1508.0618125456156
1567.867082543661
2199.20502607613
1533.2058599309378
1815.783761083641
1535.9817470780533
2234.1212885868517
2162.0263109255584
3135.003653050259
2240.252011819108
2176.968685241458
5545.7878996536
1535.9817470780533
1513.3410991229055
1513.2305295283945
2241.427458460566
1515.4981794752518
1514.8341047765052
2235.6689729325794
1535.9817470780533
1542.557772643101
1581.1525517311838
1538.5415133229453
1494.5244298032735
1496.8911548748165
1840.3186651869858
1455.206882990665
2645.358425605918
1473.2911716093997
2917.0645528810887
3027.09450625002
1437.233304179484
6942.904155276553
2097.5800526816465
1412.0201302815183
1520.2617180103534
5504.724268055284
6109.3616443870005
1504.316236669357
2.9525932330344073e6
2.5069621213714103e6
1408.0425771357884
2191.334600124264
1402.5659380436618
6.8597959823819595e10
1724.378734982917
1413.5192162279156
7488.342939612431
1507.9627634262893
1380.6593816751558
1311.3546881270827
1510.1975032496928
3992.8892035720455
11128.159938650488
1.0966359763426815e75
10777.328509707053
4141.827852612574
10155.761258994906
1510.1975032496928
1.2703453252820488e41
2761.356099590168
1.7029146270342976e38
7081.211078338512
3888.733802335404
9575.798493588658
1510.1975032496928
2102.4000594603726
1317.7480162026234
7.829694674583518e19
1955.4586460671053
1309.757110347468
8640.183391383158
1335.6203868509806
1322.6887485992238
2783.6834243079097
9568.509431947286
1317.7480162026234
3954.7695777903205
1.697935148114079e38
1335.6203868509806
1930.6295982716147
1316.2229294733463
7.852724101929597e19
2116.145899062252
1311.3546881270827
8635.01607871899
1335.6203868509806
1312.9900199104065
1460.1591518314624
7386.822680100218
1308.1580240893122
1591.8328788357394
7.099222067831187e10
1320.9446802403934
7.841209388256557e19
1943.044122169359
1312.9900199104065
8637.599735051075
2109.2729792613122
1314.5513521648525
1320.9446802403934
1309.757110347468
1468.4539679761695
7391.236604426837
1311.3546881270827
1588.1863520788063
7.088812238029047e10
1320.9446802403934
1445.4619012729056
3.0536952202525157e6
1345.3544453103516
1348.050327104713
5959.597449631932
1443.7446932400906
1320.9446802403934
4519.5416806833455
1316.8611196298677
1308.9571900987544
39158.04565843997
1374.2054612208874
1307.3588580798698
1310.5653377382025
1308.9488829567326
1344.0065044131718
5961.225321314051
1308.9571900987544
1444.603297256499
3.057065286493119e6
1310.5653377382025
4515.226195257493
4663.148891162684
4367.825397221307
39158.04565843997
39009.993107933544
39349.11971522284
1310.5653377382025
2303.4392768629878
6869.007462045468
1301.2963673263512
2722.483071547101
3238.1131189117077
1341.1562387664135
1359.6731154344836
39391.402531737884
1330.185829762674
39265.99563922354
4440.634068285197
1340.7459562635916
4593.657068059891
1359.6731154344836
6731.630183602191
2379.8471079235774
6869.007462045468
3238.1131189117077
2651.5874382310385
3388.807008000204
1359.6731154344836
1771.1115481819497
2627.1240139612814
1420.810837332342
1469.9385926188734
2353.483438211568
1735.7084004664866
1359.6731154344836
1549.7475379150771
1493.0433311858865
1457.779318800654
1273.9342831068734
1277.3250570992018
1762.5695479238054
4516.599383984354
1285.6829767275217
1252.7449332198635
3609.5083660638766
1519.7597931826517
1295.3129749799455
1981.619927974721
1197.413685644201
1200.3571870945466
53683.74160579915
4760.098970383437
1253.6059182161907
4486.96057359834
52951.78969259706
1190.299272922151
1252.7206024250293
1191.9844996364761
1177.8086647892485
4.976907154082571e6
1188.6140462078256
1251.3099582259858
6264.3402451096
1902.4758906983257
1174.4198651716977
1.7355553075826694e11
1461.401857801823
1181.1974644067989
7908.369583729854
1251.3099582259858
1160.864666701495
1106.6438728206863
1289.0464790520698
3519.2265486136116
1109.8260882594009
2.1449106042178296e77
13653.840622929709
1133.7542697610904
10284.457828626188
1289.0464790520698
1098.528564368671
8181.887221055024
1.755347242768417e35
1120.1990712908885
9.753462364983918e41
10285.702059439247
1143.7186599315935
3480.469166944895
14161.483096876185
2.1571353037103722e77
13755.369117719005
3635.4986936197643
10283.816405984804
1143.7186599315935
9.864640095365116e41
10284.433396890032
3377.129870836009
8181.887221055024
1.755347242768417e35
2416.253931974576
1143.7186599315935
8179.879071647537
9524.112182012805
1829.3968672669896
1.700623552208282e21
5.427109729041331e19
1565.6037511552709
1143.7186599315935
1171.5056274294598
1101.352945341353
1.799284845583581e11
1375.2778897994326
1096.4774739680345
7816.987156163323
1110.0326724382362
1101.352945341353
1.7030397993056658e21
9522.871982408482
1103.2550732031357
8189.275928167095
5.404107929370623e19
1110.0326724382362
1171.5056274294598
1375.2778897994326
1.7967356640635443e11
1364.0959159024117
1188.3524802704153
7820.642453265983
1110.0326724382362
5.148830492925981e6
1098.6038546288164
5.542122890241781e6
6596.9359240035255
1207.8673628039128
6371.674790581448
1110.0326724382362
1091.6855019108275
1096.4102786391588
56352.71328830169
1150.2714986789608
1097.3246738724217
4831.896383146117
1265.5013649887371
1089.9877027133302
1125.2679792008826
6486.5090437040735
1093.383301108325
1150.2714986789608
5.732690188672779e6
1083.1965059233405
1071.5361655789864
1159.5085558205178
9884.26835362956
2351.015535337041
4.373240241504318e39
4.4224241590584126e39
3191.1456851173243
9878.501885374943
1159.5085558205178
8291.05369629017
1580.048776691813
4.642916381210476e20
2.0529267357729067e21
1771.2361213720583
9065.068594576009
1159.5085558205178
1068.7870283839384
1160.6483066499522
2.0002826878224152e11
1074.2853027740343
1322.9904492530686
7885.719916079536
1073.0097107383567
9074.352565721972
1592.374514188627
4.636407575758816e20
4.6624427975654565e20
1765.1658527241234
9066.9253888052
1073.0097107383567
1.99748637422301e11
8254.50198465665
1071.5361655789864
7889.23058301093
1.354033787293837e11
1066.0378911888906
1076.4053091333515
1604.7002516854418
1071.5361655789864
4.642916381210476e20
1759.0955840761885
1069.6141123433622
9072.495771492779
1076.4053091333515
1068.7870283839384
7448.330140861479
1.354033787293837e11
1066.2185139483674
2.817636859755766e11
8260.49223399698
1076.4053091333515
1067.4124597864147
6.198864349457719e6
6663.937960502219
1064.6633225913668
6196.237988262685
5.409285827084651e6
1071.3119115408597
7894.49658340802
1181.4651472878077
1067.916313145865
1.993291903823902e11
1311.790008057467
1067.4124597864147
1071.3119115408597
1066.0378911888906
6666.554610529817
6199.18246759832
1066.2185139483674
5.405491472251266e6
6.194512033929737e6
1071.3119115408597
57058.63698446229
57370.01910394082
1059.88425795586
5021.060173503829
4896.1753734705035
1117.5931359342787
1262.8743815807873
5.603062040726492e6
6.392171373234633e6
1106.2538755501655
6771.158305153387
6318.809886519857
1117.5931359342787
1262.8743815807873
1059.0340304678127
57717.22454614205
1079.7153525542226
1060.7344854439066
5017.287999713424
1065.3506068901281
1055.6331205156253
1042.0294807068751
1070.1015725738566
1048.83130061125
1648.6797209980218
5.7259083255674215e20
1035.2276608024995
1669.9934073371264
9137.697191656845
1054.0452577843932
2381.6065436803965
1043.341047924751
6.795457772715329e39
3012.75134572494
1048.83130061125
9924.186790638109
1054.0452577843932
9130.684785375412
1624.3222846173398
9603.988144731637
5.7259083255674215e20
1681.8013571852878
9.439916257690236e19
1054.0452577843932
1260.9967591324362
1038.6285707546876
2.2037828340701837e11
1186.61857716994
1035.3128905300202
7967.53822493642
1054.0452577843932
6734.293706708969
1066.520461920398
6.054615111971706e6
5.66010563192924e6
1138.0698979862284
6513.427326521496
1054.0452577843932
4960.705392857341
1039.684256410189
4964.477566647746
58322.65519133238
1085.2818515542253
58365.9002374174
1054.0452577843932
1033.4871531422973
1034.8025470584766
8849.981140953474
1058.5964061146433
1035.652774546523
3524.2376397094117
1082.1637100021333
1032.6363954037322
1058.935446904138
58511.582945659764
1034.3379108808624
1054.1901630687046
5022.6603547584
1029.2333644494718
1020.9188578447329
1063.1638550813068
1.0771242434205501e20
2.6503486852195135e21
2.664998760118323e21
9618.961389716063
8429.870465211829
8440.684201957818
1063.1638550813068
1023.5591701720178
7997.946127945881
1242.7697181022359
1019.0242715866918
2.319962741142085e11
1176.2002142663289
1032.6363954037322
9617.889180981638
6.396434452703706e20
1648.2386496526256
1.0726711147200147e20
9166.025778015366
1660.4789746193815
1032.6363954037322
1185.980880223104
1020.9188578447329
2.3167656190543127e11
1238.4731447966192
1022.427302540952
8001.252244740061
1032.6363954037322
1125.5966469740108
6.1918347728569945e6
6.602548234962268e6
1063.0530471934076
6546.698273766613
6316.690065833296
1032.6363954037322
1018.9386235992682
59200.76196597036
5109.645456850838
1019.8750293252564
4868.087869605712
58552.66908744125
1021.5789359265541
6.198258485749131e6
6.604829690642681e6
1056.2278104760053
6548.025705868
6315.282365338829
1123.5067810020475
1021.5789359265541
1019.5987016810899
58901.79968373395
1029.4360441939289
1019.0242715866918
4989.08896275975
1071.140915325948
1021.5789359265541
8904.656309548114
3167.873061725177
2439.1324649365006
3575.756781732939
2343.5586913891084
3251.9848242509115
1021.5789359265541
1095.0444036049194
2376.0723201944384
3246.234971433261
1266.867034145474
3196.021435541703
2432.741888992086
1021.5789359265541
1026.8501054578164
1020.6225688377848
1616.6679311535624
1116.5708652135672
1112.7797779510322
1645.5254590306183
1021.5789359265541
1028.5524681206687
1273.4515549139894
1023.7697206510207
1019.623330317332
1102.7772889137948
1114.7498481144846
1021.5789359265541
1021.2278581522254
1018.7919401490631
1020.0775141466623
1113.2504908087374
1031.677385266887
1036.035347317617
1018.4745014418725
2245.477858418348
1072.8502470054136
1009.9561744966858
1386.93689187494
1405.7361657956972
1028.6757347968976
2107.49281306691
981.3987212295174
949.9890550521799
1504.7733563239672
5209.457514229081
5319.841169863172
5100.854868515779
71751.66629178157
71325.32999285775
72248.1480294811
1504.7733563239672
2442.1476777469397
2473.9844023174387
10183.505995397714
3578.064191433306
3605.6458108984434
3735.5993160195394
1504.7733563239672
1232.6315667244296
1139.979154055004
3616.9089627574654
1163.3405070134302
1216.2531144090065
2487.0860692681067
1504.7733563239672
1684.4590254387483
950.0993127340242
1119.3124553065736
1829.2721566163195
949.8903701359318
1018.9847151140121
949.612973743989
1018.4745014418725
949.1757634792993
3749.1704378128693
10196.869208367434
950.0501840086794
2487.4270572951864
3605.2058152849086
947.4269224205394
940.4315581855014
944.5878461402898
8489.879136258398
1007.3496987762838
3.5410360502784485e11
2.4935520874216095e11
1203.6919648649011
8164.728668889337
944.5878461402898
7.811985433516794e6
8.871649410986762e6
8.883866783736859e6
6917.896263984392
6499.443820786784
6504.797596862439
944.5878461402898
942.0496581661234
940.3013284020195
71769.24282822973
971.2358427993397
969.953649466502
5122.513883827951
1086.6058498225811
6815.995177526738
7011.436069662504
969.953649466502
8.605940880193159e6
8.078763099871734e6
956.623508644489
1086.6058498225811
940.900034570915
71821.28825978792
72689.11401815573
940.4315581855014
5341.423804188751
5120.701348992526
1086.6058498225811
3648.5825047728076
10155.47461824246
2572.3708244122154
2545.466431296849
3694.794149327926
3672.672018573354
1086.6058498225811
3621.7657392203014
940.6027583219873
1693.8657357113145
2515.318311911351
940.0454055608022
1814.0475820411348
939.4897138769929
1227.4516043605572
938.615270185932
4976.306016557741
71219.26558020036
940.3641575680545
72134.34842923915
5204.501830814244
939.7338331656103
8.286457827327529e6
8.816459575290225e6
6888.863334804368
6691.705336023551
6471.291736319388
7.746247745910823e6
939.7338331656103
4974.443878470602
5204.501830814244
71219.26558020036
72160.48762810274
71270.9152722189
5200.934336084686
939.7338331656103
938.1780483404016
938.798280878058
3575.925846364311
939.0524920314621
960.2405677659605
10307.118147701543
938.7900417817093
938.1608475257747
72173.55722753453
938.7340263642949
939.0524920314621
4973.512809427031
983.9193116963269
940.6776245495125
6684.702214717843
8.821006368015885e6
940.9026730861366
8.279339742633652e6
6469.269568900658
1059.0154823948828
940.6776245495125
5087.74718416417
937.8597735666233
938.1780483404016
71746.12616418465
984.5644330158814
938.7900417817093
1064.5526740797802
936.1112679712808
948.5166849898595
6790.2277374448895
939.6082791619665
984.5644330158814
8.552222046123335e6
929.1172455899081
918.855433751801
1015.5955739879743
928.6749682283133
10045.367529167703
1.2528146394870392e37
915.1292008271648
3.521953452431954e40
10331.52978414876
971.0813798781403
928.6749682283133
3.3527494475701764e87
10396.950650307326
943.1052903526523
5782.525231708143
5.664228843235429e56
971.0813798781403
2840.736652172104
8936.860279558765
1.246032369899172e37
2155.1324802808595
6.344143334568212e42
10331.884215394919
971.0813798781403
5.444314824831252e21
1369.8900380184973
1.4366042310557772e21
8705.222443416138
1566.6307899812136
9333.68747812718
971.0813798781403
8210.110167390123
993.403125760815
918.6262120178508
3.81164305810172e11
1175.1540920084065
911.6321896364789
921.3103173709289
9332.2366023684
1382.1405465793468
1.430755471318091e21
1.438553817635006e21
1586.7281672373238
9326.433099333282
921.3103173709289
913.9456665135447
985.0702995333816
8207.13430641692
915.1292008271648
1180.2517579245307
3.8168298397862146e11
921.3103173709289
8.634512381066777e6
914.9547862913971
8.646268143201554e6
6750.6133563173225
1011.0422306362964
6755.565153958268
921.3103173709289
912.50644243415
912.9408100861799
72983.87239230589
912.1045037991988
957.0366752038061
5146.530041458908
921.3103173709289
912.0693160353142
912.1957649779741
10362.607323578877
911.7976433468078
934.0980405861899
3620.5491550793417
921.3103173709289
2404.40147661126
1177.3692769391275
1139.569846725736
3738.412693941033
1117.7010651635005
1207.4848803756981
921.3103173709289
991.3220025905406
978.286222558705
1902.8539834548878
980.2858588224085
975.039895663587
1565.6778566269593
921.3103173709289
924.5991377976642
1136.9380000733827
974.7563998651287
910.7870467633891
1204.0854008756062
977.2753896896983
1018.5282919831367
1182.9991621979166
905.2564373961318
2000.4326576312992
1449.0990458636534
916.3377271009522
1509.3091016229469
898.8385151163053
903.4155424106957
905.5622453416114
2397.1548028698307
10637.26816173582
900.1714833623619
3779.6981743915867
3690.0536449935666
903.4155424106957
2417.505372032789
1146.2411964244618
1125.5517532519177
3797.248489578534
1242.0301962031544
1211.5885067887407
903.4155424106957
962.5848474183512
1582.442125044101
978.9323088539007
964.8122646966206
1935.889784609641
967.8309593095894
903.4155424106957
1077.3355660570423
1213.7801139697958
925.3576552492781
1031.7816134992358
1126.8384861151617
907.3108358387244
903.4155424106957
964.5977488675825
936.9458774329291
907.4723397258149
970.0388867700002
939.0111879131656
889.9175841894184
947.3078336499614
923.6981258285535
897.161391913592
1271.9635097328894
938.0397735357727
886.0006375852595
1097.2424767649313
964.133798725243
1262.6729301729504
1480.8729394944696
1520.3557345086153
1676.341188658063
1157.4558998496518
2068.2800250736154
964.133798725243
959.4125357620173
1195.1377143681357
1271.5931132026312
1095.7338911847307
1004.4497751328066
1038.313976843772
964.133798725243
892.7061086471258
935.9204784864049
905.4905129343703
887.9957424586398
1033.7944321043258
931.0248401047302
964.133798725243
944.8230071512511
895.5925607457469
908.521123680646
910.5752916702644
911.185696609051
894.7163419340836
964.133798725243
889.4835006878478
891.7001083925475
896.8858573766373
886.4998838559832
901.7529327321568
912.6939461478626
964.133798725243
889.7825288447416
892.4012083370816
885.8098755422242
897.035641026382
887.9105636875352
886.1886228809145
890.198851799953
911.8736865477983
885.9157381626698
895.984662623239
894.6765405639824
892.76733049236
914.7455983937755
890.198851799953
887.5572066631141
885.6393781587087
898.772925065796
895.8719599071935
885.9803975952591
888.853348243904
884.9576352490272
882.2346056354739
879.7091684023499
874.6774381229144
860.324096927598
1479.7410057215238
1838.8611575713653
2837.321896369894
2370.9393493213806
1923.3980961531431
3886.835818776371
2738.9733352903986
1479.7410057215238
1239.723319626428
1394.4975831690574
1848.881681865762
988.9843804523973
1134.666588541465
1935.396455559572
1479.7410057215238
993.1854410996733
886.6854676961219
1136.3778629870526
1249.8589968572091
843.7310667674254
1398.2885163528115
945.9809189565801
843.6189023474901
1957.4875871033764
931.3119738059619
843.8432311873609
1863.2333873198643
1007.1335568133755
843.1702446677494
841.375613948785
834.1970910729267
808.9583136936659
834.7535718725484
948.4872090391788
8597.201516925914
5.760109830545143e11
964.9483909588706
7.795177049097405e11
8849.001096631184
834.7535718725484
7015.75555251736
7195.406376521699
847.3532837930155
1.3983310996673975e7
1.3247284189014155e7
815.6376396873959
834.7535718725484
5659.429239605368
810.3481177323229
93539.52975877265
92998.18459749942
823.7831593920214
5562.791880907073
834.7535718725484
12075.524207284081
4094.476073691245
807.2598269314458
3988.733049500226
2593.3540539891787
810.7106877043151
810.5131687998673
5491.6632118278785
5588.83414288948
93101.978944954
94333.68817515176
93771.40643197764
5678.402785239428
810.5131687998673
806.9280603861516
3962.1185280081736
4163.27695877909
807.5915934767407
12017.444752352343
2721.3026174744
805.6009942049745
800.292729480265
781.9612811143182
867.5915339114237
784.6736966634643
1218.8527676881477
5.400943612771073e21
779.2488655651714
1386.8704491753203
9617.06881340984
769.6257531766257
917.0321307015053
10396.986419212824
6.0234201126600494e88
2878.562607178264
9.781829062307046e64
8235.240448969005
6434.681468463133
917.0321307015053
1709.900360855913
9475.1464549168
5.568323353235916e38
2463.4010007005063
4.2091582926436745e43
10362.143477360869
917.0321307015053
1467.5469078753588
1440.6547549753457
5.472263238633078e21
1121.8945953914324
1073.4155092430744
9606.769798198093
917.0321307015053
8.169037761437561e11
759.0092764660051
773.9795674664704
8566.938730696862
1068.9530179273672
769.7554111431587
2045.676501809218
3.020226786186225e22
9769.871344169303
2.8057456329371193e21
9403.799781046917
1.0085588443521106e22
10009.004594775204
2045.676501809218
8.179684411622449e11
1.075837957436121e12
1085.5352807801637
9038.266084616347
8818.59348847345
769.7554111431587
2045.676501809218
7596.637946576705
908.6313322552936
1.5255154899032306e7
1.4488910116478566e7
746.7169075297727
7446.744148020538
1234.6971110521029
743.1457951337238
1.226036204976141e12
8933.826831847418
750.2880199258212
8424.715160073
7.043519861670105e11
731.1929165685405
732.8459530908038
1809.0460830377324
2269.78279102298
8.191219540969456e41
2205.5715413257335
1897.6059817619184
10234.117375599864
732.8459530908038
9691.420128371354
1219.0523833490531
7.511458870849624e21
7.550490225851322e21
1278.4999911433029
9687.753764895882
732.8459530908038
8922.377710638462
1.2356297633750435e12
871.5571170316796
7.080262887298506e11
8414.426595154682
932.8261909431974
732.8459530908038
7431.373972282064
741.2454527949145
1.4555006006442577e7
1.3783477492693217e7
787.0410103360052
7272.420338405821
732.8459530908038
730.5263444811333
98901.7307326106
5704.806433773898
731.8594886559471
5521.255648331413
97676.24211949849
727.8600561315066
717.1949027329979
754.863564419633
2.3631274056897935e22
9951.876861314871
1323.9404368596233
9268.79366765336
1.9721349602894354e21
1180.4039946091248
754.863564419633
714.5286143833706
9.527791164852605e11
794.3191686491507
719.8611910826244
8677.408335668992
956.1355580621805
708.7314263973252
775.8327180661361
8.342459268955723e41
10368.673458758787
9609.075515634604
10232.79833782632
1.5487568702444302e39
6.999079314607469e43
775.8327180661361
710.8948262939202
1097.16131116928
7.630992395542326e21
717.1190878559263
1343.3041107645276
9680.19189022772
775.8327180661361
8382.91786509234
8668.556292150477
7.174416890471282e11
1.2488209061735344e12
9.601361325167162e11
8902.81879523983
775.8327180661361
7391.987896952218
1.5568713156709433e7
1.5548804695904534e7
1.396667206098398e7
7065.115475725346
7060.8522304924345
775.8327180661361
100353.31228802456
5549.294106340108
99146.55559117536
5456.501551716051
99701.6608662805
5644.009961934749
775.8327180661361
3911.2917594068813
4277.787713506347
4297.501261820743
12653.200733444102
2462.906061953153
2486.7441497221535
775.8327180661361
2073.323824209527
1277.5565846300674
2526.7768275994895
3126.7800485567027
967.4849708613524
4332.144600359736
775.8327180661361
2127.479603785604
726.1340782457185
796.6420254635913
1562.3848456647438
804.3351357901438
725.5429344103919
775.8327180661361
1202.0467406807272
930.3776099125461
836.381194163487
925.3342738969075
1208.9529763164924
1061.0628223488945
775.8327180661361
705.23057879994
768.1430642306716
932.7842766564772
737.626197996664
717.5558602222598
767.8617027046632
763.4276504769264
728.9833854732568
794.5058305571182
1226.611780898317
730.3055752417691
869.7264196817825
1053.6053075716165
763.4276504769264
750.7396257982217
762.3242737135381
799.3924400481147
793.5226584129981
740.6536007496611
875.9269031243196
763.4276504769264
752.1966094894689
703.9729534997583
734.7044775638734
737.1016965641741
707.211047944774
746.3536638317162
703.6376454160127
762.1972780530377
908.2340083446882
728.4367766384668
1278.44199421222
1132.1189547884935
784.5862546428054
1013.3318611272175
762.1972780530377
907.8501619089044
914.2067837468676
703.4934591070609
772.0882168444049
775.3914854644097
709.003369947068
716.982243302316
751.0098662969415
934.823497520763
1248.1390674852478
827.418057348433
813.8157212657945
1030.3394644003063
716.982243302316
707.9550299336864
895.9179295890503
836.927571431793
708.1089654149001
786.555607873956
757.5424188719696
716.982243302316
728.5565733736123
715.8303040916479
763.7698542429524
751.490865716678
722.5264975665382
732.0826511359196
716.982243302316
707.2969054217272
713.4180152979258
722.4651469892881
707.0732251529018
711.9251322464727
716.1909296569404
716.982243302316
703.5296320271163
703.3997992447071
707.7948017002727
703.4509574608581
703.5707659234113
708.0184951845432
721.8139793261266
706.6285625498207
729.9689074155509
708.6739859198838
703.5159372665829
713.1143625208502
703.6006837347146
721.8139793261266
703.3936308840555
703.9346040999587
711.7612787008201
703.4058585938916
703.4368120652459
704.8136674164066
703.5691171180176
707.832576125575
730.3831652677218
703.4404451660995
703.5346947535338
712.8207303547384
705.2619001559094
703.5691171180176
711.5864567907349
704.2900948578498
707.6105222464599
704.2238796752328
711.9946032193027
703.5184602124939
703.5691171180176
703.4763045915333
703.3844726169222
707.054517910562
705.256789624846
703.4027883664442
703.5188544819266
703.3478316826008
703.2011410653474
703.9624485109895
718.5954116114945
728.1233399357301
727.7912582569819
744.0468033371025
776.2249436729937
710.6518588657467
703.9624485109895
730.3420299876722
703.8924097703008
730.2080965699465
712.1028893095133
703.2700887868674
712.0998552217277
703.9624485109895
706.7343774908693
712.1745167562387
703.3612267542555
703.3144951735728
703.7630212090986
709.3644826998462
703.9624485109895
703.200698719342
703.3107953821346
703.3329042861847
703.2015824413459
703.2283532643465
707.4706824956008
703.1989196367523
703.191648213482
703.1600864131085
703.1850241485146
724.0546119170526
715.9819704646203
903.0962824071634
713.7836757025474
730.2863724472724
781.8157288997694
703.1850241485146
723.452556018489
729.950712672273
703.1744238501456
747.3390772234083
769.3809678025594
703.1419694498472
705.6877875609301
725.5560155966092
703.4217274015402
894.2265782501684
743.4958794582241
703.5240392639164
785.4322669518864
705.6877875609301
703.1112754630176
703.1975015850013
762.3919025781146
703.1726858935062
703.0866292802389
731.4547959649786
702.8671844821133
702.0198490294696
708.7674435546162
878.4781222244803
1229.7320778732842
2044.8938907512866
810.0289986868142
1075.4617058746408
1634.3744325700593
708.7674435546162
836.3646921005023
1088.2638576511713
1221.138194752215
778.9754544697444
957.1752076137667
1064.6649537950566
708.7674435546162
727.6560584860886
771.9262282364773
870.6034192592161
722.5893885124599
821.6752688301142
803.7064492102129
708.7674435546162
740.6368116121103
701.9182218135346
734.3347161128276
733.7268157575621
702.8015481965672
731.8013109412179
701.4742451193378
723.6988412256126
893.8122960333089
727.1624980357317
1264.3209609751623
778.6265025970137
764.0880230452872
1043.3230980644328
723.6988412256126
780.6265266625986
711.0520518206548
702.4630301548418
898.8907951880217
704.3035206418762
709.3219927851032
723.6988412256126
703.9535245355754
727.0049032034591
707.0402791547097
710.9730449610907
761.9350702687257
714.2991513775328
723.6988412256126
708.8210255964887
701.4313582052683
718.7267397778597
702.0032223388266
701.5169304283393
710.7898321233101
701.2675464621799
706.1541863963895
706.5807778093244
706.1000217057077
904.5578247148111
701.3271847399947
701.3971746208942
777.3284147083674
706.1541863963895
726.7935622444209
717.3428939686854
766.80741156198
714.179278949347
737.1438443867402
725.4861177299081
706.1541863963895
702.9996731863149
702.4880689015301
720.327313550105
701.340455863965
712.7012985415615
709.1475057878416
706.1541863963895
701.5613214175804
701.3804198000246
710.7648794945935
701.2517982503072
701.2681059886913
701.5770241416375
701.227317746802
701.1211664259946
711.221773300787
725.8925950642496
713.8215576272885
880.1646985804271
723.6143404362949
714.4336188326838
794.318724837774
711.221773300787
724.9414500309585
724.0226237586265
726.3124930255917
729.845298362145
722.3124853480573
723.7314271065741
711.221773300787
701.2734533675981
703.2593752007432
714.1367057484922
700.9473382704912
702.1555902403322
713.7372597475131
715.1721609145076
704.2957589955281
701.1724679182936
757.9762914029394
711.2977001527443
706.4018776414341
726.3959771295588
715.1721609145076
704.0142388649741
701.557189721258
718.0771109956155
701.0882128528643
701.0536466324028
710.156766939541
715.1721609145076
701.1398656857936
701.7460770596239
702.6451038642294
704.3083068038574
708.6113906656998
701.059583060662
715.1721609145076
700.9623058265646
701.0450876654438
701.1217980856919
700.9321502367561
701.9695860109337
703.8518208929852
701.210617638965
701.6164735647275
700.9802297746286
701.3679865598858
701.0141593960276
701.206791286624
709.0223737931713
701.210617638965
700.9050282293182
700.9225922164501
704.2889753149973
700.9585569367388
700.9417023988698
701.1053845521433
703.3420887546719
701.9534933893958
701.2343156801991
703.1907696308915
700.9763309876505
709.775743376154
701.0011361927423
703.3420887546719
701.0071252608222
700.9423173470491
701.0849559676453
702.961792741788
701.4403833441844
705.0396737486894
703.3420887546719
700.9027037224789
701.2305468197579
702.6693745821082
700.9073494365365
700.9379166940823
700.9985571318209
700.893372688822
701.4091088731373
701.2241668507136
700.9323094695005
700.9509841100272
710.0482430910783
701.9336144573681
701.8900745905593
701.4091088731373
701.0329810692933
705.3087758587138
703.0257260731299
704.4493103712953
701.0741315525213
700.9965772468087
701.4091088731373
700.9413580525063
700.9858718845994
700.9026038625182
701.740822498096
702.9436932025244
700.8841177135032
701.1729708342264
701.0079826440046
705.4251355730826
700.97704591243
704.0484166276499
701.0662542632632
700.9031086957502
701.1729708342264
700.9639912835509
700.9545239755057
702.7321693204995
702.605566761193
702.4809950265886
700.9607275846291
701.1729708342264
700.885839787086
701.8724335017142
700.8916493814597
700.8823922558374
700.9320609678521
700.9205553798323
700.9472994451496
703.1125417056849
700.8825943500148
700.8851764187341
700.9761314778896
700.8821814679809
700.8795997221051
701.1433614362791
703.0200659461312
700.9476719987161
705.5808963959635
700.9745401894703
702.6213643096545
701.0581844466288
701.1433614362791
701.7633388255721
703.1863458254314
700.9080081532171
700.917335553988
700.9747236042014
701.6258510913935
701.1433614362791
700.9042750087626
701.9918758596441
701.8969755027099
701.4838092410305
700.9264737163084
700.9248597232678
701.1433614362791
700.9033047494116
701.1692200927819
700.8785594775646
701.4155822784666
700.8949444025606
700.8806395291952
700.903062931094
701.8948464224383
700.9256781352915
701.4108835974288
700.9235203616654
702.0261325888645
700.9002084595943
700.903062931094
701.0989421252791
701.2030615114686
701.4271800188433
700.8883727765375
700.8931357160313
700.9033273873857
700.903062931094
700.8766125412241
700.878672159604
701.1333940015386
700.8805042422987
700.8784465451503
700.8906819684356
701.0350851677941
700.8822205544527
701.0228672790574
700.9006153851814
701.0177424484547
700.8836312796391
701.4709550776339
701.0350851677941
700.8831751740784
700.886917605683
701.1750508350253
701.0255179138653
701.122235286049
700.8883365641342
701.0350851677941
701.0243903050623
700.8772453041834
700.941394237566
700.8827283198451
700.8979097373733
700.8792935713658
701.0350851677941
700.9306136072295
700.916471943253
700.9500582331449
700.8787198461173
700.8783062392698
700.8797432529444
701.0350851677941
700.9048960453141
700.8959893268783
700.9131428707755
700.877726805099
700.8774501643126
700.8781779593432
701.0350851677941
700.8773678719457
700.8806985477949
700.8769792002428
700.8947913640326
700.8768288448221
700.8852181984928
701.0350851677941
700.8854496631625
700.8767375895401
700.882238129711
700.8770006408553
700.8796765917691
700.8768568626846
701.0350851677941
700.8766414389648
700.8767220132738
700.8768073556303
700.8769418780349
700.8790674015431
700.8808322956482
701.0350851677941
700.8785345799648
700.8766060125328
700.8766967305747
700.8767083579229
700.8766190699082
700.8782840968988
700.8765798976909
700.877560590438
700.8767332880367
700.8768815250471
700.8858584441973
700.8799455066846
700.8835718573982
700.8769515402562
700.877560590438
700.8798940192722
700.8782783236095
700.8811610671131
700.8767094200018
700.8766565466078
700.876773667368
700.877560590438
700.8768899908866
700.8783486647335
700.8766725190411
700.8765948979443
700.8766582753334
700.8788685020893
700.877560590438
700.8766136646567
700.8766290443912
700.8776978557717
700.8765837415848
700.8776870391732
700.8766257401916
700.877560590438
700.8770812153629
700.8765796823185
700.8771156294117
700.876602237786
700.8765801130628
700.876603849476
700.8765788208268
700.8765753748221
700.8765615902241
700.8765064425406
700.8762857031847
700.8754003680041
700.8718210010107
700.8568962509815
700.7875533767111
712.071801854751
700.7947653503679
700.7670817033029
700.7665063421296
700.7802738422347
700.8075838247523
700.8081801547962
700.6781017701956
706.3906013400297
700.7653410081132
700.6663850290009
700.6166663839296
700.5837443267743
700.6897593417425
700.7364260363107
709.0725542226986
700.7385832023614
700.5548274259019
700.7659646780177
703.6083243464469
700.6122968096596
704.3235682547258
702.0885357413993
700.7489296161616
700.7212747725783
709.5968788232664
704.6407564779507
704.3152005040762
700.8892084071878
702.0885357413993
700.5508598803596
700.7335289255725
704.817240962096
700.5587739816817
700.5736907694496
700.740912283338
700.7984691592662
709.7395770166216
702.414025835753
706.7606020994839
700.8870013669788
700.6548554850385
700.8066634158882
700.7984691592662
700.5996283521179
700.6295206094311
704.977471988241
701.2254458577758
702.0000650451929
700.7344818075202
700.7984691592662
700.5764136604189
700.5726492286238
702.5979898022854
700.7372762748265
700.7323131085801
700.6466011912013
700.7984691592662
700.5517999880675
701.1965792859346
701.4009837908623
700.5499183829811
700.5894846629247
700.6013467464425
700.5461384941036
700.9331484279901
702.5114901291845
700.5657687677538
700.7335268352125
700.6348368745774
701.0468185773444
705.1301383835707
700.9331484279901
700.6436288370207
700.605783724366
702.3510619233401
702.6718822145306
701.8843990539133
700.6236837036744
700.9331484279901
700.5399833373867
700.8151414647272
700.5949502218532
700.5522693954173
700.5659831945259
701.5805920565559
701.0804484108356
700.5723677605034
700.6375171855912
700.6368077299375
701.2837824847971
702.9020950608194
700.5404100322891
701.0804484108356
700.5785117538318
700.5503154004073
701.7170917182074
701.3908353124001
700.8126674647963
700.5891332623922
701.0804484108356
700.5414944878709
700.6025996688559
701.1216253062668
700.5888043311764
700.5430198070375
700.5651140374355
701.0804484108356
700.8238838972378
700.5522978965624
700.5407742855867
700.5529464666215
700.8267542145556
700.5391922555676
700.5717039725416
700.5466414778247
700.5585785849559
701.1331504319642
700.6957662134762
700.9706224701403
700.5637572758183
700.5717039725416
700.5844217566496
700.6041307314642
700.8336451924189
700.5407293305767
700.5417584123644
700.5518732790613
700.5717039725416
700.5454647317989
700.544725569531
700.5433629530988
700.6858682714742
700.5397480316902
700.6349260798851
700.5717039725416
700.5724209859827
700.5924876699572
700.6112360074317
700.5405689431179
700.5414736726902
700.5424382302945
700.5717039725416
700.5391727212136
700.5407701872381
700.5392829109713
700.5392117898641
700.5746011587203
700.5391015991997
700.540904778164
700.54225772489
700.5392478678791
700.5401564046145
700.6123163507687
700.5445046100789
700.5622274494934
700.540904778164
700.5390431273539
700.5394907501295
700.5753280901755
700.5391600700897
700.5459323861804
700.5406705658914
700.5422183715008
700.5391571342723
700.5840454164697
700.5421391996416
700.542200272338
700.541085784887
700.6134824873841
700.5422183715008
700.5583395914607
700.5418677540744
700.5760487559595
700.539831873175
700.5392234319406
700.5406318579397
700.5422183715008
700.5391899692858
700.5428370044102
700.5575102067316
700.5431693830999
700.5392139663834
700.5398372310161
700.5422183715008
700.5430288376574
700.5391477320004
700.5482881948262
700.5392292605767
700.5417006206684
700.5394357170811
700.5422183715008
700.5391718231424
700.540132718171
700.5436288451308
700.5421742209847
700.5391002604496
700.5392413114798
700.5422183715008
700.5390842264857
700.5390443436942
700.5413193623523
700.539928470675
700.5391171741416
700.5391414991005
700.5422183715008
700.5390930523961
700.5390476209184
700.5396732126087
700.5401578209866
700.5391505329421
700.5390711736313
700.5422183715008
700.5390684698198
700.5390552599608
700.5393919207987
700.539577343259
700.5393055020436
700.5390591482385
700.5422183715008
700.5390435902746
700.5390553935769
700.5390460861211
700.5390426644326
700.5392914221477
700.5390593322529
700.5390632142548
700.5391324249065
700.5393991225776
700.5395908629598
700.5390471571882
700.539057981009
700.5390677768543
700.5390632142548
700.5393049258314
700.5393021060829
700.5390417244918
700.5390547747314
700.5390551917496
700.539043604373
700.5390584843565
700.5390664702171
700.5390483268326
700.5390556180658
700.5396011843252
700.5391995877299
700.5393372186378
700.5390584843565
700.5390471792467
700.5390539640259
700.5390445988951
700.5391487409598
700.5393130071234
700.5390779581579
700.5390584843565
700.5391486138833
700.5390455043737
700.539047191108
700.5390472052036
700.5391172720837
700.5391471951372
700.5390584843565
700.5390411179986
700.5390426366932
700.5390952084445
700.539042330986
700.5390429116998
700.5390447893157
700.5390781538551
700.5391788584625
700.5390715980852
700.5390408593067
700.5390472417042
700.5390429613786
700.539041376689
700.5390519803818
700.5392325989113
700.5390528532542
700.5390478545771
700.5390494337976
700.5393287974483
700.5391915677216
700.5390519803818
700.5390409803621
700.5391827896948
700.5391133629565
700.5390414624687
700.5390469299941
700.5390443371762
700.5390519803818
700.5390409504437
700.539050167707
700.5391097533034
700.5390426088533
700.5390413011119
700.5390439569686
700.5390519803818
700.539042407385
700.5390413047061
700.5390416286259
700.5390735603713
700.5390492288449
700.5390547257788
700.5390519803818
700.539040900255
700.5390409335083
700.5390555169142
700.5390408183595
700.5390407851061
700.5390416296981
700.5390423150394
700.539042321728
700.5390424384283
700.5390410003973
700.5390746230888
700.5390410191472
700.5390433714824
700.5390423150394
700.5390408264343
700.5390406999525
700.5390564780229
700.5390407437767
700.5390408702585
700.5390415589609
700.5390486604256
700.5390407093552
700.5390407985828
700.5390766567688
700.5390406905511
700.5390412762882
700.5390422416785
700.5390408388574
700.5390433475098
700.5390878467731
700.5391012361192
700.5391056851482
700.5390428009101
700.5390433471252
700.5390408388574
700.5390585454596
700.5390417606397
700.5390422690604
700.5390414793233
700.5390670910647
700.5390765064217
700.5390408388574
700.5390585700725
700.5390408511337
700.539050935545
700.5390414703395
700.5390450465262
700.5390411316241
700.5390408388574
700.539041070558
700.5390453364203
700.5390407088321
700.5390496021664
700.5390409119997
700.5390410658838
700.5390408388574
700.5390406932881
700.5390407827999
700.5390408866124
700.5390406878134
700.5390428640744
700.539045031542
