1.5562591941792702e7
2.2285757564404076e6
2.2131157955374043e6
8.85692808592102e10
2.1934230767714134e6
2.2088929378855824e6
2.1230223493737765e6
1.8408078006991104e6
774248.1545913271
2.746821594033216e6
578025.2812730735
795030.1578514305
2.0324701447387895e103
995253.8736870807
753883.9246366458
2.0005579773238517e7
537710.0193773936
433207.3808753863
9.03802788855459e6
Inf
1.3811439082915656e7
Inf
2.000558174e7
2.219413460059358e6
2.000558174e7
9.03802788855459e6
2.0005581739994515e7
Inf
Inf
Inf
2.000558174e7
2.000558174e7
9.03802788855459e6
410475.02714325226
344076.5389814347
2.0005581739964034e7
457921.73470501753
791156.9487626093
3.3131462908700806e197
3.817677530878002e7
Inf
Inf
3.870727474701499e6
2.000558174e7
2.000558174e7
877916.3584058067
3.817677530878002e7
3.3131462908700806e197
897456.3478484654
1.2344127861683182e191
2.0005571058801673e7
410475.02714325226
2.0005581726639573e7
3.817677530878002e7
347184.4126226826
337679.68856143253
4.7278260816127966e97
341580.44646667794
514342.10019507416
2.0005075489859696e7
1.0136234823952172e6
327833.4088435337
592447.8585065028
3.0997425030944726e194
349717.48166006105
514342.10019507416
2.0005581739367824e7
310363.42377923656
591125.6244388076
327957.6528066156
Inf
3.867219780495652e7
327833.4088435337
2.000558174e7
1.6746378149961743e6
591125.6244388076
792198.6306476309
314715.3895499256
Inf
2.3807957262135334e6
314777.5115314667
2.000558174e7
591125.6244388076
3.394622169079014e194
686061.5707404491
2.000558173933844e7
2.0005581739348233e7
446287.9966458606
3.294840496277792e194
591125.6244388076
310645.12819952046
2.0005470489745222e7
339365.6131896897
310629.59770413523
2.4180191233473293e99
402685.426086009
591125.6244388076
311106.4031860694
314767.4545751617
6.703944206030691e51
335778.0664025142
339950.04155792913
1.9959654409892797e7
591125.6244388076
310382.48628944694
1.905120541679162e7
308279.65213461185
310378.60366560024
1.320941412990325e28
319907.01334965776
360086.27043750585
1.0368226433174506e52
319907.01334965776
1.9967613268181905e7
1.9967754471173245e7
323441.67048345326
1.029118220833471e52
360086.27043750585
307825.40336405725
312871.87331006
1.6158118562333862e28
308767.26519036276
310363.42377923656
1.9142627934456456e7
306342.05113380164
305746.927844173
388779.00478797365
308652.33757819555
692495.8985922611
2.000558173967876e7
304976.8323627086
416718.35175447504
2.1400652456556307e195
323249.5929624285
2.0012332487452987e6
2.4405929934783485e6
Inf
700546.7755328764
858726.8950507469
2.000558174e7
323249.5929624285
305746.927844173
652042.476214661
2.000558173968111e7
306342.05113380164
440032.5076464859
2.1088692702728246e195
323249.5929624285
2.000550419177584e7
389167.3785878585
305392.52746668516
6.055881006802525e99
335374.72185572877
305094.96582187095
323249.5929624285
1.9967154365072083e7
1.994907371869364e7
1.99792697473994e7
1.054262644784599e52
2.424108834694776e52
4.416298282194197e51
323249.5929624285
304956.3192997048
303722.0541514686
1.655216895998229e28
305030.70971090836
313282.14334473223
1.91323779312032e7
355787.82285069715
304771.91299935174
313282.14334473223
1.610796170699857e52
302802.30644469545
319535.7735916487
1.997383255092124e7
300424.42702870833
311730.6919424327
2.000558173984373e7
607952.3736102866
302802.30644469545
1.2563968864832975e196
442756.8667229841
300128.32587048825
319761.70381528215
305781.4583273504
2.000558174e7
737312.0057827907
302802.30644469545
Inf
2.131406426810974e6
319761.70381528215
301914.0029700356
2.0005581668569427e7
2.000558173999927e7
300424.42702870833
3.736487730346909e201
1.8436737553871787e189
319761.70381528215
3.9195046137257217e98
396429.8014917459
1.5030310094684017e100
2.0005568337621797e7
329800.2347091438
2.0005527314194128e7
319761.70381528215
1.9973306532739606e7
326877.0760026143
300007.1844483776
1.664655429587858e52
300719.35428477277
300379.5784337095
300823.73017103935
1.4976078275887435e100
383233.7466028236
2.0005527017217487e7
2.000552741318634e7
326560.45434258704
1.4760131156171815e100
300823.73017103935
326877.0760026143
1.9973306532739606e7
3.7158463815415013e52
304033.6557547569
1.652610164776773e52
1.9958414067290153e7
300823.73017103935
308652.33757819555
300051.49126679427
2.073080189934332e28
298121.5531983
299995.40541523864
1.920338026661417e7
345575.1355782904
2.505162358210287e52
1.9966660173032336e7
309596.06707403343
1.997888148239694e7
5.475010555197765e52
307725.7994335125
345575.1355782904
297724.3975222188
2.073080189934332e28
1.9202665417526767e7
298550.4389954819
1.9344721124864835e7
3.013667796342058e28
296453.0760289003
296444.60943173536
377639.8530608133
645622.9097644076
299486.46775881783
7.3528875644654245e196
397228.1014051388
295433.4788550961
2.000558173992133e7
311696.2340529739
Inf
1.9713705567871754e6
2.0005581739966255e7
2.000558174e7
731813.449443102
Inf
311696.2340529739
442265.982245387
572980.9006749358
7.248462659303797e196
645622.9097644076
397228.1014051388
2.000558173992189e7
311696.2340529739
1.0474760702820007e99
2.000541224528074e7
316772.290789226
2.0005572155111883e7
8.356790394913478e101
364513.3738405678
311696.2340529739
295495.8807726517
1.996620129092548e7
1.9986755679936077e7
295497.997421943
5.604994853219132e52
1.1154471206839263e52
311696.2340529739
303587.5083664722
1.9336450402748514e7
3.0908254166682237e28
294601.41321645066
2.1184914883114316e28
1.9194089119872175e7
351321.34666817036
1.9983022690588053e7
1.9973014306155823e7
1.9989853230431605e7
3.7836155318335895e52
8.163531203335717e52
1.7010536489825476e52
351321.34666817036
3.0908254166682237e28
2.563063305555693e28
295433.4788550961
1.933822242980212e7
1.9397967590879343e7
300381.06323451124
351321.34666817036
1.6281244112391086e7
294396.1128345329
3.7370303480291416e16
3.5960739796794372e16
296046.089234752
1.6184411075456766e7
307383.9506959105
2.816334996718668e28
2.3296198194869275e28
1.9233235726341087e7
1.930579486228357e7
1.936891229770955e7
3.3697973482213136e28
307383.9506959105
294833.7594849986
1.6090861763948279e7
3.7370303480291416e16
295469.96898481844
3.5960739796794372e16
1.5987721409151405e7
307383.9506959105
294331.2424192755
6.054035595876314e10
294739.1470764031
294462.942315404
1.0423176194083102e7
294430.8872728114
294091.35141438287
293445.237893001
295875.99177848815
1.9980809872506637e7
312394.529733085
293705.60455405444
3.1429703598026766e52
299293.25175123336
293310.25143122295
294024.10757686506
1.6706348728056835e99
2.0005440895385344e7
316054.53733719327
2.000557355738803e7
1.2274357369792923e102
358286.2684989023
294024.10757686506
6.848618898718971e52
1.387558044024863e52
315900.15992734174
1.996958258626659e7
1.9988237342328724e7
299293.25175123336
294024.10757686506
293289.77577506215
3.426087904086042e28
2.3600659701925608e28
293362.0721372026
1.9229660700802024e7
1.936482594440423e7
293521.323648608
295129.8762865465
298400.79725015064
3.1598552157998015e52
313221.52576202014
316858.92000862106
1.9980743460727e7
293521.323648608
292175.11683947133
293310.25143122295
2.8531089562682977e28
300661.95828650874
293300.6451687203
1.9300067959077753e7
338933.98034842743
1.999106991461053e7
299848.8967682527
4.662830502530409e52
2.1188111380089776e52
304007.9577860481
1.9984828798261642e7
338933.98034842743
1.936482594440423e7
293289.77577506215
3.4199799597948766e28
3.432201297781394e28
296705.5573602032
1.9363698812336396e7
338933.98034842743
1.6159982223870093e7
3.946330999351991e16
3.789250150846651e16
4.093245726845366e16
1.6258903608278438e7
1.6348661503710726e7
338933.98034842743
292070.3234152134
6.264900920456204e10
1.0562272831219602e7
292281.82282256056
1.0689611966192182e7
6.345257176932196e10
291670.2753064999
290376.0922847247
290095.51080687856
367311.59464358503
291249.40308973094
305357.3589564741
1.2692445949940076e101
289431.2335849518
374570.8719560207
2.000555854437243e7
291670.2753064999
397766.5754275759
289571.5243238746
9.145256200012979e197
591152.0976890485
291249.40308973094
2.0005581739971917e7
291670.2753064999
374570.8719560207
305357.3589564741
1.2603734095605738e101
316517.4945235701
358631.1860052787
2.0005558625575617e7
291670.2753064999
289702.17031329963
1.997525227296003e7
1.9990820435234986e7
289282.7006218354
1.0272528620635444e53
2.1767295130583295e52
289912.60642168386
370383.1627318054
307979.79192304594
1.2559494833542977e101
319586.86329068127
354984.24407847633
2.000555866617721e7
289912.60642168386
289431.2335849518
2.1690891656313316e52
311086.89679749776
289256.5714239504
1.999084635503113e7
291570.0617513587
290376.0922847247
289431.2335849518
316517.4945235701
1.2515333348216487e101
289571.5243238746
358631.1860052787
2.0005558706778802e7
290376.0922847247
289282.7006218354
309294.0452654939
1.998462106773297e7
289352.84599129675
293118.8755635312
4.790749016271652e52
290376.0922847247
1.9357359804845497e7
295977.6419403935
3.5013524748614308e28
3.513718222058927e28
288494.38725389406
1.9356233067583244e7
334407.444943417
1.9988079008392744e7
295977.6419403935
6.999204921718268e52
7.048730527686198e52
302614.78699227725
1.9988017219865926e7
334407.444943417
1.935679642876521e7
289254.3355522388
3.5013524748614308e28
4.988540858611624e28
293937.0963972459
1.9466650116630226e7
334407.444943417
288287.2776359342
1.648908760569664e7
4.521971546036805e16
288708.96929787216
4.194289725183253e16
1.63103179739337e7
287533.563424276
285714.2947405514
297566.6306121701
352892.08288973436
2.0005565241390225e7
5.521348448488449e102
323085.71537457884
2.7927812835801036e101
2.000551370179614e7
297566.6306121701
285558.3746103471
3.295123515180803e52
1.9980217708275173e7
285989.7736870464
1.9993091920393627e7
1.4952851079113513e53
286130.28225243714
2.0005513820629984e7
356604.88826548314
2.802579681284415e101
5.579360832442283e102
319834.45170231146
2.0005565212674435e7
286130.28225243714
303557.9586930962
285522.0132964333
7.179565965454351e52
290285.4088777897
285714.2947405514
1.9987855025854446e7
286572.1562036863
2.000551346412846e7
1.0582219896498095e100
1.0435893711653436e100
5.559989684991861e102
2.0005577392598532e7
2.0005577362226237e7
286572.1562036863
285605.2107988105
7.204623408789883e52
305225.31259590184
285558.3746103471
1.9987824131900117e7
288726.79639207956
286572.1562036863
4.307623036193052e28
1.9348629149800103e7
1.945985403883834e7
1.9408022153881546e7
5.116861484975694e28
3.591497994297805e28
286572.1562036863
1.626530053637688e7
4.305924635954462e16
288016.5382185931
4.63425506642016e16
1.6448917059083207e7
284260.64242727536
290375.41805313475
288478.79131400806
284103.2675653813
4.697381463756606e28
286304.1663831485
284447.5630532378
1.943438341764453e7
283769.22575848957
287160.3807818613
2.0005524591908403e7
1.6446338476963226e100
340430.8940372637
7.988121086222398e102
2.0005578018701784e7
304847.6136988797
287160.3807818613
286438.42604609113
1.8114566482920542e53
4.082001299190702e52
300332.0851305992
1.998219407307228e7
1.999401852430171e7
287160.3807818613
4.738331464394504e28
289766.1936580557
283759.5797169377
1.9431931486118104e7
283329.5853656804
283808.4175641101
327490.04385430337
282569.09864606103
6.014511339978675e52
1.998608037671145e7
284205.5922284014
1.9995812873531617e7
2.582713855889165e53
280682.3531986015
291618.5943050435
379597.0829963116
421277.1539566745
4.952363445252517e199
486449.63022955187
546304.1589781634
2.0005581739994667e7
291618.5943050435
311257.991842621
281394.6856361279
9.189203690000681e101
335069.67211480404
280432.10133348237
2.0005571689070486e7
284051.89959707536
281317.839320465
2.000558173999465e7
389430.5990496301
281394.6856361279
4.98644130371041e199
530496.5630250088
284051.89959707536
2.0005578977200124e7
2.000554142191297e7
311257.991842621
3.869234982223163e100
1.6376560058732232e103
348772.85113171494
284051.89959707536
280480.2556155753
1.299565215458794e53
298082.5114710037
280499.4671944911
1.9991690438756913e7
284149.69201293937
284051.89959707536
286726.8403623878
279506.6013398728
5.763507526565567e28
280262.3701012309
285948.39681564586
1.9475940993975416e7
313710.04822943854
9.005222992447673e52
287623.46696540294
1.8716708917075345e53
1.9997198997026525e7
293908.7134552832
1.9993888366534807e7
313710.04822943854
283432.0886674218
279870.3645474233
6.8270308031903275e28
280441.7384566411
279171.0804785796
1.9521261489235573e7
278111.42049597885
278391.5559667304
277503.63805349375
324344.8041235996
2.0005574470163096e7
279171.0804785796
312165.66249437217
1.966588745931012e102
279591.2836847072
502942.9867952737
277643.70578886935
2.30043857138821e200
390927.8301163516
279171.0804785796
2.0005581739997197e7
279591.2836847072
277347.7331511238
330321.12811063457
2.0005574445406217e7
278111.42049597885
306247.5227225108
1.9800056950728782e102
281242.88894279907
2.3160798378420316e200
517743.4673628923
278391.5559667304
2.000558173999719e7
381059.6521242122
278111.42049597885
281242.88894279907
277643.70578886935
336792.95212204376
2.0005574420649327e7
277503.63805349375
300744.42802009516
1.9934682569695125e102
281242.88894279907
279223.18329563533
1.9005370446140395e53
294667.43541287625
293120.8020003566
1.9993718161450356e7
280545.2250587289
281242.88894279907
1.9515938132419184e7
283195.1043132702
277344.34585733054
6.979638394720197e28
276617.66805405344
277379.3627911745
316293.75696719775
275983.7609616165
283195.1043132702
1.9995576026535396e7
277362.0992290559
288713.60738913825
2.709499044075778e53
274553.3734175206
286515.6764515733
2.00055817399985e7
2.0005581739649676e7
2.0005581739999987e7
1.0172943205425352e201
4.619249265458473e205
2.5793302648010193e195
286515.6764515733
274501.3241408639
4.191408419784789e102
326129.1101154594
275047.51902443793
2.0005576418184463e7
301381.1273046161
278714.09033684677
2.5280269560974816e195
506388.84349220333
1.0519350515735017e201
2.0005581739999987e7
372868.0151259861
2.0005581739998516e7
278714.09033684677
2.0728517789389526e101
2.0005576382485442e7
6.618973661028286e103
2.0005580221277937e7
4.191408419784789e102
2.0005561393639e7
278714.09033684677
293284.03059056104
2.7833116422944586e53
291618.5943050435
278450.6671588721
1.9995474521503553e7
277110.91651869135
278714.09033684677
1.959031406387295e7
1.955271095675597e7
9.860321982833112e28
7.145871509653507e28
8.430941808610547e28
1.9509797432333577e7
278714.09033684677
274483.65315738507
276787.1020099978
6.235608987083586e16
274525.9028795035
273445.0105670726
1.6807694893434618e7
280443.0683015575
7.772071059435064e28
1.9531429552007962e7
274336.2538919186
1.960822064315722e7
1.0666864223368607e29
276575.94342269684
280443.0683015575
273516.3712291615
274501.3241408639
6.45359722788095e16
273380.4835939787
273562.67165481194
1.6881847627758875e7
273190.712591555
273525.01882109034
273110.2806130543
3.310358066083872e53
286886.61641418835
273380.4835939787
1.9996247300510604e7
278514.7895923715
273881.9429382817
333044.77592089074
273277.43372782203
6.074587511757748e102
302412.31365346734
273380.4835939787
2.0005577179992434e7
273881.9429382817
273139.18765847676
1.999883687985504e7
6.498007127508842e53
273190.712591555
1.6451126618393929e53
1.9992481307735074e7
273881.9429382817
278447.7853298185
272574.08578397386
9.190584568742785e28
273290.3713330269
277746.1332798793
1.957019891748846e7
304565.9332923433
2.3589251756253965e53
1.9994501742778018e7
282365.2328446216
1.9999835741392836e7
8.974947693946512e53
277746.1332798793
304565.9332923433
1.963851475456346e7
1.957019891748846e7
277090.10340443416
9.190584568742785e28
1.2607461147365223e29
273139.18765847676
304565.9332923433
272269.787585847
272411.7394658858
6.968271570489633e16
273972.7808358953
272743.1221297322
1.7010739920581095e7
283058.7243382556
272122.61241640773
8.494419824249044e28
1.955027430506326e7
272444.0072664498
1.9622861590130493e7
1.1654983613167009e29
271804.35685028584
274858.4563719662
329548.28924949554
291062.23742371274
8.731083776249895e102
301365.89344730397
317334.4197294697
2.0005577835967552e7
274858.4563719662
7.700827608790686e53
284890.517553226
3.991958548423851e53
1.9993472868331898e7
274769.55615969974
1.999694461372432e7
274858.4563719662
276468.1062359598
271792.4042366642
1.0050919850950269e29
271815.06658679043
271843.35397507105
1.9586704737878352e7
272015.0388938132
271849.63254291157
286976.4918845116
1.9996923116686087e7
271843.35397507105
275419.00096377375
3.985358068569421e53
272015.0388938132
1.9586704737878352e7
276814.2971851328
1.0050919850950269e29
1.0084253551765827e29
271462.967893726
1.9586017315463867e7
309458.4194871971
2.000024451597059e7
276814.2971851328
5.555699895230383e53
2.8369771453669217e53
283290.19340408326
1.999821541370513e7
309458.4194871971
271815.06658679043
271792.4042366642
1.1771620564847762e29
271137.3505862473
275419.00096377375
1.9620967970206067e7
270099.69521218655
270186.0954096224
2.0005578891201053e7
308813.2179401994
1.7531353779551072e103
1.7764114099478397e103
302054.038476983
2.000557887235194e7
270186.0954096224
5.620375918486743e53
1.999530111821744e7
269739.75583866896
1.999819715477215e7
1.0722984285955375e54
270565.56012804573
269359.25376801897
284785.3322601368
482143.5238068048
270673.56037484104
1.8804912174098393e202
360311.83187398966
269739.75583866896
2.0005581739999566e7
284785.3322601368
269804.55598674604
2.000558088765349e7
2.4877026637729802e104
269337.6537186601
1.0135574555770098e102
2.0005571184192315e7
273488.2752149033
269804.55598674604
8.671350501571955e196
2.000558173991457e7
270565.56012804573
2.0005581739999995e7
5.402758569360991e206
273488.2752149033
2.0005578867639665e7
317015.21076782554
269739.75583866896
1.7822544020608893e103
293975.2210840381
269359.25376801897
273488.2752149033
269295.4909721687
1.9995267283598073e7
2.0000186995737802e7
269485.7420074935
1.0865115351255044e54
2.8793336823168e53
270186.0954096224
2.4958450698558915e104
1.7881069878198864e103
326256.8848833673
2.000557123597469e7
2.0005578862927385e7
296570.40993389103
270186.0954096224
1.0900794331372067e54
2.8793336823168e53
285322.8838996824
1.999525036630898e7
2.000016929723657e7
274156.4418700947
270186.0954096224
269314.1316773011
1.2026326147286276e29
274098.0707754665
269303.33165262156
1.9616865694185488e7
268999.5632243606
305691.55919163226
269701.8255451803
274098.0707754665
7.906672061170154e53
268401.0621709026
280425.42354099354
1.9999252023097835e7
267044.6706306841
278220.90724763967
454690.91004360444
267348.4593682486
7.5687698669933425e202
365617.68184261216
268401.0621709026
2.000558173999976e7
278220.90724763967
2.0005579609385543e7
311413.4232886074
2.0005574145229008e7
3.559268657727065e103
291928.9457895888
4.7342220876927776e104
278220.90724763967
272280.560932464
267228.12661469664
8.03670353596481e53
278981.7792045072
266964.975914033
1.9999200194682214e7
267683.8097210434
2.0005574108093683e7
320245.3590836189
3.57088036038534e103
4.718902183747123e104
294489.6824202691
2.0005579605935425e7
267683.8097210434
1.999917946335204e7
280283.05502427806
1.9999200194682214e7
8.03670353596481e53
270950.6225636609
8.089013074941209e53
267683.8097210434
271266.9508824013
266964.0390309683
1.4290613059428202e29
266980.1800981624
266991.8531139383
1.9645000127057496e7
267219.6946671118
267039.9862153593
270323.032648372
8.07591978221183e53
266991.8531139383
280974.2597009087
1.9999184646182653e7
267219.6946671118
1.6624745648700504e29
1.2263858653096166e29
1.2303673239042805e29
1.9612764194263577e7
1.967336230321465e7
1.9673896229890857e7
267219.6946671118
266973.2982082507
1.7138805260745466e7
266292.9119567342
266961.26493289554
8.104855076684653e16
268718.0013279801
273539.7142120689
1.9628834806157187e7
1.5457265538557883e29
268552.37061966106
1.7866350706449934e29
1.9659805155846138e7
267564.26649647334
273539.7142120689
266964.0390309683
266220.8321415809
8.3695782198145e16
266658.2405247824
266371.4111882697
1.720250088990901e7
265996.7070447848
266127.31327868724
270357.81038261723
9.498382959269765e53
4.94291626029861e53
275936.83266187645
1.999965143160107e7
2.0001245594749313e7
266127.31327868724
265923.1609946776
1.3319341140393537e29
1.9628381164500836e7
266095.9307604193
1.9686415471469417e7
1.7967917753298976e29
265885.75344952015
269844.54975323664
5.087840582557004e103
3.166210623990794e102
321352.39501653623
2.0005579903945994e7
2.0005581181448873e7
290282.03752170055
269844.54975323664
266021.1156701043
9.606397496612891e53
280360.701906329
265853.10189104447
1.9999637069867544e7
268514.1492873595
266749.6022782286
5.0714624959493255e103
312292.0004708264
266021.1156701043
2.0005579906903565e7
287858.6168049497
266095.9307604193
266749.6022782286
280360.701906329
2.0001228063996907e7
1.7958342277302862e54
271021.7166364813
4.950913882524305e53
1.9997396607683804e7
266749.6022782286
265844.1568150733
265875.2926100975
1.5570105989904345e29
270097.44131973106
265856.58883751865
1.965799681312233e7
301560.8451763377
265243.2517315027
2.0000508752167266e7
277154.773451834
266545.73150366725
1.31566689398818e54
270097.44131973106
263846.32744745293
274365.7671149672
5.8440142158362235e203
437645.51431164076
264060.1168437743
2.00055817399999e7
358963.316459886
265243.2517315027
274365.7671149672
263751.88293556706
304634.630677339
2.000558037716154e7
264343.4503794314
288232.6218863001
9.941398060634194e103
267400.8890889529
2.00055817399999e7
2.0005581739984367e7
2.000558174e7
5.8066603218204906e203
1.0325100549586573e208
5.60840772959133e198
267400.8890889529
279248.20748518367
263846.32744745293
1.000514543103319e104
304634.630677339
264060.1168437743
2.0005580372799054e7
267400.8890889529
277186.1587590716
263855.6650871591
1.3455529966474073e54
266729.8125993784
263748.77038899827
2.0000451464891244e7
264743.01625295554
2.0005580374980297e7
307315.009052894
264044.55411093053
9.973246279406317e103
285846.67126677826
263855.6650871591
264743.01625295554
263751.88293556706
267928.65349447174
1.3412630041272671e54
263846.32744745293
275858.9867607346
2.0000459648778185e7
264743.01625295554
1.9654936883507833e7
267589.671173528
1.837706471739897e29
2.1312750120873637e29
263972.5703551222
1.9682316071441904e7
264743.01625295554
9.460819231706195e16
8.879663246928424e16
8.893863939486522e16
1.7227690984856237e7
1.7346630845943123e7
1.7348639757820833e7
264743.01625295554
264301.1917342438
264328.9528583132
9.658349973293875e10
263412.484391561
263463.3810136363
1.1847512129600659e7
264136.5953994134
1.7316773195788715e7
1.7257812649828006e7
263618.8543224387
9.311340834716707e16
9.611923761823485e16
264363.0372651747
264136.5953994134
263740.1107501697
9.765966932506529e10
9.662216590600073e10
263374.0552559129
1.1847512129600659e7
1.1943035400726395e7
265994.86971898505
263287.6508520383
9.460819231706195e16
263748.77038899827
263466.689537973
1.734763527896457e7
263972.5703551222
263004.3320183947
262867.8371934958
278270.3460487125
1.4101709938542167e104
311308.0621789696
2.000558055205149e7
2.0005580559557702e7
279853.1027153517
1.3924065838276778e104
278270.3460487125
263082.9086146901
2.000205615324082e7
2.9339430073548104e54
262752.44382326916
8.446540790924663e53
1.9999039527412605e7
263287.6508520383
1.4057193348567932e104
9.514627537129044e102
2.0005577651616193e7
2.0005580561434254e7
2.0005581370427713e7
1.6443418371432987e105
263287.6508520383
2.00020617396438e7
1.9999060258603625e7
2.9153752084444586e54
8.419792123319393e53
2.9339430073548104e54
1.9999039527412605e7
263287.6508520383
262797.6807520117
267210.25750604
1.969344821240308e7
262732.12640726875
262315.56786578696
2.0067833316045742e29
294665.8876956023
261822.01006020088
1.1608224236332855e54
267210.25750604
262906.87595250184
2.0002548083260264e7
272230.51423173846
260825.28164914294
272478.4129855018
2.0005581739999957e7
5.890267274783505e199
406221.2770552351
4.1973867830746213e204
2.000558174e7
332440.95901959494
272478.4129855018
2.000558085490031e7
301350.99497220415
261128.1452924146
2.682566329814426e104
282252.87304136716
260913.4191303862
272478.4129855018
260820.47524920033
271998.1850060809
2.000145558353613e7
260927.8383302145
265027.76440319273
2.1973606915438157e54
261778.7524607162
261104.1132927008
2.000558085350656e7
3.0375124380822905e105
260927.8383302145
2.6910213690611617e104
2.0005578742764298e7
261778.7524607162
260913.4191303862
1.1830369118359219e54
1.999995249181577e7
260825.28164914294
2.0002519195620265e7
4.006438601535011e54
261778.7524607162
260304.76528893693
1.973750935999572e7
2.7172792219644552e29
264620.62324023945
2.048403572544433e29
1.969049693351175e7
286049.2195797638
1.6175331045275315e54
266047.5465923037
2.9946954143389706e54
2.0002930193756282e7
271284.53295110486
2.0002031014445946e7
286049.2195797638
1.9737090123429134e7
260854.72840465215
260566.270215095
2.7215530294493846e29
263325.68958368467
260067.2336189952
259356.83950138855
260350.98402553075
2.0005581077541914e7
292603.72984806396
5.037922657038684e104
5.101387113004897e104
284842.92639063
2.0005581073382366e7
260350.98402553075
259145.4819798818
267379.3939901417
2.0002011462070882e7
259664.09004775982
265913.347273341
3.008803611901944e54
259258.98214249575
5.0537515294361994e104
294962.4249144065
5.117315296319847e104
2.000558107234248e7
282497.1641813615
2.000558107650203e7
259258.98214249575
259356.83950138855
268391.88981907663
3.01822749597223e54
259030.01748323903
264586.56774487
2.0002005875681378e7
259527.08974531005
259356.83950138855
297424.88124811073
5.101387113004897e104
259086.76756454597
280240.50086409185
2.0005581073382366e7
259527.08974531005
2.000200028929337e7
269504.06369897904
259145.4819798818
3.0276661152651594e54
263352.16375012806
259010.44601146033
259891.0903729883
278072.93643882085
259145.4819798818
5.117315296319847e104
299991.09884917614
259258.98214249575
2.000558107234248e7
259891.0903729883
259086.76756454597
2.000199470290686e7
262210.13528911525
259030.01748323903
3.037119469780732e54
270715.9156298489
259891.0903729883
1.973499406127375e7
262844.39275324636
2.764475812850377e29
2.7731006695782192e29
258896.22344740236
1.9734574872978177e7
290149.2517354287
267108.8987161613
270350.64047574304
4.082382580311858e54
262262.697466417
263523.83832120436
2.000249030802029e7
290149.2517354287
1.9755255524944313e7
259010.44601146033
259181.2739488448
3.178021927103395e29
262210.13528911525
258634.6985936036
257823.85565484772
258344.58752284758
257389.4230783943
2.0005581237691585e7
283914.0012903505
258634.6985936036
9.506887672383553e104
288098.4775765485
259415.79639560328
5.497982705921654e205
1.2121814031095553e201
429785.2466813596
2.0005581739999983e7
2.000558174e7
359242.9606114587
259415.79639560328
2.0005581234574307e7
7.72575790516485e103
288098.4775765485
9.506887672383553e104
2.000558157470857e7
275075.6658619156
259415.79639560328
263566.9575995461
265650.1097210378
4.1398084938084345e54
267791.0031059835
261141.5935725437
2.000246864234658e7
259415.79639560328
1.9753317206535522e7
2.8077344299817277e29
1.973310777729938e7
3.217743828578684e29
1.977229549211277e7
3.6949056277979136e29
259415.79639560328
1.754302536699981e7
1.2102906530125989e17
1.1735280308145395e17
1.2439952086365091e17
1.7596156806119155e7
1.764433596832611e7
259415.79639560328
257374.76904267678
1.228019745693292e7
257274.43569847732
257405.54746708946
1.1056222177912772e11
257725.81429784236
258941.49447632217
1.1918106441233888e17
257733.80476711597
257211.1755658785
1.7669660236485314e7
257829.7950212194
257343.54989446004
257016.67566932386
257175.32622454967
256915.84078691344
2.000152954078075e7
2.000333140944852e7
257211.1755658785
7.920016318372423e54
2.4670350844940744e54
257449.15139871734
2.0005580213566698e7
9.16414645678133e103
288954.7579980822
1.1417109821474722e106
2.0005581584929895e7
273096.5383213952
257449.15139871734
4.498379374104118e54
266958.7205287068
2.0002566105835e7
2.000257538692276e7
261022.2841956712
4.470731054167622e54
257449.15139871734
1.9757705631622437e7
260023.69827741093
3.35239558028772e29
3.362745698439236e29
257339.31746238685
1.9757325428326245e7
257449.15139871734
1.2365784252630909e17
1.7561720336762242e7
1.766105429762252e7
1.7613388156773057e7
1.2718233631042634e17
1.1991954278745155e17
257449.15139871734
256701.65855844648
1.2302801676422102e7
1.1240618876443286e11
257350.61444107356
1.1191358193542366e11
1.2257429133844342e7
257964.60601888888
1.2526718935605389e17
257350.61444107356
1.2546041407855603e17
1.763651405866548e7
256917.64073137759
1.7638252025881376e7
257964.60601888888
256678.01018024862
1.1240618876443286e11
256915.84078691344
256726.76367642824
1.234528458255144e7
256703.68801268155
256597.98406529461
256510.95797088413
259892.1074397163
269035.63141587004
2.0002662981525823e7
8.589353877398896e54
260480.89146222285
4.8468309433757754e54
2.000165809025971e7
259892.1074397163
1.977920335837105e7
1.976148819615817e7
256591.46649521883
3.0499670184426402e29
3.50679828690429e29
260547.412768654
259892.1074397163
1.757887282780004e7
257994.2970557254
1.262832804242199e17
1.301643064445845e17
256056.44223033846
1.7627391933259454e7
263764.39925329626
3.74216662144145e29
257826.47884002305
255941.5321976189
1.9770635569072247e7
257670.42417378968
256194.4461464903
255712.83090106348
258493.04706400182
2.0005581611753415e7
2.0005581357742965e7
1.7470560951270004e106
1.5035559139550654e104
1.792177520872369e105
2.0005580509594474e7
258493.04706400182
255737.0435533794
2.000286313466946e7
259413.32728055655
255780.99378247675
5.655421399412811e54
265819.82751570304
258493.04706400182
255735.3654000541
258900.82639497376
3.770955817159525e29
255713.39028550524
255971.00224528796
1.9769738365780123e7
258493.04706400182
1.7619575913652577e7
1.2735215892750366e17
256796.8572611211
1.3464232374445362e17
1.7718068553554986e7
255356.5900319555
260647.33984735736
257079.65392548233
1.979491725415262e7
4.600116675597853e29
257519.91494684457
3.522954329698392e29
1.9760369443883024e7
260647.33984735736
255699.14933730257
255971.00224528796
1.3484845953820157e17
255712.83090106348
255713.39028550524
1.771639869795798e7
260647.33984735736
1.1636924367974823e11
255427.6877770439
255323.01472841765
1.2466178094454851e7
255492.7922722588
255391.5955660877
255203.01582021196
254951.8570825128
257608.61245369937
3.695937893736986e54
2.0003038037415773e7
1.1540896784174309e55
2.0003673354873028e7
6.561946553958137e54
2.0002182660695743e7
257608.61245369937
4.6441882577888994e29
4.0600843745799464e29
258265.57243359127
1.9759577028971322e7
1.977743289243139e7
255592.75172057122
257608.61245369937
1.7660564314429905e7
256095.21107888484
1.35829757808353e17
1.3992648062018749e17
254796.76653611707
1.7706799418779224e7
263337.1618321156
254643.96871413273
3.801303200719421e29
1.9768796341903295e7
254972.24151733957
1.9802084561211832e7
4.943632690370296e29
254259.54901857913
256350.21571449516
291850.25487153116
270710.787788516
3.258688292275759e105
279060.68520690565
282778.70432633406
2.000558144790476e7
256350.21571449516
2.0003213538971607e7
262941.91528129106
7.612055471004786e54
7.658413933637801e54
258820.84134574432
2.0003206338993385e7
256350.21571449516
1.9767719792834196e7
3.836134851966026e29
256599.1811968618
4.9738090085679566e29
1.9801467284160323e7
254707.17257159285
256350.21571449516
1.7700124061402842e7
255152.7916744177
1.4067312606718518e17
1.4476704013673136e17
254333.25955188743
1.7746082345173817e7
256350.21571449516
254247.57002845238
1.1866628306714761e11
1.2460702116597561e7
254272.94533115835
1.254436837569281e7
1.1977066533946371e11
254213.8272924693
254305.62794092018
3.843411440828358e29
1.9767495518443733e7
254358.2877662542
1.9801274388644792e7
4.9832579381290905e29
256870.51187388552
254305.62794092018
254205.45985919225
1.4104719382078714e17
255232.27481871453
254227.86401555606
1.774485507020511e7
254025.17553778453
260953.06849789302
4.684919682029643e29
1.9776612481139947e7
1.980843578719051e7
1.9793475606617875e7
5.321598892082213e29
4.095747365735993e29
260953.06849789302
254106.17635425125
254213.8272924693
1.4504185074131744e17
253949.7932713682
254634.6112701501
1.7790419858572476e7
253704.44970620493
253622.04345358734
267675.9065716886
2.0005581651846446e7
2.0005581484159574e7
4.088171084254355e106
3.9967123784552534e104
4.459980199796927e105
2.000558093785144e7
267675.9065716886
2.00026081823628e7
5.0767756504147094e54
5.0463153605154226e54
1.547293426110402e55
2.000390052646783e7
2.0003895460282523e7
267675.9065716886
4.1675411807811576e29
1.9791473475663405e7
5.41480946001698e29
1.980702313292083e7
4.74545710626524e29
1.9774971750772137e7
267675.9065716886
1.7773573697750937e7
255228.6620536608
253585.05471899934
1.4736054785671142e17
252844.16628885476
253664.6507382257
257412.67563758855
1.9799345526807766e7
255228.6620536608
1.9799654133299887e7
5.0629829527806286e29
253650.74027479085
5.0782404036642096e29
257412.67563758855
1.5149476158543565e17
253622.04345358734
252820.16249228042
1.781824745094704e7
252863.74617993337
252873.73876617904
252779.83411348215
253509.50951827763
1.0345182897009687e55
2.000281219070119e7
2.0004004582624465e7
2.000350509983894e7
1.7758167564508693e55
5.8517610742029223e54
253509.50951827763
256122.53070872996
252694.7893465971
5.0896985559263866e29
253208.21821359033
255577.73288126144
1.9799114074789125e7
275609.79592427827
259858.27585968704
262743.2989154792
1.3587448734221207e55
255577.73288126144
256758.03717315162
2.0003772463187356e7
275609.79592427827
1.9813575683506332e7
5.0973444974818805e29
1.9799114074789125e7
5.7833319910726056e29
1.982723563062528e7
6.576133368257072e29
275609.79592427827
1.60957339074197e17
252355.3562115425
1.7898032933399912e7
1.7899547027190983e7
253782.25927739832
1.6071599584869203e17
259078.70112107703
1.9820763073342063e7
253891.26537728123
5.427027020890779e29
4.7848354645985e29
253432.78110190463
1.9806354012648065e7
259078.70112107703
1.60957339074197e17
1.521793045226123e17
252808.05897725772
1.781352809233864e7
1.7898032933399912e7
252814.93936178027
259078.70112107703
252465.5337537246
1.2543604074598595e11
1.2482408067715051e11
252473.22899030213
1.2676676732337e7
1.2715443210587883e7
259078.70112107703
252342.20161908673
2.5398485963519973e8
2.5403390406312916e8
252368.8557827656
6.608001386838856e6
6.649124164822498e6
252293.03303693977
252151.55531116168
252468.7900530184
1.982026214196484e7
254325.12250944838
6.183798359599765e29
4.7965011177741675e29
252618.6279664586
1.979049249826091e7
252468.7900530184
252978.04923135566
1.572611961459257e17
1.5289401096603686e17
252245.19284370865
1.785305979473746e7
1.7894815815802082e7
252468.7900530184
252447.63418344068
252140.0802132557
1.2588418894757402e11
252085.4880274386
252164.4103241381
1.2663123706256427e7
254037.78173887308
252028.80592403538
1.5923774640392438e17
252439.26248571085
252147.6655926321
1.7874075320228778e7
252500.71004340102
251857.0321283257
252049.21083193496
251773.18572126087
256614.46884963472
1.278644574114071e55
252028.80592403538
259537.72379060925
2.0003701488453623e7
252317.073979449
251869.27507306545
9.190381346351956e105
283886.4919762666
252028.80592403538
2.0005581556210097e7
270072.9669936054
252317.073979449
7.355490617457342e54
2.000369586645583e7
2.1985711111581168e55
2.0004151592241324e7
1.278644574114071e55
2.000308577484109e7
252317.073979449
1.9809293037393726e7
254466.89545407187
5.6607453338242934e29
5.67767185612414e29
252206.45167728703
1.9809001091543023e7
252317.073979449
1.790853864315668e7
1.786796299519202e7
251690.39902072857
1.5588083013514666e17
1.604325742772736e17
252772.4624211225
259877.33305106865
6.026152534414963e29
252661.46990815326
6.0441784194637454e29
1.9816171919487797e7
253724.61593149934
1.981645336659817e7
259877.33305106865
251613.62468276863
1.6019325142986592e17
1.786796299519202e7
251772.6210342158
1.7951016232899092e7
1.6905455159231853e17
251361.00408620603
251222.1497843771
264612.7819278006
251675.69948411526
287319.56724797626
2.0005581578201897e7
251117.25131840724
265406.4335053702
1.2352793622585997e106
254184.16979221345
381582.7588867778
251675.69948411526
8.960930856877209e207
323797.25608452555
251953.4080877735
2.000558174e7
254184.16979221345
2.0005581683091972e7
2.0005581579160903e7
273084.7779996263
1.197805109463758e105
1.2352793622585997e106
287319.56724797626
254184.16979221345
251195.54629808562
259758.11159595684
1.482223120409632e55
251126.11914717112
254797.62882272387
2.0003817289812393e7
254184.16979221345
251110.7898817341
251530.88972497432
6.093888409343163e29
251145.50345719128
253779.3219425663
1.981539795854368e7
251302.85115614592
253368.02996027772
251145.50345719128
1.484426806839964e55
259252.45104923993
251163.23911471898
2.0003815978712164e7
251302.85115614592
251037.94926094488
6.904622919435917e29
5.3741066158708104e29
253779.3219425663
1.9800520191735595e7
1.9828618878495645e7
273061.73119275324
257923.00041010976
2.000440703613878e7
3.275717472003844e55
253779.3219425663
1.1349648559228874e55
2.0003550003879044e7
273061.73119275324
6.914888326596695e29
251126.11914717112
6.935442016965786e29
1.98283571248564e7
253823.50564346852
1.9828618878495645e7
273061.73119275324
250709.2472535448
250661.57781660475
1.758155618462743e17
252084.81915531802
252260.8658880032
1.797866260403366e7
258270.43685844805
1.982187989844657e7
252397.77842080314
250762.3173774903
6.512543353397011e29
251914.08144916227
250582.44100373986
250481.92123248574
253536.28183075855
250727.04542956033
2.0005581598112583e7
266699.0881920477
250582.44100373986
1.6401791859084435e106
283294.6762516231
253536.28183075855
250488.97562207156
259810.23711882642
1.7147305250821463e55
250561.2778349819
253339.21672256256
2.0003925796536196e7
253536.28183075855
250498.70084672983
250474.6470532683
6.56093763210005e29
253507.07323281255
250510.7981597234
1.9821201460733272e7
250661.57781660475
9.920096059698457e54
2.000392457287996e7
2.907658200131732e55
2.000432007003785e7
1.7071360694330347e55
2.000339743624092e7
250661.57781660475
250481.92123248574
1.9834183319413763e7
7.414612026155564e29
250488.97562207156
5.7754897304929614e29
1.9807322478296436e7
250661.57781660475
250309.08322451173
251405.3432300252
1.7235255291886144e17
251529.62600601508
250180.41148449207
1.793189813096105e7
254903.08620069228
251405.3432300252
251675.69948411526
6.976640901894096e29
251406.51060869743
252127.94653645516
1.9827833626936458e7
254903.08620069228
1.7931163136457212e7
1.7725348391256736e17
1.7235255291886144e17
1.818473380913113e17
1.797216929747844e7
1.8009987190272074e7
254903.08620069228
250264.44966799844
250354.25140542205
1.3323472305291537e11
250249.48998875922
250221.653401953
1.2857626221191807e7
254903.08620069228
2.7052278771969187e6
250189.7405798303
2.6251461572534275e8
1.69582105765278e7
250178.9665211911
6.769608853318504e6
250251.25245556512
250393.4429224279
250213.03818896873
1.3340479390534508e11
250178.72767140187
250297.31778221382
1.2866613863753458e7
252399.84776186052
1.7994849279892188e7
1.795664609401359e7
250297.31778221382
1.707286250413618e17
1.7559893002402176e17
250802.51297652163
252399.84776186052
250163.58680599608
1.2788466232327055e7
1.2865476492970848e7
250195.2114657259
1.3345418982975414e11
1.3229046242643106e11
250116.45263355714
250142.7845707485
250090.80532381294
252454.0071706085
1.9825189743506137e7
250163.58680599608
250762.61469563917
6.832690829188325e29
250203.08471178313
250163.58680599608
258503.6120817532
1.8699423381479762e55
250103.97129240847
253672.40752462993
2.000399282478877e7
250203.08471178313
250086.64487676334
1.9825057091680136e7
250491.5361131575
250116.45263355714
6.842784574853489e29
252684.30855768413
250284.87171551233
2.0003989307928402e7
259023.21752571265
2.0003993997075696e7
1.8671839987375632e55
253186.63848871525
1.8782295718142635e55
250284.87171551233
250103.97129240847
250241.58152170744
6.852885770622757e29
250090.80532381294
252936.47194809513
1.9824924440655485e7
250284.87171551233
1.795119849627643e7
251121.88218230035
250086.0392424514
1.76313157428306e17
249802.32519561434
250092.62222674923
255642.8050779727
1.981809705067619e7
7.300719780229307e29
6.428963521817924e29
8.224056482927519e29
1.983145849173875e7
1.9843226703595825e7
255642.8050779727
249746.14492456696
1.799092831193711e7
250241.58152170744
249863.83144921725
1.8103220671707738e17
250086.64487676334
249574.6836659335
249740.9958402899
2.0003618201698102e7
2.1525818867884862e55
255760.49084716244
3.596572031372202e55
2.0004095965700615e7
253197.3160317782
249740.9958402899
1.9843047943905726e7
1.9831138578493334e7
8.254423783037597e29
6.462210266825751e29
7.327637904760207e29
1.9817753200955898e7
249740.9958402899
249545.133307664
1.8170017446641443e17
250170.2487834289
249609.56000675837
1.798736437300341e7
249709.1125038457
249480.19170014167
250072.58247894378
2.1541639739078784e55
257813.08913170078
249500.46581350843
2.000409103828514e7
252951.34681787778
249545.133307664
250072.58247894378
252060.22219702398
249479.67679171386
7.354605562263793e29
249846.94083945756
249502.0105387917
1.9830818669907082e7
249690.6564602259
249542.5587655254
2.1573298916902701e55
258329.8715887356
249502.0105387917
2.000408994330408e7
252474.8594648167
249690.6564602259
1.9817271820397396e7
7.365406494497579e29
6.486010438494427e29
8.297032019860064e29
1.9830690707777146e7
1.984251167355772e7
249690.6564602259
1.7982375782318812e7
1.7800709363442083e17
250447.8400886588
1.8263739581026374e17
1.8021942728355322e7
249131.77395867807
253495.16391911305
6.928882210960569e29
1.9836540599006213e7
250205.50404692642
1.984834778277823e7
7.813703280534515e29
250447.8400886588
253495.16391911305
249489.7042366416
1.8748224887308493e17
1.8277148138269728e17
249487.4083113335
1.80198442887895e7
1.8058432392828662e7
253495.16391911305
249229.65357469622
249209.16988955982
1.3715831659894693e11
249183.18744637448
249264.4760797217
1.2934935563497398e7
253495.16391911305
249119.17815807948
1.717587787762459e7
6.817648041569889e6
249144.69982163675
2.7302291661090376e6
2.6694018534971726e8
249072.09557928354
248936.57524167903
249239.45353252612
1.9847815698767792e7
1.9836463429586854e7
8.85261525872589e29
6.935234163935339e29
7.866866025870498e29
1.9823581394163836e7
249239.45353252612
1.8834334302609494e17
249615.3781906381
248915.89765167263
1.801687182497255e7
248977.9484082523
248962.5338294433
248885.9972692263
249611.35538070602
4.151001057715759e55
2.4736195342650466e55
1.4600562521899538e55
2.0003740846436635e7
2.0004179840913493e7
2.000451060655338e7
249611.35538070602
8.89808912546379e29
6.96067107780357e29
6.981054134366621e29
1.9823382431300092e7
1.9847528091150332e7
1.984775817694333e7
249611.35538070602
1.8012676055281486e7
249873.73256915293
248885.55086820098
1.8889547868680173e17
248624.75345735048
248891.72466800953
254337.96806196967
7.41546389657824e29
250014.3561984478
8.390236881399269e29
1.9853090908680696e7
250539.08503442007
1.9842079687514402e7
254337.96806196967
248569.8246976861
1.8013375297399495e7
1.8088450104526673e7
248684.91896052
1.9906042648287066e17
1.8903363887061018e17
248402.4770940834
248570.96564053636
2.844904429654561e55
255169.40707673624
2.0004268631311364e7
2.0004272458181866e7
252960.9007743786
2.828345926172661e55
248570.96564053636
249078.60200286395
1.985292427661952e7
9.480172474119777e29
250092.65698692846
7.453457861341328e29
1.982952308777854e7
248570.96564053636
1.9964291243852403e17
248940.59285090648
1.9485581724311472e17
1.8009180161674466e7
248455.72220016408
1.8048649100757543e7
248570.96564053636
248387.44998007675
1.3929677893028915e11
1.293825218847899e7
248418.81339396656
1.301227737447096e7
1.4049011683463843e11
248340.43338281303
248361.83673397478
248314.36375957122
1.9852674330894943e7
9.497473996915745e29
248387.44998007675
7.456175430940215e29
1.9829363144667413e7
248419.55500681914
2.837654137603152e55
256213.40030685978
2.8542398263562663e55
2.0004266478697013e7
251829.84082424582
2.0004270305567123e7
248419.55500681914
250973.2502346963
9.525189242142887e29
7.46705066263303e29
249009.69615750163
1.9829363144667413e7
1.9852563244818028e7
248419.55500681914
1.8045560496862207e7
249153.62784214207
1.952113037572542e17
1.9549592622815232e17
248187.2650750635
1.8044187916024137e7
254306.87482221346
1.9846981647042006e7
249153.62784214207
1.9847211727116458e7
8.946940399806099e29
249968.98160528264
8.973049094317265e29
254306.87482221346
248746.94867166897
248257.4756075951
2.0029922633016902e17
248314.36375957122
248122.24774510102
1.8081374023322053e7
247914.1104509437
247912.4736853857
261200.52520030527
248410.20274925
260416.49322662674
6.015697797455827e106
247747.10958595035
281321.8140829274
2.000558166095646e7
250409.30283249647
2.1036486124132683e209
366836.21825190674
2.1530275843742295e209
2.000558174e7
313843.08873466734
2.000558174e7
250409.30283249647
260416.49322662674
267487.07445447403
5.9809557073410674e106
273004.2151406321
281321.8140829274
2.000558166118504e7
250409.30283249647
250895.00336911355
247789.06439789347
3.2692803659351607e55
255858.89896118964
247788.24601511442
2.0004347414232362e7
250409.30283249647
247757.2913953941
1.0187273045648877e30
8.014356114409633e29
247757.70058678335
1.9834642309963774e7
1.985710795714792e7
250409.30283249647
247749.60388938765
248655.49370027485
1.807328970886441e7
247749.80848508226
247541.24994278883
2.0234797942071347e17
253259.88832876377
1.9862159858335957e7
1.9840739095233224e7
1.0787615350946995e30
8.516348929935017e29
1.0818946873346131e30
1.984050077627736e7
253259.88832876377
247484.55639444644
247747.10958595035
1.8109684003125224e7
247603.0938493777
248013.0757351266
2.0757623402138902e17
247309.2857835415
247432.26065935826
247216.42090458033
2.000442451284424e7
251900.24985267824
247484.55639444644
3.7296524082305604e55
253674.73010550372
247669.0187081713
2.0005581714435283e7
270829.5671602128
7.800956732234084e106
8.869168689050051e105
260716.19002525497
2.000558167027141e7
247669.0187081713
254563.13937542823
247205.96175756256
3.7404573420537437e55
250902.28041853503
247309.2857835415
2.0004422837839276e7
247988.18248892814
8.894751809042531e105
2.0005581539408796e7
259113.7238444676
2.0005581714398224e7
6.027162033103416e107
272695.684369029
247988.18248892814
249145.651808182
2.0004688752072427e7
6.196016659984012e55
254563.13937542823
2.2384429846198008e55
2.000406434813822e7
247988.18248892814
247303.77240356064
247200.8906145786
9.692328693598494e29
249881.63329339094
247231.63433353265
1.9851119176878564e7
247386.62037250082
2.000442032533209e7
255039.29990572395
2.0004423675341744e7
3.7350529215788867e55
250433.20948370494
3.756694046237503e55
247386.62037250082
247303.77240356064
9.664371168344848e29
8.584406628394096e29
249410.09818933485
1.9851119176878564e7
1.9861589785886876e7
247386.62037250082
247200.8510069474
1.810240955087832e7
247032.36011337463
247206.0805804562
2.0923506290595043e17
248060.17306506593
252793.94201035754
1.985651787235025e7
248060.17306506593
247164.69829553444
1.026868379604968e30
248671.44681149346
246920.4547085782
246677.16086302747
248973.2298589826
246760.79145529267
263167.64158591314
1.029218157464716e107
246920.4547085782
273893.1875630887
2.0005581678544503e7
248973.2298589826
246678.11060443328
2.560384450163494e55
2.0004159631319895e7
246757.94223107587
2.0004740519695453e7
7.046572029462293e55
248973.2298589826
1.0328095118855054e30
248890.0624976642
1.0342974726442196e30
1.985587416153334e7
247177.74552786397
1.9855981445361283e7
248973.2298589826
247432.26065935826
246669.73600686764
2.1614737765557152e17
246600.20650598677
246689.69391352835
1.8131529392338753e7
252613.58946403707
247432.26065935826
247540.33896727167
1.0968392057914924e30
248386.99263197219
248756.35095932975
1.986107155102243e7
252613.58946403707
1.8132178564771693e7
246669.73600686764
2.214776361686054e17
2.2738224261295043e17
247304.49935185173
1.816573232253831e7
252613.58946403707
246634.6793211906
246555.41450689425
1.4876502632549118e11
246567.00036456922
246808.60831011552
1.3179881494738173e7
248071.7526306423
1.814970259459334e7
246968.42944919574
2.187233211927956e17
2.1903832085845366e17
246808.60831011552
1.8148415919482786e7
248071.7526306423
1.3179881494738173e7
1.3110244402319027e7
1.4809838591512915e11
1.475384778444292e11
1.4881864337435278e11
1.3143591031040812e7
248071.7526306423
246545.83022566038
6.988039078335623e6
246557.17752929457
246565.31674829155
2.7881129474568063e8
246595.28520890936
246510.6727023603
246420.91623533051
246875.86838593162
246733.59690273
1.1995180309211016e30
9.49799232978656e29
248355.06852693376
1.9847527334587295e7
1.986806443591281e7
246875.86838593162
2.2542676999261936e17
2.140899754996423e17
247189.27810848886
1.811099309364431e7
1.8179515697209287e7
246445.75514973333
246875.86838593162
1.3132334356676694e7
246695.1686613033
1.3134477990322988e7
1.4865942482407953e11
246314.71737617534
1.487664096524458e11
247512.30980070616
246276.17191663102
1.816302283946038e7
246594.74322829497
246358.32953086356
2.224751681102429e17
246695.1686613033
246172.65702989147
246569.268705946
4.909120444891432e55
2.0004247224767443e7
2.000478831619812e7
2.0004558664638262e7
8.018678810107737e55
2.9299993795480807e55
246569.268705946
248417.58622399057
246559.82492795328
1.1049439476402322e30
247074.18821585603
248010.8663530438
1.9860540372954138e7
246569.268705946
2.232748074641172e17
246843.21642536047
246159.44504606625
1.8159835613999795e7
246168.29023179418
246190.93570886066
246157.26406220338
246959.21134976382
4.926708327082582e55
2.000424483297619e7
2.000478689619813e7
2.000455682837995e7
8.047448521297492e55
2.940526847566612e55
246959.21134976382
246186.57374113463
1.2452496161344482e30
9.855631285902477e29
246148.22116384725
1.984982792720647e7
1.9869904332817443e7
246314.71737617534
254792.02982534774
248386.33780663082
4.905606642416996e55
250165.2415909803
252874.92532523128
2.000455609387668e7
246314.71737617534
1.986028126635494e7
248532.1420873435
246159.44504606625
1.1057362514385355e30
246443.6981819115
246157.26406220338
246314.71737617534
245917.59305209387
246032.8899511106
2.237552796313492e17
246938.19289136928
247053.60213474173
1.815792348716796e7
250201.1987083635
1.9865241754773185e7
247053.60213474173
246032.8899511106
1.1745451170480858e30
247372.74859824523
245822.3995347438
245642.65928201124
248140.23933776197
272627.75940915674
245784.5731359469
1.7594018735438285e107
261108.19998937962
245822.3995347438
2.000558169185679e7
248140.23933776197
245673.4094456456
248783.93401549995
5.602201203187042e55
245692.32264504404
253059.1840261553
2.0004616791959874e7
248140.23933776197
1.985468066424042e7
1.0539262412742156e30
1.0509232751021312e30
1.3271479467902566e30
1.9874100863815475e7
1.9873913705424633e7
248140.23933776197
245642.80805479485
1.8150913692970097e7
1.8217957413121417e7
245647.53635464443
2.3697460902059686e17
2.2536058319453773e17
248140.23933776197
1.526244804522868e11
245961.91194811158
1.526790116134502e11
1.3198192985949041e7
245488.0921760319
1.319924941680211e7
246460.3545624985
1.8201972419552416e7
2.28349413261391e17
245521.31188422305
2.3407590698856102e17
1.8234967418973472e7
245459.87812730705
245397.07852707343
245946.7856407828
245414.36947830417
2.000436598608725e7
2.0004856063513067e7
245459.87812730705
9.740728913054681e55
3.6142131348755914e55
245946.7856407828
245395.71268375585
1.986688294792382e7
245815.0035542666
245418.46700825726
1.2220380673214527e30
247591.73127246462
245590.47568914614
247415.5775913045
249126.64814681755
5.990756448672972e55
252138.39150750407
254061.47604514338
2.0004645128699407e7
245590.47568914614
1.986688294792382e7
247821.57062026786
1.2220380673214527e30
1.2255212773728669e30
245591.34841694776
1.986668603942517e7
245590.47568914614
245127.80682690575
1.8231311327678706e7
2.3524620461351104e17
246210.361810047
2.296544081318318e17
1.8197630669751998e7
249149.06795927216
245044.00444131545
1.9871380421762362e7
246458.21399733977
245231.47223792732
1.2971332950426456e30
246333.54795094064
244907.42515326611
247539.19207005287
245088.65427211497
271690.3718234412
2.000558169982499e7
245044.00444131545
259663.4018328434
2.614965771352582e107
247539.19207005287
6.849930518369948e55
252362.11708038277
244958.3136618283
2.0004701240451783e7
247784.95307678808
244935.9887464286
247539.19207005287
244922.93789483156
245142.3863111336
1.3063764108161532e30
244911.7754371318
247252.2500572715
1.987090457569068e7
247539.19207005287
244912.69864586997
2.37091139792006e17
1.81914295640482e7
244907.11741702
1.825638148903095e7
2.4915662950398637e17
244955.5440356137
244912.69864586997
1.986143740562623e7
1.9879811903908156e7
244921.39921360134
1.4625042241760235e30
1.1647253505757186e30
244955.5440356137
1.825697995744568e7
1.819204960081799e7
244828.76039411392
2.3692312063165936e17
2.489801224480367e17
245746.1051973651
251630.37915797753
1.5480165563558115e30
1.379128768783689e30
245746.1051973651
1.986643990627935e7
1.987538020217813e7
246853.9457283443
251630.37915797753
245366.44963739673
244893.78653038034
2.4862729596378163e17
244911.7754371318
244768.6607244153
1.825757844106471e7
244577.52671129824
244601.2253096616
2.0004511443710603e7
250805.85002155777
7.714213036424606e55
1.2534007635675675e56
250225.2912341405
2.000475245959696e7
244601.2253096616
244511.51850414585
1.98837643077461e7
1.5513099828371851e30
244663.2407847214
1.2377515495929808e30
1.986609532449983e7
244444.54433824428
247329.5862779673
2.0005581641878266e7
275706.12678134674
3.379852605798258e107
2.410259069479089e108
261656.53377787292
2.0005581704239763e7
247329.5862779673
2.0004504613885924e7
7.81298231524877e55
4.73298991863047e55
1.2551738002043549e56
2.000475187327386e7
2.0004934275700767e7
247329.5862779673
244477.06546244578
244495.80948737022
1.3958203807565588e30
244431.7290803135
246941.08831749944
1.9874782113646246e7
244577.52671129824
251692.8671769924
244477.06546244578
7.779989413112017e55
247340.147761564
244465.21616326412
2.000475128695077e7
244577.52671129824
244444.54433824428
1.986570152335843e7
1.9883333934015404e7
244438.61968865342
1.5601095630165384e30
1.2430116838969172e30
244577.52671129824
2.5706299924036445e17
2.4471262675184928e17
2.511023349276092e17
1.821730157662274e7
1.8280920023303322e7
1.825039764111909e7
244577.52671129824
1.330763626607689e7
1.327486646515971e7
244281.3062084806
1.589311226874297e11
1.596239988663944e11
244769.71911128925
245493.8244341607
2.5407141242045658e17
244740.4074054171
1.8265454262950264e7
1.8266640403295636e7
244445.47773593044
2.5371283203738237e17
245493.8244341607
244267.6522882917
244431.60430743557
1.3343237630531665e7
244296.18689051003
244286.8141726816
1.5956756266230618e11
244225.3042259433
244252.19387105593
1.9885260429843944e7
1.9868065227157928e7
244267.6522882917
1.2811508436601872e30
1.608766459307342e30
244202.58435304544
244307.98675596068
2.000495442265237e7
2.0004541403816562e7
248351.91421833585
5.0614040078752e55
1.3407456377086175e56
251958.88216317917
244307.98675596068
244199.4926695981
1.2829592977210014e30
1.9867968436379917e7
244225.3042259433
1.9885175768611364e7
1.6110357691856795e30
244383.40783031625
8.27946086373981e55
251483.70331159112
8.326258991518784e55
2.000477440020237e7
247013.6839803704
2.000477667220105e7
244383.40783031625
244216.02917560173
246491.33429787177
1.9876781861549214e7
244202.58435304544
244429.12397513917
1.4400023872443243e30
244383.40783031625
2.61088267176271e17
245019.34388110097
2.552385474494904e17
1.822942588559747e7
244009.81440964548
1.8262785665401876e7
249140.19317821076
243917.14769692026
245436.98583782627
1.5234637246666366e30
244121.95573014292
245019.34388110097
1.9881019681504995e7
243741.2269237445
246153.4810746335
3.464133191960315e108
4.9701024787284406e107
6.414601836290092e106
2.000558165883497e7
2.0005581710108075e7
2.0005581728522614e7
246153.4810746335
246782.92962074245
243790.23809478746
9.435868976857626e55
250624.94101979214
243770.11418379127
2.000482222931954e7
246153.4810746335
1.7124974429693093e30
245649.5203812919
1.5363712202189048e30
1.9871808283153977e7
243895.22565268452
1.9880669630730502e7
246153.4810746335
1.825685653044527e7
244533.3422970696
2.6311635037617594e17
2.6966344868810016e17
243682.22243399374
1.828775094844996e7
250311.9569230871
243569.3835127623
1.6212674562757652e30
244428.4789385379
243814.38470032456
1.988471013764795e7
245327.428937346
243311.26127882896
245370.5075589817
6.481435091177603e107
2.000558166820501e7
255598.00142915486
2.0005581713599164e7
4.3763598250986946e108
263575.36847988167
245370.5075589817
2.000486717405329e7
249589.63684060515
1.067543347208446e56
1.0735372079154533e56
246773.73303141387
2.0004865170883976e7
245370.5075589817
245352.0819314872
1.825904804735136e30
1.6326739833570511e30
244152.004326462
1.9876012777510244e7
1.9884286845312692e7
245370.5075589817
243300.73476282402
243915.76792756995
1.831332804966136e7
243326.6186311087
243314.6391203255
2.711796377894497e17
243306.93706155248
1.6361037385810848e30
1.4603649329679642e30
245460.94465542363
1.98843291741802e7
1.989197170962996e7
244026.48227102973
243306.93706155248
243191.8995423699
243314.6391203255
2.713694602878475e17
243915.76792756995
244008.10998868305
1.8312755673219416e7
247481.5887897526
245065.01586382426
243915.76792756995
1.728174092046299e30
244119.92665756884
244424.2379316839
1.9888143540674727e7
247481.5887897526
1.837166904244982e7
1.8312755673219416e7
2.8448151558302387e17
2.715593491997406e17
2.848797131673683e17
1.8311610961889658e7
247481.5887897526
1.3515100340379434e7
1.3452829239417696e7
243404.7238792889
1.658719912371645e11
1.672858796240989e11
243154.08359082474
244811.64649468046
243128.84106799882
1.835734391519546e7
2.8146003282968128e17
243184.13825549794
2.6862468541985443e17
1.8296568540637977e7
243075.99239516896
243634.54039942398
243100.13799189666
246124.19343799254
1.1422561545135834e56
243128.84106799882
249727.04311476505
2.0004886345871486e7
243634.54039942398
244904.90143918383
245326.7989809198
1.687485932058401e30
243260.115233868
243694.4792300333
1.988596340898948e7
243634.54039942398
242979.26378032207
243081.98635060556
2.7585917809988534e17
243778.01712125752
243074.81058157995
1.8324204221231516e7
248255.3611389817
243778.01712125752
242875.6451233827
1.7833035499723363e30
244522.34505837382
243101.9831252861
1.988983486522069e7
242652.1773758734
244814.41646980584
242734.3206367609
6.263602792546479e108
1.254898634566929e107
242875.6451233827
2.0005581680340834e7
2.000558173128403e7
244814.41646980584
248943.8936011718
242655.0476302676
1.294948004483433e56
245897.9573877361
242725.7098735784
2.000492595071491e7
244814.41646980584
1.9896833461724218e7
244336.5932704189
1.7932758957804606e30
1.6095114574807657e30
242945.3779493947
1.9889351366043765e7
244814.41646980584
242560.01315902764
2.909537057717504e17
2.777881281178574e17
243238.59317937132
1.831796421476002e7
1.837760285298441e7
246808.07060102726
1.989304968469262e7
1.7004679409648803e30
1.9885588687636565e7
1.8955981541496894e30
1.990017555197651e7
2.1183373155545517e30
246808.07060102726
242645.73218146255
242505.9177931505
2.913587656530783e17
243050.9261116401
242618.84727561442
1.8377054812935576e7
242336.9238367414
242419.1481246939
2.000478895339021e7
242243.74989169123
1.458529070376549e56
2.3197565636767105e56
242505.9177931505
2.0004963051711507e7
242629.25422507906
242284.86203566738
1.2108424674529773e108
264861.9236436843
242505.9177931505
2.000558172021394e7
257321.83060007702
242629.25422507906
242226.39595799992
245674.5227531582
1.4666511923350605e56
242336.9238367414
248193.1176404385
2.0004963051711507e7
242915.18033682328
2.0005581732160725e7
2.0005581720241364e7
258967.11375124456
1.633328309320561e107
1.2209356075906404e108
270475.6600590409
242915.18033682328
2.000478675215865e7
1.474795866405351e56
9.112614322164337e55
2.3326566505772947e56
2.0004963051711507e7
2.000509507892096e7
242915.18033682328
242639.71621568478
244161.5972629441
1.9154354952998034e30
244609.21134223748
242248.8852466267
1.9892620701506536e7
242915.18033682328
3.0090678593935725e17
2.8699774286957344e17
2.873953579099799e17
1.8340617898285218e7
1.8398014510847323e7
1.8399091735826887e7
242915.18033682328
242229.55781083714
1.348943059467572e7
1.3552730317848537e7
242224.41879284006
1.7268663093997125e11
1.7136275147941656e11
242228.35700897584
242229.55781083714
242968.0723893514
1.834089656856208e7
242224.01852555302
242069.59258389226
3.008026458266008e17
246964.47598198825
1.9896172735062864e7
1.9896248245678883e7
243759.65579925966
2.0189578871949808e30
2.0217564634591006e30
243088.8868167037
246964.47598198825
1.8399361049689915e7
242224.41879284006
3.005944196728505e17
3.0101094407603456e17
242484.40302738087
1.839828381252134e7
246964.47598198825
1.7334850913285632e11
242074.61743535203
1.3584025427639006e7
1.3585979884638824e7
242206.96660414734
1.732283464876278e11
246964.47598198825
242112.92159109027
242104.7078680002
3.037200085001317e8
242058.72351004093
242046.8835704021
7.347884341926414e6
242081.09265334994
242142.46761667493
242068.2241093125
1.7315302750720544e11
242094.34882442837
242026.71986217075
1.3576712719131492e7
241957.8333360374
241870.58014016395
244534.2538952449
241876.54815636837
248717.33496757675
1.6404249884636288e56
241939.9292874238
244354.56885474574
2.000499248003095e7
244534.2538952449
1.9895473207438927e7
244049.42502199198
2.0202933922367552e30
2.0258753850928256e30
242021.74033104526
1.9895321577885475e7
244534.2538952449
3.090084950745696e17
242601.13013975968
3.023785483254524e17
1.836012959304779e7
241623.25387533443
1.8390020313971817e7
245152.09749425942
1.9898787370558582e7
242721.75736319704
241710.26209269618
2.133860607418594e30
242783.06682739191
241554.9332508481
241468.5266816539
244112.91526491122
241681.12159846313
1.2333168416022823e109
2.6950362946073595e107
241554.9332508481
2.0005581697912496e7
2.000558173362372e7
244112.91526491122
1.8508418570559603e56
248202.19234189735
1.861044785611449e56
2.0005024453462496e7
243929.6979490026
2.0005025983165976e7
244112.91526491122
2.1515662091184564e30
243609.48990732047
241493.64402154344
1.9898493724871606e7
241623.66655771667
241462.09693463962
241623.25387533443
2.0005026365591858e7
247769.69030043524
1.8482955069519933e56
1.8584914242516335e56
244319.0234820501
2.0005024835888356e7
241623.25387533443
241468.5266816539
1.9905194868426163e7
2.390695426523172e30
241474.3547805005
1.927840570451363e30
1.9891405860036593e7
241623.25387533443
241363.633307378
241465.88990846064
3.111444121411145e17
242132.5304826204
241462.9758590373
1.8412831852341533e7
246330.42814252028
1.9908323097612187e7
1.9895132042410627e7
2.516789646090257e30
2.035662402594889e30
2.5237218912721726e30
1.989498041520432e7
246330.42814252028
241313.69524993823
1.8412831852341533e7
1.8467289195764277e7
241418.20835385576
3.2566396801369434e17
3.111444121411145e17
241160.31291055906
241288.70179912096
246109.53423420098
241081.1223957878
2.086368853130581e56
245154.56014711352
241313.69524993823
2.000505737503135e7
241506.27858278094
241145.3168400687
2.4646624604191824e108
262920.32019820093
241313.69524993823
2.0005581725756675e7
255415.48814614018
241506.27858278094
244294.90699199153
241160.31291055906
2.0921017305170336e56
246870.20833392642
241076.12370562437
2.0005056655115504e7
241798.04719104865
241160.31291055906
264665.1508720173
2.4714255127900586e108
241288.70179912096
253899.4601983452
2.0005581725737147e7
241798.04719104865
241145.3168400687
2.0005055935199674e7
243507.2904957174
241081.1223957878
2.0978424734365654e56
247707.3586415032
241798.04719104865
1.990782260276952e7
1.9901482591100633e7
241231.26339629607
2.0510896501082646e30
2.2871954148626584e30
243184.0503479647
241798.04719104865
3.283568393010159e17
241780.98930985364
3.2142133331739334e17
1.8405406654478367e7
240839.9273531817
1.843412225966302e7
244281.10059329538
1.990478162265734e7
241899.5446141192
2.410463758107595e30
2.4170712896652963e30
241974.7053735181
1.9904643875788737e7
244281.10059329538
241141.83470787082
240879.92474026486
3.2880672915306944e17
241086.4665056785
240804.53255033403
1.8460109500644907e7
240708.97918129733
241063.17918281772
240687.06716002763
246207.21656536456
2.0005085614912067e7
240804.53255033403
244070.97242105103
2.36106010255964e56
241335.83255261442
3.1677412342382013e108
263502.58087237447
2.0005581706796687e7
2.0005581727299463e7
253704.4249845912
1.944509304524782e109
241335.83255261442
2.3675167230208947e56
247017.6638661131
240738.79648652428
2.0005084937024564e7
243275.15773596376
240708.97918129733
241335.83255261442
242885.63951022408
240756.33740294608
2.4286562316507957e30
241135.88686420242
242461.65297294088
1.9904402820839275e7
241335.83255261442
240590.877434744
241336.14051147894
3.3083504488418496e17
241444.92890330893
240498.82484820535
1.845549512065186e7
244060.19690728566
241445.04005799151
241998.5374130114
2.562019659345332e30
241336.14051147894
241572.2652512907
1.990752231131584e7
244060.19690728566
240459.65156469744
1.8481473051111538e7
3.462718489371156e17
240542.56680488744
3.386095432521312e17
1.845498246675399e7
240348.64516240853
240635.60726114045
244860.78247729933
246355.18971417763
2.6622366571770463e56
243045.01755618793
244722.55768133196
2.0005112800027736e7
240635.60726114045
240320.55400031008
241798.04719104865
1.990735548449729e7
240395.01101720455
241077.1910990954
2.570763918946407e30
240390.93627888712
240319.1957542042
2.0005112480746802e7
243437.77600578012
240395.01101720455
2.66586313559032e56
245953.34396865894
241044.75047766833
240535.7755743587
2.0005581735376284e7
2.458253849051806e109
240395.01101720455
5.857533065036019e107
2.0005581710577633e7
241044.75047766833
240390.93627888712
2.673123497316013e56
246775.86475056232
240320.55400031008
2.0005111842184953e7
242670.01016105816
241044.75047766833
240463.0550431081
240310.7375309084
2.5812766942645384e30
242374.8097745901
240345.9286701973
1.9907155293980893e7
240459.65156469744
240345.9286701973
246355.18971417763
2.0005112161465876e7
240348.64516240853
243045.01755618793
2.669492082303309e56
240459.65156469744
240319.1957542042
1.9907222023951102e7
240649.75789705876
240320.55400031008
2.577770052334635e30
242164.00762392426
240459.65156469744
1.8476431839638963e7
3.330960438319519e17
1.8450881631500725e7
3.4045958607839616e17
1.8502892665928327e7
3.486375379812911e17
240459.65156469744
240575.87859763752
240183.48269910514
1.85000469434745e11
240208.5307806976
240551.2853441643
1.372004816595641e7
240770.7069321324
1.848923960240955e7
1.8463984001114234e7
240404.53866569017
3.4441444581210394e17
3.526578270628676e17
240605.05741875136
240770.7069321324
240172.66562064108
1.8637180678065952e11
1.8506346362666644e11
240195.43775245728
1.3718162555797923e7
1.3778327307120057e7
240140.77705566725
240195.29877788445
1.9908595033653766e7
2.3860749140518328e30
241564.82205015517
2.64810295762167e30
1.9914533446357656e7
240508.5362801347
240195.29877788445
240131.66062250966
1.8514172560533267e7
3.530174138965869e17
240154.44538837776
3.3756691274403546e17
1.8462205030995246e7
240140.71388540693
242021.37910461528
1.9908562189195834e7
2.9442750626389975e30
240826.50555386356
2.6499031986985336e30
1.9902290849965442e7
240140.71388540693
1.8487989892129224e7
240698.0663299626
240140.77705566725
3.454692445048316e17
240108.01174695743
240127.0960889046
245107.7588446215
2.799450699594245e30
2.7956528295492135e30
240698.0663299626
1.9911684174913287e7
1.9911620509040974e7
241621.2321726872
245107.7588446215
240716.02980751172
240140.77705566725
3.532572402482809e17
240127.0960889046
240508.5362801347
1.851368087879589e7
245107.7588446215
1.3829266056772064e7
1.3772715786112158e7
240334.84641698754
1.8681625935263293e11
1.8831871901599863e11
240037.94252968984
241375.092131104
1.85001659625788e7
3.494674318024874e17
240337.53218875846
3.4923021861253005e17
1.850066170376053e7
240179.65960128276
241375.092131104
1.8763105142740967e11
1.86192280067009e11
1.863189180749474e11
1.3741313554620303e7
1.3799231109221393e7
1.3801093834619362e7
241375.092131104
1.9506377861108895e7
3.042341452508202e6
3.172571900248157e8
3.055834837352311e6
1.946968624131562e7
7.488403551821937e6
241375.092131104
1.9480496013534393e7
365480.8494038855
1.021367320401805e6
3.044920564610713e6
1.0399645095972636e6
3.4832278125986615e6
241375.092131104
490639.55743509275
1.0215708587747887e6
1.9939999609846359e6
218289.69258849468
3.4837452673646705e6
644762.5590199968
1.4719905067733289e6
1.327895069027851e7
3.6042107907953407e6
219063.8635857428
3.6148716765039545e6
1.3256986050984284e7
217518.32053139166
214461.02444437146
202694.48300961085
163827.86886059947
210004.36809900575
1.9887763288951077e7
153024.82142906636
1.1096102142495197e30
1.1126385681593478e30
176853.29780563057
1.988760305163299e7
135587.32738817798
797235.2204182448
135927.74851483712
153024.82142906636
3.676351265905443e106
135543.15425336157
169728.31828995046
2.0005581653130647e7
138328.94163252553
135927.74851483712
2.000558174e7
3.812669457452763e212
136343.55195925783
9.594997320815041e204
2.000558173999997e7
138328.94163252553
2.000558170854364e7
161551.50413795744
3.6563388781722005e106
4.0253474222413837e105
153024.82142906636
2.0005581653367408e7
138328.94163252553
2.1606038225925443e55
143172.30717267637
135528.20982178947
2.0004272047083795e7
140572.7116058113
135632.16068289458
136209.05207510787
151375.89743958644
2.8728906832630195e107
4.0143838646829e105
163476.18929565925
2.0005581486610003e7
2.0005581708414335e7
136209.05207510787
135587.32738817798
2.1665126484624218e55
144161.48403742845
135543.15425336157
2.0004270257486787e7
139635.03122097038
136209.05207510787
5.5394664861028795e29
1.983938238534617e7
7.04398632417105e29
1.9850833637745015e7
6.240248316264647e29
1.9827269867670618e7
136209.05207510787
135536.0459010778
136418.2202530519
1.8015393812951e7
135525.0026173737
135433.04249411568
1.435796970167796e17
142442.89198896973
137861.60949233343
136294.82392989955
6.631631693450644e29
136560.29731024444
137183.5210852762
1.984528438327258e7
142442.89198896973
135381.28314224826
1.435796970167796e17
1.8015393812951e7
135489.3900948089
1.809050316722598e7
1.5093790954808544e17
135220.128223036
135309.62835830633
2.0004636759726677e7
2.000397401775098e7
4.071812146473668e55
1.4698582626636245e55
4.0940605069351275e55
2.0003969631611142e7
135309.62835830633
136997.21816465227
7.493542955851139e29
5.90507659821698e29
137025.27143381935
1.983327879404568e7
1.985590043217715e7
135309.62835830633
1.801148295899402e7
1.4416808678267206e17
135587.32738817798
1.513501314960793e17
1.8087990068574145e7
135511.55134360315
135309.62835830633
135205.14563806346
1.0596671348727104e11
1.2908438370992523e7
135236.25787021502
1.2983281766092895e7
1.0680641728953552e11
135156.6859202375
135146.37700196382
138041.62057734595
1.4803894370125744e55
2.0004346862430554e7
4.123353471029243e55
2.0004633380569544e7
2.4822250213644543e55
2.0003968260942638e7
138041.62057734595
1.9844439846248254e7
138007.9353960354
6.692856791473165e29
6.701951102629144e29
135427.59598847746
1.984433087609631e7
138041.62057734595
135165.73550689543
1.8043513048958775e7
134908.33496257674
135131.60674585786
1.4878973362671597e17
136169.83886456053
141263.53790278028
1.985012344555725e7
136169.83886456053
7.099327326844728e29
7.118627129959865e29
136677.09479933692
1.9849913022654515e7
141263.53790278028
1.8042873386624686e7
1.5264194822624218e17
1.4868876524096826e17
1.56242549521946e17
1.8081394484249767e7
1.8116465226085044e7
141263.53790278028
1.2998678129459634e7
134930.9609807451
134929.8495425691
1.0799594816458923e11
135075.01828575457
134887.95745487194
134817.8181469283
134719.1924811625
137235.59487423892
2.000442358968151e7
143067.171233019
134732.1190008436
2.8465253140371585e55
138714.13613267938
134779.03858788483
137235.59487423892
1.9838027690118313e7
137497.3347436843
7.150045185533992e29
8.043822448144515e29
135510.97189550864
1.984936067213129e7
137235.59487423892
1.5746484893163936e17
1.4975064251210602e17
135646.015331532
1.8036797480300322e7
1.810999106522692e7
134684.55107286203
142862.31732688923
6.736109761279956e29
135646.015331532
7.595903660342887e29
1.9864873227255516e7
137168.48148095873
1.985498597219136e7
142862.31732688923
135510.97189550864
134716.55916270256
1.5735837296816365e17
134719.1924811625
135283.52825402125
1.8111224099198744e7
142862.31732688923
1.0908314513164093e11
134592.32147673465
1.0958237202864276e11
1.308786604806079e7
134992.0283291394
1.3053616268360542e7
136454.04513454644
1.5178327621851363e17
1.8092194944360964e7
134825.704858502
1.8129397552005343e7
1.5538059544665955e17
135002.86208764682
136454.04513454644
134580.07409124073
1.0873173645494803e11
134716.82854311622
134605.70100079608
1.3051581266843274e7
134656.7158960318
134542.40593493835
134572.8754805024
7.392510873111728e29
1.9840867805605486e7
135366.9453467998
1.9852177832806017e7
8.290093086497204e29
136305.76408526173
134572.8754805024
134530.36468819104
1.8054337375822667e7
1.8127259266737994e7
134558.97573595482
1.5962266940570387e17
1.5193726648326947e17
134527.48524389576
135240.5361498098
2.0004458532631077e7
142935.0871432682
134530.36468819104
3.046460405769453e55
138376.60520055643
134597.06266791
135240.5361498098
8.306910079614314e29
137086.45550811136
7.417496063049007e29
1.984047963645644e7
135028.5018459127
1.985191936543628e7
135240.5361498098
1.5638100881978102e17
135410.52757335687
1.808752929717953e7
1.808877337769265e7
134409.1778070851
1.561701286991449e17
141056.02842059272
134319.176938389
7.851525826986437e29
135410.52757335687
134517.13693506154
1.9857084927368682e7
136359.35723084872
134138.75605640782
136290.3940133322
163154.3091797707
134245.6673229115
7.038470278098934e107
153430.4591743307
134319.176938389
2.000558158060337e7
136290.3940133322
134193.04997883775
141709.14058598
3.477193236538702e55
134156.29517109893
138579.99027166143
2.0004526360620897e7
136290.3940133322
134138.54648411323
1.984578626563186e7
1.9866522384762686e7
134156.92388798264
8.867788052797162e29
7.032337394085865e29
134317.2907877382
2.0004525650962427e7
142189.85936292706
134156.92388798264
3.481871197662451e55
138136.8595592936
134192.00211736516
134317.2907877382
134737.49128279215
134138.75605640782
7.915224137923457e29
136547.94228022706
134156.29517109893
1.985648580440248e7
134317.2907877382
1.6146190313426182e17
134953.58812086706
134145.17604519616
1.8116876114640582e7
134075.33614162635
134136.40648785039
140825.84659715768
8.385614686216424e29
134953.58812086706
133978.7920374638
1.9861560267546214e7
136099.5191311354
134189.6850590894
133770.66375381913
135786.92074732613
1.466253680187453e106
165927.95153128696
1.2425212455308487e107
2.000558172128296e7
156721.9112225249
2.0005581690411527e7
135786.92074732613
3.969899653021866e55
141010.16146151134
133773.42849179998
2.0004588988166112e7
138342.2207300826
133839.1182690404
135786.92074732613
8.442059461072314e29
135806.81482130455
133763.1437161593
1.986107794720852e7
134683.3411095164
133795.98860477947
133911.11169852532
142467.37519943938
133801.5180807412
3.9752189965112987e55
138804.51588664367
133795.98860477947
2.0004588323301148e7
133911.11169852532
136031.80281262437
133773.42849179998
8.453371135914646e29
134452.6211818724
133770.66375381913
1.986098148441186e7
133911.11169852532
133766.060502317
133751.16288693715
1.6678076870710912e17
133764.6781333266
134514.41249523245
1.8144965873881105e7
140593.0698341212
133648.56319409216
1.9875065525846962e7
1.0023377164905354e30
133871.41640067683
7.979179793676742e29
1.9855886697781526e7
133414.70263165652
135303.87172503278
1.6089898986031544e107
160660.00475785392
133463.30320353276
2.000558169596186e7
152878.9018374413
133648.56319409216
135303.87172503278
138103.75016642618
133496.32527108528
4.527610347028608e55
140341.7043965995
133403.69527580575
2.0004647494992364e7
134065.81868818204
151203.5124683981
133496.32527108528
1.613285899242082e107
162606.8359851827
133593.52641483792
2.0005581695903104e7
134065.81868818204
2.0004366378305033e7
2.760867968619106e55
4.527610347028608e55
7.364176402903619e55
2.0004857507308535e7
2.0004645002278425e7
134065.81868818204
9.047581192425633e29
8.054119980642801e29
136021.22969642212
1.9865310627587542e7
1.987445586921147e7
134173.29086376622
134065.81868818204
1.8171261201715212e7
134209.0382249554
133399.82693193303
1.724642777821602e17
133327.72800404328
133411.97707490198
139824.96589535088
1.0713083514676813e30
9.550706784972693e29
8.544137173107122e29
1.9860402716528013e7
1.986984081572333e7
1.9878885206826486e7
139824.96589535088
1.8170672590460893e7
1.767647488312528e17
133399.82693193303
1.8077550534530237e17
1.8205670564847928e7
133853.60437311308
139824.96589535088
1.3245682710922867e7
133287.6734090011
1.1601459456651698e11
1.1565446224523412e11
133517.2638159796
1.320899852145589e7
134677.58445531016
133265.7122803412
1.8221981621171016e7
1.7870368285235216e17
133314.02934442568
1.7034079428500787e17
1.8154323307905488e7
133221.81583334727
133749.3991277076
141542.13752960664
2.000487693078083e7
4.841341173867027e55
138330.7821328878
2.9347918094831745e55
2.0004674542487767e7
133749.3991277076
135352.2625481979
133226.23645043804
9.324174971916075e29
133979.05167650952
133234.974443315
1.986739211368092e7
133749.3991277076
1.8185657093266234e7
1.8151947702009656e7
133311.8378023239
1.750710672862344e17
1.7941879390624474e17
133969.7967367965
133749.3991277076
133221.27293508317
1.1596343136732596e11
133475.7193316253
133223.45743330248
1.3166103583328841e7
133148.31895036713
134596.24820494544
1.8168024024166167e7
1.7729486538897107e17
133451.99043924626
1.8131801168792013e17
1.820306878486228e7
133447.30780225334
134596.24820494544
133133.85499405724
1.320113186982211e7
133252.07836923783
133163.87698327447
1.164022012204734e11
133221.81583334727
133086.93993479267
133074.33195333416
135824.73611709144
140372.53977002524
142359.34475994742
5.182296748571152e55
135610.74893940534
137198.8849126127
2.0004700132489048e7
135824.73611709144
1.0820329686203184e30
9.659245559915538e29
135923.37363323796
1.9859679278119225e7
1.9869255248879414e7
133573.477531921
135824.73611709144
1.7853489070732192e17
1.816243359707996e7
132841.03724080703
1.8196999093904175e7
1.8270810955296144e17
133921.26488850423
137623.57770393658
1.9873672049810227e7
134065.81868818204
1.987384622948396e7
1.0212095616400058e30
134405.60696419736
1.0239199072673546e30
137623.57770393658
1.8731502006378298e17
1.7853489070732192e17
133114.94302186937
1.8196421110534176e7
1.8261362040565923e7
133378.01500597715
137623.57770393658
132824.1015076467
1.1817999982632236e11
132878.07271746296
132859.05790974712
1.3247966255580464e7
132978.26635053655
132767.20793280052
132713.22335814443
135274.72065517993
132790.3849056536
2.000493594777461e7
9.490857189378822e55
132705.49770052667
3.6057923552301024e55
2.0004507022436175e7
133368.95396897077
132790.3849056536
159541.113634284
2.0005581705338422e7
132898.35405496572
151244.91732205974
2.71429400311862e107
133368.95396897077
2.0004936800642837e7
2.000450986106768e7
9.440786066129618e55
3.5962744872020824e55
9.490857189378822e55
2.0004507022436175e7
133368.95396897077
132700.68104309915
1.9873476099327087e7
133571.3195217016
132727.67333042706
1.026973339585572e30
134657.54023768724
132855.0041381175
9.478326993232968e55
3.5915202700554654e55
3.6105560061115076e55
2.0004507732094016e7
2.000493552134051e7
2.000493722707697e7
132855.0041381175
132713.22335814443
1.1493791165521324e30
9.183610180791654e29
132705.49770052667
1.986407563615957e7
1.988197675810663e7
132855.0041381175
133482.83273579722
1.8223613816988856e7
1.8824677842114675e17
132739.35420847873
1.837389849881596e17
1.8190930983557854e7
132855.0041381175
132987.39375101696
1.3230443499101501e7
132605.89799357665
132619.15866078273
1.1880859114926935e11
132972.059711415
133932.5411556264
132582.6179168369
1.8207659148197055e7
1.8272544053430848e7
132633.49974721242
1.904655057895285e17
1.8169273280854477e17
132532.7143788367
133024.56853017843
136728.0007188882
132582.6179168369
6.275190227994827e55
139549.94976515986
132551.9576711707
2.0004776695001557e7
133024.56853017843
134764.74144712338
133110.9338029502
1.0610174341905682e30
133554.9188561462
134333.99876354059
1.987538724296746e7
133024.56853017843
1.823825050086163e7
133174.42707192947
1.8653717587608352e17
1.867834495494256e17
132590.6738892842
1.8237125305900827e7
133024.56853017843
1.3290273309566028e7
132753.312306991
1.1964783955652269e11
1.1924171499853493e11
132460.77445500635
1.3255144011732187e7
133607.8919415304
132753.312306991
132804.91231010034
1.889315370779752e17
132752.4336790423
132917.36861795935
1.825355364475186e7
133607.8919415304
1.332321190269379e7
132532.7143788367
132475.74803865174
1.1972695532493918e11
132534.87185728402
132446.87680938753
132402.04560717935
132394.87088261533
135120.57333266715
2.0004798957470186e7
140411.40660938848
132364.02822804343
6.712338880575554e55
135587.5865218664
132494.57357089486
132929.2579468328
3.5346891333224385e107
3.5161511227761145e107
163301.38462126764
2.0005581709284607e7
2.000558170920353e7
153484.3748846114
132929.2579468328
6.712338880575554e55
139473.8891731295
2.0004798957470186e7
2.0004801015520502e7
136394.24610021088
6.677089168688872e55
132929.2579468328
1.2255986900498318e30
1.0946125310638432e30
9.810294270245552e29
1.9868376927869577e7
1.9877179914359346e7
1.9885625057291914e7
132929.2579468328
132386.89670617555
132367.0769446673
1.897424000666942e17
133036.3195204639
132365.2832635264
1.824992920349147e7
132929.2579468328
132304.5723440692
132599.0983536586
1.2068944587100124e11
132625.51756122167
132276.62909853674
1.3276772906229489e7
133352.57373084003
132611.50677745877
132304.5723440692
1.920419372323541e17
132625.51756122167
132252.97182015283
1.8265634614469774e7
132201.20237810662
132679.8793537379
139985.15701525824
135562.2170407937
7.133430945329125e55
137259.6975658269
138220.74474689615
2.0004822900846645e7
132679.8793537379
133954.0269055214
134377.3979379045
1.1309957728996043e30
132790.48242068448
133231.72307999647
1.9879169574464403e7
132679.8793537379
132198.97493546715
1.972152885373227e17
1.882026759656184e17
132207.71578789497
1.823065648607739e7
1.829430718991298e7
132232.924836398
1.9887186182618596e7
1.9879210980638962e7
133115.08862355922
1.0107658001160025e30
1.1332259797204391e30
134494.13557699902
132232.924836398
1.826231880755314e7
132874.78802141311
132201.20237810662
1.9280093205540054e17
132213.33025516325
132201.03345997666
132232.924836398
132449.11552758986
132199.46845182835
1.2165673807600296e11
132121.36296282566
132199.5529108933
1.329825104757378e7
133478.0002157416
132449.11552758986
1.9519233410542992e17
1.9055499937649517e17
132471.9802878966
1.8278685238641053e7
1.8309201820428014e7
133478.0002157416
132198.97493546715
132108.40685103706
1.2210597573520271e11
132213.33025516325
132135.3861547253
1.3331997528740792e7
132067.25320499242
132073.37143856852
1.9872387517342176e7
1.0440196353925176e30
133520.70154962174
1.2985654470533525e30
1.9889179352000255e7
132926.72737621155
132073.37143856852
1.9538460999221696e17
132530.25862323158
132053.0788626358
1.827676807845824e7
132285.25777408393
132085.6958677928
132039.06469764843
132665.93930871823
132093.34365976288
4.693705240798934e55
2.0004630513384573e7
132053.0788626358
2.000500622480241e7
1.216498455735065e56
132665.93930871823
132057.6675378179
1.9880917977033593e7
132606.45186043286
132037.5351392543
1.1692103938790849e30
134217.73099157214
132202.14972343307
138043.90831015693
139804.9295087987
7.60402774742203e55
135342.21337770837
137023.6875752379
2.0004844826084387e7
132202.14972343307
1.0460746197245359e30
1.9880917977033593e7
132606.45186043286
1.98890650003079e7
1.166148387568077e30
133793.3899946054
132202.14972343307
1.8306779674516972e7
132614.53998422524
1.9576944573047034e17
1.9136933500737805e17
132041.53641470624
1.8275124923091244e7
132202.14972343307
132275.6155897564
1.2303945375462775e11
1.2209746560505246e11
131998.41377358677
1.3288659103103505e7
1.335502220244179e7
133765.96793459216
1.935614237847109e17
1.8259003470118456e7
132333.79597068395
1.8322318786900483e7
2.024895837539324e17
132232.924836398
133765.96793459216
131982.76698977928
132039.8204499333
1.335502220244179e7
132015.12326000346
132124.99423273408
1.2291826907679214e11
131930.8068806406
131892.99886154514
134462.28546451253
5.003695440172385e55
140487.17991468468
8.143481766907705e55
2.0005021331524353e7
136027.32348489296
2.0004866162496075e7
134462.28546451253
1.081412662039593e30
1.988257619851009e7
1.3491897133059188e30
1.9890514068125255e7
1.2065913039297285e30
1.987423120940961e7
134462.28546451253
1.82543075457478e7
132781.00863903202
1.992286678944421e17
2.0415314332501434e17
131799.33315973787
1.8284806412800934e7
138858.37227647615
133587.24346920915
131897.68385161442
1.2753409758283925e30
132648.31257554758
131717.84724548613
1.9886701823214382e7
131560.55136472677
133629.73226165047
2.0005581716973837e7
157280.92821558524
131717.84724548613
6.604633062490051e107
148949.39033198636
131673.09192596353
133629.73226165047
5.700673329110274e55
139175.6119185822
9.217865311805487e55
2.0005053500211988e7
136430.13937207946
2.0004907455244925e7
133629.73226165047
132111.34516328963
1.4285701042553298e30
1.283690827543047e30
133281.9600410577
1.9878030935221698e7
1.9886314343370367e7
133629.73226165047
2.0066372098371366e17
1.8279921796877973e7
131561.73179295735
1.8342086571744815e7
2.0984446395146995e17
132127.2427103847
133629.73226165047
131559.67978529248
1.3352338369096115e7
1.341843093194427e7
131562.47699276265
1.2590720911937076e11
1.2499519389950076e11
131566.73395357066
2.005983795759839e17
1.831058315461404e7
2.101865082202231e17
1.8341300319458626e7
2.051545457489145e17
1.8280735828870464e7
131566.73395357066
1.2553318084782298e11
131795.4089105953
1.3383626817975009e7
1.3385510031033512e7
131491.38895921805
1.2545127177115283e11
132836.8870443731
1.8296286594181124e7
131823.38071822593
2.0752472975331098e17
2.1259576736258688e17
131926.75170139523
1.8325770754015043e7
132836.8870443731
1.3449235478703732e7
1.3385510031033512e7
131614.74019278365
1.2545127177115283e11
1.2644551034422006e11
131559.86225445973
132836.8870443731
2.4712226100005585e8
2.4709667299883983e8
1.6252923049364625e7
7.1642301959651355e6
7.181073310305716e6
2.8868827231438514e6
132836.8870443731
131488.04977920314
2.8692001756903334e6
937519.3323748296
131494.7937499421
1.6207685786137734e7
2.855946915015156e6
131475.3491662348
131435.0444278225
131441.78888954927
131421.19068669295
2.032815633433499e17
1.829433647426292e7
131453.09725433646
1.835475765511781e7
2.1282079565422912e17
131407.76657601877
132025.92379482725
2.000492632635734e7
138470.96029639032
9.775769856652311e55
9.826720399361575e55
135021.16450001774
2.000492462062178e7
132025.92379482725
1.3261030631937093e30
133512.7433124763
131426.24903298815
1.9887954866858687e7
131968.71690907486
131406.080460587
131567.2994142365
131426.24903298815
6.08093964131042e55
2.000473970760427e7
131453.09725433646
2.000506820432223e7
1.5566721814340385e56
131567.2994142365
133296.73065177767
131407.76657601877
1.324380225127267e30
132173.19149250648
131421.19068669295
1.9888031097407065e7
131567.2994142365
131415.3048590599
131526.02527428645
2.0842158297644787e17
131960.26661770238
132059.60294780243
1.8323325642435737e7
131567.2994142365
1.337397814519391e7
131404.92733242578
1.2591235809474954e11
1.268687650319e11
131408.2833600943
1.3438731570534464e7
131410.81253324196
2.131672254532758e17
132033.18132692954
2.0862491256783955e17
1.8291915861156173e7
131441.42299111953
1.832358996656969e7
131410.81253324196
1.2645232707038461e11
131634.5455690416
131404.82397561066
1.3406008643845638e7
131341.48396067024
131406.080460587
132694.34182552982
131634.5455690416
131316.18202012766
2.108885697484628e17
131702.0011496742
131370.96800827453
1.8338090061678052e7
131256.79532857434
131688.38569223057
6.482301241980986e55
2.000476245582686e7
134606.26017730747
2.0005082553224433e7
1.644772621185019e56
136855.9442625774
131688.38569223057
1.2229181086128517e30
133258.74640758656
1.3674221433785468e30
1.989698134731761e7
132324.51028064016
1.9889815702546094e7
131688.38569223057
131252.4039233403
1.836503530079563e7
2.1157463590093917e17
131265.36884087016
2.0677866178096662e17
1.833546976750505e7
131276.65937302055
131256.16743405708
133152.41998732026
1.9889703216203697e7
131265.36884087016
131991.71798511874
1.3665353241115754e30
131276.65937302055
131252.19462516785
1.8304650888909947e7
1.836400515900053e7
131256.79532857434
2.165836937740219e17
2.0677866178096662e17
131293.17850309497
131264.32235000795
1.3674221433785468e30
133258.74640758656
131256.79532857434
1.988966572088406e7
131889.018164249
131293.17850309497
131256.16743405708
131913.78789528908
1.8334421731488477e7
131252.4039233403
131251.24704242748
2.1184937432372778e17
137426.6152592373
1.988578641306917e7
1.2967920135811116e30
131812.9234014732
1.6054531838860323e30
1.990049873248449e7
132851.6128473186
137426.6152592373
2.1184937432372778e17
1.8333897730977196e7
2.218161215039406e17
1.839288893902046e7
2.2152855086833894e17
1.833494574366444e7
137426.6152592373
131529.83943430692
131183.1098051907
1.2840872935570634e11
131158.98903251826
131454.45976514957
1.349048253454121e7
132716.17149515808
131139.03351783787
2.0950715299674026e17
1.8319096860270184e7
131183.1098051907
1.837827789502806e7
2.192601910166345e17
131100.86403903755
131614.62740257345
134973.05799921742
131139.03351783787
1.1093052350369973e56
137725.6963015911
131129.3386881109
2.0004962571111903e7
131614.62740257345
1.409870513344482e30
133011.2295183027
131106.77084758994
1.9891345858958207e7
131811.62861045095
131111.6182624535
131614.62740257345
2.1518207400428794e17
1.8316454257571854e7
1.83752141581529e7
1.8346964523876674e7
2.1997175570621126e17
2.1005099542184333e17
131614.62740257345
131100.7787694286
1.344798035207135e7
131039.68905181786
131101.9906231445
1.2840691864599023e11
131325.79864894703
132378.63424620847
131014.70670705524
1.833153987302654e7
1.8390104384386208e7
131068.81993333106
2.2246383743268634e17
2.1260582415955168e17
130956.2626955099
131386.25252940936
1.179353550106281e56
137261.71838633352
130964.19527197273
2.0004980333833802e7
135051.92786258773
131014.70670705524
131386.25252940936
132926.28359969964
131582.7237022634
1.4530051117891646e30
132013.03231377914
132530.6096693831
1.9893014076481115e7
131386.25252940936
2.131568162481483e17
131550.37664124335
2.1820280601751693e17
1.838706706247291e7
131118.6290395686
1.835859765249526e7
131386.25252940936
131157.19837073082
1.2932836612560931e11
1.2882377847254044e11
130944.43351201678
1.3471985303860093e7
1.3503182636142734e7
132727.33858840025
130912.43923314623
1.834410768804465e7
1.8402055221931975e7
130980.55973281947
2.2563039462855917e17
2.1566983667742112e17
130825.78153698449
131140.26146146914
130805.23491173601
2.000512290539406e7
1.9737813774738845e56
130912.43923314623
7.843292124679355e55
2.000483332240915e7
131384.15911987325
130962.4748739783
2.000558173315856e7
7.924730856648807e108
130912.43923314623
1.7226861741892198e107
2.0005581694432475e7
131384.15911987325
133680.35114746267
2.0004997623551186e7
1.978880959683127e56
136711.254487005
1.2596120952160448e56
2.0004832356221497e7
131384.15911987325
130819.753250704
1.500679731943688e30
132791.54958297068
130807.24434049611
1.9894527303637855e7
131406.29648393797
131384.15911987325
130793.06072334613
130804.17365514996
2.218987383544677e17
131464.06314840404
130810.42811025391
1.8368832649624344e7
136796.80837892942
1.9897996727475986e7
1.4222211675631313e30
1.989092165766517e7
1.5807719070227974e30
1.9904745025187615e7
1.7609377333923935e30
136796.80837892942
130747.32991405533
2.2694522066564362e17
130805.23491173601
130842.89065868202
1.8397538502830487e7
131406.29648393797
130605.39793734498
130693.5301977448
1.4138650136881673e56
135672.678498128
130529.0519773587
2.0005030563322224e7
135636.31310917155
130747.32991405533
130879.52830465518
2.0005581733850557e7
2.000558172469162e7
151152.0127942528
2.2215933214299136e107
1.5902073233963693e108
157522.48228741463
130879.52830465518
133986.09857341184
2.219317039716187e56
8.904551640306331e55
135672.678498128
2.0004874870577343e7
2.000514754368188e7
130879.52830465518
130515.47375363711
1.989775472773303e7
131467.2142475434
130559.02670526133
1.5920088119550104e30
132127.92825968284
130625.12590056125
2.227895815355753e56
1.4156856085415617e56
8.938927913415448e55
2.0004875324363034e7
2.0005028789579194e7
2.0005147822781052e7
130625.12590056125
130518.29203409649
132321.2716778802
1.989768558543809e7
130529.0519773587
131254.44000893724
1.5940561613329383e30
130625.12590056125
130526.3779719708
130632.36306242434
2.285574177177171e17
131043.10428385955
131140.26146146914
1.8392019239571225e7
130625.12590056125
1.3531122603754655e7
130721.71808884866
130517.33113730045
1.3232942507514148e11
130468.21951567146
130514.64115148498
131817.4113445766
2.312753316444338e17
1.837770444365723e7
1.8433471383353986e7
1.840666267233403e7
2.363225024072181e17
2.258616960043881e17
131817.4113445766
130454.74959910859
1.3562673795786263e7
130577.33711745379
130482.71015780086
1.327974319166748e11
130515.47375363711
130411.07718852231
130399.70363681609
132967.2668802227
132709.2495980847
134151.00099372552
1.5129004952316932e56
136716.96850207882
138520.2030201974
2.000504418656659e7
132967.2668802227
132633.68635167743
130437.68927154949
1.647905217695129e30
130708.77326029078
130378.04961114675
1.9899052863526996e7
130454.74959910859
130437.68927154949
2.367710457088603e56
9.508768463478126e55
130383.73638699972
2.000489511126828e7
2.000515876266786e7
130454.74959910859
1.989199794136687e7
1.481320037028489e30
132194.30595316208
1.8279207757649869e30
1.990577756743576e7
130708.77326029078
130454.74959910859
1.8429803543376032e7
1.8373909844482236e7
130370.76666818272
2.2724260803218394e17
2.3776690670824525e17
131124.23852749605
137271.85882531074
132182.10090982952
130473.68367136095
1.7337033860989258e30
131008.63134137738
130284.0529306103
1.9902513594404876e7
130099.23063637833
131952.46395637712
2.0005581727009993e7
2.0005581706263278e7
149973.98022453988
2.2700653826210667e108
1.4096080974083848e109
156919.43010882562
131952.46395637712
130104.03908289711
2.658849037477502e56
1.0752153214787331e56
130159.23525228264
2.000493450443912e7
2.000518177151334e7
131952.46395637712
130093.53322683478
1.9902184112951327e7
130933.88386212761
130121.13131152754
1.7448315356260262e30
131751.28615805137
130232.77624471877
130130.74820456523
133706.40507203832
1.7046339534110625e56
130121.13131152754
136468.94542935566
2.0005074210272353e7
130232.77624471877
1.9895242246493105e7
1.5737393648076945e30
131751.28615805137
1.9388604758959516e30
1.9908547351018194e7
130546.26259583634
130232.77624471877
130096.76074666523
1.8424425071110927e7
130111.19721077578
130094.35652340579
2.3929208646920058e17
130699.25041449472
130232.77624471877
130304.53606562346
130330.84611040121
1.3541673355109683e11
130014.38700090187
130038.05760997988
1.358997838387932e7
130972.9047501421
130361.22295466653
130242.89646524035
2.4202870923907853e17
130384.33605776947
130304.53606562346
1.843791676242524e7
130972.9047501421
1.3546004404191855e11
1.3619182875300992e7
1.3645076797898267e11
1.3650849071501208e7
1.358902041937638e11
1.358997838387932e7
130972.9047501421
2.939555217556332e6
1.6770919064454157e7
2.581013286042842e8
1.6731738389525643e7
2.953819877653297e6
7.354307791758993e6
130972.9047501421
2.920546685506208e6
7.583258511402164e6
1.677940168125747e7
957695.402768301
1.8857250595410494e6
2.9582036967980405e6
130972.9047501421
766442.0136814511
111257.51444831611
2.925413166757403e6
2.212154995593758e6
199696.98545529466
960969.3726915997
426147.7200478354
1.169189994386676e6
529037.4666691271
1.3892578646213371e7
2.2092163749025427e6
434419.53131781355
3.22669941373793e6
426147.7200478354
527807.5367761308
1.1727088385159029e6
800056.6777689614
432806.1978752444
2.213250664583528e6
584765.313037809
426147.7200478354
130016.8572053925
432062.2853652457
526354.4147875862
137656.96090150945
527223.2279431984
430900.45958955237
426147.7200478354
113857.48727311443
192937.7370338834
200258.85665401278
111474.07375507237
188549.03846054603
202667.7727369103
426147.7200478354
111737.14046129072
111878.69710782399
130016.65362764303
111047.98910899293
114572.57658549903
137482.34875673556
112969.76881655576
160821.41054367856
142800.90645908486
208102.97734204837
163951.43973048424
143357.96649827517
196352.83173460176
112969.76881655576
133914.95026294043
126176.00614220294
117313.23532327007
133556.68751784854
127122.13299461563
118389.9922946504
112969.76881655576
111060.4483452621
111577.12997381548
116229.46970296995
111038.32341286785
111232.73951343227
117211.12307307833
111027.65543032427
111436.24545605517
115065.47854458337
111237.45825451174
193402.964011478
115719.8699412838
111511.85172656052
212266.65962715566
111436.24545605517
135449.06343646708
112395.62923268425
125287.3125305337
132254.03244826887
112183.30928553449
123555.98758287805
111436.24545605517
113686.28851392062
111737.70688106227
117133.10535718355
113293.99679611708
111983.61671915314
116326.16121192905
111436.24545605517
111286.79323127517
111807.89070719076
112314.00335226496
111416.35890476062
112054.5097770459
112597.6795085771
111436.24545605517
111027.23553177666
111023.31442790026
111453.07837785044
111028.07837409235
111031.99698758662
111315.1166059055
111005.95596696048
110936.61092406903
110660.65289750192
109579.66054975048
105626.65968192063
96121.41439844065
188049.87084725074
2.9011379721188424e6
96002.04320242611
2.5486762763225194e6
1.4890112770281311e7
96250.95380407333
957143.6997747106
95627.13015364633
95819.70882566988
1.0796539411682233e11
1.33211180432297e7
1.3387324489144886e7
1.3355735148146652e7
1.0831301274510577e11
1.0751419945784445e11
95819.70882566988
7.129905610088313e6
2.2354429568317237e8
95511.79346236018
2.2339984956400475e8
7.158446401602051e6
95779.34799692061
95425.86744583354
101478.40281940238
95423.68613258074
1.8221502084212773e7
1.8285698231730085e7
95432.10274437083
1.7177545859990096e17
1.6401190934731027e17
