  0.2999999999999999889    0.4000000000000000222  120.588042
  0.2999999999999999889    0.42000000000000003997 147.807124
  0.31500000000000000222   0.4000000000000000222  128.564598
  0.31500000000000000222   0.38000000000000000444 106.571199
  0.32250000000000000888   0.35999999999999998668 92.830693
  0.30749999999999999556   0.35999999999999998668 84.751684
  0.30375000000000001998   0.34000000000000002442 68.247592
  0.32624999999999998446   0.2999999999999999889  59.197057
  0.33937499999999998224   0.25                   50.772870
  0.32062499999999999334   0.23000000000000000999 39.566997
  0.31968750000000001332   0.16500000000000000777 36.302766
  0.35531249999999997558   0.07499999999999999722 46.031988
  0.33562500000000000666   0                      41.280321
  0.2999999999999999889    0.08999999999999999667 40.494072
  0.28406249999999999556   0.25500000000000000444 33.827014
  0.25828125000000001776   0.38250000000000000666 85.315535
  0.30375000000000001998   0.33000000000000001554 62.665527
  0.30093750000000002442   0.14999999999999999445 36.348281
  0.30281249999999998446   0.27000000000000001776 40.304487
  0.30140624999999998668   0.17999999999999999334 33.993671
  0.26578125000000002442   0.27000000000000001776 33.384868
  0.23882812500000000222   0.32250000000000000888 41.411010
  0.24843750000000000555   0.34499999999999997335 53.767216
  0.28816406249999998446   0.22125000000000000222 33.085499
  0.26988281250000001332   0.23624999999999998779 32.646097
  0.2627929687500000222    0.22687499999999999334 34.741788
  0.29226562499999997335   0.1875                 34.521693
  0.27240234374999999778   0.24937500000000001332 32.733132
  0.25412109375000002665   0.26437500000000002665 32.452034
  0.23709960937499999223   0.2859375000000000111  33.294732
  0.25160156249999998668   0.25124999999999997335 33.252631
  0.26720214843750000888   0.24984375000000000333 32.428856
  0.2514404296875000222    0.27796874999999998668 33.202753
  0.26527221679688001155   0.24667968749999999445 32.189753
  0.27835327148437999378   0.23214843749999999889 32.560652
  0.26017913818360000056   0.25631835937500002665 32.328642
  0.25824920654298000322   0.25315429687500001776 32.125256
  0.25377273559572000039   0.2548095703125000111  32.502324
  0.26334228515626001421   0.24351562500000001332 32.667258
  0.26096992492676002184   0.25311767578124999556 32.222162
  0.26255149841309999292   0.2467163085937499889  32.372326
  0.26136531829833997698   0.25151733398437997602 32.172842
  0.25434230804444002416   0.25799194335938002709 32.125957
  0.25122619628907999489   0.25962890625000001332 32.190890
  0.25883053779602999134   0.25354522705077997546 32.131541
  0.25376097679138998053   0.25760101318360001388 32.132548
  0.25756314754486997476   0.25455917358398999495 32.114832
  0.26147004604341000933   0.24972152709961001338 32.135554
  0.25612424254417998082   0.25592433929443997309 32.109121
  0.25543818354607000787   0.25732921600343000579 32.144188
  0.2575464507937499925    0.25419802665710999889 32.097480
  0.25610754579305999856   0.25556319236755997704 32.093864
  0.25537974491715997871   0.25606520175933999983 32.123810
  0.25752975404263001025   0.25383687973023000284 32.132108
  0.25647562041879001793   0.25540247440338997853 32.101322
  0.25717837616801997314   0.2543587446212799974  32.110386
  0.25665130935609997698   0.25514154195785998525 32.097569
  0.25700268723071001409   0.25461967706680999068 32.099431
  0.25673915382474998825   0.25501107573510001236 32.095729
  0.25530024882405999431   0.25637624144554999051 32.092963
  0.25417714783922001898   0.25746534883977001407 32.095941
  0.25466864079237000462   0.25692835807801001069 32.102890
  0.25622152556666000223   0.25549039632082998219 32.093316
  0.25541422859765999798   0.25630344539881999566 32.093651
  0.25558755789650999812   0.25611838214101001476 32.092972
  0.25466628115390999021   0.25700422726573002308 32.093072
  0.25505509225709999122   0.25662576952950999498 32.092325
  0.2547677831846499874    0.25688362883405002624 32.095765
  0.2553826142185500192    0.25630969381426998988 32.092470
  0.25513745765159001611   0.25655922189822999435 32.092962
  0.25517815544471000866   0.25651347678505997951 32.092665
  0.25525955103094000176   0.25642198655872000534 32.092262
  0.25511662385090499994   0.25656962315728498725 32.092492
  0.25521885323782500521   0.25646773167188996467 32.092372
  0.25519850434127000494   0.25649060422846997609 32.092518
  0.25523920213438000548   0.25644485911531000877 32.092227
  0.25512679829918499808   0.25655818687899001329 32.092417
  0.25520867878955000307   0.25647916795017999814 32.092445
  0.25488115682809997509   0.25679524366542000324 32.092576
  0.25525724987094000618   0.25643108127705999122 32.092410
  0.25510366333848999432   0.25657768285638998806 32.092276
  0.25505115561295998994   0.25662694030950000679 32.092539
  0.25490150572464997936   0.25677237110883999183 32.092938
  0.25516831383436999747   0.25651640373500000925 32.092347
  0.25499044176121998806   0.2566870486508999738  32.092557
  0.25512384581607999712   0.25655906496397001826 32.092322
  0.25517241689747000022   0.25651097829085001134 32.092279
  0.25515223441987999742   0.25652959618326998115 32.092231
  0.25516642872178002532   0.25651486179291999035 32.092221
  0.25509767516280001942   0.25658156635846002258 32.092432
  0.25515373146379999314   0.25652862530775000227 32.092254
  0.25521649684709002415   0.25646580424428000455 32.092170
  0.25527291360138998355   0.25640986493821998904 32.092127
  0.25528561085937001573   0.25639610142338997711 32.092258
  0.25518670131269000079   0.25649549433666002374 32.092203
  0.25529318619230001453   0.25639049748196002243 32.092148
  0.25537939848099999729   0.25630486808351998773 32.092090
  0.2554757470651600193    0.25620955495695002524 32.092061
  0.25545547447424998833   0.25622892241320999185 32.092032
  0.25553661861521997922   0.25614813487882998055 32.091994
  0.25573945207899001497   0.25594782489756001675 32.092032
  0.25580032362904997489   0.25588640481944002758 32.091997
  0.25559749016527999466   0.25608671480070999138 32.092085
  0.25570396160056002577   0.25598254737335002229 32.092004
  0.25563298064370998386   0.25605199232491998584 32.091993
  0.2556202901078900025    0.25606534112609002918 32.091992
  0.25566847112213497706   0.25601726984913497631 32.091979
  0.25568621636135002717   0.2559999086112400013  32.091991
  0.25542251134751997599   0.25626163867063000978 32.092047
  0.25570587055867000092   0.25598021328224002113 32.091984
  0.25585546830479999336   0.25583198701464998637 32.092030
  0.25561633103761999264   0.25606909791278997801 32.091985
  0.2556359852349400219    0.25604940258378999784 32.091974
  0.25561086967173002327   0.25607414957005997236 32.091981
  0.25572552475598997468   0.25596051795323998546 32.091977
  0.25565563943225999566   0.25602970725479001768 32.091965
  0.25563052386905998903   0.25605445424105999219 32.091992
  0.25556609991120998737   0.25611859188533997456 32.092010
  0.25568566854480001549   0.25600003643627000649 32.091971
  0.25570532274211998924   0.25598034110727002632 32.091964
  0.25573999149570997291   0.25594581036900998505 32.091962
  0.25570996238317000859   0.25597548118752999624 32.091952
  0.25572210930235000914   0.25596320356315999112 32.091967
  0.25579431444661998585   0.25589158430175001913 32.091959
  0.25576428533408002153   0.2559212551202699748  32.091945
  0.25577643225326002208   0.25590897749590002519 32.091960
  0.25567993327062998876   0.25600515200605000743 32.091989
  0.2557657191526199747    0.25591997622783002608 32.091953
  0.25570852856462999991   0.25597676007997000047 32.091968
  0.25575142150562002463   0.25593417219087000181 32.091950
  0.25580574445652998206   0.25587994612360998037 32.091948
  0.25581860828498997895   0.25586702905301000888 32.091945
  0.25577714916254001842   0.25590833804967000331 32.091950
  0.25579859563302997927   0.25588704410511997622 32.091946
  0.25578429798604002121   0.25590124006816000746 32.091944
  0.2557814404835550004    0.25590414961269497551 32.091945
  0.255791446809535028     0.25589414208663996408 32.091944
  0.25579502122128000563   0.25589059309588002566 32.091945
  0.25578787239778999485   0.25589769107740001353 32.091943
  0.25577965327768004133   0.25590592410807500023 32.091945
  0.25579323401540998706   0.25589236759125999487 32.091945
