 30                      -10                        0                       10                      1615246.130664
 29                       -9                        1                        9                      1617166.297868
 31                       -9                        0                       10                      1953470.182982
 32                      -10                        1                       10                      2368724.265428
 28                      -10                        0                       11                      850167.235746
 22                      -10                        0                       14                      57980.755464
  4                      -10                        0                       23                      1326395.707728
 24                      -10                        0                       14                      116856.318406
 21                      -11                        1                       14                      61346.246750
 19                      -12                       -1                       18                      21995.847580
 13                      -13                       -1                       22                      96680.962572
 15                      -12                        0                       19                      36162.113087
 15                      -13                        0                       19                      46176.629087
 15                      -13                       -2                       21                      35411.638130
 10                      -15                       -2                       25                      544601.198500
 19                      -11                        0                       17                      24541.695427
 10                      -18                       -4                       30                      1645288.525798
 32                      -15                        1                       12                      1697073.618692
 12                      -14                       -2                       24                      237361.123432
 20                      -11                        0                       16                      26592.637376
 22                      -12                       -2                       17                      21756.791997
 25                      -11                       -2                       16                      76787.296158
 25                      -10                        1                       13                      234674.756469
 18                      -12                       -1                       19                      22393.483270
 31                      -12                       -5                       14                      844299.878022
 11                      -10                       -5                       24                      297521.461774
 24                      -11                        0                       15                      88792.010083
 17                      -12                       -2                       19                      17054.034386
 19                      -13                       -3                       20                      17386.573210
 21                      -13                       -3                       18                      17287.746890
 21                      -13                       -4                       19                      15301.303403
 21                      -14                       -6                       20                      17571.784128
 17                      -14                       -4                       21                      22096.740861
 21                      -12                       -3                       18                      14107.923941
 21                      -12                       -3                       17                      15658.471068
 19                      -12                       -3                       19                      13914.178694
 18                      -11                       -3                       19                      11507.769680
 24                      -12                       -5                       18                      24829.117001
 15                       -8                       -3                       19                      9229.803007
  6                        1                       -3                       19                      290493.346579
 32                        1                        1                       25                      28665.162414
 17                      -10                       -4                       21                      12595.642778
 15                       -8                       -3                       20                      13143.030862
 12                       -7                       -4                       22                      106642.121479
 19                      -11                       -3                       19                      11315.631936
 20                      -12                       -4                       19                      12918.866779
 19                      -11                       -4                       19                      11005.581901
 19                      -11                       -3                       17                      11055.739233
 18                      -10                       -4                       18                      9156.809433
 18                       -9                       -4                       18                      7598.293334
 17                       -9                       -4                       18                      7753.641745
 16                       -8                       -5                       20                      9791.432438
 14                       -6                       -4                       19                      11037.785487
 18                      -10                       -4                       19                      9385.813318
 18                      -10                       -3                       17                      8983.014414
 16                       -8                       -3                       17                      6126.146377
 15                       -7                       -3                       16                      4839.784729
 19                      -10                       -4                       16                      9377.621615
 16                       -8                       -3                       18                      6480.587775
 15                       -7                       -4                       18                      6258.747707
 15                       -7                       -3                       17                      5189.174746
 12                       -4                       -3                       13                      2089.187919
  3                        5                       -3                        4                      17699.425479
 15                        5                        1                       30                      514445.574646
 11                       -4                       -3                       14                      3108.940538
  6                       16                       -4                       11                      366381.491986
 62                        2                       -1                       26                      16805340.611418
 30                       -2                        0                       -7                      18749655.020725
 47                       -7                       -8                        6                      28266728.965770
-74                      -30                       -4                       27                      1041230836.072306
 31                        5                       -1                       22                      77212.158404
 12                       -4                       -2                       12                      1762.896917
 10                       -3                       -1                        9                      910.467268
  9                       -2                       -2                        9                      741.706354
  6                        1                       -2                        5                      1135.569272
  6                        1                       -2                        7                      1294.704217
  8                        0                       -1                        5                      1069.221243
  5                        2                        0                        2                      1472.036755
  6                        1                       -1                        5                      526.473593
 11                       -3                       -1                        7                      3239.598219
  7                        0                       -2                        7                      709.293160
 -3                       10                        2                       -7                      13656.337427
 -3                        9                        2                        5                      49194.864658
  9                       -2                       -1                        8                      535.765439
 29                       17                        4                        8                      1992927.401549
  7                        4                       -1                      -15                      2346517.725439
 16                       21                       -6                        7                      1304294.796391
 56                       -6                       -2                        4                      73116346.475641
-54                      -12                        5                        4                      113375261.911502
 -3                      -15                        2                      -15                      362657.925893
  7                       -0                       -2                        6                      634.460079
  7                       -1                       -2                        8                      600.119099
  8                       -1                       -1                        7                      334.872659
  8                       -2                       -1                        6                      548.855937
 14                       -7                       -1                       13                      4749.574905
 28                        5                        1                       25                      9853.672919
  8                       -2                       -1                        7                      474.094089
  8                       -1                        0                        5                      939.315858
  7                       -1                       -2                        7                      494.696727
  7                        1                       -2                        7                      1318.191885
  8                       -1                       -1                        6                      409.722714
 10                       -4                       -2                        9                      1516.289924
  7                        0                       -1                        6                      319.696694
  9                       -1                        0                        6                      992.180668
  4                        3                       -1                        3                      1871.602831
 25                        5                       -3                       25                      24164.113154
  7                        0                       -3                        6                      1758.240807
 -3                       20                       -1                      -12                      339195.107063
-13                      -18                       -1                       -3                      202974.868716
-11                        9                       -1                       26                      18764327.639747
 41                       11                       -1                       -1                      31194902.514115
 12                        1                        0                       13                      1341.140791
  2                        5                       -2                        3                      9395.433747
  8                       10                        0                        0                      62594.285574
 17                        4                       -1                       11                      18228.768065
  1                        5                       -1                       16                      513026.804224
 -3                      -14                       -2                        7                      130982.236065
 17                       10                        0                       16                      25003.909671
  7                       -1                       -1.5                      7                      385.892067
  7                        1                       -1.25                     6                      711.245624
  8                       -1                       -1.0600000000000000533    7                      340.371039
  7                       -1                       -1.2800000000000000266    8                      455.614618
  8                       -1                       -1.0700000000000000622    6                      415.265643
  7                        0                       -1.0500000000000000444    1                      13053.358663
 10                       -1                       -1.5                      6                      2855.171089
  7                        5                       -1.0800000000000000711    6                      6132.158056
 12                        1                       -0.72999999999999998224   5                      24671.746527
  4                       -4                       -0.41999999999999998446   6                      1761.958601
  4                       -3                       -1.2800000000000000266    3                      777.239347
  6                        0                       -1                        8                      616.488809
  7                        0                       -0.80000000000000004441   6                      296.459072
  7                        0                       -0.2000000000000000111    6                      251.476256
  7                        0                        1.8000000000000000444    6                      315.041169
  6                        0                       -0.2000000000000000111    7                      305.530133
  7                        1                        0.80000000000000004441   6                      434.162865
  7                       -1                       -1.1999999999999999556    7                      348.705534
  7                        1                       -0.2000000000000000111    6                      495.186682
  7                        0                       -0.2000000000000000111    8                      395.033247
  7                       -2                       -1.1999999999999999556    6                      437.797161
  5                        0                       -0.2000000000000000111    6                      227.184418
 -1                        0                       -0.2000000000000000111    6                      24180.192155
  5                        1                       -0.2000000000000000111    5                      364.272250
  5                        1                        0.80000000000000004441   6                      370.350593
  7                       -1                       -0.2000000000000000111    7                      268.119212
  7                       -1                       -0.2000000000000000111    6                      211.391534
  8                       -1                       -0.2000000000000000111    5                      949.610172
  6                       -1                        0.80000000000000004441   7                      263.796292
  6                        0                        0.80000000000000004441   6                      177.707782
  5                        1                        0.80000000000000004441   5                      313.240383
  7                        1                       -1.1999999999999999556    5                      775.012842
  3                        3                        3.7999999999999998224    6                      2372.509812
  7                       -4                        1.8000000000000000444    5                      4637.562859
  5                       -1                        0.80000000000000004441   4                      131.776809
  2                       -4                        0.80000000000000004441  -2                      5028.692093
  1                       -4                       -1.1999999999999999556    1                      1550.768163
  5                       -1                        0.80000000000000004441   5                      158.852356
  7                       -2                        1.8000000000000000444    5                      1364.609208
 -2                        9                        2.7999999999999998224    1                      8706.777517
 -1                       -7                       -0.2000000000000000111   -1                      6947.008103
 -4                      -11                        2.7999999999999998224    7                      235552.152918
 -5                        5                       -1.1999999999999999556    8                      290918.918836
 27                       -4                        0.80000000000000004441   8                      1305251.961385
  5                       -0                        1.8000000000000000444    3                      359.923564
  5                        2                        1.8000000000000000444    4                      665.724404
  5                       -1                        0.80000000000000004441   6                      215.909839
  5                        4                       -0.2000000000000000111    4                      2500.286944
  0                       -1                        0.80000000000000004441   4                      2759.652416
  5                        0                        0.73999999999999999112   5                      120.422663
  5                        3                        0.73999999999999999112   8                      2305.560211
  5                       -1                       -0.26000000000000000888   4                      125.892981
  4                       -2                        0.73999999999999999112   3                      438.178706
  6                        0                        0.73999999999999999112   5                      141.448650
  6                        0                       -0.26000000000000000888   4                      286.902580
  5                       -1                        0.73999999999999999112   5                      153.459159
  6                        0                        0.73999999999999999112   4                      253.689569
  5                       -1                        0.73999999999999999112   3                      248.357590
  4                        1                        1.7399999999999999911    5                      296.788215
  7                        4                        0.73999999999999999112   5                      2502.515238
  4                        5                        0.73999999999999999112   4                      3120.832664
  5                        3                        0.56000000000000005329   8                      2323.832348
  5                        0                        1.7399999999999999911    5                      224.638607
  6                        0                        0.27000000000000001776   4                      265.804974
  5                       -1                        0.61999999999999999556   5                      145.966705
  6                        0                        0.39000000000000001332   4                      261.764964
  5                       -1                        0.56000000000000005329   5                      143.705686
  6                        0                        0.4500000000000000111    4                      259.802647
  5                       -1                        0.53000000000000002665   5                      142.873597
  6                        0                        0.47999999999999998224   4                      258.898844
  5                       -1                        0.52000000000000001776   5                      142.806277
  6                        0                        0.48999999999999999112   4                      258.309772
  5                       -1                        0.51000000000000000888   5                      142.564904
  6                        0                        0.5                      4                      258.507168
  4                        0                        0.75                     5                      121.486465
  5                        0                        0.23999999999999999112   5                      138.263782
  5                       -1                        0.86999999999999999556   6                      222.844815
  5                       -2                        0.5                      4                      377.306189
  5                       -0                        1.1999999999999999556    5                      130.459250
  6                       -1                        0.39000000000000001332   6                      183.562200
  4.5                      1                        0.70999999999999996447   4.5                    282.173278
  4.8799999999999998934   -1                        0.56000000000000005329   4.8799999999999998934  139.838122
  4.6200000000000001066    1                        0.66000000000000003109   4.6200000000000001066  292.183359
  4.8200000000000002842   -1                        0.57999999999999996003   4.8200000000000002842  138.419589
  4.6799999999999997158    1                        0.64000000000000001332   4.6799999999999997158  297.347924
  4.7900000000000000355   -1                        0.58999999999999996891   4.7900000000000000355  137.929092
  4.7099999999999999645    1                        0.63000000000000000444   4.7099999999999999645  299.912883
  4.7699999999999995737   -1                        0.5999999999999999778    4.7699999999999995737  137.694041
  4.7300000000000004263    1                        0.61999999999999999556   4.7300000000000004263  301.485592
  4.7599999999999997868   -1                        0.5999999999999999778    4.7599999999999997868  137.378540
  4.7400000000000002132    1                        0.61999999999999999556   4.7400000000000002132  302.033373
  4.8600000000000003197    0                        0.80000000000000004441   4.5                    98.697943
  4.8600000000000003197    0                        0.97999999999999998224   3.5                    104.235734
  4.8600000000000003197    0                        0.51000000000000000888   3.5                    103.706058
  4.8600000000000003197    1                        1.7800000000000000266    4.5                    301.222363
  4.8600000000000003197   -1                        0.25                     4.5                    121.840684
  4.8600000000000003197    1                        1.2700000000000000178    3.5                    285.781050
  4.8600000000000003197   -1                        0.5                      4.5                    122.465678
  4.8600000000000003197    0                        0.2999999999999999889    4.5                    112.015404
  4.8600000000000003197    0                        0.80000000000000004441   3.5                    100.740364
  3.8599999999999998757   -1                        0.76000000000000000888   4.5                    149.713367
  5.8600000000000003197   -1                        0.79000000000000003553   4.5                    164.490206
  4.8600000000000003197   -0                        0.81000000000000005329   4.5                    98.656789
  3.8599999999999998757    0                        0.81000000000000005329   3.5                    58.152577
  0.85999999999999998668   0                        0.81000000000000005329   0.5                    8.272917
 -8.1400000000000005684    0                        0.81000000000000005329  -8.5                    506.349719
  1.8600000000000000977    1                        0.81000000000000005329   0.5                    175.662556
  2.8599999999999998757    1                        1.8100000000000000533    1.5                    247.393036
  3.8599999999999998757   -1                        0.81000000000000005329   3.5                    121.063631
  2.8599999999999998757    0                        1.8100000000000000533    0.5                    498.316788
  1.8600000000000000977   -1                        0.81000000000000005329   1.5                    115.971999
  1.8600000000000000977    0                        0.81000000000000005329   5.5                    1876.243616
 -4.1399999999999996803    0                        0.81000000000000005329   1.5                    10154.447537
 -0.14000000000000001332  -0                       -0.19000000000000000222  -5.5                    8398.215176
  0.85999999999999998668  -0.20999999999999999223   1.6399999999999999023    0.5                    156.421430
  5.8600000000000003197    1                        0.80000000000000004441   4.5                    354.274653
  2.8599999999999998757   -0.5                      0.81000000000000005329   2.5                    39.238632
  1.8600000000000000977   -0.25                     0.81999999999999995115   2.5                    28.958913
 -0.14000000000000001332  -0.38000000000000000444   0.82999999999999996003   0.5                    35.051606
 -1.1399999999999999023   -0.56999999999999995115   0.82999999999999996003  -0.5                    81.963043
  2.8599999999999998757   -0.14000000000000001332   0.81000000000000005329   2.5                    26.201229
  0.85999999999999998668   0.5                      0.9000000000000000222    0.5                    38.142667
 -1.1399999999999999023   -0.10000000000000000555   0.93000000000000004885  -0.5                    31.237737
 -0.14000000000000001332  -0.02999999999999999889   1.0400000000000000355    2.5                    516.470053
 -0.14000000000000001332   0.07000000000000000666   0.30999999999999999778   1.5                    79.745317
 -0.14000000000000001332   0.5                      0.2999999999999999889   -0.5                    27.011590
  3.8599999999999998757    0.16000000000000000333   0.44000000000000000222   3.5                    77.042815
 -0.14000000000000001332  -0.04000000000000000083   0.81000000000000005329   0.5                    10.052190
 -0.14000000000000001332   0.40999999999999997558   0.55000000000000004441  -1.5                    71.062332
  1.8600000000000000977   -0.08999999999999999667   0.75                     1.5                    10.283070
  2.8599999999999998757   -0.64000000000000001332   1.2900000000000000355    3.5                    146.091156
  0.85999999999999998668   0.22000000000000000111   0.55000000000000004441   0.5                    10.136942
 -1.1399999999999999023    0.19000000000000000222   0.6500000000000000222   -1.5                    25.353050
 -0.14000000000000001332   0.10000000000000000555   0.68999999999999994671  -0.5                    10.674691
  1.8600000000000000977   -0.05999999999999999778   0.77000000000000001776   2.5                    24.799246
  0.85999999999999998668   0.05999999999999999778   0.70999999999999996447   0.5                    5.937174
 -1.1399999999999999023    0.20999999999999999223   0.68999999999999994671  -0.5                    11.545379
  0.85999999999999998668  -0.02000000000000000042   0.73999999999999999112   1.5                    10.073703
  0.85999999999999998668  -0.22000000000000000111   0.98999999999999999112   1.5                    28.225244
  0.85999999999999998668   0.11000000000000000056   0.66000000000000003109   0.5                    6.276985
  0.85999999999999998668   0.08999999999999999667   0.76000000000000000888  -0.5                    49.464072
  0.85999999999999998668   0.01000000000000000021   0.73999999999999999112   1.5                    10.157401
  0.85999999999999998668   0.23999999999999999112   0.40999999999999997558   0.5                    10.947055
  1.8600000000000000977   -0.38000000000000000444   0.2999999999999999889    0.5                    39.135151
  0.85999999999999998668   0.05000000000000000278   0.20999999999999999223   0.5                    2.454511
  0.85999999999999998668   0.05000000000000000278  -1.7900000000000000355    0.5                    201.695108
  0.85999999999999998668   0.05000000000000000278   1.2099999999999999645    1.5                    35.532628
  0.85999999999999998668   0.05000000000000000278   0.20999999999999999223  -0.5                    38.563023
  0.85999999999999998668   0.05000000000000000278   0.20999999999999999223   1.5                    11.877437
  0.85999999999999998668   0.05000000000000000278  -0.79000000000000003553   0.5                    17.397233
 -0.14000000000000001332   0.05000000000000000278   0.20999999999999999223   0.5                    2.246496
 -3.1400000000000001243    0.05000000000000000278   0.20999999999999999223   0.5                    1761.599556
  1.8600000000000000977   -0.94999999999999995559  -0.79000000000000003553   1.5                    84.972889
  0.85999999999999998668   0.05000000000000000278  -0.79000000000000003553  -0.5                    43.539553
 -2.1400000000000001243    0.05000000000000000278  -0.79000000000000003553   0.5                    503.319644
  1.8600000000000000977    0.05000000000000000278  -0.79000000000000003553   1.5                    38.978202
 -0.14000000000000001332  -0.94999999999999995559   0.20999999999999999223   0.5                    98.648923
  0.85999999999999998668  -0.02000000000000000042   0.20999999999999999223   0.67000000000000003997 1.544020
  3.8599999999999998757   -0.02000000000000000042   0.20999999999999999223   1.6699999999999999289  253.918908
  1.8600000000000000977   -1.0200000000000000178    0.20999999999999999223  -0.33000000000000001554 305.610730
  2.8599999999999998757   -1.0200000000000000178    0.20999999999999999223   1.6699999999999999289  88.821460
 -0.14000000000000001332  -0.02000000000000000042  -0.79000000000000003553   0.67000000000000003997 20.997450
 -1.1399999999999999023   -1.0200000000000000178    0.20999999999999999223   0.67000000000000003997 241.065318
  3.8599999999999998757   -0.23000000000000000999   0.20999999999999999223   1.1799999999999999378  523.181674
  0.85999999999999998668  -0.02999999999999999889   0.25                     0.95999999999999996447 2.914445
  0.85999999999999998668  -0.04000000000000000083  -0.27000000000000001776   0.81999999999999995115 6.209274
  0.85999999999999998668   0.04000000000000000083   0.46999999999999997335   0.57999999999999996003 2.365906
  0.85999999999999998668   0.08999999999999999667   0.2999999999999999889    0.17000000000000001221 5.512517
  0.85999999999999998668   0                        0.26000000000000000888   0.76000000000000000888 2.062530
  0.85999999999999998668  -0.02000000000000000042   0.36999999999999999556   0.76000000000000000888 1.530461
 -0.14000000000000001332  -0.05000000000000000278   0.44000000000000000222   0.88000000000000000444 12.941478
  0.85999999999999998668  -0.04000000000000000083   0.05999999999999999778   0.77000000000000001776 2.732500
  0.85999999999999998668   0.02000000000000000042   0.36999999999999999556   0.63000000000000000444 1.757293
  1.8600000000000000977   -0.05999999999999999778   0.4000000000000000222    0.91000000000000003109 11.591567
  0.85999999999999998668   0.02000000000000000042   0.26000000000000000888   0.5999999999999999778  1.808154
  1.8600000000000000977   -0.02000000000000000042  -0.63000000000000000444   1.7600000000000000089  33.671846
  1.8600000000000000977   -0.02000000000000000042   0.36999999999999999556   0.76000000000000000888 18.474309
 -0.14000000000000001332  -0.02000000000000000042   0.36999999999999999556   0.76000000000000000888 7.772527
  0.85999999999999998668  -0.02000000000000000042  -0.63000000000000000444   0.76000000000000000888 12.469102
  0.85999999999999998668  -0.02000000000000000042   0.36999999999999999556  -0.23999999999999999112 17.254545
  0.85999999999999998668   0.97999999999999998224   0.36999999999999999556   0.76000000000000000888 114.472781
  1.8600000000000000977   -0.02000000000000000042   0.36999999999999999556   1.7600000000000000089  12.738288
  0.85999999999999998668  -0.02000000000000000042   0.8499999999999999778    1.0300000000000000266  9.350480
  0.85999999999999998668   0.23999999999999999112   0.64000000000000001332   0.53000000000000002665 11.983788
  1.8600000000000000977   -0.05000000000000000278   0.4000000000000000222    0.82999999999999996003 14.548349
  0.35999999999999998668   0.02999999999999999889   0.26000000000000000888   0.57999999999999996003 1.028596
  0.60999999999999998668  -0.02000000000000000042   0.3499999999999999778    0.71999999999999997335 1.123570
  0.48999999999999999112  -0.04000000000000000083   0.23000000000000000999   0.73999999999999999112 1.410372
  0.2999999999999999889   -0.01000000000000000021   0.4000000000000000222    0.72999999999999998224 1.355584
  0.02000000000000000042   0                        0.25                     0.63000000000000000444 2.169551
  0.6500000000000000222   -0.02000000000000000042   0.34000000000000002442   0.72999999999999998224 1.202543
 -1.6399999999999999023    0.17999999999999999334   0.26000000000000000888  -0.41999999999999998446 24.520876
 -0.64000000000000001332  -0.17000000000000001221  -0.73999999999999999112  -0.41999999999999998446 8.951627
  0.35999999999999998668  -0.02000000000000000042   0.26000000000000000888   0.57999999999999996003 0.645814
 -0.64000000000000001332  -0.02000000000000000042   1.2600000000000000089   -0.41999999999999998446 56.461553
  1.3600000000000000977   -0.02000000000000000042   0.26000000000000000888   0.57999999999999996003 5.649754
  0.35999999999999998668  -0.02000000000000000042  -0.73999999999999999112   0.57999999999999996003 13.300538
  0.35999999999999998668  -0.02000000000000000042   0.26000000000000000888  -0.41999999999999998446 6.118817
  0.35999999999999998668  -1.0200000000000000178    0.26000000000000000888   0.57999999999999996003 102.951916
  0.35999999999999998668  -0.17000000000000001221   0.26000000000000000888   0.57999999999999996003 2.557911
  0.07000000000000000666  -0                        0.44000000000000000222   0.17000000000000001221 0.970745
  0.05000000000000000278   0.02000000000000000042   0.32000000000000000666   0.2999999999999999889  0.251323
 -0.25                     0.02999999999999999889   0.2999999999999999889    0.08000000000000000167 0.468529
 -0.19000000000000000222   0.04000000000000000083   0.28999999999999998002   0.10000000000000000555 0.379998
 -0.22000000000000000111  -0.01000000000000000021   0.4000000000000000222   -0.01000000000000000021 1.394197
  0.22000000000000000111   0.02000000000000000042   0.28999999999999998002   0.42999999999999999334 0.391815
  0.14999999999999999445   0.02999999999999999889   0.14000000000000001332   0.54000000000000003553 1.237167
  0.08999999999999999667   0.01000000000000000021   0.36999999999999999556   0.26000000000000000888 0.389291
 -0.28000000000000002665   0.07000000000000000666   0.38000000000000000444  -0.04000000000000000083 1.318991
  0.2000000000000000111   -0                        0.28999999999999998002   0.42999999999999999334 0.279373
 -0.14999999999999999445   0.02000000000000000042   0.3499999999999999778    0.11999999999999999556 0.534406
  0.13000000000000000444   0.02000000000000000042   0.2999999999999999889    0.3499999999999999778  0.258041
  0.01000000000000000021   0.02999999999999999889   0.23000000000000000999   0.33000000000000001554 0.285065
  0.39000000000000001332  -0.01000000000000000021   0.28000000000000002665   0.60999999999999998668 0.757326
 -0.05000000000000000278   0.02999999999999999889   0.28999999999999998002   0.23000000000000000999 0.233288
  0.16000000000000000333   0.01000000000000000021   0.36999999999999999556   0.33000000000000001554 0.368302
  0.05000000000000000278   0.02000000000000000042   0.27000000000000001776   0.33000000000000001554 0.215017
 -0.11000000000000000056   0.05000000000000000278   0.2999999999999999889    0.17999999999999999334 0.386095
  0.11999999999999999556   0.01000000000000000021   0.28999999999999998002   0.36999999999999999556 0.225160
  0.05000000000000000278  -0.01000000000000000021   0.20999999999999999223   0.33000000000000001554 0.170105
  1.0500000000000000444   -0.01000000000000000021   0.20999999999999999223   0.33000000000000001554 3.696119
  0.05000000000000000278  -0.01000000000000000021  -0.79000000000000003553   0.33000000000000001554 12.411053
  0.05000000000000000278  -0.01000000000000000021   0.20999999999999999223  -0.67000000000000003997 6.592486
  0.05000000000000000278   0.98999999999999999112   0.20999999999999999223   0.33000000000000001554 99.218807
  0.05000000000000000278  -0.10000000000000000555   0.02999999999999999889   0.33000000000000001554 1.414260
 -0.28000000000000002665  -0                        0.11999999999999999556   0.07000000000000000666 0.244289
  0.36999999999999999556   0.02999999999999999889   0.40999999999999997558   0.56000000000000005329 0.964747
 -0.11999999999999999556   0.01000000000000000021   0.19000000000000000222   0.19000000000000000222 0.111410
 -1.1200000000000001066    0.07000000000000000666   0.13000000000000000444   0.19000000000000000222 29.634876
  0.88000000000000000444   0.5                     -0.27000000000000001776   1.1899999999999999467  46.476801
 -0.11999999999999999556  -0.02000000000000000042   0.19000000000000000222   0.19000000000000000222 0.220522
 -1.1200000000000001066    0.17000000000000001221  -0.26000000000000000888  -0.81000000000000005329 2.168792
  0.88000000000000000444   0.19000000000000000222  -0.30999999999999999778   0.19000000000000000222 11.676108
  0.88000000000000000444   0.17000000000000001221   0.42999999999999999334  -0.81000000000000005329 96.063566
 -0.11999999999999999556   0.51000000000000000888   0.32000000000000000666   0.19000000000000000222 24.954306
  0.88000000000000000444  -0.17000000000000001221   0.66000000000000003109   1.1899999999999999467  7.092637
 -0.63000000000000000444   0.07000000000000000666   0.13000000000000000444  -0.23000000000000000999 0.911087
 -0.10000000000000000555   0.01000000000000000021   0.14999999999999999445   0.17999999999999999334 0.073015
 -0.04000000000000000083   0.01000000000000000021   0.02999999999999999889   0.14999999999999999445 0.088568
 -0.10000000000000000555   0.02000000000000000042   0.08999999999999999667   0.14999999999999999445 0.067687
 -0.10000000000000000555   0.05000000000000000278   0.08999999999999999667   0.05999999999999999778 0.171318
  0.01000000000000000021   0.01000000000000000021   0.08999999999999999667   0.20999999999999999223 0.100986
 -0.17000000000000001221   0.04000000000000000083   0.08999999999999999667   0.02000000000000000042 0.090827
 -0.22000000000000000111   0.02999999999999999889   0.08999999999999999667   0.04000000000000000083 0.065136
 -0.33000000000000001554   0.04000000000000000083   0.08999999999999999667  -0.05000000000000000278 0.164708
 -0.05999999999999999778  -0.01000000000000000021   0.08999999999999999667   0.23999999999999999112 0.220200
 -0.14000000000000001332   0.02999999999999999889   0.08999999999999999667   0.08000000000000000167 0.050008
 -0.23999999999999999112   0.04000000000000000083   0.08999999999999999667   0.08000000000000000167 0.131215
 -0.08999999999999999667   0.02000000000000000042   0.08999999999999999667   0.13000000000000000444 0.044195
 -0.17999999999999999334   0.04000000000000000083   0.08999999999999999667   0.02000000000000000042 0.089217
 -0.11999999999999999556   0.02000000000000000042   0.08999999999999999667   0.14000000000000001332 0.065249
 -0.08999999999999999667  -0.01000000000000000021   0.08999999999999999667   0.13000000000000000444 0.068761
 -0.08999999999999999667   0.01000000000000000021   0.08999999999999999667   0.13000000000000000444 0.032329
 -0.08999999999999999667   0.01000000000000000021   1.0900000000000000799    0.13000000000000000444 26.803845
 -0.08999999999999999667   0.01000000000000000021   0.08999999999999999667  -0.86999999999999999556 8.317165
 -0.08999999999999999667   1.0100000000000000089    0.08999999999999999667   0.13000000000000000444 100.677922
  0.91000000000000003109   1.0100000000000000089    0.08999999999999999667   0.13000000000000000444 125.302124
 -0.08999999999999999667  -0.02000000000000000042   0.08999999999999999667   0.13000000000000000444 0.117163
 -0.08000000000000000167   0.01000000000000000021   0.13000000000000000444   0.14000000000000001332 0.028234
 -0.05000000000000000278   0.01000000000000000021   0.25                     0.17000000000000001221 0.115683
  0.02000000000000000042   0.01000000000000000021   0.11000000000000000056   0.2000000000000000111  0.067290
 -0.16000000000000000333   0.02000000000000000042   0.10000000000000000555   0.08000000000000000167 0.037850
  0.05000000000000000278   0.11000000000000000056  -0.36999999999999999556  -0.08999999999999999667 2.242501
  0.41999999999999998446   0.13000000000000000444   0.26000000000000000888   0.2000000000000000111  3.023656
 -0.14999999999999999445   0.25                     0.39000000000000001332  -0.35999999999999998668 8.426529
  0.05999999999999999778  -0.48999999999999999112   0.17999999999999999334  -0.10000000000000000555 24.324846
 -0.08999999999999999667   0.01000000000000000021   0.13000000000000000444   0.14999999999999999445 0.039196
 -0.05999999999999999778   0.01000000000000000021   0.08999999999999999667   0.08999999999999999667 0.007493
  0                        0.01000000000000000021  -0.02999999999999999889  -0.05999999999999999778 0.014667
 -0.17999999999999999334   0.01000000000000000021  -0.08000000000000000167  -0.08999999999999999667 0.008400
 -0.01000000000000000021   0                       -0.07000000000000000666  -0.05000000000000000278 0.002507
  0.07000000000000000666  -0.01000000000000000021  -0.14999999999999999445  -0.11000000000000000056 0.026489
 -0.04000000000000000083   0.01000000000000000021  -0.14000000000000001332  -0.19000000000000000222 0.028210
 -0.05000000000000000278   0.01000000000000000021  -0.08000000000000000167  -0.11000000000000000056 0.007962
  0.14000000000000001332  -0.02999999999999999889  -0.07000000000000000666  -0.05000000000000000278 0.040776
  0.42999999999999999334  -0.17000000000000001221  -0.07000000000000000666  -0.05000000000000000278 2.144439
 -0.14999999999999999445   0.01000000000000000021  -0.07000000000000000666  -0.05000000000000000278 0.006008
  0.05000000000000000278   0.01000000000000000021  -0.07000000000000000666  -0.05000000000000000278 0.026031
 -0.11999999999999999556   0.01000000000000000021  -0.07000000000000000666  -0.05000000000000000278 0.003146
  0.48999999999999999112  -0.14999999999999999445  -0.07000000000000000666  -0.05000000000000000278 1.871161
 -0.23999999999999999112  -0.2000000000000000111   -0.07000000000000000666  -1.0500000000000000444  14.115002
 -0.10000000000000000555  -0.08000000000000000167   0.93000000000000004885  -0.05000000000000000278 19.769398
 -0.39000000000000001332  -0.05999999999999999778  -0.07000000000000000666   0.94999999999999995559 38.386033
  0.14000000000000001332  -0.02999999999999999889  -0.55000000000000004441  -0.46999999999999997335 2.752433
 -0.13000000000000000444  -0                        0.02000000000000000042  -0.2000000000000000111  0.259189
 -0.11999999999999999556   0.01000000000000000021   0.02000000000000000042   0.08000000000000000167 0.034435
 -0.07000000000000000666   0.01000000000000000021  -0.05999999999999999778  -0.05999999999999999778 0.001185
 -0.25                     0.04000000000000000083  -0.02999999999999999889  -0.08999999999999999667 0.047160
  0.14000000000000001332  -0.01000000000000000021   0.08999999999999999667   0.14000000000000001332 0.015397
 -0.11999999999999999556   0.01000000000000000021  -0.23000000000000000999  -0.2000000000000000111  0.054059
 -0.07000000000000000666   0.01000000000000000021   0.01000000000000000021   0.02000000000000000042 0.002058
 -0.07000000000000000666   0.11000000000000000056   0.08999999999999999667   0.4000000000000000222  2.027505
 -0.56999999999999995115   0.01000000000000000021  -0.05999999999999999778  -0.05999999999999999778 0.897080
 -0.07000000000000000666  -0.08000000000000000167   0.44000000000000000222   0.27000000000000001776 1.885478
 -0.07000000000000000666   0.05999999999999999778   0.44000000000000000222  -0.47999999999999998224 5.243008
 -0.07000000000000000666   0.01000000000000000021  -0.07000000000000000666  -0.05999999999999999778 0.001905
  0.07000000000000000666  -0.00379999999999999999   0.07000000000000000666   0.14000000000000001332 0.026185
  0.01000000000000000021   0.0050000000000000001   -0.02999999999999999889  -0.02999999999999999889 0.003646
 -0.08999999999999999667   0.00880000000000000053  -0.05999999999999999778  -0.04000000000000000083 0.002344
 -0.14000000000000001332   0.01940000000000000058  -0.02000000000000000042  -0.02000000000000000042 0.004999
 -0.04000000000000000083   0.00489999999999999984  -0.05999999999999999778  -0.04000000000000000083 0.002325
 -0.04000000000000000083   0.0086999999999999994   -0.02999999999999999889  -0.02999999999999999889 0.002230
 -0.08999999999999999667   0.01450000000000000074  -0.02000000000000000042  -0.02999999999999999889 0.003665
 -0.05000000000000000278   0.00730000000000000007  -0.05000000000000000278  -0.04000000000000000083 0.001161
 -0.08999999999999999667   0.01000000000000000021  -0.05999999999999999778  -0.04000000000000000083 0.002450
 -0.05000000000000000278   0.00899999999999999932  -0.04000000000000000083  -0.02999999999999999889 0.002163
 -0.08000000000000000167   0.00970000000000000029  -0.05000000000000000278  -0.04000000000000000083 0.000959
 -0.10000000000000000555   0.01000000000000000021  -0.05000000000000000278  -0.05000000000000000278 0.000209
 -0.08000000000000000167   0.0086999999999999994   -0.13000000000000000444  -0.13000000000000000444 0.005327
 -0.07000000000000000666   0.00970000000000000029  -0.02000000000000000042  -0.02000000000000000042 0.000798
 -0.08000000000000000167   0.00850000000000000061  -0.02000000000000000042  -0.02999999999999999889 0.000593
 -0.08000000000000000167   0.00779999999999999964  -0.01000000000000000021  -0.01000000000000000021 0.000245
 -0.11999999999999999556   0.01069999999999999944   0                       -0.02000000000000000042 0.003166
 -0.07000000000000000666   0.00820000000000000069  -0.04000000000000000083  -0.02999999999999999889 0.000729
 -0.10000000000000000555   0.00759999999999999998  -0.04000000000000000083  -0.04000000000000000083 0.000764
 -0.08999999999999999667   0.00809999999999999956  -0.04000000000000000083  -0.04000000000000000083 0.000204
 -0.11000000000000000056   0.00899999999999999932  -0.02000000000000000042  -0.04000000000000000083 0.002645
 -0.08000000000000000167   0.00839999999999999948  -0.04000000000000000083  -0.02999999999999999889 0.000639
 -0.10000000000000000555   0.00880000000000000053  -0.02000000000000000042  -0.04000000000000000083 0.002278
 -0.08000000000000000167   0.00850000000000000061  -0.04000000000000000083  -0.02999999999999999889 0.000649
 -0.05999999999999999778  -0.0019                  -0.01000000000000000021  -0.01000000000000000021 0.006306
 -0.02000000000000000042  -0.0019                  -0.02000000000000000042  -0.01000000000000000021 0.002021
 -0.10000000000000000555   0.00809999999999999956  -0.02000000000000000042  -0.04000000000000000083 0.002495
 -0.08000000000000000167   0.00809999999999999956  -0.04000000000000000083  -0.02999999999999999889 0.000624
  0.11000000000000000056  -0.0019                  -0.02000000000000000042  -0.02999999999999999889 0.012621
 -0.07000000000000000666   0.0181000000000000015   -0.05000000000000000278  -0.23999999999999999112 0.201286
 -0.10000000000000000555   0.00809999999999999956   0.16000000000000000333  -0.05999999999999999778 0.251992
 -0.07000000000000000666   0.10810000000000000164  -0.04000000000000000083  -0.01000000000000000021 1.027367
 -0.05999999999999999778   0.00239999999999999979  -0.01000000000000000021  -0.01000000000000000021 0.001359
 -0.05000000000000000278   0.00510000000000000037  -0.02999999999999999889  -0.02999999999999999889 0.000021
  0.07000000000000000666  -0.00489999999999999984   0                        0                      0.000681
 -0.02000000000000000042   0.00510000000000000037  -0.01000000000000000021  -0.01000000000000000021 0.000961
 -0.08000000000000000167   0.00510000000000000037  -0.05000000000000000278  -0.04000000000000000083 0.001488
 -0.08000000000000000167   0.00510000000000000037  -0.02999999999999999889  -0.02999999999999999889 0.000922
  0.14999999999999999445  -0.02489999999999999852   0.01000000000000000021   0.02000000000000000042 0.013174
  0.02999999999999999889   0.0451000000000000012   -0.13000000000000000444  -0.01000000000000000021 0.311741
  0.05000000000000000278   0.05510000000000000314  -0.01000000000000000021  -0.13000000000000000444 0.444137
 -0.02999999999999999889  -0.09489999999999999825  -0.07000000000000000666  -0.08000000000000000167 0.959959
 -0.05999999999999999778   0.00510000000000000037  -0.02999999999999999889  -0.02999999999999999889 0.000107
  0.07000000000000000666  -0.00389999999999999982   0                        0                      0.001200
 -0.04000000000000000083   0.00449999999999999966  -0.02570000000000000062  -0.02539999999999999897 0.000036
 -0.02000000000000000042   0.00139999999999999999  -0.01290000000000000001  -0.01269999999999999948 0.000037
  0.05000000000000000278  -0.01969999999999999876  -0.06310000000000000331  -0.01349999999999999985 0.034207
 -0.08000000000000000167  -0.01849999999999999908  -0.06160000000000000198  -0.08000000000000000167 0.071994
  0                       -0.02670000000000000151   0.02000000000000000042  -0.05480000000000000149 0.099456
 -0.11999999999999999556  -0.04490000000000000241  -0.02779999999999999832   0.00320000000000000015 0.330565
 -0.05000000000000000278   0.00640000000000000031  -0.02989999999999999949  -0.0297000000000000007  0.000217
 -0.03980000000000000204   0.00400000000000000008  -0.01789999999999999925  -0.01789999999999999925 0.000005
 -0.00979999999999999968   0.00069999999999999999   0.01839999999999999969   0.01839999999999999969 0.000016
 -0.01980000000000000163   0.00220000000000000013  -0.0086999999999999994   -0.00749999999999999972 0.000012
 -0.01980000000000000163   0.00150000000000000003   0.00659999999999999996   0.00689999999999999988 0.000029
 -0.01980000000000000163   0.00229999999999999996  -0.00150000000000000003  -0.00119999999999999989 0.000012
 -0.13980000000000000759   0.0240000000000000005   -0.01580000000000000154  -0.03819999999999999785 0.013619
 -0.01980000000000000163  -0.00020000000000000001  -0.0028999999999999998   -0.06790000000000000202 0.021634
  0.04019999999999999962   0.01799999999999999864  -0.06790000000000000202  -0.03209999999999999659 0.055727
  0.03020000000000000115   0.01940000000000000058   0.03209999999999999659  -0.00370000000000000016 0.056745
 -0.03980000000000000204   0.00410000000000000035  -0.02009999999999999981  -0.01030000000000000013 0.000494
 -0.00919999999999999984   0.00069999999999999999   0.01839999999999999969   0.01839999999999999969 0.000012
  0.01000000000000000021  -0.00059999999999999995  -0.01899999999999999953  -0.02999999999999999889 0.000648
 -0.03450000000000000289   0.00389999999999999982  -0.02330000000000000127  -0.02249999999999999917 0.000030
 -0.01600000000000000033   0.00150000000000000003   0.00800000000000000017   0.00820000000000000069 0.000005
  0.01020000000000000073   0.00410000000000000035  -0.00670000000000000023  -0.00740000000000000033 0.002623
 -0.06339999999999999802   0.01400000000000000029  -0.00910000000000000045  -0.00959999999999999916 0.005955
 -0.01990000000000000102   0.00899999999999999932  -0.01340000000000000045  -0.03790000000000000313 0.007925
 -0.06160000000000000198  -0.00150000000000000003   0.00209999999999999987  -0.02249999999999999917 0.008909
 -0.03980000000000000204   0.00400000000000000008  -0.01859999999999999848  -0.01779999999999999985 0.000008
 -0.02939999999999999905   0.00293800000000000007  -0.01469999999999999953  -0.01480000000000000066 0.000002
  0.00179999999999999995  -0.00026200000000000003  -0.00510000000000000037  -0.00549999999999999968 0.000002
 -0.01750000000000000167   0.00173799999999999996  -0.01580000000000000154  -0.01580000000000000154 0.000001
  0.02249999999999999917  -0.00186199999999999994  -0.01909999999999999892  -0.01880000000000000074 0.000046
 -0.01750000000000000167   0.00193800000000000005  -0.02060000000000000026  -0.02079999999999999905 0.000007
 -0.02750000000000000014   0.00273799999999999998  -0.0347999999999999976   -0.03520000000000000212 0.000028
 -0.01750000000000000167   0.00183800000000000001  -0.00270000000000000014  -0.00270000000000000014 0.000001
 -0.02750000000000000014   0.001338                -0.03579999999999999849  -0.02120000000000000009 0.001295
 -0.11749999999999999334   0.00243800000000000006  -0.01710000000000000062  -0.00679999999999999962 0.010697
  0.03250000000000000111   0.00513800000000000021  -0.02179999999999999993   0.00419999999999999974 0.010427
 -0.01750000000000000167   0.02173800000000000038  -0.01540000000000000049  -0.01880000000000000074 0.040052
 -0.01750000000000000167   0.00153800000000000009  -0.01549999999999999989  -0.01600000000000000033 0.000007
  0.0182000000000000009   -0.00186199999999999994  -0.01909999999999999892  -0.01880000000000000074 0.000021
 -0.00410000000000000035   0.00043800000000000002  -0.01290000000000000001  -0.01179999999999999973 0.000007
  0.00850000000000000061  -0.00086200000000000003  -0.00129999999999999994  -0.00150000000000000003 0.000000
  0.0326999999999999999   -0.00326200000000000014   0.00710000000000000041   0.00670000000000000023 0.000005
  0.08849999999999999534  -0.00866199999999999956   0.0422000000000000014    0.0413999999999999993  0.000131
  0.02850000000000000103  -0.00256200000000000004   0.01839999999999999969   0.01580000000000000154 0.000045
 -0.03150000000000000022   0.00313800000000000016  -0.01220000000000000077  -0.01190000000000000085 0.000003
 -0.00150000000000000003   0.00053799999999999996  -0.00689999999999999988  -0.00710000000000000041 0.000015
 -0.04150000000000000216  -0.00516199999999999992   0.01870000000000000134   0.00400000000000000008 0.009803
 -0.06149999999999999911   0.01913799999999999876  -0.00630000000000000004   0.0071999999999999998  0.017998
  0.10849999999999999922   0.00833799999999999993   0.00549999999999999968   0.01510000000000000057 0.038042
 -0.02149999999999999828  -0.01646200000000000094  -0.01280000000000000061   0.01849999999999999908 0.039587
  0.05850000000000000339   0.00553800000000000039  -0.00940000000000000037  -0.01660000000000000017 0.013533
  0.08649999999999999356  -0.00866199999999999956   0.0422000000000000014    0.0413999999999999993  0.000119
  0.00110000000000000007  -0.00016200000000000001  -0.00220000000000000013  -0.00160000000000000008 0.000002
 -0.0298000000000000001    0.00313800000000000016  -0.01220000000000000077  -0.01190000000000000085 0.000005
 -0.00610000000000000039   0.00053799999999999996  -0.00689999999999999988  -0.00710000000000000041 0.000001
 -0.01349999999999999985  -0.00096199999999999996  -0.01089999999999999997   0.00850000000000000061 0.002418
 -0.04150000000000000216  -0.00076199999999999998   0.00770000000000000025   0.00279999999999999997 0.002569
 -0.03969999999999999918  -0.00116200000000000006  -0.00730000000000000007  -0.01149999999999999981 0.002726
  0.00899999999999999932  -0.01086200000000000013  -0.00110000000000000007  -0.00139999999999999999 0.009915
  0.00979999999999999968  -0.00076199999999999998  -0.00119999999999999989  -0.00160000000000000008 0.000006
  0.0326999999999999999   -0.00361100000000000006  -0.01089999999999999997  -0.00883500000000000084 0.000063
  0.01310000000000000053  -0.00131200000000000002   0.00135000000000000007   0.00125000000000000003 0.000000
  0.00389999999999999982  -0.00022499999999999999  -0.000457                 0.00350000000000000007 0.000081
 -0.01149999999999999981   0.00193300000000000004  -0.0040270000000000002   -0.00253499999999999993 0.000072
  0.0071999999999999998    0.00291399999999999992   0.00370000000000000016  -0.00289799999999999997 0.001538
  0.02599999999999999881   0.00413800000000000019  -0.00453800000000000037  -0.00059500000000000004 0.004619
  0.00860000000000000001  -0.00098400000000000007  -0.00129900000000000002  -0.00153499999999999991 0.000002
 -0.00910000000000000045   0.00092800000000000001  -0.00612699999999999963  -0.00620599999999999971 0.000000
  0.01499999999999999944  -0.0015920000000000001   -0.0082389999999999998   -0.00842799999999999973 0.000004
 -0.00940000000000000037   0.0009810000000000001   -0.00408500000000000009  -0.00413200000000000026 0.000000
  0.01170000000000000033  -0.00073300000000000004  -0.00329999999999999998  -0.00163600000000000008 0.000033
  0.01260000000000000009  -0.00069800000000000005  -0.00116000000000000001   0.00050000000000000001 0.000046
  0.00459999999999999992   0.00113799999999999991  -0.0014319999999999999   -0.00133700000000000008 0.000255
 -0.00150000000000000003  -0.00176300000000000003  -0.00207099999999999992  -0.00055099999999999995 0.000377
  0.00860000000000000001  -0.00088599999999999996  -0.00127199999999999991  -0.00153100000000000003 0.000001
 -0.000174                 0.000013                 0.00358600000000000021   0.00350000000000000007 0.000000
  0.00172400000000000005  -0.000146                -0.00866699999999999936  -0.00879399999999999973 0.000000
  0.00125000000000000003  -0.000106                -0.00560399999999999961  -0.00572100000000000039 0.000000
  0.00859900000000000074  -0.00066500000000000001  -0.00114799999999999993  -0.00050000000000000001 0.000006
  0.01349999999999999985  -0.00098700000000000003  -0.00139700000000000002  -0.00148099999999999989 0.000014
  0.00784900000000000007  -0.00110000000000000007  -0.00229999999999999996  -0.00129799999999999989 0.000015
  0.00900300000000000059   0.00013799999999999999  -0.00158299999999999999  -0.00165599999999999992 0.000108
  0.00844899999999999991  -0.00087299999999999997  -0.00128699999999999995  -0.00151000000000000006 0.000000
 -0.00150000000000000003  -0.00176300000000000003  -0.00510000000000000037  -0.00549999999999999968 0.000367
  0.01752499999999999891  -0.00170450000000000007   0.00384549999999999996   0.00385449999999999985 0.000001
  0.01359299999999999918  -0.00134387500000000002   0.0016091250000000001    0.00151587500000000008 0.000000
  0.01322100000000000011  -0.00130943750000000005   0.00145806249999999994   0.00140893750000000003 0.000000
  0.01206600000000000034  -0.001203578125           0.00077554687499999998   0.00067395312499999996 0.000000
  0.00755199999999999969  -0.00061240999999999997  -0.00179999999999999995  -0.00133967999999999999 0.000003
  0.00989300000000000075  -0.00122867000000000007  -0.00148781999999999994  -0.00100000000000000002 0.000007
  0.01050000000000000065  -0.00071011000000000002  -0.00156966000000000007  -0.00183815999999999992 0.000012
  0.00931399999999999936  -0.00036200000000000002  -0.00104388000000000007  -0.00117883000000000007 0.000033
  0.00844899999999999991  -0.00086247086026000001  -0.00129048812316        -0.00151308402099999996 0.000000
  0.00110000000000000007   0.00013799999999999999  -0.00104388000000000007  -0.00050000000000000001 0.000008
  0.01589899999999999994  -0.00157973543013000006  -0.00037473999999999998  -0.00142704201050000007 0.000006
  0.00479999999999999958  -0.00051643385752999998  -0.0017436860154         -0.00155676050263000004 0.000000
  0.00649899999999999957  -0.00067095235890000005  -0.00153858706928000004  -0.00150892226181999992 0.000000
  0.00702399999999999986  -0.00072471426916999998  -0.0014719403019599999   -0.0015144416963600001  0.000000
  0.00764900000000000042  -0.00087427000000000002  -0.00127574000000000003  -0.00129999999999999994 0.000001
  0.00856299999999999943  -0.00088053999999999997  -0.00110000000000000007  -0.00151472999999999994 0.000001
  0.00917600000000000013  -0.00106200000000000001  -0.00131926999999999999  -0.00139492999999999995 0.000002
  0.00937600000000000065  -0.00066200000000000005  -0.00128073000000000011  -0.00134109000000000008 0.000008
  0.00835999999999999938  -0.00086011976722        -0.00150198765618000008  -0.00150430009871000011 0.000000
  0.00624840000000000031  -0.00036200000000000002  -0.00179999999999999995  -0.00183815999999999992 0.000007
  0.00702425000000000011  -0.00072471426916999998  -0.0014719403019599999   -0.0015144416963600001  0.000000
  0.00835884999999999927  -0.00083244999999999999  -0.00130434999999999991  -0.00139999999999999999 0.000000
  0.00899999999999999932  -0.00086147000000000003  -0.00128458000000000001  -0.0014712499999999999  0.000000
  0.00857159000000000046  -0.00087699000000000002  -0.00139999999999999999  -0.00149588             0.000000
  0.00854820000000000059  -0.00076199999999999998  -0.00131474000000000001  -0.00152746999999999996 0.000001
  0.00842433949999999918  -0.00084831079999999996  -0.00119996329999999996  -0.00150513280000000001 0.000001
  0.00702399999999999986  -0.00106200000000000001  -0.00110000000000000007  -0.00135389879999999992 0.000013
  0.00785100000000000034  -0.00080097279750000001  -0.00117272655638000003  -0.00151446275996999996 0.000001
  0.00823275000000000048  -0.00084533302479        -0.0014196723812299999   -0.00150684076403000003 0.000000
  0.0086999999999999994   -0.00086282630000000002  -0.00129234630000000009  -0.00146070560000000006 0.000000
  0.00850520999999999916  -0.000812                -0.00129980060000000003  -0.00150064529999999999 0.000000
  0.00855009999999999971  -0.00086220700000000003  -0.00135000000000000007  -0.00150620320000000008 0.000000
  0.00835239999999999941  -0.00086033150000000005  -0.00131545420000000004  -0.0014499999999999999  0.000000
  0.00859029000000000043  -0.00091345323699999997  -0.00123482173699999997  -0.00154354444399999995 0.000001
  0.00785100000000000034  -0.00098400000000000007  -0.00117272655638000003  -0.00154354444399999995 0.000005
  0.00862741000000000029  -0.00085248043012999995  -0.00118103406158000007  -0.00150128701049999998 0.000001
  0.00858554499999999998  -0.00087086260752999997  -0.00134525851538999999  -0.0014972317526299999  0.000000
  0.00854599999999999978  -0.00087373590000000003  -0.00130572070000000004  -0.00147999999999999998 0.000000
  0.00852910999999999947  -0.00084199999999999998  -0.00128742450000000007  -0.00148734480000000009 0.000000
  0.0084537099999999997   -0.00085018979999999995  -0.00131999999999999999  -0.00149453189999999999 0.000000
  0.00839999999999999948  -0.0008670924            -0.0012913763            -0.0014913216999999999  0.000000
  0.00850217699999999965  -0.00086207520516000001  -0.00130008113944999996  -0.00150059517045       0.000000
  0.00836999000000000076  -0.00091690118013000002  -0.00129667056157999993  -0.00148589671049999998 0.000001
  0.00847140499999999956  -0.00083822529502999995  -0.00129901809040000008  -0.00149695815263000006 0.000000
  0.00847778279999999995  -0.00086077120000000004  -0.00130999999999999997  -0.00149504460000000005 0.000000
  0.00847202719999999923  -0.00086290080000000005  -0.0012926693999999999   -0.00149                0.000000
  0.00849482719999999913  -0.000852                -0.00129864439999999998  -0.00150067179999999992 0.000000
  0.00844999999999999918  -0.00086361010000000004  -0.00129897200000000002  -0.00150649320000000009 0.000000
  0.00854605871120000041  -0.0008664402882         -0.00130074389899999992  -0.00150408639420000008 0.000000
  0.00836988999999999962  -0.00089028163012999997  -0.00129700771157999998  -0.00151985806049999999 0.000001
  0.00848930500000000081  -0.00085407040753000005  -0.0012898203028999999   -0.00149547311512999992 0.000000
  0.0084913269000000003   -0.00086700000000000004  -0.00129863815799999998  -0.0015020392           0.000000
  0.00847999999999999969  -0.00085909344399999997  -0.00129916394000000003  -0.00150125190099999997 0.000000
  0.00850473809999999913  -0.00086127279300000003  -0.00129499999999999993  -0.00149970341600000009 0.000000
  0.00849253800000000086  -0.00086314526099999999  -0.00129968806699999996  -0.00149500000000000002 0.000000
  0.00853139699999999959  -0.00085948850199999999  -0.00130750983500000002  -0.00150200548300000007 0.000000
  0.00847230570000000009  -0.00086900183271000002  -0.00127878463129999995  -0.0015167949957300001  0.000000
  0.00847367497499999962  -0.00086694417452999996  -0.00128658847347999997  -0.00151135739679000001 0.000000
  0.00850311829999999928  -0.00086169372999999997  -0.00129799999999999989  -0.0015005728749999999  0.000000
  0.00850143540000000003  -0.00085999999999999998  -0.00130036578100000007  -0.00149989522599999997 0.000000
  0.0085100000000000002   -0.00086239022099999997  -0.00130035483100000003  -0.00149927009500000008 0.000000
  0.00849711300000000058  -0.00086188734200000003  -0.00129926432500000006  -0.00149799999999999998 0.000000
  0.00848833329999999948  -0.00086402870699999997  -0.00130201506300000008  -0.001502261804         0.000000
  0.00848201384999999926  -0.00086381153157999999  -0.00130394161872000001  -0.00150223971972000001 0.000000
  0.00848769491249999966  -0.00086317684694000002  -0.00130170621404000005  -0.00150160564379000008 0.000000
  0.0084982924599999992   -0.00086300000000000005  -0.00130017085900000005  -0.00150000612700000005 0.000000
  0.00849500000000000081  -0.00086163779000000005  -0.00130012100899999997  -0.00150000433900000004 0.000000
  0.00849918620900000019  -0.00086211527199999999  -0.00129900000000000002  -0.00150000070600000003 0.000000
  0.00849997138000000048  -0.00086200405399999998  -0.00130000069299999999  -0.0014989999999999999  0.000000
  0.00850754995100000064  -0.00086124288399999996  -0.0013007074390000001   -0.00150098882799999992 0.000000
  0.00849336535000000045  -0.00086049424657999997  -0.00129886862922        -0.00150126154072000007 0.000000
  0.00849752401250000039  -0.00086096824018999998  -0.00129924017966999992  -0.00150076367928999991 0.000000
  0.00849800000000000035  -0.00086249058009999998  -0.00130008870801000005  -0.00150001262652999998 0.000000
  0.00849806345899999961  -0.00086149999999999996  -0.00130003560536999995  -0.00150000506799999995 0.000000
  0.0084997464259999999   -0.00086202578344999996  -0.00129950000000000009  -0.0015000006636100001  0.000000
  0.00849996423299999998  -0.00086200363673999999  -0.00130000065761000003  -0.00149949999999999996 0.000000
  0.00850422588199999975  -0.00086197999971000003  -0.00130037502901000001  -0.00150048164185999995 0.000000
  0.00849854852099999995  -0.00086224122558000002  -0.00130118650372999995  -0.00150030211223000005 0.000000
  0.00849870794300000044  -0.00086220973718999997  -0.00130063987778999989  -0.00150022676066999998 0.000000
  0.00849951129200000009  -0.00086206376851999996  -0.00130020000000000005  -0.00149988095277999996 0.000000
  0.00849974391600000038  -0.00086180000000000002  -0.00130002860391999989  -0.00149998297391999995 0.000000
  0.00849899999999999961  -0.00086203561385999998  -0.00129985132820000003  -0.00149993351372000009 0.000000
  0.00850053917799999982  -0.00086198079780000004  -0.00129993977530999997  -0.00149979999999999992 0.000000
  0.00850120561399999967  -0.00086211981982000003  -0.00129998029256999997  -0.00150040255958000003 0.000000
  0.00849937380350000021  -0.00086200710918000003  -0.00130060272641999999  -0.00150030576887999999 0.000000
  0.00849946695911999936  -0.00086201177775000002  -0.0013003270448100001   -0.00150022949256000001 0.000000
  0.00849984540241000008  -0.00086194532163000001  -0.0012999000000000001   -0.00150007934124999991 0.000000
  0.00850021870060999919  -0.00086189999999999997  -0.00130002525563000003  -0.00149997996186999991 0.000000
  0.00850049999999999938  -0.00086203157138999996  -0.00129991547010999998  -0.00149995418821000006 0.000000
  0.00849962547471999966  -0.00086197635142999998  -0.00129995674968000005  -0.00149989999999999997 0.000000
  0.00849981042225999954  -0.00086214675555        -0.00130020252457999997  -0.00150008650867000009 0.000000
  0.00849858842600000053  -0.00086196889338999996  -0.00130010019074999999  -0.00150009872020999998 0.000000
  0.00849907611399999992  -0.00086197186948999997  -0.00130006008688999999  -0.00150002404016000008 0.000000
  0.00850015579261000076  -0.00086199827201000002  -0.00130005000000000008  -0.00150001620565999995 0.000000
  0.00850000529014999923  -0.00086195              -0.00129999750400999997  -0.00149999919102000007 0.000000
  0.00849980000000000006  -0.00086199673879999998  -0.00130002892257999997  -0.00150003058458999996 0.000000
  0.00849994163115000076  -0.00086199904824000001  -0.00130002753956000002  -0.00149994999999999989 0.000000
  0.00850009728609000051  -0.00086205594095000002  -0.0012998960338500001   -0.00150000401873000007 0.000000
  0.00850065657678999997  -0.00086196209508000005  -0.00129996361318999998  -0.00150010674566000007 0.000000
  0.00850039880126999929  -0.00086196565916999996  -0.00129996189731000004  -0.00150005505925000001 0.000000
  0.00850004532717999958  -0.00086200152468000001  -0.00130002000000000004  -0.00150000877889999999 0.000000
  0.00849999352268999975  -0.00086198000000000004  -0.00130000177071000001  -0.00150000077724000004 0.000000
  0.00849989999999999947  -0.00086200208400999997  -0.00130000363946000002  -0.0015000119994600001  0.000000
  0.00849995236750999972  -0.00086200099266000002  -0.00130001302132000006  -0.00149997999999999993 0.000000
  0.00850010878261999933  -0.00086201539864999999  -0.00129996156851000001  -0.00149999844440000009 0.000000
  0.00850003891023000044  -0.00086197345716        -0.00130001067374000009  -0.00150007299064000002 0.000000
  0.00850001459046000052  -0.00086197985492999997  -0.00130001489019        -0.00150004224298000009 0.000000
  0.00850005000000000031  -0.00086199952925999999  -0.00130000017090000004  -0.00150000043036000005 0.000000
  0.00850000253008000028  -0.00086200016533000004  -0.00129999602884999996  -0.00149999000000000009 0.000000
  0.00849999901558999918  -0.00086199574415999995  -0.00129999              -0.00150000389083000001 0.000000
  0.0084999976869200005   -0.00086198999999999998  -0.00130000363055999993  -0.0014999983695200001  0.000000
  0.0084999507674099993   -0.00086201456124999996  -0.00130001016969        -0.00150000730928999989 0.000000
  0.00850001705743000033  -0.00086199081169000002  -0.00129999968377000007  -0.00150003077780000004 0.000000
  0.00850000088494999931  -0.00086199335693000001  -0.00130000301815000005  -0.00150001808334999996 0.000000
  0.00849999837139999923  -0.00086200217590999995  -0.00130000410874000008  -0.001500005            0.000000
  0.00849999296552000037  -0.00086199499999999995  -0.0013000009970800001   -0.00150000121335999996 0.000000
  0.00849998178036000078  -0.00086200136763000005  -0.00129999499999999997  -0.0015000031426600001  0.000000
  0.00849998000000000073  -0.00086200150127000005  -0.00130000283483000002  -0.00149999661000999995 0.000000
  0.00850004688272000021  -0.00086199995519000002  -0.00129999705934999996  -0.00149999403396999993 0.000000
  0.00850002808590999935  -0.00086200771938000004  -0.00129998946932000006  -0.00149999879107000009 0.000000
  0.00850002048617000058  -0.00086200328952999998  -0.00129999300963000008  -0.00149999868569000001 0.000000
  0.00850001000000000055  -0.00086199988646999996  -0.00130000078010999998  -0.00150000019663000007 0.000000
  0.00850000054647000007  -0.000861998             -0.0012999994628499999   -0.00149999986461000004 0.000000
  0.00849999534326000006  -0.00086199933385999999  -0.00130000199999999997  -0.00150000115370999996 0.000000
  0.00849999897329999955  -0.00086199985313000003  -0.00130000100916999989  -0.001499998            0.000000
  0.00849999513696999935  -0.00086200292653999995  -0.00129999674786999996  -0.00150000078505000008 0.000000
  0.00850000655863999977  -0.00086199777050000005  -0.00129999721808000002  -0.0015000080680000001  0.000000
  0.00849999991897999914  -0.00086199870319000004  -0.00129999862226999998  -0.00150000520350000006 0.000000
  0.00850000499999999971  -0.00086200003595999998  -0.00129999986309999992  -0.00150000007496000004 0.000000
  0.00849999980271999925  -0.00086199900000000001  -0.00129999957620000007  -0.00150000023204000009 0.000000
  0.00850000085017999993  -0.00086199952030000004  -0.00130000056852999993  -0.00149999899999999991 0.000000
  0.0084999995345099999   -0.00086200026264000005  -0.00129999900000000003  -0.00149999928965000007 0.000000
  0.0084999948125900008   -0.00086200118109999995  -0.00130000099216999996  -0.00150000140335000004 0.000000
  0.00850000397157000057  -0.00086199875702999999  -0.00130000011231        -0.00150000260747999996 0.000000
  0.00850000272199999928  -0.00086199903105999996  -0.00130000033652999999  -0.00150000145560999997 0.000000
  0.00850000039566000017  -0.00086200013388        -0.0012999997590200001   -0.00149999950000000008 0.000000
  0.00849999950614999979  -0.00086199949999999997  -0.00129999993809000003  -0.00149999987154000002 0.000000
  0.00850000105091000026  -0.00086199992680999996  -0.00129999949999999999  -0.00150000027336000003 0.000000
  0.00850000199999999956  -0.00086199986071000003  -0.0013000002507400001   -0.00149999994077       0.000000
  0.00849999704727999982  -0.00086200057859999997  -0.00130000055214999992  -0.00150000041433000003 0.000000
  0.00850000329194000072  -0.00086199901549000003  -0.00130000100392000002  -0.00150000036385000007 0.000000
  0.00850000235257999948  -0.00086199932727999999  -0.00130000050293999992  -0.00150000009529999991 0.000000
  0.00850000028229999996  -0.00086200019999999999  -0.00129999995618000001  -0.00150000014330999997 0.000000
  0.0084999989999999994   -0.00086199994404000005  -0.00129999995613000008  -0.00150000014348000005 0.000000
  0.0085000001776799998   -0.00086199996442000004  -0.00129999980000000009  -0.00149999997450999995 0.000000
  0.00849999906580000027  -0.00086200018707000003  -0.00129999995901999995  -0.00149999979999999996 0.000000
  0.00850000147422000016  -0.00086199970447000003  -0.00130000032867000001  -0.00149999993870000002 0.000000
  0.00849999847635999999  -0.00086199991962999998  -0.00129999934782000005  -0.00149999988167999997 0.000000
  0.00849999935726999944  -0.0008619999049         -0.00129999957355000006  -0.00149999989645000008 0.000000
  0.00849999981670000043  -0.00086199994329999997  -0.00129999989999999991  -0.0014999999709899999  0.000000
  0.00850000027232000049  -0.00086199989999999999  -0.00130000003388000009  -0.00150000000982999991 0.000000
  0.00850000050000000035  -0.00086200003526999995  -0.00129999993811000009  -0.00150000001804000008 0.000000
  0.00850000012200999994  -0.00086200000861        -0.00130000001517999999  -0.0014999999           0.000000
  0.00849999928897000011  -0.00086200011282000001  -0.00130000011283000006  -0.00150000010114000005 0.000000
  0.00850000066419000049  -0.00086199986715999996  -0.00129999989713999991  -0.00150000033065000003 0.000000
  0.00850000026458999983  -0.00086199994714000001  -0.00129999991260999997  -0.00150000019799000008 0.000000
  0.00850000019999999981  -0.00086199998209999997  -0.00130000001555000003  -0.00149999999291       0.000000
  0.00850000007448999985  -0.00086199999954999996  -0.00129999994999999992  -0.00150000002281000001 0.000000
  0.00849999993531000073  -0.00086199995000000001  -0.0012999999853900001   -0.00149999998019000004 0.000000
  0.00850000003012000085  -0.00086200002328000003  -0.00129999997978        -0.00149999995000000001 0.000000
  0.00849999976008000008  -0.00086200004506999995  -0.00130000006928000008  -0.00150000005409000009 0.000000
  0.00850000017249999927  -0.00086199993067999998  -0.0012999999208099999   -0.00150000009943000007 0.000000
  0.00850000015988000047  -0.00086199995015999995  -0.00129999994441000011  -0.00150000004957000005 0.000000
  0.00849999995781000085  -0.00086199998122000001  -0.00130000002000000008  -0.00149999999374999995 0.000000
  0.00850000009366000051  -0.00086199998           -0.00129999999009000004  -0.00150000000309000008 0.000000
  0.00849999989999999928  -0.00086199999006999995  -0.00129999998121        -0.0014999999967        0.000000
  0.00850000002204000064  -0.00086200000219000005  -0.00129999999767000003  -0.00149999997999999989 0.000000
  0.00850000002649000004  -0.00086200004652000001  -0.00130000001102999999  -0.00150000002646000002 0.000000
  0.00850000007478000051  -0.00086199994254999998  -0.0012999999956900001   -0.00150000004795999993 0.000000
  0.00850000006360999982  -0.00086199996273000001  -0.00129999999170999996  -0.00150000002347000006 0.000000
  0.00850000004999999954  -0.00086200000179999996  -0.00130000000198000009  -0.00150000000758000003 0.000000
  0.00849999999228999957  -0.00086199998999999996  -0.00130000000107999996  -0.00150000000412999998 0.000000
  0.00849999999133000013  -0.0008620000011         -0.00129999998999999998  -0.00150000000464       0.000000
  0.00849999994999999994  -0.00086200000637000004  -0.00130000000700999994  -0.00150000000984999997 0.000000
  0.0085000000163800004   -0.00086200000072999996  -0.00129999999992999994  -0.00149999997379999996 0.000000
  0.00849999995370000032  -0.00086199997346000001  -0.0012999999979800001   -0.00150000001676999992 0.000000
  0.00849999997077999919  -0.00086199998063999999  -0.00129999999790000008  -0.00150000000758000003 0.000000
  0.00849999999475999947  -0.00086199999739000003  -0.00130000000019000008  -0.00149999999500000005 0.000000
  0.00850000001080999934  -0.00086199999500000005  -0.00129999999992999994  -0.00150000000189999994 0.000000
  0.00849999999936000041  -0.00086199999993999995  -0.00129999999499999996  -0.00149999999988999991 0.000000
  0.00850000002000000053  -0.00086200000183999997  -0.00129999999986999998  -0.00149999999772000006 0.000000
  0.00849999997506999984  -0.00086200000583000003  -0.00130000000500999995  -0.00150000000548999998 0.000000
  0.00850000006681000085  -0.00086199999007999998  -0.00129999998952000004  -0.00149999999831999993 0.000000
  0.00850000003761000079  -0.00086199999414999996  -0.00129999999389000006  -0.00150000000121000001 0.000000
  0.00850000000059999983  -0.00086200000111999995  -0.00130000000199999993  -0.00150000000186000003 0.000000
  0.00849999999556000016  -0.00086199999800000004  -0.0013000000006299999   -0.00150000000058000005 0.000000
  0.00849999998999999978  -0.00086200000079000004  -0.00129999999845000001  -0.0015000000013100001  0.000000
  0.00849999998999999978  -0.00086200000079000004  -0.0013000000014100001   -0.00149999999814000003 0.000000
  0.00850000002384000003  -0.00086199999929999997  -0.00129999999750999998  -0.00149999999810999994 0.000000
  0.00849999998245999991  -0.00086199999432000005  -0.00129999999769000009  -0.00150000000067999992 0.000000
  0.00849999999185000084  -0.0008619999962         -0.00129999999823        -0.00149999999994000007 0.000000
  0.00850000000499999929  -0.00086199999982000002  -0.00129999999999999994  -0.00149999999986000004 0.000000
  0.00850000000092999974  -0.00086200000025999995  -0.00129999999999999994  -0.00150000000100000003 0.000000
  0.00850000000000000061  -0.00086200000000000003  -0.00129999999899999994  -0.00150000000000000003 0.000000
  0.00850000000071000038  -0.00086200000100000002  -0.00129999999999999994  -0.00149999999971000002 0.000000
  0.00849999999335999956  -0.00086199999892000001  -0.00130000000099999994  -0.00149999999943000004 0.000000
  0.00850000000308000041  -0.00086199999917        -0.0012999999991299999   -0.00150000000374000009 0.000000
  0.00849999999980999982  -0.00086199999957000002  -0.0012999999996999999   -0.00150000000233999997 0.000000
  0.00850000000199999974  -0.00086200000000999995  -0.00130000000019000008  -0.00150000000002999991 0.000000
  0.0084999999999700003   -0.00086199999950000003  -0.00130000000004000006  -0.00150000000001000006 0.000000
  0.00849999999918000029  -0.00086200000004999996  -0.00130000000049999994  -0.0015000000001699999  0.000000
  0.00849999999987999938  -0.00086200000000999995  -0.00130000000014999996  -0.00149999999950000003 0.000000
  0.00849999999896999987  -0.00086200000043000003  -0.00129999999912000009  -0.00150000000029000004 0.000000
  0.00850000000226000009  -0.00086199999904000004  -0.00129999999949999994  -0.00150000000072000005 0.000000
  0.00850000000186999956  -0.00086199999953000001  -0.00129999999962000009  -0.00150000000046999994 0.000000
  0.00850000000099999931  -0.00086199999987999999  -0.00130000000005000009  -0.00150000000002999991 0.000000
  0.00850000000079000062  -0.00086200000015999997  -0.00129999999979999998  -0.00149999999988999991 0.000000
  0.00849999999972000063  -0.00086199999983000005  -0.00129999999979999998  -0.00150000000003999994 0.000000
  0.00849999999987999938  -0.00086199999993000003  -0.00130000000003000003  -0.00149999999980000008 0.000000
  0.00849999999860999965  -0.00086200000019999998  -0.00130000000032000004  -0.00150000000024000011 0.000000
  0.0085000000006999997   -0.00086199999976999998  -0.00130000000021999996  -0.0015000000005999999  0.000000
  0.00850000000048999928  -0.00086199999983000005  -0.0013000000001999999   -0.00150000000032999995 0.000000
  0.00849999999957000082  -0.00086199999997000004  -0.00129999999998999991  -0.00149999999989999994 0.000000
  0.00850000000013000079  -0.00086199999990000005  -0.00129999999999999994  -0.00150000000001000006 0.000000
  0.00849999999995999962  -0.00086200000000000003  -0.00130000000010000003  -0.00150000000000000003 0.000000
  0.00850000000049999996  -0.00086200000001999998  -0.00130000000000999997  -0.00149999999990999998 0.000000
  0.00849999999984000013  -0.00086200000011000004  -0.00129999999990000007  -0.00150000000017999993 0.000000
  0.00849999999852000046  -0.00086199999990000005  -0.00130000000028999995  -0.00149999999981000011 0.000000
  0.0084999999991399993   -0.00086199999990000005  -0.00130000000022999999  -0.00149999999987000007 0.000000
  0.00850000000020000035  -0.00086199999999        -0.00129999999999999994  -0.00150000000000000003 0.000000
  0.00849999999979999914  -0.00086200000000999995  -0.00129999999999999994  -0.00150000000000000003 0.000000
  0.00850000000063000014  -0.00086199999999        -0.00129999999983000008  -0.00149999999996999994 0.000000
  0.00850000000036000083  -0.00086199999999        -0.00129999999986999998  -0.0014999999999500001  0.000000
