  0.5                      0.5                      0.5                      0.5                      0.5                    56.520118
  0.5                      0.5                      0.5                      0.5                      0.5250000000000000222  58.495594
  0.5                      0.5                      0.5                      0.5250000000000000222    0.5                    57.055250
  0.5                      0.5                      0.5250000000000000222    0.5                      0.5                    57.055250
  0.5                      0.5250000000000000222    0.5                      0.5                      0.5                    57.055250
  0.5250000000000000222    0.5                      0.5                      0.5                      0.5                    55.091425
  0.51000000000000000888   0.51000000000000000888   0.51000000000000000888   0.51000000000000000888   0.4749999999999999778  54.653038
  0.51500000000000001332   0.51500000000000001332   0.51500000000000001332   0.51500000000000001332   0.4500000000000000111  53.024081
  0.51600000000000001421   0.51600000000000001421   0.51600000000000001421   0.48099999999999998312   0.47999999999999998224 54.312817
  0.52239999999999997549   0.52239999999999997549   0.48739999999999999991   0.49840000000000000968   0.47199999999999997513 53.263141
  0.5313600000000000545    0.49636000000000002341   0.50736000000000003318   0.49775999999999998025   0.46079999999999998739 51.905246
  0.54703999999999997073   0.48204000000000002402   0.51104000000000004977   0.49664000000000002588   0.44119999999999998108 49.615627
  0.55017599999999999838   0.51417599999999996641   0.51177600000000000868   0.49641600000000002391   0.43728000000000000203 49.459531
  0.57526399999999999757   0.52126399999999994961   0.51766400000000001302   0.4946240000000000081    0.40592000000000000304 46.037357
  0.54528160000000003294   0.52268159999999996845   0.51884160000000001389   0.49426560000000002715   0.39964800000000000324 47.700025
  0.5659942399999999818    0.50935423999999995814   0.50397824000000002176   0.51857184000000000612   0.3875071999999999961  46.215854
  0.57703193600000002306   0.49773593599999998993   0.53920953599999998929   0.50924057599999994483   0.36171007999999998939 44.521660
  0.60434790400000004684   0.48540390399999999715   0.56511430399999995622   0.51466086399999999568   0.30656512000000002427 41.579728
  0.62017109759999999863   0.49329749760000002334   0.53165525759999998634   0.49250492159999997854   0.32633612800000000309 39.535557
  0.67275664639999999128   0.4824462464000000006    0.53998288640000002836   0.48125738239999998891   0.26450419200000002684 34.370629
  0.63841775615999996063   0.52641999616000001438   0.54719241216000003014   0.5047118745599999956    0.2644578047999999737  36.780928
  0.67743061862400000273   0.48727375462400002171   0.55073113702400000591   0.51126478438400002613   0.25193372671999997303 35.379290
  0.70129253007360004002   0.49176892047359999083   0.5842956558335999917    0.48403572213759998855   0.2098451374080000098  32.897661
  0.76894167511040001362   0.48297626071040000717   0.62445436375039997667   0.46676766320640000751   0.12101410611200000278 31.339386
  0.76949384011776000847   0.46454406475776000018   0.6133260413337600081    0.49684102742016000853   0.07746997985280000554 33.669098
  0.80646831056486001366   0.49206022506086000146   0.58516043226726000004   0.4696762287882200182    0.08518680379392000457 29.174341
  0.90752851384730004458   0.49538838559129999561   0.59518349640089995845   0.44718391118234002146  -0.02550235430911999834 35.722411
  0.83961868016680996085   0.43730022446120997426   0.6182695321501699981    0.4656109599195100146    0.05558571859149000205 36.475267
  0.7893184491651099588    0.45958016738591001005   0.60050025215263003187   0.47538618857962999797   0.1078037401436199999  32.189148
  0.84536094991925003761   0.46536903110196997657   0.63463845333762003431   0.44470661177375997442   0.01045780204094000007 34.638075
  0.80337836709543997138   0.47084521198248002749   0.61366162425921999546   0.46134615492631997347   0.07082678321070000338 31.577412
  0.90228361042143001569   0.46555612555895997673   0.6748581991053099749    0.46674952276829001496  -0.07958362675478000692 46.060490
  0.73013838740535996763   0.47822371618974002239   0.573701714576330013     0.47763041749207002518   0.17848223731130000158 31.223111
  0.78980423561871004878   0.48893016777400000183   0.58566531346857997331   0.443481633776899975     0.14785548837581999337 28.300291
  0.79995943336917996191   0.50112321928211001065   0.57183494953598001942   0.41680193695526002173   0.18304824263732000222 26.451553
  0.77423602025298998708   0.51051128590433003662   0.58702498160304994457   0.44150277196768000776   0.14761952908247999439 26.998537
  0.74851916358568004739   0.51511267087650003393   0.56320895243399005103   0.44760545243753002698   0.21531358436410999446 28.012327
  0.77478685096082999806   0.51583618621502003165   0.52791804841624001554   0.43451905984990002452   0.20284605276365000326 25.302083
  0.77770943888604004979   0.53226614896732005189   0.47964989074917002698   0.41839475817165999727   0.2437620260894799995  23.647092
  0.83261855925813998969   0.54220570384670996322   0.54104996805945004823   0.39996204183606998139   0.17148983707561998857 21.705352
  0.8838586451845299452    0.57419669767518999315   0.52472409480101001034   0.36112785400807001501   0.16799363695778998795 18.775531
  0.78724476994651004791   0.56122378402132000463   0.5054167153820200431    0.36449688062786000931   0.29790800385854998567 23.163364
  0.86068415947001997157   0.55661578346360995884   0.50425130039449994612   0.35332422825468001726   0.20081899108613998628 19.214574
  0.86954655848952000508   0.57965896745948997104   0.4473257987420199977    0.32415549123933001807   0.28979283116922999186 19.052286
  0.87165799542147004431   0.62046133335265996056   0.41271217049150998868   0.31179774796538001214   0.29706195302715998618 16.158614
  0.90750727644760997848   0.68013039038793998703   0.33315078096926997731   0.25929565347043997958   0.35406880822206998616 16.782366
  0.93148741251877997804   0.62459647742158996842   0.47812214117524998169   0.26756612266647000764   0.25766814035007001848 17.082759
  0.97964913848722001699   0.62098791972769995517   0.44143748685970002343   0.28269169702571000924   0.18742621717760998834 20.846216
  0.93154804635204002672   0.60604688580109999929   0.45743229399028001447   0.30314299292625002114   0.21504666384783999167 17.418475
  0.93455530371651995836   0.64536836122039997754   0.42387529928553002723   0.27379185526751997903   0.29020629905470002319 16.523683
  0.95169640278781997278   0.64860893472889002975   0.47142060115541001286   0.28281513789415002602   0.20139784612579000878 14.878275
  0.99277132493695996462   0.68308391836357995608   0.48346800236211001645   0.26214496122155001023   0.15720035360407999536 15.596371
  0.96451941913411998186   0.68383609933467004449   0.37270090763817997903   0.21451768867984000178   0.33655872400442998771 18.146905
  0.94435422564672000245   0.65642624891979994839   0.41070670442889001261   0.25117023001189997533   0.29441745224276999471 16.162083
  0.92195248968447995885   0.67213765645624001799   0.42130247262435999156   0.25171344459591998843   0.32125401247236001767 15.099194
  0.91819915438401999985   0.67260453644961004649   0.37788475801902998708   0.28094924362748002755   0.30406688481903998422 14.663334
  0.91155502531665000276   0.6966085659636099825    0.32776606644091998977   0.28764080410797998599   0.32726625705353001861 15.953975
  0.90858880345327996952   0.66272712274248002373   0.41373538340214999209   0.27758646637041001215   0.27707296042015000515 13.100535
  0.89560555332167002263   0.67140650350352004683   0.40866542546045997453   0.27948377192186002471   0.27050629110287000012 12.000741
  0.8792904125930599557    0.65766133687657002405   0.42608746667142000097   0.3115335083900199753    0.26329734277611999138 12.973300
  0.95503960968695000844   0.70850625385327004047   0.42943211908076001082   0.25080029460638997296   0.24714699789131000518 11.478761
  0.9967304168196899905    0.75252871410358002091   0.43779209337538999014   0.22030156792690000489   0.22218952032339001068 12.008716
  0.91797996342493004551   0.67137736970850003804   0.42409367553047000454   0.31051933798003999998   0.19331213261369001311 10.689747
  0.91599370029515003733   0.67099722633463998456   0.42548927698353000704   0.33992228467210000575   0.12934119268436000683 10.202885
  0.87395496932451999239   0.70386140807815000819   0.35560301733067001262   0.30226050339298998759   0.28434563758369002517 13.350365
  0.88975454370452000674   0.69236855500884997294   0.44022616419171001212   0.31265090156586000658   0.17378809999629998839 8.423774
  0.87553223836477001019   0.70225056428846999168   0.47139686727803997712   0.3285017305350599881    0.10864870758493000436 7.224990
  0.93462963638011997691   0.66046734586444000303   0.50882544485901004538   0.30183613265718001184   0.12323057523215000253 11.109063
  0.95142988262640004749   0.70778982066117002159   0.47143618679330001608   0.28868417736702001175   0.08825216302213000075 7.522845
  0.95744447361968998411   0.70859798089727998871   0.51396653253739998934   0.32441407601324001586   0.00814156346308000066 8.988584
  0.89897236282750003777   0.67153492136513004418   0.52701360429974997146   0.38254306589144998485  -0.06410131709664999844 12.357158
  0.94102279797208998602   0.6992634207312400374    0.45382749038551001286   0.28373598742765998582   0.16933491914432000081 8.823346
  0.92193960077112002693   0.73509225930068000654   0.42562109673210002381   0.32426716974885000377   0.07825684312738000192 6.623226
  0.91559458296661999643   0.77240471601880000829   0.38401892266865000902   0.3354826882946900235    0.05576997707498999868 8.412365
  0.94295389704648002738   0.75020039201690003061   0.50900999250700995624   0.27991897176462998686   0.05171248585238000239 3.814485
  0.9564339954221400264    0.78980197485801995061   0.55077035026874998636   0.24991731531090000118   0.0128981324363799995  1.751600
  0.9010989324429200531    0.7450812350385499494    0.43525426404568001715   0.2656284761425600216    0.17481474266297999942 5.870638
  0.90155106187885003521   0.77274292092751994954   0.48796401566163999375   0.29906356021410002155   0.01581331638919999949 3.598281
  0.87119244892551994663   0.79019776110412998094   0.47696645080117999749   0.29826712341356997893   0.06792053385822000022 5.484744
  0.94535417741145000292   0.83091589620309003195   0.47923360372570000809   0.24635572739693001321   0.03123271980473000045 2.797713
  0.90831264566123004478   0.83640365595183996383   0.54645437706907995512   0.21942571124237000846   0.04281493493322000021 1.334485
  0.90149916810629004971   0.88705935427742999      0.60687101723756997629   0.16700498198913998893   0.0250939808361499983  3.589028
  0.9320387992767600327    0.86294364857928995693   0.58130125496485995917   0.25958329888858999723  -0.10654288769427999739 2.604004
  0.98628382293465000075   0.84692547750377000781   0.58132298987482999841   0.21147112180759000677  -0.06943404751052000001 1.977871
  0.9898183144036399872    0.89405334031088001812   0.60766901469964995641   0.17563770964444999634  -0.05142577560139000026 2.278306
  0.96380085366792001      0.86113534267842994918   0.66777359102516997691   0.20005833536063000189  -0.09990857717937000337 2.323596
  0.98982105355907001876   0.82838426794189001789   0.6002948742101299473    0.16302077845779000542   0.04052075452560999907 2.515632
  0.97537548998848999648   0.83702411310124003041   0.59554646939880995227   0.1871614085654899895    0.00375484397064000013 0.894751
  0.96268885369613999003   0.82054808201187001693   0.48493168949928000533   0.21738697126768999346   0.07535181247069999699 2.460180
  0.96352285367498002877   0.85098852751178999387   0.62206311564369998202   0.20439049433740000272  -0.05609347976685000181 0.743331
  0.92615320866896000407   0.77040415925978000811   0.55079390620241996945   0.25330871086105000156   0.02500192922654000116 1.689180
  0.90563545443167003945   0.78692349476930001373   0.56492829755827000948   0.23421033431929000335   0.08078459183048999903 1.557392
  0.91516586554798995401   0.84289560537955998676   0.6011441160801600514    0.18948134841934000105   0.02560699564123999905 0.703757
  0.89453180061091996933   0.86944242064032994932   0.6263309989858699689    0.15926336497356000099   0.03196142724366000248 3.292084
  0.94105171505277995792   0.89128999942570996673   0.62126064409758996465   0.16055900789250998617   0.01374522541695999932 1.729578
  0.92987783526491996078   0.800625619301259972     0.56841059067621002576   0.23012128511891000171   0.02218775327413999993 0.537090
  0.97126642162336995767   0.88025151372898002844   0.60851916998890998034   0.17802176475410999568  -0.06547617260952999507 1.401386
  0.95485867982545002963   0.85691950898905999701   0.59762145188125004314   0.19206890714541000054  -0.02891098149952999949 0.296180
  0.9872076440595000113    0.83897769376132003138   0.64745992040296995729   0.18186366619225000085  -0.05619688228536000307 3.030820
  0.92803639526079995115   0.83704716540420998072   0.57170576290255004093   0.21003519997983999268   0.01806198062856999992 0.231185
  0.90120916184116994785   0.83836645753311000995   0.58883154547474003682   0.22327748543486999888  -0.01141393665960999983 1.228530
  0.95683390795166001208   0.83735969920921005105   0.59386773841778994765   0.19619042778283998785  -0.00003735118692       0.179065
  0.91038621986534995489   0.81895051180153000114   0.55103674833948002032   0.20276837304114000982   0.07085683850985000087 0.939329
  0.95023869522256998454   0.84297902358423004721   0.60430652381765004311   0.20398496401332999461  -0.02435590019768000061 0.163795
  0.97277233986217004347   0.82707680121562998643   0.57322071099801996663   0.2234789651967900026   -0.03082879523381000172 1.178981
  0.92956748412653000813   0.83894090433858004019   0.59416326480962999845   0.19798075261369998956   0.01149804792247999946 0.149119
  0.95793622968988001443   0.88467290130886000465   0.61625530605533995754   0.16998281549513999389  -0.03168543500736999835 1.128633
  0.93689243387115994643   0.82163743980315995241   0.5803717695209900107    0.21508666771296999776   0.00871945620376000062 0.108691
  0.92576888674764001852   0.81426618394670002843   0.58014457190618995419   0.2172422976956600027    0.03446547484760999897 0.317940
  0.94758623155599996934   0.84625617772846994935   0.59325223188748998915   0.19836225478297001001  -0.01306686741273999953 0.075610
  0.96041110583037003767   0.83782213246125003536   0.61467884847886999911   0.19460682678248000799  -0.02495902649701000134 0.549029
  0.93613007290318994702   0.83724090716846999438   0.58244903429662997496   0.20617810668049998957   0.00730672884717999994 0.042138
  0.92333205912011995231   0.83746208183994996777   0.58794939131516998909   0.21244667053854998651  -0.00392206266788000003 0.285250
  0.9484584457437800209    0.83738529486690005399   0.59238815164212998976   0.20025448847176999245  -0.00100852905716000002 0.044356
  0.92921517205768999759   0.82960526597799999493   0.57274325704509998491   0.20315994409143001143   0.02973543479909000059 0.148769
  0.94974545832620005381   0.82990912987942000445   0.57431851294730995594   0.21123583208216001328   0.00117644142957000009 0.129429
  0.95830988490243995681   0.83936631380057002971   0.59636862307271998329   0.20928699580071999375  -0.0284845427948499999  0.312469
  0.93648885026887995764   0.83204552793363995011   0.57864959855201003602   0.20469170701875000207   0.01518044040060999994 0.032605
  0.93247695541099995253   0.83991700912083999686   0.59652580141238997768   0.19859345778462000887   0.00567605016309000003 0.110139
  0.93679408113980000561   0.83741503931048000275   0.59097397929611994449   0.20175405135901000597   0.00455114797970999994 0.032316
  0.94529063877349994716   0.85449973900001996441   0.59471342874875998685   0.18940957561223001338  -0.00353428790071999999 0.152408
  0.93899198509674997037   0.82985301460238003468   0.58395718432792997898   0.20866739468778999766   0.00565602017764000025 0.029950
  0.93115914250496001348   0.8233197358242799746    0.57811494735844004556   0.21025604450415999458   0.0257411907519300015  0.126446
  0.94347945929323995262   0.84052206725241995766   0.5894679107552299735    0.20133570221326999028  -0.00336485287156999997 0.019617
  0.92829533373696004883   0.83344532764005996306   0.57781093124904003844   0.20879629631196000572   0.0127403228705899995  0.144123
  0.94341766774208002388   0.83640030306018997575   0.58874384654386002769   0.20238994043181998683   0.00242868392478000003 0.009314
  0.94353874451311003924   0.8332534736951699994    0.5902679734934299649    0.20135741160376000036   0.00247384699729000018 0.026614
  0.94599992484510997404   0.83893203123462001258   0.59871475921462002923   0.20151009309951001258  -0.01048250191746999925 0.067606
  0.9388666189129399875    0.83376715375887999748   0.58366588871766000857   0.2038963035389400047    0.00876470482108999971 0.011790
  0.94652370908344996003   0.83210336563714004665   0.58346714223911999575   0.20530464963121999866   0.00183221323997999992 0.042631
  0.93922648812570996846   0.83608712089213998997   0.58909727003186995731   0.20264170092705999227   0.00387141429477999999 0.013863
  0.94441960633807997549   0.84215903286114002224   0.59253997148889003821   0.19598102879814999211   0.00001349868891       0.025546
  0.94022519165171003497   0.84232079743473997624   0.5871379815215700404    0.20114045875993999402   0.00221153254590999993 0.030684
  0.94271035629776001041   0.83552030463005999561   0.58948547550047003529   0.20130317339279998889   0.0024082683844400001  0.012227
  0.93866062981061004766   0.83075974697634002997   0.58364418513075000394   0.20864569940340998988   0.00562978873250000005 0.026611
  0.94297986220620999553   0.83930921138993996866   0.59031602489934997813   0.19914719644945999555   0.00141757119980999999 0.011915
  0.93940093802063995287   0.83191157024006001652   0.5870554915220500547    0.20241562368276000417   0.0109211099215299999  0.018018
  0.94042056833878995281   0.8340641944931499463    0.58765859633035000265   0.20214564331539000563   0.00734961922325999984 0.009786
  0.9441315412734000434    0.83553734604075002856   0.58685066276481001601   0.20091120192430000913   0.00507612472656999991 0.009104
  0.94658406784725002137   0.83526245861504999635   0.58572735913127005336   0.20004595242292999568   0.00567847994246999978 0.021020
  0.94121614709160994483   0.83611097886709995208   0.58540853220194000173   0.20209294087116000394   0.00760641317375999968 0.004327
  0.94046904248853002706   0.83640631598562997784   0.58337006055268003646   0.20248782461035000346   0.0102054855684299995  0.007882
  0.94024115513731998384   0.83104277909808998981   0.58261498572409997632   0.20542721558318000064   0.01107264714797000053 0.017561
  0.94229518543899004612   0.83724260331697997195   0.58839076510554000343   0.20071720123288999682   0.0038313401868499998  0.006295
  0.94572582504100999312   0.83797501655239003959   0.59115507246094001204   0.19940646757127999944   0.00175216767299999992 0.018870
  0.94058142044495995915   0.8348191194572599505    0.58553818465347995392   0.20277384454703001326   0.00701157053406999999 0.006239
  0.94423621645763000654   0.83797994580376000684   0.58631420017750002227   0.20140840828748998725   0.00303203379515000005 0.007717
  0.94156653654055999514   0.83627569433415005484   0.58425709141744996966   0.20077149831332999352   0.00819430904177999991 0.003867
  0.94064097093979004427   0.83621338997113003888   0.58201371385423994465   0.19996227725408000087   0.01107712160027999986 0.007550
  0.93982666111610002613   0.83743399067095003474   0.5851128466575500342    0.20219435537645999434   0.00679414196607000011 0.010015
  0.94305532123407997958   0.8360115071982999746    0.58641620873800004432   0.20123199028734001237   0.00550562903644999987 0.005139
  0.93924962784245003      0.83420401546575995155   0.58569011266906001456   0.20162658181320999851   0.00982767099400999947 0.009835
  0.94298956930384003616   0.83703596321925999302   0.58615817830038996483   0.20146295166892000394   0.00473094309487000035 0.004675
  0.94146841240703005305   0.83485870191345001867   0.58272051301895999575   0.20261608904222000449   0.00938820576551999998 0.005882
  0.94353697418588999835   0.83729801875564002778   0.58444602481721996678   0.20049634352615999799   0.00715862951088000032 0.004728
  0.94347740693535997458   0.83823416303633002666   0.58795390117103996097   0.19980620082454000896   0.00389016377757999982 0.006415
  0.94197066103910997992   0.83570256719417002067   0.5840288600569799593    0.20191361698779999867   0.00801369526852999982 0.004124
  0.94145663403031998318   0.83695778174983004316   0.58330326597959003543   0.20146295025961000191   0.00877596699948000013 0.005886
  0.94265564943313995272   0.83624807583617999374   0.5856379730484000401    0.20128973028041000082   0.00632321352720999989 0.003912
  0.94062245117740994615   0.83525129302470002557   0.58575022919284003287   0.20251595172249001187   0.00678880013157999972 0.005834
  0.94280834343376995754   0.83678633732290996772   0.58477207591113000706   0.20100124557523998958   0.00706617216605999986 0.003785
  0.94109736571143998152   0.83541349820253996139   0.58348363475397002631   0.20136466114226000967   0.01015057817606999924 0.004992
  0.9425165184057400225    0.83663034696507998511   0.58548954241378003971   0.20143837903725000937   0.00608585186516999964 0.003840
  0.9433909364493200389    0.83654622979390003135   0.58426568493716002362   0.20047284720645000555   0.00666688357374000014 0.004577
  0.94175984443103999411   0.83621979159879999965   0.58512282038574003895   0.20168791745497999246   0.00737153077375999992 0.003757
  0.94255209585859001109   0.83716153122867997816   0.58608294121362003448   0.20056189127668000438   0.00600273568106000042 0.003831
  0.94182568603474003943   0.83698140474366999886   0.58465181548829003866   0.20089464238258000761   0.00756502628392000023 0.004051
  0.94244815858354002991   0.83643140806305005253   0.58539143365836998623   0.20119095830594999064   0.00663366671639000014 0.003626
  0.94326744774450999032   0.83701607173726000344   0.58648643401560995869   0.20158065834670998995   0.00506967383919999966 0.004709
  0.94199176434154996418   0.83646078868493001224   0.58481442706699005019   0.20097378832168000251   0.00741315024112999994 0.003563
  0.94210756425366004585   0.83659359579426995079   0.58498393688056005146   0.20072794133655999516   0.00770905036618999961 0.003444
  0.94190308717760995449   0.83657522020885999314   0.58473113411394994632   0.20037272248622001181   0.00852064961670000003 0.003565
  0.94189417415883003315   0.83583523735690001821   0.58395093634749994926   0.20167084912107999251   0.00847469242435000027 0.004040
  0.94238761543365001661   0.83682995776073998417   0.58554993999709004093   0.20083913073778000835   0.00662072486687999978 0.003565
  0.9414696353836099485    0.83622787943780996223   0.58557294728437003783   0.20116664888753998941   0.0072330770196799999  0.003896
  0.94247366642122998304   0.8366467228516299981    0.58497229375444004251   0.20104259640332000636   0.00710789837947000021 0.003561
  0.94280366318241004553   0.83696519766304999788   0.58516199215723996296   0.2002218485871400111    0.00682226545426000038 0.003667
  0.94254270849457000292   0.83677884614699005184   0.58515219921436001371   0.2005883658040999995    0.00695958178413999973 0.003523
  0.94215316899432000053   0.83689255643237003834   0.58479768510701002349   0.20047777073542999426   0.00769049553873000016 0.003604
  0.94222691639163003163   0.83677726934004004189   0.58494612224484998642   0.20065606762805998642   0.00742628833315000028 0.003510
  0.94214943252741001345   0.83647293136639999656   0.58439765166738999458   0.20075637305971000268   0.00802566277474999965 0.003567
  0.94232806970709004357   0.83674070116216003878   0.5852618679146700531    0.20081844131825998812   0.00697195934385000035 0.003501
  0.9426798057657199692    0.83695406543311001712   0.5853121409365600325    0.20055957667443999326   0.00705676104158999961 0.003541
  0.94228035942384003043   0.83689106829899995166   0.58529021312195994575   0.20029756070124998812   0.00734155796809999976 0.003466
  0.94191444154259995614   0.83655852686387000006   0.58494159481399998768   0.20067577404084999126   0.00750661407658000015 0.003544
  0.94248846470993996594   0.83685518079080001286   0.58521950440591996578   0.20058862601603999476   0.00716922430034000035 0.003479
  0.94202984129988998063   0.83676428000752001157   0.5851284586128200349    0.20064708899597000213   0.00768765034051000027 0.003507
  0.94226680336613999334   0.83676066108145996658   0.58540747012951999118   0.2005757957191700025    0.0073254885944500003  0.003415
  0.94228674685338997818   0.83675235695216998444   0.58563814407185998956   0.20053565976473000654   0.00727508872509000006 0.003412
  0.94256664067927997674   0.83676888119184000825   0.58542900794517005458   0.2005402026587700115    0.00689910194092000027 0.003500
  0.9423638406609500251    0.83680373204906999263   0.58536245465551994815   0.20025755487267998811   0.00758564997640999959 0.003391
  0.94238172613788995235   0.83683524749253002106   0.5854127480259400107    0.19997711164988998811   0.0078924952926799994  0.003404
  0.94204414968143002085   0.8367894923622799519    0.58516869330915999292   0.20042273441773000853   0.00793312659352999987 0.003482
  0.94217477243088998407   0.8367843395696700215    0.58523377196815995482   0.20045210147799000233   0.00767462043037999992 0.003426
  0.9419968487391500167    0.83667485627487003796   0.58538390387329997111   0.20031970124524001164   0.00786516268613000023 0.003449
  0.94209154975137998633   0.83655248395701997666   0.58535067145779995368   0.20061962277763001339   0.00790227090557999931 0.003377
  0.94199714491513997228   0.83638319178603004467   0.58538090062572001315   0.20078065381581999826   0.00818262737431999995 0.003405
  0.9424129408409599451    0.83671974705400997685   0.58524368774026003237   0.20071745084660000402   0.00739350947532999968 0.003411
  0.94242437596136996447   0.83685146803850996022   0.5857475550768800332    0.20030501455929000665   0.00742340543893000009 0.003412
  0.94245700919633002002   0.83668757565064000303   0.58570323323276995975   0.20052201965037999565   0.00735734937815999985 0.003398
  0.94222045895982997621   0.83655489022664997201   0.58517172138639994561   0.20075590860552000594   0.00758214194530000031 0.003389
  0.94233157291039004733   0.83657501462279004745   0.58509456331723996847   0.2006133629363900106    0.00785327994721999982 0.003362
  0.94235398593888997087   0.83648634345809003143   0.58482277293993001344   0.20065221452223000465   0.00814237555828999961 0.003401
  0.94217283175058996747   0.83654973154846001826   0.58542936987963001272   0.20038993669044000145   0.00791876738573999914 0.003358
  0.94205277720541003017   0.83646472379568004296   0.5855222109493199989    0.20022617961236000017   0.00818139634094000069 0.003415
  0.94201509241693004437   0.83652676531096004098   0.58486027904587001292   0.2005325347026800098    0.00817949468593999994 0.003451
  0.94234653000148005386   0.83664737306572001252   0.58549249468604003255   0.20052464841345998825   0.00756288570511       0.003360
  0.94210133668852003019   0.83634806531919003714   0.58525307363531997584   0.20090383689669999434   0.00794208837916999914 0.003387
  0.94219706948111003886   0.83651417717861997758   0.58547634780401003329   0.20046465448032999013   0.00808957498383000052 0.003351
  0.94218537474176000668   0.83649382065460997637   0.58562866101281996212   0.2003190274177300001    0.00834329150308999942 0.003393
  0.94235448486946005175   0.83678744682984995684   0.58548430522257000064   0.20014105322260000719   0.00778862319181999972 0.003382
  0.94229119782422998686   0.83667760145218994516   0.5854264973257600202    0.20033174914112999998   0.00782698948866000083 0.003354
  0.9424441310357399848    0.83663307519009000313   0.58541703774727005261   0.20031011788707001053   0.00779832809864000002 0.003355
  0.94224913112687003203   0.83663376875123995902   0.58580213565983996205   0.20019507970857999823   0.0078253383175699992  0.003415
  0.94231096246450996023   0.83658970315489999958   0.58527145640289002237   0.20050879212944000551   0.0078462945398100007  0.003343
  0.94221994702098998964   0.83653834234397994596   0.58531578897778002712   0.20027745171790001244   0.00822909609356000001 0.003352
  0.94241249138004001829   0.83663142817945002072   0.5853334814234499861    0.20036716945190999328   0.00799734589605999996 0.003343
  0.94212853623260994773   0.83654742573356999369   0.58531239102628995763   0.2004698088812099932    0.00819739230212999936 0.003365
  0.94236523233495994578   0.83661166282596000077   0.5853908760670200051    0.20035004063560998833   0.00789809414950999947 0.003342
  0.94231108324840995305   0.83647652402096994706   0.58528868294430003161   0.20045549422494998715   0.00819717277645000061 0.003339
  0.94232102596051003918   0.83637598530537005104   0.5852197757535699818    0.2005173667668500026    0.0083822644203399993  0.003357
  0.94241878854261995624   0.83659105579998005453   0.58538854887889002487   0.20058100865100000898   0.00778229684470000023 0.003346
  0.94253035370711002461   0.83664597241387994586   0.58519287048261003914   0.20044034755682998972   0.00779890669878000042 0.003375
  0.9422803905376100353    0.83654712598743996566   0.58540547847365997924   0.20045857774945999297   0.00801690791257000067 0.003338
  0.94225327544359005483   0.83655152186751002841   0.58528744124564002771   0.20027502102555000407   0.00820002926505999929 0.003347
  0.9423774102678600384    0.83658117231686002224   0.58536327197058002358   0.20050451174464001269   0.00788672994979000043 0.003338
  0.94224554016130002143   0.83649104714300004382   0.58535442491992994984   0.20054379714173001248   0.00794073383519000066 0.003340
  0.94232090015555003415   0.83649330976279001604   0.58544963734731003679   0.20041617646911999429   0.00812956090958999976 0.003345
  0.94231344688727003422   0.83656560480687003345   0.58531600163899000222   0.20048563821435999577   0.00791711113226000081 0.003337
  0.94224591610602004277   0.83645292688410000093   0.58530026791195999269   0.20062916699444999225   0.00808536809299000014 0.003341
  0.94227574516325995901   0.83649261086955994937   0.58532291995073004731   0.2005593854047399982    0.00803854960712000084 0.003337
  0.94237769028046003417   0.83657416805768003432   0.58532411707136999812   0.20044164579352999334   0.00808185471608999922 0.003337
  0.94233879000617004618   0.83662774879438994713   0.58540403269783003459   0.20052440933773998943   0.00777928855068000039 0.003343
  0.94231800993784997633   0.83651433021432997084   0.58531752038268003435   0.2004727230031499996    0.00809270172001000029 0.003336
  0.94224870285471995501   0.83649636365749002742   0.58531114303638998031   0.20046267632146000381   0.00817212008542999961 0.003340
  0.9423452334145799858    0.83655997015201999378   0.58535023973703004252   0.20049405288884000753   0.00795807748369999936 0.003336
  0.94237165973575998112   0.83653554765273996363   0.58524684103865998175   0.20052280037239000876   0.00801840995109999975 0.003339
  0.94230320783715004751   0.83654423140376998891   0.58536581911491003538   0.20047463340519000585   0.0080172834222000007  0.003336
  0.94224456701558001459   0.83649653092094000684   0.58534488325836997458   0.20055292737297999994   0.00792763463002999977 0.003341
  0.94234440946424002927   0.83655475877350005121   0.58532930861812004775   0.20046946618839001086   0.00804329969457000075 0.003335
  0.94237397785318000043   0.83660294727063999609   0.58534863584595997477   0.20039922007523000569   0.00797283977398000054 0.003339
  0.94230030333573999712   0.83652019496982998881   0.58532934892454002718   0.20051934407235999513   0.00802212214882999999 0.003335
  0.94233101870854996118   0.83651178939851000838   0.58536089307191996323   0.20048644960881001342   0.0081362826554600004  0.003337
  0.9423266257532300072    0.83652524325059995913   0.58534967021368999873   0.20048624676019999313   0.00808148977466000007 0.003335
  0.9423506249251100142    0.8365255675403400204    0.58530461603550998362   0.20050209975999000456   0.00806179290651000066 0.003336
  0.94233877065311999477   0.83653023350620003828   0.58531991680535999656   0.20049523317129000488   0.0080506655354299992  0.003335
  0.94230601424309001768   0.83649793413375994611   0.5853080662407299517    0.20048315238931999072   0.00815803406570000077 0.003337
  0.94233542862171004728   0.83654446114745995011   0.58533969636295002381   0.20049132776396000333   0.00800806662920000058 0.003335
  0.94234020519337002852   0.83655562644471004319   0.58534965598718002866   0.20051192417933000334   0.00798955579306999918 0.003335
  0.94233465637948998772   0.83654530238711000134   0.58534162208605999833   0.20050212388529001228   0.00801534227480000042 0.003335
  0.94232235639999006871   0.83653747687166502001   0.58532932877133003746   0.200494405130375003     0.00803271092169999951 0.003335
  0.94233551760873501824   0.83654000101205006068   0.58533948941590496773   0.200477856474295002     0.00806239473461500128 0.003335
  0.94233991904297509379   0.83654960996048000066   0.58533450249053498027   0.2004803969761750071    0.00802568316188500067 0.003335
  0.94234159005868001202   0.83654249613984998923   0.58532461271173996664   0.20048234967984002175   0.00804698261499999998 0.003335
  0.94234230732880508441   0.8365551926091050472    0.58533948230265009371   0.2004906951838600071    0.00801642774381999997 0.003335
