 -1.1999999999999999556    1                      24.200000
 -1.1999999999999999556    1.0500000000000000444  20.050000
 -1.1399999999999999023    1.0500000000000000444  10.809616
 -1.0800000000000000711    1.0749999999999999556  5.161796
 -1.0800000000000000711    1.125                  4.497796
 -1.0200000000000000178    1.1875                 6.244241
 -0.95999999999999996447   1.1499999999999999112  9.058256
 -1.0200000000000000178    1.125                  4.796116
 -1.0200000000000000178    1.1750000000000000444  5.892116
 -1.0649999999999999467    1.1000000000000000888  4.381360
 -1.125                    1.1000000000000000888  7.258789
 -1.0462499999999999023    1.1187499999999999112  4.245273
 -1.03125                  1.09375                4.217625
 -1.0068749999999999645    1.078125               4.441353
 -1.0124999999999999556    1.1125000000000000444  4.813049
 -1.0518749999999998934    1.1031249999999999112  4.211291
 -1.0368749999999999911    1.078125               4.149769
 -1.0321875000000000355    1.0578125000000000444  4.135560
 -1.0528124999999999289    1.0671874999999999556  4.384003
 -1.0366406249999999822    1.0871093750000000444  4.163494
 -1.0169531249999999023    1.0417968749999999556  4.073881
 -0.99949218750000001776   1.0111328125000000888  4.012727
 -0.99503906249999996003   0.9818359374999999778  3.987015
 -0.97423828125000000444   0.92919921875          3.937381
 -0.94154296874999998668   0.88251953125000004441 3.771176
 -0.89622070312500001776   0.79487304687500004441 3.602606
 -0.87096679687500000444   0.71293945312499995559 3.708852
 -0.79294921875000001776   0.57861328125          3.466221
 -0.70230468749999996891   0.4033203125           3.706250
 -0.81820312500000003109   0.6605468749999999778  3.313800
 -0.79182128906250004441   0.63435058593750004441 3.216055
 -0.68854980468750004441   0.4180908203125        3.164913
 -0.58471435546874994671   0.22969970703125000555 3.770005
 -0.68742187499999996003   0.4738281249999999889  2.847556
 -0.63465820312499998668   0.4214355468750000111  2.706869
 -0.53138671874999998668   0.20517578124999999445 2.941069
 -0.47749511718749998446   0.20852050781250000555 2.220943
 -0.37196777343749998224   0.10373535156249999445 2.002182
 -0.47523925781249998224   0.3199951171875000111  3.062617
 -0.51734985351562001732   0.23388061523437000955 2.416394
 -0.25465942382812001288  -0.08381958007812999323 3.784477
 -0.53965850830077999323   0.29512176513672000455 2.372062
 -0.39427642822266001366   0.16497650146484998945 1.953075
 -0.33273971557617998407   0.13052444458008999328 1.815434
 -0.16504898071290000083  -0.06086196899413000294 2.133555
 -0.25870136260986997812   0.02813396453858000093 1.734814
 -0.2194733047485500077    0.05492305755617000323 1.491678
 -0.14322607040407001056   0.03051691055300000122 1.316972
 -0.0691877174377600046   -0.07187356948850999461 1.730846
  0.04628757476803999765  -0.06949062347409000473 1.422698
 -0.02775077819827000136   0.03289985656741999803 1.159504
 -0.00703230857853000008   0.08528656959538000182 1.740651
 -0.21726442337037998875   0.13290739059451001092 2.216243
 -0.01960042476657000016  -0.01889111995694000082 1.076739
  0.0958748674392300021   -0.01650817394252000053 0.883492
  0.21542533636087998761  -0.04002071619027999794 1.362551
  0.10402522087092999636  -0.06829915046687999591 1.428775
  0.0051932215690299998    0.00760010480884000007 0.995376
  0.12066851377482999685   0.00998305082326000036 0.775320
  0.19080298304553000577   0.02442013621335999835 0.669165
  0.28148462891573000633   0.00031185746200000002 1.139128
  0.07426607340570999527   0.00577804297213000036 0.856990
  0.16919418901200999894   0.0467063531280099975  0.722926
  0.28573109865182999556   0.06534844636924000416 0.536729
  0.39146361127488998877   0.09513364806780000293 0.707995
  0.30733989268535000239   0.04306222945458999807 0.743929
  0.20373061493034999581   0.04579532220965999711 0.635885
  0.2986587305366499856    0.08672363236553999599 0.492491
  0.35258660428221000327   0.11787538044162999828 0.423294
  0.43458708800369000302   0.13742850460121000533 0.584273
  0.37687296973535999722   0.11452020900331999487 0.463984
  0.44372847536574000493   0.16704714307571000287 0.398527
  0.52272716372270000562   0.21789649142893999234 0.534121
  0.41944210991259001098   0.17040231451401999241 0.340105
  0.44072668000121001386   0.19834336726936999118 0.314470
  0.53186855108473996001   0.24751512990345000964 0.344244
  0.52886675572021002445   0.27881135409710999795 0.222046
  0.57143589589745003021   0.33469345960780999549 0.190317
  0.48029402481391997304   0.28552169697372997703 0.570830
  0.5189749195170400009    0.25701677167101999455 0.246559
  0.64968413541327996175   0.39336686400946002662 0.205220
  0.70214511179368999105   0.47104355194625002756 0.136960
  0.79373020793201998213   0.57805694208387004007 0.312435
  0.6238968722778599485    0.41237014754459999644 0.194920
  0.63034368806172003108   0.40761932666082001386 0.147226
  0.76105290395795999192   0.54396941899925999042 0.181226
  0.71364865194283000349   0.49165042915140000357 0.113128
  0.78545007567479996347   0.55507465443683001727 0.428663
  0.66912028496498998642   0.44448315860482001671 0.110530
  0.68062382511412999886   0.46509003580996999272 0.102340
  0.66986318177435000276   0.4621132777418299753  0.126937
  0.63609545813628998179   0.41792276526339000586 0.150130
  0.69426035349119996631   0.47321851317940000214 0.101184
  0.70576389364033997875   0.49382539038454997815 0.088404
  0.72408569797801003443   0.51849650627441001838 0.079497
  0.73772222635508000188   0.5266249836438400278  0.099798
  0.76754757084188995897   0.57190297673885004404 0.083709
  0.75391104246481999152   0.56377449936942003461 0.062683
  0.76200545051969004184   0.5823492572322099825  0.056929
  0.71854357765581000628   0.52894278676776995685 0.095189
  0.7552965725453699708    0.56116292924608002224 0.068547
  0.79321632508704997822   0.62501568020387998637 0.044504
  0.82778163864156995011   0.67827526716861996636 0.034485
  0.83449051661589002116   0.69946159515475003765 0.028346
  0.87408748865115004634   0.76861092810908004935 0.017953
  0.9398636767730299546    0.86453693804549003321 0.038986
  0.89539912020969003592   0.79399001784217004829 0.016947
  0.94170497021927002113   0.88432567878263002026 0.004015
  0.99866663600812000112   0.98735088458964004321 0.009970
  0.96301660177781001071   0.9097047685157200192  0.032683
  0.89631976693282000568   0.80388438821074004181 0.010774
  0.94262561694239999088   0.89422004915120001378 0.006515
  0.98801082022885000633   0.97466133972308999223 0.000370
  1.0338563468768700027    1.0600498154792599159  0.008906
  0.98709017350572003657   0.9647669693545199987  0.009344
  0.95374175608322997455   0.91185677920203001001 0.002639
  1.0000476060928100708    1.002192440142489982   0.000440
  1.0343166702384301026    1.0649970006635500752  0.003495
  0.97388548462202995104   0.9501418345674099708  0.000967
  1.014172941699629904     1.0267119452981698924  0.000538
  1.0041010774302299158    1.007569417615479912   0.000059
  0.99206429156626996235   0.98003831719608003326 0.001788
  0.99805177746118001192   0.99665390940589004831 0.000034
  1.0141420346625600324    1.0295619872982799681  0.000316
  1.0076092310541300279    1.0158368254044800594  0.000089
  0.99454362383728001085   0.98838650161689001195 0.000083
  0.9978100256414900171    0.99524908256378996629 0.000019
  0.99176072567244000222   0.9843335743541999916  0.000123
  1.0010159894907799671    1.0017604568001599041  0.000008
  1.0007742376710899723    1.0003556299580600442  0.000143
  0.99873239251365997227   0.99757933954392996601 0.000003
  1.0019383563629500333    1.0040907137802999038  0.000008
  1.0009062736825800055    1.0018803059761700602  0.000001
  0.99862267670546001064   0.99769918871994001108 0.000022
  1.000417661294449978     1.0007451397801099269  0.000001
  1.0025915424633700113    1.0050461062123499101  0.000009
  0.99969718000108998002   0.99944603121104003129 0.000000
  1.0001857923892198965    1.0005811974070999426  0.000004
  1.0003596940681400707    1.0007041541868599843  0.000000
  0.99915060038665004516   0.99826987942172995538 0.000001
  0.99958951871062995398   0.99917248606034003711 0.000000
  1.0004673553586000967    1.0009776993375600895  0.000000
  1.0002478961966099202    1.0005263960182599892  0.000000
  0.999643349355859967     0.99930925863568997869 0.000000
  1.0000284370346150808    1.0000750926989501188  0.000000
  0.99980897787262001941   0.99962378937965001846 0.000000
