  1                        1                        1                      41.697912
  0.9000000000000000222    1.1000000000000000888    1.1000000000000000888  29.158780
  0.5999999999999999778    1.3999999999999999112    1.3999999999999999112  8.181707
 -0.2999999999999999889    2.2999999999999998224    2.2999999999999998224  5.984346
 -3                        5                        5                      199.506739
  0.4000000000000000222    1.3000000000000000444    1.6000000000000000888  3.890345
  2.5                     -1.6999999999999999556   -0.5                    121.349987
  0.2999999999999999889    2.2999999999999998224    1.6999999999999999556  0.449640
 -0                        5.2999999999999998224    2                      8.295786
 -0                        1                        2                      0.471480
  0.5                     -2.7000000000000001776    1.6000000000000000888  412.820965
  0.2000000000000000111    2                        3.7000000000000001776  3.135911
  2.2999999999999998224    2.7000000000000001776    1.8000000000000000444  62.862526
 -1.6000000000000000888    2.2999999999999998224   -0.4000000000000000222  31.522102
  2.2999999999999998224    2.8999999999999999112    3.7000000000000001776  55.538363
 -0.10000000000000000555   2.2000000000000001776    3.2999999999999998224  5.585939
  0.2999999999999999889    1.5                      2                      0.644247
  0.2000000000000000111    1.1999999999999999556    0.10000000000000000555 77.118507
  0.2000000000000000111    1.8000000000000000444    2.7999999999999998224  1.108783
  0.2000000000000000111    1.3999999999999999112    1                      6.554602
  0.2000000000000000111    1.6999999999999999556    2.3999999999999999112  0.397536
 -0                        1.8000000000000000444    2.1000000000000000888  0.646268
  0.2000000000000000111    1.6000000000000000888    2                      0.131401
  0.5                      2.7000000000000001776    2.1000000000000000888  1.875744
  0.10000000000000000555   1.3999999999999999112    2                      0.032633
 -0                        0.80000000000000004441   2.6000000000000000888  0.064320
  0                        0.80000000000000004441   2                      1.174304
  0.2000000000000000111    1.5                      2.2999999999999998224  0.163458
  0                        1                        2.1000000000000000888  0.266535
  0.2000000000000000111    1.3999999999999999112    2.2999999999999998224  0.138321
 -0.2000000000000000111    0.80000000000000004441   2                      1.145580
 -0.10000000000000000555   2.7000000000000001776    1                      0.974379
  0.5999999999999999778    3.3999999999999999112    2.6000000000000000888  3.574254
 -0.5999999999999999778    0.9000000000000000222    3                      8.833291
  1.1000000000000000888   -0.2000000000000000111    2.5                    38.895069
 -0                        1.5                      2                      0.142426
  0.10000000000000000555   1.1000000000000000888    2.3999999999999999112  0.011808
  0.10000000000000000555   0.2000000000000000111    3.6000000000000000888  0.217020
 -0                        1.3999999999999999112    2.2999999999999998224  0.327786
 -0.10000000000000000555   0.5999999999999999778    2.7000000000000001776  0.290854
  0.10000000000000000555   1.3999999999999999112    2.2000000000000001776  0.028801
  0.2000000000000000111    1.8000000000000000444    1.8000000000000000444  0.123611
  0.5999999999999999778    2.3999999999999999112    1.8000000000000000444  2.604762
 -0.4000000000000000222    2.5                      1.5                    5.602593
  0.10000000000000000555   3.1000000000000000888    3.2999999999999998224  5.278048
  0.10000000000000000555  -2                        3.6000000000000000888  51.438027
  0.10000000000000000555   1                        2.7999999999999998224  0.168910
 -0.10000000000000000555   0.69999999999999995559   2.7999999999999998224  0.476981
  0                        0.2999999999999999889    1.8999999999999999112  7.833424
 -0.10000000000000000555   2.1000000000000000888    2.2000000000000001776  2.310742
  0.5999999999999999778    1.3000000000000000444    2.7000000000000001776  2.931509
  0.10000000000000000555   1.3000000000000000444    2.2999999999999998224  0.028981
  0.2000000000000000111    1.6999999999999999556    2                      0.125213
  0.10000000000000000555   1                        2.5                    0.013294
  0.10000000000000000555   1.1999999999999999556    2.6000000000000000888  0.167566
  0                        1.1999999999999999556    2.3999999999999999112  0.206130
  0.10000000000000000555   1.6000000000000000888    2.3999999999999999112  0.407122
  0.10000000000000000555   1                        2.3999999999999999112  0.037048
  0.07199999999999999456   0.9000000000000000222    2.6000000000000000888  0.011750
 -0.02800000000000000058   0.2999999999999999889    3.2000000000000001776  0.143300
  0.07199999999999999456   1.1000000000000000888    2.2000000000000001776  0.071909
  0.07199999999999999456   0.5999999999999999778    2.7999999999999998224  0.022513
  0.07199999999999999456   0.80000000000000004441   2.7000000000000001776  0.012224
  0.07199999999999999456   1.1000000000000000888    2.3999999999999999112  0.012299
 -0.02800000000000000058   0.4000000000000000222    2.6000000000000000888  0.408274
  0.17199999999999998623   0.69999999999999995559   2.5                    0.536025
 -0.01200000000000000025   0.2999999999999999889    3.2000000000000001776  0.105833
  0.07499999999999999722   1.1000000000000000888    2.3999999999999999112  0.011121
  0.07499999999999999722   1.6999999999999999556    1.8000000000000000444  0.017236
  0.07499999999999999722   1                        2.5                    0.010867
  0.07499999999999999722   0.69999999999999995559   2.7999999999999998224  0.013167
  0.1749999999999999889    1.6999999999999999556    2                      0.086878
  0.07499999999999999722   1.3999999999999999112    2.2000000000000001776  0.047618
  0.07499999999999999722   0.80000000000000004441   2.7000000000000001776  0.011741
  0.1749999999999999889    1.8000000000000000444    2                      0.128348
  0.1749999999999999889    1.3000000000000000444    3                      0.691382
 -0.02500000000000000139   2                        2.6000000000000000888  2.353908
  0.07199999999999999456   1.1000000000000000888    2.2999999999999998224  0.017732
  0.07599999999999999811   0.9000000000000000222    2.7000000000000001776  0.043567
  0.07299999999999999545   1.1000000000000000888    2.3999999999999999112  0.011877
  0.02500000000000000139   0.80000000000000004441   2.3999999999999999112  0.131899
  0.08200000000000000344   0.5                      2.6000000000000000888  0.413435
  0.10899999999999999967   0.69999999999999995559   2.2999999999999998224  0.790405
  0.076999999999999999     1                        2.5                    0.010371
  0.17699999999999999067   1                        2.7000000000000001776  0.118986
  0.076999999999999999     1                        2.6000000000000000888  0.042694
  0.076999999999999999     1.1000000000000000888    2.3999999999999999112  0.010486
  0.076999999999999999     1                        2.7000000000000001776  0.109557
 -0.02299999999999999961   1.1999999999999999556    2.5                    0.413880
  0.076999999999999999     1.5                      2.5                    0.473477
  0.08300000000000000433   1                        2.5                    0.009602
  0.08300000000000000433   0.80000000000000004441   2.6000000000000000888  0.025092
  0.08300000000000000433   1                        2.6000000000000000888  0.038231
  0.08300000000000000433   1.1000000000000000888    2.3999999999999999112  0.009299
  0.08300000000000000433   1.3999999999999999112    2.1000000000000000888  0.010255
  0.182999999999999996     1.1000000000000000888    2.6000000000000000888  0.122580
  0.182999999999999996     1.3999999999999999112    2.6000000000000000888  0.302596
  0.08300000000000000433   1.6000000000000000888    2.2999999999999998224  0.317343
 -0.01700000000000000122   1.3000000000000000444    2.5                    0.541515
  0.08300000000000000433   1                        2.3999999999999999112  0.022336
  0.10000000000000000555   1.3000000000000000444    2.5                    0.167210
  0.08999999999999999667   1                        2.6000000000000000888  0.034430
  0.06600000000000000311   0.9000000000000000222    2.5                    0.016030
  0.13300000000000000711   1.1999999999999999556    2.5                    0.072155
  0.03300000000000000155   1.3000000000000000444    2.3999999999999999112  0.210659
  0.08000000000000000167   1.1000000000000000888    2.3999999999999999112  0.009757
  0.08000000000000000167   1                        2.4329999999999998295  0.012068
  0.08400000000000000522   1.1000000000000000888    2.4340000000000001634  0.014521
  0.08100000000000000255   1                        2.4329999999999998295  0.012385
  0.07000000000000000666   1                        2.4070000000000000284  0.015188
  0.10299999999999999434   1                        2.3959999999999999076  0.042549
  0.08100000000000000255   1.1000000000000000888    2.3500000000000000888  0.009571
  0.08000000000000000167   1.0460000000000000409    2.4289999999999998259  0.008275
  0.07099999999999999367   0.84599999999999997424   2.5160000000000000142  0.031954
  0.08000000000000000167   1.0460000000000000409    2.4340000000000001634  0.008364
  0.08100000000000000255   1.0460000000000000409    2.4919999999999999929  0.016507
  0.08100000000000000255   1.0460000000000000409    2.3860000000000001208  0.012392
  0.08000000000000000167   1.0460000000000000409    2.3790000000000000036  0.013517
  0.05999999999999999778   1.0460000000000000409    2.4279999999999999361  0.014208
  0.08300000000000000433   0.94599999999999995204   2.4180000000000001492  0.039020
  0.08100000000000000255   1.0460000000000000409    2.4300000000000001599  0.008289
  0.07099999999999999367   0.88400000000000000799   2.5160000000000000142  0.017348
  0.08000000000000000167   1.0729999999999999538    2.3999999999999999112  0.008250
  0.08000000000000000167   1.1730000000000000426    2.313000000000000167   0.008729
  0.07499999999999999722   1.0729999999999999538    2.3620000000000000995  0.010689
  0.08100000000000000255   1.0729999999999999538    2.4049999999999998046  0.008264
  0.08000000000000000167   1.0729999999999999538    2.3929999999999997939  0.008360
  0.08100000000000000255   1.0729999999999999538    2.4209999999999998188  0.009010
  0.08999999999999999667   1.0729999999999999538    2.3889999999999997904  0.010654
  0.08200000000000000344   1.0729999999999999538    2.4500000000000001776  0.012793
  0.08000000000000000167   1.1730000000000000426    2.4169999999999998153  0.036008
  0.08000000000000000167   1.0729999999999999538    2.3990000000000000213  0.008253
  0.08000000000000000167   1.1539999999999999147    2.313000000000000167   0.008393
  0.08749999999999999445   1.1270000000000000018    2.3620000000000000995  0.008543
  0.08067000000000000559   1.1000000000000000888    2.3740000000000001101  0.008233
  0.08100000000000000255   1.1270000000000000018    2.3460000000000000853  0.008234
  0.07945000000000000673   1.0909999999999999698    2.3769999999999997797  0.008301
  0.0806100000000000011    1.0780000000000000693    2.3980000000000001315  0.008251
  0.0808500000000000052    1.0940000000000000835    2.3820000000000001172  0.008240
  0.08266999999999999349   1.1999999999999999556    2.2959999999999998188  0.009051
  0.08266999999999999349   1.1000000000000000888    2.3730000000000002203  0.008282
  0.08167000000000000648   1.1000000000000000888    2.3349999999999999645  0.011890
  0.08067000000000000559   1.1000000000000000888    2.383999999999999897   0.008426
  0.0906700000000000006    1.1000000000000000888    2.4129999999999998117  0.010310
  0.08566999999999999615   1.1999999999999999556    2.3610000000000002096  0.021255
  0.07467000000000000026   1.1999999999999999556    2.4239999999999999325  0.059384
  0.08067000000000000559   1.1000000000000000888    2.3730000000000002203  0.008235
  0.08268000000000000349   1.1810000000000000497    2.2959999999999998188  0.008237
  0.08379999999999999949   1.1419999999999999041    2.338999999999999968   0.008244
  0.07888000000000000567   1.0369999999999999218    2.4329999999999998295  0.008300
  0.0817299999999999971    1.1450000000000000178    2.3300000000000000711  0.008236
  0.07982999999999999818   1.0729999999999999538    2.3990000000000000213  0.008254
  0.0812599999999999989    1.1270000000000000018    2.3469999999999999751  0.008223
  0.08128000000000000502   1.1359999999999998987    2.3380000000000000782  0.008237
  0.08082000000000000295   1.1089999999999999858    2.3639999999999998792  0.008228
  0.08082999999999999907   1.0969999999999999751    2.3769999999999997797  0.008234
  0.08087999999999999357   1.1049999999999999822    2.3700000000000001066  0.008225
  0.08326000000000000068   1.2270000000000000906    2.2660000000000000142  0.008823
  0.08326000000000000068   1.1270000000000000018    2.3279999999999998472  0.009370
  0.0812599999999999989    1.1270000000000000018    2.3669999999999999929  0.008984
  0.0912599999999999939    1.1270000000000000018    2.2999999999999998224  0.017725
  0.08726000000000000423   1.026999999999999913     2.3849999999999997868  0.020636
  0.089260000000000006     1.2270000000000000906    2.3820000000000001172  0.038225
  0.08303000000000000658   1.2079999999999999627    2.2660000000000000142  0.008310
  0.08082000000000000295   1.1450000000000000178    2.3359999999999998543  0.008359
  0.08129999999999999727   1.1270000000000000018    2.3469999999999999751  0.008222
  0.08161999999999999811   1.1410000000000000142    2.3330000000000001847  0.008239
  0.08329999999999999905   1.1100000000000000977    2.3669999999999999929  0.008242
  0.08129999999999999727   1.1299999999999998934    2.3450000000000001954  0.008222
  0.08229999999999999816   1.1559999999999999165    2.3269999999999999574  0.008311
  0.09130000000000000615   1.1240000000000001101    2.347999999999999865   0.009760
  0.08129999999999999727   1.1770000000000000462    2.3589999999999999858  0.016029
  0.08129999999999999727   1.1259999999999998899    2.3469999999999999751  0.008230
  0.08142000000000000626   1.1270000000000000018    2.3469999999999999751  0.008221
  0.08142000000000000626   1.1089999999999999858    2.3669999999999999929  0.008216
  0.08142000000000000626   1.0549999999999999378    2.4270000000000000462  0.008362
  0.08241999999999999327   1.1270000000000000018    2.3500000000000000888  0.008207
  0.08541999999999999593   1.2270000000000000906    2.2989999999999999325  0.012538
  0.08341999999999999416   1.1270000000000000018    2.338999999999999968   0.008556
  0.08241999999999999327   1.1270000000000000018    2.3620000000000000995  0.008526
  0.08142000000000000626   1.1270000000000000018    2.3509999999999999787  0.008229
  0.07842000000000000359   1.1270000000000000018    2.3999999999999999112  0.014952
  0.07241999999999999826   1.2270000000000000906    2.3380000000000000782  0.031936
  0.0884199999999999986    1.2270000000000000906    2.3730000000000002203  0.034651
  0.08241999999999999327   1.1270000000000000018    2.349000000000000199   0.008209
  0.08541999999999999593   1.1810000000000000497    2.2989999999999999325  0.008252
  0.08223999999999999366   1.125                    2.3519999999999998685  0.008208
  0.08329999999999999905   1.1439999999999999059    2.3340000000000000746  0.008227
  0.08189000000000000445   1.1180000000000001048    2.3589999999999999858  0.008211
  0.08122999999999999665   1.116000000000000103     2.3700000000000001066  0.008475
  0.0774200000000000027    1.1310000000000000053    2.3460000000000000853  0.008588
  0.08260000000000000675   1.1770000000000000462    2.3549999999999999822  0.014570
  0.08247999999999999776   1.1270000000000000018    2.3500000000000000888  0.008208
  0.08247999999999999776   1.1299999999999998934    2.3469999999999999751  0.008208
  0.08233999999999999653   1.1259999999999998899    2.3519999999999998685  0.008212
  0.08240000000000000102   1.1270000000000000018    2.3500000000000000888  0.008207
  0.08096000000000000418   1.1359999999999998987    2.3399999999999998579  0.008247
  0.08071000000000000396   1.106999999999999984     2.3519999999999998685  0.008743
  0.08405999999999999583   1.1100000000000000977    2.3399999999999998579  0.010142
  0.08211000000000000243   1.1240000000000001101    2.3524799999999999045  0.008207
  0.0823799999999999949    1.1270000000000000018    2.3496500000000000163  0.008207
  0.08235000000000000653   1.1270000000000000018    2.3502399999999998847  0.008208
  0.08142000000000000626   1.1220000000000001084    2.3533800000000000274  0.008212
  0.08194999999999999507   1.1229999999999999982    2.3450000000000001954  0.008360
  0.08301999999999999658   1.1169999999999999929    2.3504499999999999282  0.008457
  0.08243000000000000327   1.1270000000000000018    2.3500100000000001543  0.008207
  0.08215801213720000384   1.1262000000000000899    2.3502200000000001978  0.008207
  0.08234500000000000153   1.1265000000000000568    2.3502399999999998847  0.008207
  0.0819200000000000067    1.1281200000000000117    2.3490899999999999004  0.008211
  0.08261010000000000575   1.125320000000000098     2.347999999999999865   0.008242
  0.08225920000000000454   1.1220000000000001084    2.3504299999999997972  0.008247
  0.08241668831111000071   1.1271299999999999653    2.3501099999999999213  0.008208
  0.08261010000000000575   1.125                    2.3519999999999998685  0.008210
  0.08241679999999999839   1.1270199999999999108    2.349000000000000199   0.008209
  0.08222000000000000142   1.1262499999999999734    2.3500100000000001543  0.008207
  0.08249489999999999601   1.125                    2.3499799999999999578  0.008216
  0.08242269310213999611   1.1270299999999999763    2.3500100000000001543  0.008207
  0.08222000000000000142   1.125                    2.3502399999999998847  0.008211
  0.08223999999999999366   1.125                    2.3520033333333301151  0.008208
  0.08234500000000000153   1.1265000000000000568    2.3502383333333298765  0.008207
  0.08232000000000000428   1.1266000000000000458    2.3496030000000001081  0.008208
  0.08237020000000000453   1.1262600000000000389    2.3504999999999998117  0.008207
  0.08249070000000000014   1.1259999999999998899    2.3498073999999999906  0.008211
  0.08242079099999999325   1.1270199999999999108    2.3500008960000000613  0.008207
  0.08247445109999999857   1.1267202300000001003    2.3496030000000001081  0.008208
  0.0826419878627999982    1.1277999999999999137    2.3495466666666700029  0.008209
  0.08227900606860000243   1.1266000000000000458    2.3500516666666699805  0.008207
  0.08241938499999999779   1.1268062999999999274    2.3502000000000000668  0.008207
  0.08242011500000000213   1.1265000000000000568    2.3499224999999999142  0.008208
  0.08236999999999999877   1.1270010999999999779    2.3499976999999998561  0.008207
  0.08242110849905000258   1.1272219539999999149    2.3498044040749999084  0.008207
  0.08245500000000000052   1.1274999999999999467    2.3495266666666698718  0.008207
  0.08242750000000000077   1.1272500000000000853    2.3497050000000001546  0.008207
  0.08240231600000000323   1.1268616000000000188    2.3498999999999998778  0.008207
  0.08243062299999999454   1.1268000000000000238    2.3500222000000001721  0.008207
  0.08240156399999999659   1.1269465999999999095    2.3500999999999998558  0.008207
  0.08244549700000000647   1.127391800000000055     2.3499778000000000056  0.008208
  0.08241274849999999375   1.1270959000000000394    2.3499022020375002207  0.008207
  0.08237250000000000127   1.1267499999999999183    2.3500616666666700461  0.008207
  0.08242172400000000176   1.1269000000000000128    2.3499760830000000489  0.008207
  0.08240999999999999714   1.1270069000000000337    2.3499748089999998868  0.008207
  0.08241457000000000643   1.1269427999999999113    2.3500499999999999723  0.008207
  0.08243370599999999548   1.1271503000000000494    2.3499991080000000032  0.008208
  0.08241064023119000492   1.1269700000000000273    2.3499966666666698423  0.008207
  0.08241365344892999378   1.1269849999999999035    2.3500000000000000888  0.008207
  0.08241500304000000388   1.127006420999999925     2.3500200000000002198  0.008207
  0.08242496913999999841   1.1269973620000000025    2.3500200000000002198  0.008207
  0.08242045451000000467   1.1270500000000001073    2.3499992480000000405  0.008207
  0.08241957330999999387   1.1269462169999999723    2.349960751999999875   0.008207
  0.08242767106808999988   1.1270000000000000018    2.3500124373333299843  0.008207
  0.08242595105107000664   1.1270050000000000345    2.350009551999999946   0.008207
  0.08242146364999999864   1.1270052440000000171    2.3499900000000000233  0.008207
  0.08242046083000000023   1.1270199999999999108    2.3500043079999999307  0.008207
  0.08241800000000000515   1.1270098060000000029    2.3499939680000001552  0.008207
  0.08242007551999999682   1.1269649500000000764    2.350011723999999802   0.008207
  0.08242866928582999464   1.127048333333330099     2.3500072639999998181  0.008207
  0.08242491532659999842   1.1270325000000001037    2.3500054480000001078  0.008207
  0.08242099999999999427   1.1269947549999999037    2.3499965681699999109  0.008207
  0.08241953167000000413   1.1270041570000000064    2.349994999999999834   0.008207
  0.0824193871599999961    1.1269899999999999363    2.3499993565800001427  0.008207
  0.08242008117000000633   1.1270110879999999387    2.3500090752500000235  0.008207
  0.08242085908476000367   1.1270280893333299854    2.3500172639999998836  0.008207
  0.08242101022606999894   1.1270223779999999358    2.3500104479999999185  0.008207
  0.08242013535240000355   1.127000798829999928     2.3499979999999998093  0.008207
  0.08242007867039999325   1.1270050000000000345    2.3500004047199998247  0.008207
  0.08241950000000000665   1.1270010273899999653    2.3499995242499998049  0.008207
  0.08242028597719999738   1.1269931737800000793    2.3500020710300000282  0.008207
  0.08242096728667000494   1.1270092746666700023    2.3499950221999998945  0.008207
  0.08242057225500000472   1.1270044560000000988    2.3499961057949998455  0.008207
  0.08242001160869999454   1.1270000758000000562    2.349998999999999949   0.008207
  0.08242000757320000481   1.1270020000000000593    2.350000040099999854   0.008207
  0.08241980000000000139   1.1270000802599999812    2.3499999434799998532  0.008207
  0.08242018081810000008   1.1269978439399999104    2.3500010164199998108  0.008207
  0.08242064268186999332   1.1270028384966699342    2.3499994122299998622  0.008207
  0.08242035701140000559   1.1270023857199999995    2.3499994402349999589  0.008207
  0.08242000452099999819   1.1270001090899999241    2.3500005000000001587  0.008207
  0.08242001096880000044   1.1270009999999999195    2.3499999429740001666  0.008207
  0.08242009999999999614   1.1269998865699999424    2.3499999835823000005  0.008207
  0.08241988451020000606   1.126999004339999999     2.3499995734437000294  0.008207
  0.0824202127879300056    1.1270013036066699463    2.349999416586669998   0.008207
  0.08242010959095000255   1.127000997769999957     2.3499995483100000193  0.008207
  0.08242004999999999471   1.1269997828981999088    2.350000034568199947   0.008207
  0.0824199699681600062    1.1269995073787000273    2.3500002000000002056  0.008207
  0.08242001059006999475   1.1270004429286000214    2.3500002000000002056  0.008207
  0.08241996944177000517   1.1270002667945000496    2.3499995654317999971  0.008207
  0.08241991032652999649   1.1270008528233299572    2.3500003117336998315  0.008207
  0.08241995774490000481   1.1270006112599999515    2.3500002296958499848  0.008207
  0.08242001999999999662   1.1269999941883999117    2.3499999745452000433  0.008207
  0.08241999942239999766   1.1270001999999998965    2.3499999772389998931  0.008207
  0.0824199947723800036    1.1269999529681999917    2.3499998999999998084  0.008207
  0.08241998580522000295   1.1269998528433999851    2.3500001482158001664  0.008207
  0.08242000272204000333   1.1269990839226700086    2.3499999563788001034  0.008207
  0.08242000468903999677   1.1269994236741500693    2.3500000172841000179  0.008207
  0.08242001000000000188   1.1270000095471000012    2.3499999995348699322  0.008207
  0.08242000097304999495   1.1269998999999999434    2.3500000098604498788  0.008207
  0.08241999990562999534   1.1270000196290999028    2.3500000499999997849  0.008207
  0.08241998912131999477   1.1270000708237999376    2.3499999406046798711  0.008207
  0.08242001817588999468   1.1270001764907300323    2.350000067856130137   0.008207
  0.08242001232501000585   1.1270001206100999092    2.3500000258921001084  0.008207
  0.08242000500000000451   1.1269999684971199194    2.349999980201269878   0.008207
  0.08241999726378999858   1.1270000351312499109    2.3499999800000002104  0.008207
  0.08241999570091000649   1.1269999500000000836    2.3499999953580799072  0.008207
  0.08242000203530000513   1.1270000463716300931    2.3500000444406499156  0.008207
  0.0824200074097399954    1.1269999200689699848    2.3499999562635500716  0.008207
  0.08242000553370999738   1.1269999449590000218    2.3499999796976598354  0.008207
  0.08242000200000000609   1.1269999902156000449    2.3499999995851599266  0.008207
  0.08241999900657000222   1.1269999799999999013    2.3499999981929100556  0.008207
  0.08241999992449999812   1.1269999967608299585    2.350000010000000028   0.008207
  0.08241999906892999439   1.1270000330235701025    2.3499999922219299009  0.008207
  0.082420005808280003     1.1270000524189101032    2.3499999781094298434  0.008207
  0.08242000328144000187   1.1270000268141799893    2.3499999824215898059  0.008207
  0.08242000100000000662   1.1270000006960700922    2.3499999995363198835  0.008207
  0.0824200000722500048    1.127000002943379986     2.3500000050000000584  0.008207
  0.0824199999037399933    1.127000009999999941     2.3499999985630801724  0.008207
  0.08241999902400999611   1.1269999863605499879    2.3499999969005997968  0.008207
  0.08242000074654999564   1.1269999833829000835    2.349999988518709948   0.008207
  0.08242000054103000573   1.1269999867273801097    2.3499999938890301365  0.008207
  0.08242000026854000294   1.1270000049999999714    2.3499999992862199427  0.008207
  0.08242000050000000688   1.1269999982901999225    2.350000001093409896   0.008207
  0.0824199998206199963    1.1270000027478899174    2.3500000019999998102  0.008207
  0.0824199994108399947    1.1269999939619099738    2.3499999976203698182  0.008207
  0.08242000081108999399   1.1269999924262998903    2.3500000044611302208  0.008207
  0.08242000058425999476   1.1269999968197299545    2.3500000029866199291  0.008207
  0.08242000019999999594   1.1269999999186000039    2.3499999995831601929  0.008207
  0.08241999999235000152   1.1270000019999999452    2.3499999998106400056  0.008207
  0.08241999991496000433   1.1269999995887600708    2.3499999990000000061  0.008207
  0.08241999989268999904   1.1269999984926399872    2.3500000016062001507  0.008207
  0.08242000069174000576   1.1269999994455799364    2.3499999982530899167  0.008207
  0.0824200004739600034    1.1270000002711499931    2.3499999991898099516  0.008207
  0.08242000003150999621   1.12699999995486011      2.3499999995000000474  0.008207
  0.08241999999568999646   1.1270000010000000845    2.3499999999706298048  0.008207
  0.08241999989999999887   1.1269999999385200695    2.349999999843840115   0.008207
  0.08242000007279999541   1.1269999991066199652    2.3500000006855299439  0.008207
  0.08242000021327000603   1.1270000016903098938    2.3500000005958701088  0.008207
  0.08242000013868999719   1.1270000011649199401    2.3500000001968999186  0.008207
  0.08241999997165999625   1.1270000005000000431    2.3499999998664700129  0.008207
  0.0824200000499999974    1.1270000004009299577    2.350000000070420203   0.008207
  0.08241999996948999596   1.1270000001609099538    2.3500000002000001054  0.008207
  0.08242000000884999733   1.1269999989381600525    2.349999999863110034   0.008207
  0.08242000011812999904   1.127000000698050064     2.3499999998032499171  0.008207
  0.08242000006359999353   1.1270000005081699523    2.3499999998134000201  0.008207
  0.08241999999566999857   1.1269999999553399483    2.3500000001000000971  0.008207
  0.08241999999556999523   1.1270000002000000183    2.3500000000175300663  0.008207
  0.08242000001999999492   1.127000000035339955     2.3500000000255800714  0.008207
  0.08241999998875999822   1.1269999998093200855    2.3499999998568901205  0.008207
  0.08242000004494999532   1.1270000004397100479    2.3499999997579301692  0.008207
  0.08242000002608000642   1.1270000003700100244    2.3499999998684399927  0.008207
  0.08241999999000000632   1.1270000000606299473    2.3499999999580398757  0.008207
  0.08242000000469999754   1.1270000001000000101    2.350000000008090062   0.008207
  0.08241999999271000521   1.1270000000181299438    2.350000000050000093   0.008207
  0.08242000001259000563   1.126999999821240106     2.3499999999838698805  0.008207
  0.08241999997415999646   1.127000000068220098     2.3500000000527698774  0.008207
  0.08241999998561999607   1.1270000000600000067    2.3500000000459699834  0.008207
  0.08242000000499999368   1.1269999999918101086    2.3500000000063598904  0.008207
  0.0824199999990199994    1.1270000000375099969    2.3500000000200000905  0.008207
  0.0824200000019000012    1.1270000000500000059    2.3499999999864797928  0.008207
  0.08241999999408000654   1.1269999999206798957    2.3499999999871601375  0.008207
  0.08242000000375999946   1.1270000000889599523    2.3499999999274199247  0.008207
  0.08242000000099000689   1.1270000000712498966    2.3499999999580700738  0.008207
  0.08241999999832999579   1.1269999999848701044    2.349999999990000088   0.008207
  0.08241999999879999483   1.1270000000200000034    2.3499999999974399145  0.008207
  0.082419999998139995     1.1269999999939999125    2.3500000000100000896  0.008207
  0.08242000000473000132   1.1270000000011299868    2.350000000002559819   0.008207
  0.08242000000077999433   1.1269999999695499149    2.3500000000310898862  0.008207
  0.08242000000106000646   1.1269999999896600507    2.3500000000199401384  0.008207
  0.08242000000058999354   1.1269999999982101002    2.3499999999950000884  0.008207
  0.08241999999983999625   1.1270000000100000026    2.3499999999986300736  0.008207
  0.08241999999900000151   1.1269999999969300131    2.3499999999973097964  0.008207
  0.08242000000056999565   1.1269999999948598912    2.3500000000090599528  0.008207
  0.08241999999995000548   1.1270000000092499359    2.3499999999816298946  0.008207
  0.08241999999948999844   1.1270000000054400946    2.3499999999887197788  0.008207
  0.08241999999950000433   1.1270000000001099139    2.3500000000006200374  0.008207
  0.08242000000000999915   1.1270000000050000022    2.3499999999999898748  0.008207
  0.08242000000014999828   1.1269999999999800178    2.3500000000019998225  0.008207
  0.08242000000033999907   1.1269999999949100733    2.3499999999973901765  0.008207
  0.08242000000129000303   1.1270000000085400593    2.3499999999984400034  0.008207
  0.08242000000070999477   1.1270000000056399347    2.3499999999981597831  0.008207
  0.08242000000014000627   1.126999999998000046     2.3500000000005498713  0.008207
  0.08241999999980000047   1.1269999999995499174    2.3500000000008700596  0.008207
  0.08242000000013000038   1.1270000000019999575    2.3500000000009899637  0.008207
  0.08241999999992999371   1.1270000000004500862    2.3499999999975900167  0.008207
  0.08241999999952000222   1.1270000000034299248    2.3499999999984098054  0.008207
  0.08241999999967999924   1.127000000002559954     2.3499999999993002042  0.008207
  0.08242000000009999661   1.1269999999997999396    2.350000000000230127   0.008207
  0.08241999999997999538   1.1270000000010000907    2.3500000000004699352  0.008207
  0.08242000000006000082   1.1270000000010000907    2.3499999999995497824  0.008207
  0.08241999999985999414   1.1269999999982001082    2.3499999999997500666  0.008207
  0.08241999999995999748   1.1269999999991899831    2.3499999999999099387  0.008207
  0.0824199999999200017    1.1269999999992799111    2.350000000000150191   0.008207
  0.08241999999999999327   1.1270000000000399698    2.350000000000199929   0.008207
  0.08241999999999999327   1.1270000000005000462    2.3499999999999801048  0.008207
  0.08241999999995000548   1.1269999999985700345    2.350000000000259881   0.008207
  0.08241999999995999748   1.126999999999169999     2.350000000000319833   0.008207
  0.08241999999997999538   1.1269999999998099316    2.3500000000001000089  0.008207
  0.0824200000001199945    1.1270000000000499618    2.3499999999999401368  0.008207
  0.08242000000007000671   1.1269999999998498996    2.3500000000000000888  0.008207
