  1                        1                        1                      41.681696
  1                        1                        1.0500000000000000444  39.261533
  1                        1.0500000000000000444    1                      39.199498
  1.0500000000000000444    1                        1                      43.907482
  0.94999999999999995559   1.0333333333333301063    1.0333333333333301063  36.371304
  0.9000000000000000222    1.0500000000000000444    1.0500000000000000444  32.941232
  0.93333333333333001747   1.0666666666666699825    1.0666666666666699825  32.898008
  0.9000000000000000222    1.1000000000000000888    1.1000000000000000888  29.146859
  0.86666666666667002694   1.1333333333333299731    1.0500000000000000444  28.464254
  0.80000000000000004441   1.1999999999999999556    1.0500000000000000444  23.925637
  0.73333333333332995085   1.1833333333333300175    1.1333333333333299731  19.948126
  0.5999999999999999778    1.25                     1.1999999999999999556  13.264074
  0.63333333333332997306   1.3166666666666699825    1.1833333333333300175  13.134331
  0.5                      1.4499999999999999556    1.25                   7.296676
  0.36666666666667002694   1.5                      1.2333333333333300619  4.751270
  0.10000000000000000555   1.6999999999999999556    1.3000000000000000444  0.722016
 -0                        1.7333333333333300619    1.4499999999999999556  0.193711
 -0.4000000000000000222    2                        1.6499999999999999112  4.266141
 -0.2000000000000000111    2.0055555555555502067    1.4666666666666698937  1.324866
 -0.56666666666666998253   2.1759259259259198238    1.5611111111111100058  7.756814
  0.23333333333333000637   1.6314814814814799782    1.3277777777777799439  1.671596
 -0.2999999999999999889    1.9944444444444400233    1.4833333333333300619  2.373651
  0.10000000000000000555   1.7222222222222201005    1.3666666666666700269  0.464299
  0.33333333333332998416   1.4314814814814800226    1.2777777777777798995  4.529559
 -0.06666666666666999641   1.8620370370370300517    1.4194444444444500597  0.300982
 -0.07777777777777999946   1.8450617283950498937    1.5240740740740799097  0.371868
 -0.19629629629629999354   1.904732510288049907     1.5623456790123499971  1.271305
  0.02592592592592999831   1.7678497942386799391    1.415586419753090075   0.184213
  0.05061728395061999841   1.7304183813443099194    1.3326131687242799284  0.413773
 -0.04567901234568000346   1.8164008916323699516    1.4762088477366299699  0.229172
  0.05349794238683999725   1.6830189757658899907    1.4750857338820300146  0.230923
  0.02345679012346000084   1.7277734910836799465    1.4611754115226400774  0.176486
  0.0786008230452699963    1.669570187471419942     1.4082990397805199567  0.434258
 -0.01460905349794000031   1.7796932155921298957    1.4592313957475999686  0.170383
  0.02318244170096999887   1.7835443339429999376    1.4406621513488899744  0.142023
  0.03477366255145000057   1.8086498342478301016    1.4359932270233299878  0.120695
  0.00315500685872000019   1.776227899710409952     1.4886802697759600189  0.129687
 -0.0079103795153099999    1.8486071419498999457    1.4614278501752899775  0.134991
  0.03462124676118000233   1.8426300350133000272    1.4648361689021200949  0.078631
  0.05923639689073999931   1.8740984447238799859    1.467638555479380047   0.051428
  0.07268709038258000521   1.790710310504850078     1.4667801846771599816  0.118943
  0.10797642635779000631   1.8727444932739600869    1.4249277083439499947  0.118672
  0.125159613202620007     1.883052331420629999     1.4702377386436600304  0.092967
  0.1222278672515200032    1.9625532024407998932    1.4417558169674999924  0.051480
  0.09643949187212999541   1.9403914924495799799    1.4948270323830799011  0.018873
  0.09067102462930000384   1.9742149920373899263    1.5297766944026400804  0.012925
  0.05626391264509000151   1.9908587613807500194    1.4892096392560199014  0.037047
  0.01521968885857000013   1.9302282629872100639    1.5493274424578600268  0.110208
  0.0954758226532800014    1.9544719675774000489    1.468648723340090001   0.022184
  0.10237077639437000554   2.0722653692731500819    1.5241181491864499442  0.028527
  0.13608116980620998948   2.0097761245445400213    1.5258194053634299703  0.023902
  0.11244790166481999361   1.8867100201663999925    1.4920450662176600876  0.055660
  0.10489005771197999761   2.025876531996460006     1.5160998784442500931  0.013782
  0.05794343352350000281   1.9599328698629598922    1.483864125427889924   0.030825
  0.11654673573552999655   1.9973153108741499295    1.5153305853795500102  0.013653
  0.11259605606458999993   2.0437992556946000811    1.5721560488108698994  0.030671
  0.09975588100611000597   1.9768037896066998904    1.4945255547077900271  0.012814
  0.09975903653531000004   1.9396795296823698962    1.5103220112157400568  0.016236
  0.10360730241780999328   2.0043272814179400321    1.5146554116371200305  0.011578
  0.0794760696332799943    1.9729153978338700437    1.5106411884521500077  0.016544
  0.10727906920997000439   1.9912153326140800136    1.5141582361476999541  0.011480
  0.11642381045996000322   2.007349277055090031     1.4857827739257700728  0.015350
  0.09710922108696999622   1.9824985632918199485    1.5187782142834200805  0.011359
  0.10557451413705999654   2.0085569952758599577    1.5372023533376999449  0.014144
  0.10121053928885000162   1.9847420910239899072    1.505194754365269949   0.011393
  0.10012525063938000625   1.9679767098686500315    1.5107653915604699613  0.012015
  0.10273678947320000199   1.9952396385306199189    1.5136829066179600112  0.011187
  0.09342529735603999352   1.9837715292835400582    1.5109456806967300757  0.011851
  0.10381562624649000315   1.9893543817814500763    1.5133550972849600935  0.011165
  0.10123055191558999466   1.9933196313785999099    1.5253493910922899524  0.011702
  0.10121554244553999935   1.9868864761126399099    1.5102334135470298904  0.011149
  0.10806941768984999752   1.9984884343246500649    1.5060693973498799902  0.011650
  0.09984927023768999654   1.9864960310500299201    1.5156010100500401094  0.011143
  0.10051683647994999471   1.9799182874321299419    1.5124434406367299744  0.011231
  0.10218180122488999817   1.9914093007560000892    1.5133730401226499485  0.011121
  0.09834878302558999752   1.9871734901643300919    1.512783211861520094   0.011235
  0.10244891544126999428   1.9888091588771699136    1.5132121259291000381  0.011114
  0.10177111549035999793   1.9909231843428301101    1.5178907038541600283  0.011188
  0.10135443570674999847   1.9878956531701899024    1.5121477361238100379  0.011112
  0.10414083134425000665   1.9922467108188799401    1.5102209247336699782  0.011202
  0.10092216051433000601   1.9879337009922399826    1.5142559887209499081  0.011109
  0.10096853988333999441   1.9850163746037299273    1.5130375270599198956  0.011119
  0.10127185521873000029   1.9866146061417999658    1.5131214053256099028  0.011108
  0.09991671885194000624   1.9861534813256500609    1.5131379608511499324  0.011131
  0.10181586629394000221   1.988145239489290006     1.5131935846596100692  0.011105
  0.10131881897791999991   1.9872333779120299191    1.5148995830136400276  0.011099
  0.10130101061349999769   1.9869022402829499274    1.5162755064585500264  0.011099
  0.10201553314606000289   1.9867284480365099419    1.5132203932782899436  0.011115
  0.10119550367226000376   1.9876323877533099704    1.513997089860279921   0.011103
  0.10161493741068000629   1.9887260639612900359    1.514938766363409961   0.011106
  0.1015291668626999988    1.9881981995064199609    1.5144844261039600575  0.011102
  0.10087979338131000673   1.987230737291880045     1.5157271479923100088  0.011110
  0.10158184806577999493   1.9879166139399400137    1.5138269754927899946  0.011101
  0.10175771893200999396   1.9879330731522799613    1.5148102332133099868  0.011099
  0.10157642378777000103   1.9871905104964100452    1.5145401017091999485  0.011098
  0.10160005225031000509   1.9866866659914099724    1.514567939511819894   0.011097
  0.10153587870770999779   1.9866521307638700389    1.5156915283330600897  0.011094
  0.10151289402867999523   1.9860198891758400475    1.5166238047531899191  0.011090
  0.10119679123925999498   1.985360215567240072     1.515917318305789907   0.011091
  0.10155433936758000157   1.9848111359109599228    1.5165064587002299312  0.011087
  0.10167209956240999547   1.9836000149104300316    1.5173098965435201091  0.011084
  0.10132113763658999461   1.9833000804442599829    1.5186660735565100655  0.011078
  0.10118168032973000325   1.9816067876706899842    1.5207151405788599252  0.011071
  0.10171432470794999903   1.9821242456040699675    1.5205152429445900619  0.011069
  0.10197309144230000399   1.9805062606224799193    1.5228142052639899173  0.011062
  0.10170502019428000196   1.9777888196265600573    1.5239356901710598979  0.011049
  0.10180108327707999838   1.9736732848519200623    1.5275916328799898913  0.011032
  0.10163180380366000632   1.9735908738529599482    1.5301040892717099329  0.011028
  0.10161165592429000082   1.9685863033242299025    1.5365011856357999598  0.011013
  0.10240887343271999621   1.9669037781950600152    1.5372228752743299918  0.011000
  0.10302246998420999669   1.9595522734572499157    1.545476742622059918   0.010983
  0.10231704801475000055   1.9540349804664500777    1.5502321688279099288  0.010938
  0.10248902630098000177   1.9407993403884400418    1.5639411506098699345  0.010883
  0.10294768486256999918   1.9389519932613599185    1.5696877530318300575  0.010922
  0.10402779817422000419   1.9242827680804699408    1.5829025785400399062  0.010891
  0.10328720290763999945   1.9098037943629300184    1.5988775788324300908  0.010812
  0.10341956936934999789   1.8849295548157700697    1.6255779969376200622  0.010755
  0.10367657770046000143   1.8943891155950900451    1.6119267310265199544  0.010755
  0.10236231740630999387   1.8891292391190599442    1.6180613405093000612  0.010678
  0.10152957702235000659   1.8715524746383600529    1.6356407214939299166  0.010590
  0.1032614564271299995    1.8264480896443699987    1.6848224823621800184  0.010567
  0.10364767149020000236   1.7692724642723400841    1.7452631482383300643  0.010533
  0.10205463422081000047   1.7894472135558900927    1.7257278467534000743  0.010552
  0.10140168578621999718   1.7352518801619600808    1.7788431473861499033  0.010328
  0.10039274399465999976   1.6604130428350500903    1.8554757226104199308  0.010216
  0.10253378944810000173   1.6078693391371599031    1.915337090240839979   0.010703
  0.10178063012879000337   1.805631690763060071     1.7055648136806600412  0.010442
  0.10182606285496000054   1.7007642516910799202    1.8118079429328699526  0.010195
  0.10171177717203000457   1.65642277075867006      1.8548479910226101097  0.010058
  0.09894242937345000544   1.6457058719655099921    1.8653292033041299902  0.009908
  0.09658980831508000298   1.5839225758121000531    1.9253622308370299532  0.009675
  0.09734892285905999421   1.4615405688408200646    2.0515591492993801026  0.009702
  0.09670759490279000337   1.4741775674393400308    2.0323705248289298808  0.009339
  0.09486502035685000223   1.3810598297414899971    2.1208179259381800819  0.009028
  0.09082405718196000233   1.2945925455042699426    2.2103115463604501301  0.009094
  0.0908370010435299996    1.3781760651977499332    2.1194353194577297828  0.008781
  0.08758104013577000524   1.3364938133762200856    2.1533734045369001819  0.008552
  0.08559027013464000355   1.0908415499358901091    2.397639687053319868   0.008535
  0.08009050104442000384   0.84430103699778003001   2.6337784151614700434  0.009617
  0.08786682990288000039   1.2443375831981300372    2.2375757986584798864  0.008359
  0.08638821626334000636   1.2192101020450600846    2.2512079248074998716  0.008586
  0.07916040642534000193   1.0667221345986699355    2.404908000894289799   0.008263
  0.07130809945959000473   0.90955328702726001566   2.5469530383723402167  0.008845
  0.08083063083946999405   0.93144036511224004293   2.5400422532004900411  0.008863
  0.08589343781170000192   1.2352304513102299044    2.2500406167028002002  0.008317
  0.08302351262531000586   1.2733518961354599597    2.1973765904503901325  0.008547
  0.08494858075731000213   1.1364691364857799627    2.3475739129025900986  0.008304
  0.07880145342668999631   1.0479435650649899792    2.4307725550079699595  0.008383
  0.08560048578383000484   1.1952390786648499077    2.2858749877458501842  0.008260
  0.08057954416595000668   1.0303897818559699662    2.4421973176590201504  0.008326
  0.08456496440025999817   1.1840202839466600349    2.2980797919418600728  0.008249
  0.08126865698231000579   1.160851861654339956     2.3116679408187401634  0.008273
  0.0821886379260600014    1.1547561803621999577    2.3206444338397100857  0.008228
  0.089075652314760001     1.2892882273838000007    2.198158141457319914   0.008424
  0.08163921789769999771   1.1223636577949500648    2.3532205360350499923  0.008218
  0.07999472769884999335   1.1121876694043599798    2.362088186798560141   0.008253
  0.08139616722008999328   1.1329505217194799638    2.3430348870353898683  0.008227
  0.07891771762896999942   1.0893599559710900326    2.3798534459982398914  0.008291
  0.08315315270744000342   1.1603552019527700878    2.3185232054559601345  0.008223
  0.08193705395743000608   1.1223567406159300486    2.3558746518445601303  0.008226
  0.08309011582162000031   1.137099878522950025     2.3420440418549901551  0.008223
  0.08331793699374000217   1.1575224182311800725    2.3199838703861099809  0.008220
  0.08231675591096999922   1.1563943067963200484    2.3191076993964201414  0.008227
  0.08289677584396000498   1.1419234855912900883    2.3363099562403499831  0.008217
  0.08208280111615999519   1.1208511724588399172    2.3544863696517102092  0.008218
  0.0810945929114700037    1.0992364589988699031    2.3760273708986301422  0.008224
  0.08276210097316999414   1.1429509284231000876    2.3339947455142397992  0.008216
  0.08278259536038999611   1.1506408754140500239    2.327863788874720008   0.008221
  0.08225774967721999342   1.1282985981976398904    2.3478307244574598833  0.008215
  0.08363853309853000462   1.1530850170130699794    2.3255364147729800095  0.008222
  0.0821390466979100009    1.1300439975994800434    2.3462995057195299431  0.008215
  0.08187582238823999659   1.1256055305555199286    2.3491066942204699153  0.008220
  0.08264153748003000288   1.1378439968323499354    2.3395091407353798552  0.008215
  0.08193012159694000596   1.1211734666632100499    2.3550981684273399885  0.008216
  0.08213811644099999754   1.1266178321031901088    2.3498223126990698262  0.008215
  0.08255410612911000257   1.1375065629831200287    2.3392706012425099615  0.008215
  0.08245010870707999984   1.1347843802631401022    2.3419085291066501497  0.008215
  0.08219793305910999548   1.1274582151504151106    2.3488265185782646327  0.008215
  0.08219839818756499716   1.1291712978985599669    2.3470651150884949132  0.008215
  0.08244964357862499815   1.1330712975149950239    2.3436699325964198692  0.008215
  0.08224211386303000026   1.1293400148231700353    2.3471843848349300821  0.008215
