 10                       10                       10                       10                       10                       10                       10                      500557897.323296
 10                       10                       10                       10                       10                       10                       10.5                    500670206.438427
 10                       10                       10                       10                       10                       10.5                     10                      515806377.050434
 10                       10                       10                       10                       10.5                     10                       10                      513268028.996790
 10                       10                       10                       10.5                     10                       10                       10                      510735942.123804
 10                       10                       10.5                     10                       10                       10                       10                      508210116.431474
 10                       10.5                     10                       10                       10                       10                       10                      505690551.919802
 10.5                     10                       10                       10                       10                       10                       10                      500670206.438427
 10.142857142857140573    10.142857142857140573    10.142857142857140573    10.142857142857140573    10.142857142857140573     9.5                     10.142857142857140573   495800809.539033
 10.214285714285709972    10.214285714285709972    10.214285714285709972    10.214285714285709972    10.214285714285709972     9                       10.214285714285709972   485575902.495234
 10.204081632653059231    10.204081632653059231    10.204081632653059231    10.204081632653059231     9.5612244897959204337    9.7142857142857099717   10.204081632653059231   490286609.755415
 10.262390670553930505    10.262390670553930505    10.262390670553930505     9.6195335276967899318    9.9358600583090392888    9.6326530612244898322   10.262390670553930505   486905794.669428
 10.337359433569339728    10.337359433569339728     9.6945022907121991551   10.010828821324450288     9.9175343606830494991    9.5276967930029101694   10.337359433569339728   483666137.481452
 10.506039150354020251    10.506039150354020251     9.2917534360682996208   10.016243231986669215     9.876301541024570696     9.2915451895043705832   10.506039150354020251   471721161.553515
 10.481942047956209763     9.8390849050990603075    9.9921461295888605036   10.015469744749209369     9.8821919438329306473    9.325281132861299227    10.481942047956209763   476190385.368870
 10.619639775943689131    10.293109163698790809     9.9899021666142395759   10.019889671820410015     9.8485324992137606159    9.132504313678820651     9.9767826330865503337  474523646.039643
 10.153822569070459991    10.376854639041299677     9.9870170713611692292   10.025572435197670274     9.8052560704177000872    8.8846484033013393145   10.470149099682700466   467654132.872404
  9.9807338536056899869   10.565281958561950404     9.9805256070417502912   10.038358652796500081     9.7078841056265403608    8.3269726049520098599   10.705223649524059581   450853736.049823
 10.648317955814949443    10.538363770059000046     9.9814529590873792841   10.036532050282380268     9.7217943863109894664    8.4066405761447704492   10.671641570975289426   452668206.325803
 10.571160986922420122    10.429791319521930504     9.7137631339869905389    9.7845791083805604416   10.206447009805090786     8.3187419652473604259   10.601148492128590561   452589869.107363
 10.601072039412549941    10.419311038469050601     9.4987033713527004863   10.416283093532189952     9.9091219988622700754    8.0249714480293992125   10.639627403249049209   446324945.109362
 10.770412723841870317    10.497771222426619531     9.116859721752090806    10.81465787644989085      9.8957529691388899096    7.2211306414318601199   10.828245769596609449   425919339.192508
 10.808070426982530066    10.54841185420611005      9.2332580440398892563    9.9930658104187504165    9.5396869871293699106    8.1493761210915707238   10.863149518177520392   429951325.475382
 10.633593630176690681    11.126277505994769612     9.2385724614370303698   10.185480655860830623     9.7739221985239908008    7.4881221277246297063   10.704409604570260584   426628046.889324
 10.499882717684359434    10.910301345193889944     9.0261507943610297389   10.228372438515469511     9.7862644143746493341    7.211075465205910362    11.417462439863840018   414907340.231949
 10.440004188554690145    11.218897435941450169     8.5442751082344194913   10.332613821862999259     9.7551303719551007987    6.2503610409694596584   12.137802343252479531   386289143.703713
 10.594616211331359779    10.901045154420790695     9.5107342883830003899   10.322410475456729628     9.723875038543990712     6.1831248326560999118   11.354423977710210281   393601443.526051
 10.436994050303699311    10.972343787390599346     8.6865437165912400275   10.383801207210840545     9.8789766653241493088    6.4327392335903699205   11.383902244727490682   394496947.486380
 10.475817608733729358    11.235931228747299215     8.6607422795785602432   10.806960463064159583     9.3007610862640603955    5.9817799211572095786   11.678039252888160249   379339751.927973
 10.428145919639389305    11.639001183359980018     8.1342318523743504244   11.318151140405969812     8.8479181244935496409    4.813298899112139928    12.216484633267940652   345151891.008788
 11.194076760917230473    11.407217511078140859     7.8664673051902500589   10.918835915108070722     9.5536194244046104274    4.9696425083554496283   12.005752947990940172   352393897.973450
 10.477027711521730069    11.669460660254559414     8.2232232285207906841   11.228634501682769553     9.7257972392661393712    4.2387436742912898424   12.174285202141319928   349120056.425794
 10.606771388711869974    11.246790195397270651     7.927809030290440262    11.334263612189809933     9.4778120395121305819    3.971603823820129886    12.752989572197449775   331690117.915913
 10.593360267979459621    11.307046540098529164     7.272427314717139879    11.908655090354310246     9.3297569600062004724    2.2133446718678801979   13.777279556011039929   289188189.582911
 10.419365879085999538    12.106517998300249772     7.5225410822511102893   11.017657024144879685     9.1942681234307492844    2.807799318808910094    13.471734489003790003   295744610.775493
 10.74774793227626013     11.955995207881880305     7.6202849061719195589   11.629615355365080731     9.0154134152759493048    2.5604936081414098048   13.512601512237569779   295902575.301593
 10.63387769151857043     12.328708141840580836     6.2559659394627100681   12.064493195664439895     8.9680974354080902344    1.7750705163572000345   14.158701931976949595   271474334.118791
 10.653508431612179308    13.042539635550470578     4.6285817650025595782   12.935534555768290588     8.5902086338401399956   -0.42895664179226000723  15.56084090911032014    218310829.594131
 10.84949092659737957     12.531896488779640464     6.1036555929736096004   12.797981487516819854     8.6040073196784305765   -0.20054217274523000736  14.353334585251209532   232852455.151247
  9.9969652587148800649   12.664913264414799698     6.2778029068130303258   12.74865812924567976      8.5342005230214397216   -0.39701926330283998645  15.15612159115853963    229849685.870991
 10.576853607308429162    12.687085144998459185     5.3652126058517000118   12.873152007688959841     8.0215665035185601539   -0.99062412569414004526  15.839542591013080042   202242759.021057
 10.626766555201779596    13.195897387370399301     3.9362072945171497906   13.695410760692050545     7.1694511356447803152   -3.6053080256868601516   17.672171285448960987   143868988.500096
 10.682484152208589379    13.162372108753150002     4.2547683940389395829   13.462852403333210205     8.419883621477220359    -3.970495614743279944    17.356110774795329377   154885664.294920
 10.344235345266680426    13.190057198765899216     3.8071391939176599806   13.675170202079279136     8.0822369610380402349   -3.5836872445967498102   17.15813939941363131    155512216.799261
 10.651151531651420257    13.349117037052000256     2.8433396211717698598   15.046418012709310119     7.5856590636281797657   -5.6571319733801503915   18.252264968478790763   123578703.883861
 10.767044357934130616    13.970416556427869281     0.50373889063209997818  17.060798506991520895     6.7813545337268896773   -9.8895976194746797461   20.642530208216289367   65395886.674432
 10.526781168459290683    14.909551357062099441     1.1595424103957299167   15.6274609226819301       6.722055248115779591    -8.5206608382512794009   19.90822008781589858    76679397.656118
 10.178447721801919812    14.364031370747410321     0.91571036568843999781  15.546557221280879801     6.9101042965685097741   -8.4839507552113300193   20.919275202165639627   74855403.237853
 11.082825521994999818    14.716476911207289291    -0.79046338847229002944  16.395280320133501561     6.5158835999532298544  -10.598025519484719936    21.76310351368891105    47483210.315465
 11.625755653635049924    15.742258734603529646    -4.3245965361149600881   18.218591415577421344     5.5067251384191298058  -15.698528647575649586    25.066594474954101202   7631435.512772
 10.704067269675659801    15.110198854086769771    -1.6992931898382599432   17.717848710699218628     5.5788802047285299679  -14.928822999790549275    24.074313785978208813   14703657.022182
 11.116149477280870883    15.51129319239159976     -2.4511170141121900734   18.133264066851069174     5.3716070900136303479  -15.015559755612860826    24.453065120407629252   13575363.341900
 10.901805048931040076    16.21009859201533132     -4.8147134737052201814   19.679985198030809812     4.1630242777277102206  -17.78448399714335082     26.282794986629451017   1449981.154906
 11.011465497292270754    17.733961833646418427    -9.3494544075772996194   22.788551595379608727     2.0345946058529498224  -24.691478188343378264    30.746137092546508285   19476418.570101
 11.036105072717640851    17.037773657582338416    -6.9964154508184002168   21.157305251340190466     4.5544776612981303643  -22.200864720901620331    28.426912676313101258   2041879.732814
 11.281611574962509437    15.932183202324999627    -6.5500242413295897137   20.805210611824101363     4.38256566687922966    -21.194141589094449785    28.624776042088221573   1219467.202476
 11.659026778214119702    16.44349912495644972    -10.404807567192239759    23.394085456395181666     3.2128208762609600235  -27.530881964516041194    32.983054019224390174   36397037.016250
 11.945134693951480642    16.925746569090428295    -8.4392592271988799979   22.388586710523210144     3.4723627242295598272  -24.862334767529571167    29.815292596287790161   14277370.955973
 11.69313529668137086     18.163741387027840801   -10.582430071522809456    22.396570625821631495     2.6556862557862301877  -27.734612802710479684    32.712826843971861024   43667899.657815
 11.461612561994559911    17.115410179377850142    -7.8108878309840799048   21.062627596114101181     3.6871033252714000561  -23.273359006901518597    29.69525268503295834    8606705.238297
 11.972553897030959291    17.596876610880681113   -10.125567888522690296    22.695171532232471634     3.3176529049396998872  -25.079540567283448382    30.887025808797009319   18409904.139258
 11.021188926514479789    15.731868293285250715    -3.8058618645093700295   18.962179416082530992     5.0135733797813202273  -17.466502391663770055    25.777491791682908939   3256519.921013
 10.467501967773129579    15.440220817075539728    -2.0617740332507801249   17.045460019711139665     5.8645162870248803699  -13.03293383501135061     23.99238962574316858    24191815.123129
 11.575726512406889768    16.554365131086708374    -6.8448879287118602477   21.052805037820188971     4.0704011149283898519  -21.904984534400018248    28.359566853651639207   2576784.184329
 11.42779490876545978     17.152694747687259991    -9.3052793647945204469   22.134937226517319431     3.5934987855021698344  -24.848115926581531454    30.470760453978769533   16468249.582636
 11.194060835152020772    15.921643581215510821    -4.1646576017827703353   19.133682356767629074     4.9270800138857699935  -17.473698798355030704    25.957488953800421427   3061755.635721
 11.005888473525340387    15.20750158979748079     -2.903728482436540137    18.654446486012439266     5.6322816041342198545  -14.933270901422449839    24.160640394715571233   15217208.611391
 11.347681539877250145    16.638433031982760468    -6.5840979938471999589   20.460582318588688366     4.1733978949871097797  -21.188336980531751408    28.311599612453608898   1501222.886441
 10.76229563509689946     16.83670283382301136     -7.0355916223720100788   22.139051495980901052     3.4317091500059198061  -24.076617927307211176    29.716442929794290251   8611218.294222
 11.4098906490005092      16.015869759408399631    -5.0023453076792199212   19.198706435678289495     4.9879711413158300815  -17.79305096750854176     26.22905658866415024    1790420.658641
 11.477919997213479775    16.928236551176478741    -7.8961787063118498153   21.463042643931729003     3.9175459833678698551  -22.401943776317590817    29.134564126488690761   4450485.344602
 11.135371694189229785    16.030960357758061718    -4.8284410749599899759   19.587395223044829606     4.7395665306779601877  -18.700362737827230575    26.616759875384360612   681184.839996
 11.288279762586569177    16.769694627972661749    -7.7270353899462298486   21.421171950754398949     3.950464068346899893   -22.745222780904111204    29.142930084823728265   5375244.535767
 11.217615567010659205    16.133656342904799885    -5.0552520488236298846   19.705554755264319766     4.6829260275010495818  -18.791579793992301717    26.753849236556249025   536854.626978
 10.804296672361349607    16.016770567192338603    -4.5354805259062098699   19.117120617543019279     4.9821500851821900469  -17.424392833314058748    26.282075722945261731   2902525.996969
 11.382869052395509613    16.419966490113118596    -6.2675360780104503178   20.568883932750900101     4.2983383574918399006  -20.784836609128529261    27.84019407097504839    605637.655710
 11.442993534815709467    15.356845707134079149    -4.1757017544259698028   18.844500027283231702     4.4248908805820796886  -16.723933186305849574    26.047096013044360063   2935882.864017
 11.137827188242159338    16.617541669970268714    -6.2912370267202897267   20.579103945325950775     4.5220809661191196938  -20.831631837252679418    27.831958510495919512   414081.517124
 10.991475541173310049    16.550655865468549166    -6.5380266744340298501   21.197498131415880351     3.8582859219367500181  -21.999912902482979149    28.702924078359529858   2623893.566460
 11.305286872043710744    16.149566285923441455    -5.386265649367920183    19.69840435961269165      4.7055498364710599546  -18.844766451252148443    26.847523461087998697   358531.362621
 11.041571888058410167    15.788416379734380612    -4.6140361755576799752   19.717857117369490538     4.8249025801180200901  -17.93503530966559012     26.202073582751321368   2142784.550225
 11.271154126922539263    16.425928868920671277    -6.091582539274820185    20.274901018283891574     4.3362740662698397998  -20.375011562815210198    27.784218105028038792   305431.317289
 11.592976687002199299    16.27841661310334942     -6.7482404287195496551   20.668430186571100649     4.8847761369608901916  -22.079039026103089327    28.659856242403648707   2151016.853173
 11.074597958448830326    16.227178097287339398    -5.2980952124587998853   19.927096445165879857     4.3434622425359998843  -18.858122754383291664    26.877060300572999552   287659.256120
 11.154023413395389497    16.640616258497200164    -4.6552356528463798568   19.29231501087545908      4.6540623408541597072  -18.001947481377378324    25.818527832226248364   1714682.733625
 11.249714534570729896    16.109291466368048873    -6.0763270942087901361   20.426986711586941681     4.4504398353729603954  -20.396093062165178367    27.923213989622730935   250773.086609
 11.332932677134810007    16.564219419809841582    -6.7333576818585001433   20.750013682095328704     4.2144538498254302539  -20.980220711026859703    28.199816602998211579   997351.787339
 11.184761939925619956    16.164275123271011125    -5.3046702266846201823   19.878049837807449052     4.6082883604648303688  -19.270327231127140521    27.012524057287830459   136482.393910
 11.028833286794270663    16.102158611214189676    -5.0191581498577999554   19.571143802405419621     4.7442391667181196269  -18.463029874582311152    26.739905260639741158   870140.974395
 11.294360110995199875    16.34051452038838903     -5.9554415959722897256   20.319448900164530869     4.4098135597984100542  -20.204384925491968517    27.565121868391219806   122719.125652
 11.216013784746140303    16.447571094846388462    -6.4886391925156603477   20.60987130700635106      4.2816193630795797986  -20.859945298718450601    28.058042275582820935   787409.636154
 11.217215121444530368    16.212135030890198806    -5.4135988347466401649   19.931633893199830254     4.5825993613956796935  -19.308671170173841602    27.07989749631288845    107295.668251
 11.318484430143879393    15.847855299472330515    -5.0019004454836801798   19.551330673480109112     4.4597553945405303821  -18.384761636292690667    26.765058426162280369   586555.843068
 11.182991498717589351    16.425120077345781056    -5.9689028814111395604   20.322160627364489471     4.5064995732244703674  -20.219914287012681342    27.565233489412509726   84691.981492
 11.116083211106300155    16.394560338211249473    -6.07333960341981971     20.610246335693879871     4.2194150204038498586  -20.764526403939079557    27.954553483662909485   532965.128653
 11.257985956809360317    16.210814798995389907    -5.5580341378808997277   19.926364853632989593     4.5840161324542600951  -19.324706439423881221    27.124280966731731723   70958.392240
 11.14645362190941924     16.056736592378229034    -5.2155803131146596385   19.93416791569385893      4.6594742380863403142  -18.934194114264219166    26.829305371638209721   429061.981776
 11.239979000669260145    16.33363079978505894     -5.8725819827347800484   20.189717742636378972     4.4170741092239600434  -20.014807200677459775    27.545489921680580636   62805.266626
 11.390261516731820635    16.285902421868051704    -6.1732067171523903326   20.357007145232010714     4.673318023731019899   -20.781564193065889867    27.927443067838289892   434439.388384
 11.153513848019580124    16.241859178432520139    -5.5168730886321997176   20.034574120182409018     4.425926187834750003   -19.33898311405393855     27.139655992389318584   56498.614462
 11.187659030166740237    16.441665541948619733    -5.2351308338090900563   19.744998995552510479     4.5593365315974301311  -18.9415624715379316      26.657415665293289209   346570.721627
 11.234200658469729817    16.192384985263188923    -5.8660280291088700011   20.256489782578338321     4.4776640094290796057  -20.032460414508371116    27.606764408540371392   52038.431565
 11.266736972967310138    16.394713274186269558    -6.167175644883039709    20.402061567837968425     4.364166763352489653   -20.285080640684899578    27.737888555128918711   204152.873685
 11.205255698186039837    16.221884660999830174    -5.5202965812342297269   20.009052770315079783     4.5472579611867400828  -19.524015583516579397    27.193865181748101634   26970.886596
 11.131680398237969953    16.184579631529310006    -5.392077128527350105    19.871977896952468967     4.6019113929869996937  -19.156631705755678752    27.07921740498465013    172160.356823
 11.253690182805890174    16.301530798173619274    -5.8146004791110597054   20.207581149361519834     4.4578380180955603507  -19.94244662055789874     27.44364575253958094    25303.070834
 11.219246833891880044    16.338500768822768805    -6.0484917881428401643   20.338634977106231361     4.3934794933039800213  -20.233424161183531709    27.668369850270600807   161492.033657
 11.217723049556369119    16.243726465373338641    -5.5723220730956901647   20.033384164176428754     4.5353193943727596604  -19.539859417926269458    27.227015584802320092   21084.855276
 11.263393756858480543    16.073688976089339775    -5.3798789391025003681   19.865600682030688517     4.4778135160889895872  -19.127879653177149777    27.086400170139480537   116458.267341
 11.203092063252810817    16.337262302031671624    -5.8216468958339797624   20.208020641031041009     4.4993280589406001724  -19.946905628553800227    27.445525159594261311   17683.604840
 11.172715329179119692    16.324122112450101696    -5.866065613476480145    20.341869537875918894     4.376100364426729783   -20.200858697660208918    27.619136747923839437   109225.672807
 11.236668299901799273    16.239141627359071407    -5.6350420067797903911   20.030241024693719254     4.5320371904473804037  -19.543744503982971139    27.247994912029760428   13733.242798
 11.189776370814229267    16.174309205253010191    -5.4836492040640303358   20.032951872317489972     4.5758889822922901303  -19.376168594493918818    27.112929218789048491   85246.209941
 11.227428343205499317    16.293800401152051194    -5.7753487880670899557   20.150526275056659387     4.4567778274910399006  -19.855147549131569207    27.437349745957700264   13264.046766
 11.297359950659890515    16.280921175953988467    -5.9132082980051396959   20.221224681878389617     4.5758516578690100474  -20.199468233996761057    27.603818506242699726   88324.915621
 11.189475373679659498    16.251624677812891662    -5.6159568909754398192   20.081236760606401504     4.4634075553433198991  -19.554104394039651282    27.255696620852670975   10802.543266
 11.203894487412570768    16.347320995566089863    -5.4926044609189199619   19.949236727490479382     4.5200405636787497343  -19.369317784836979968    27.036405007895169206   69351.312282
 11.226624115705439166    16.231118987838911494    -5.7726721370613800488   20.17967651880638158      4.4882581479915000244  -19.866674757090521553    27.464174558379070845   11104.760469
 11.238944709844659542    16.320459698926331527    -5.910443210458460328    20.245423382179819072     4.4335895224367298795  -19.975665236849888373    27.526535485153431182   42392.461108
 11.213677951100699204    16.246528420481450183    -5.6178332385402898197   20.068145423281269046     4.5188408514992399745  -19.636927996849909306    27.27703275759943935    5137.076328
 11.17907815902333013     16.22509859669764154     -5.5599201009899896775   20.007056224253311427     4.5404388465003897579  -19.469943164463440866    27.229151201521919035   33532.483034
 11.235037176860249275    16.282422747804631058    -5.7509303845807897559   20.157449918084470397     4.478488225196770145   -19.824320756534291377    27.390022114785171681   5405.764919
 11.219992185788239425    16.293959010192580195    -5.8532294531439603702   20.216700567697838409     4.4467199933157699476  -19.95380503526878968     27.492354663539980919   33671.840954
 11.21829033361433936     16.256284601578151694    -5.6425489181077601586   20.079213265056779392     4.5131695441085097897  -19.643345822261899514    27.293350354486740628   3977.117987
 11.238965535052239275    16.177286687690369149    -5.5527337796267497438   20.005261983422009564     4.4866660387959003131  -19.460027451415001565    27.23036657300303176    22680.182824
 11.212060431202669264    16.297268398446348669    -5.7544186167821695932   20.157330976628788477     4.4961625539044298705  -19.825186084269098785    27.391735512946461029   3863.668474
 11.198358478774929736    16.292015011245048584    -5.7734462715387602216   20.219353014597910345     4.4437070111339895817  -19.943600456067589022    27.468965563686598585   22733.732382
 11.227090844620079224    16.252359973330570142    -5.6696430729695297401   20.077519022169770579     4.5099546456190298116  -19.643708492004119393    27.303237574943970856   2533.698452
 11.207502007303970615    16.225516115217359925    -5.6029378573664398999   20.078208549124440196     4.5341597506983299937  -19.571786251739709428    27.241292966611879933   16574.610877
 11.22244675923012025     16.276729329668381041    -5.7322460553919301063   20.132446843573600148     4.4761233082928599813  -19.784307224783599821    27.388335551121251399   2936.790555
 11.20711270438251006     16.301229054767489401    -5.5940641993237401053   20.03556411245105906      4.4992123331411200127  -19.536725463121641155    27.192799866402548759   17847.329743
 11.221746262874709998    16.248646504571059523    -5.7280201526269696188   20.143648417217548285     4.4909966942789001365  -19.784187433598301453    27.396330885384941212   2085.706751
 11.253481700464019966    16.279872458153000991    -5.7827975201672598971   20.151835772539950398     4.5319455369137502387  -19.91503383747497935     27.441459022366750276   13991.869818
 11.205476955375749171    16.258686622897918994    -5.6576670482733897316   20.098886513589789615     4.4805420507359299265  -19.644336754898478858    27.302137221231191688   2344.927900
 11.199474119716420262    16.242292638187908693    -5.6211773590455100802   20.05889021377767989      4.5174516743571997424  -19.593393474512968311    27.282023558847409817   8818.111384
 11.226146412574289357    16.272390220400449579    -5.718492128196969837    20.132809992007768329     4.4882290874868804309  -19.766588936028959722    27.363022475800729438   1009.800381
 11.224395763039860086    16.28557605120223073     -5.7830341878450601811   20.166670299645591768     4.4683528297654904193  -19.817832216819930125    27.419581406947788338   6525.354720
 11.216357404085490757    16.256290328161650649    -5.6591334758664801896   20.092776642372349727     4.5062188460658001432  -19.682154051842420728    27.312669919936528373   1134.027465
 11.219231114946550676    16.275821506272240669    -5.7630569533515103586   20.15947770853167853      4.4720382234297302304  -19.822502457002379117    27.408783685903280514   6488.432899
 11.218525528947390413    16.261168827751678378    -5.672675926918699929    20.099279375925508617     4.5028867139388095708  -19.688134980947019415    27.322208687340879152   744.575175
 11.227308188142419709    16.224523546348418535    -5.6278322004303902304   20.064773825330160406     4.4909664022150597162  -19.601504736903159198    27.290533720127690742   4909.956680
 11.215872370437610428    16.279082185421870577    -5.7227720126942296375   20.134191688804129683     4.4948635159820904406  -19.769265747427620994    27.366435064741768457   852.804779
 11.215043463317119432    16.245734859627390279    -5.6472978924784298371   20.090156485594079072     4.5163599928806901218  -19.638086031429811129    27.287676400130180809   4806.867403
 11.220595935251870046    16.26898071215812891     -5.711009014663559924    20.121874254078718991     4.4861824794398197369  -19.747751926445150872    27.363170763373478422   551.507175
 11.208543689536229593    16.274852998487361333    -5.7217197153848395885   20.157757230400459747     4.4757366080747500448  -19.808411459763870965    27.389898144430180338   3156.798901
 11.222454055849119925    16.257983229619771492    -5.6826622335733603109   20.097578574227441095     4.501400136232960314   -19.684884233944060838    27.32490271731553122    568.637493
 11.235008178915810717    16.268325379411969323    -5.7408372215952603312   20.13601604201976869      4.5111086559569999466  -19.819368190882528324    27.397502925595620837   3765.319379
 11.212859761260769886    16.261096312026431576    -5.6784595916038602681   20.108168895697279055     4.4881837020411996519  -19.68809461389448856     27.32597864732230164    447.963566
 11.216199870955730233    16.281922585583220808    -5.6563239569493601877   20.081117132243360146     4.4998503003461198801  -19.652062420838770862    27.283208621995399312   2677.682314
 11.220359664894960616    16.256965524824099845    -5.7100961037075697035   20.128015595973998586     4.4932100957956997433  -19.751156180408418805    27.36805031953755929    461.725460
 11.222732232833369181    16.274471675324761577    -5.7397713845215898587   20.142057179546178247     4.480911362767759698   -19.77381069647064038     27.382692558758410684   1867.720976
 11.217951111272460807    16.260835664952431046    -5.6792929530302602714   20.10509677666581041      4.499891975241290254   -19.705068212999478305    27.330175579641998951   216.807091
 11.210601709686899952    16.255070481529379833    -5.6692129678577503071   20.094105768384480371     4.5022333749907996747  -19.671798462847110756    27.322955175420279517   1250.570241
 11.222260236852440229    16.268060285682679478    -5.7061723381121698395   20.123133936101940122     4.4917301593628602419  -19.742891317733498369    27.353005650705618734   232.389735
 11.222700856513540657    16.245229402296761378    -5.6601903191941902449   20.089564713673208729     4.4947037017472402098  -19.661586100107271591    27.315705611040328904   1352.441443
 11.217579491956589877    16.270618989640588836    -5.7071265893192197893   20.123034945021398556     4.4948235624233801033  -19.742345835597529202    27.353752701316409457   168.949529
 11.219777401720669729    16.26584280622092038     -5.7201294513698703881   20.131264332007798856     4.4843767462146804093  -19.758205682202298448    27.368944563862811492   963.574292
 11.218838497140710686    16.262337322368988879    -5.6845393080314901013   20.107275614946079401     4.498259222007780167   -19.705652656260838285    27.333892656471370231   169.057548
 11.214815858045110275    16.270272430852610768    -5.7106794517032497538   20.135735716768351722     4.4849659198561901974  -19.767390264152918888    27.368819087932678258   943.486633
 11.220544506398120177    16.261055529927979535    -5.6896665381058300071   20.107117859862668752     4.4972915821387697832  -19.705510741496279792    27.335881809969819756   111.837305
 11.216659284684149966    16.25701061053420915     -5.6762348201679797555   20.107223924283900374     4.5033576059918898338  -19.69245366166643052     27.322754198045121399   681.567405
 11.219611772609939138    16.265988186752149858    -5.702315466039670433    20.118211671630021442     4.4904762610778403698  -19.733927360250469007    27.353066622041389166   130.531596
 11.216681871531049453    16.271603701276248444    -5.6749246917902897991   20.098281461147490035     4.4955488940023302646  -19.684126887658031535    27.313593585453560308   730.439296
 11.219440216553980605    16.260625068937141435    -5.7013032507282499495   20.12058206226737056      4.4937947953473598162  -19.7343988572208211      27.354436136016559544   95.305890
 11.226061905249009598    16.267338273191271014    -5.7130879636438196556   20.121674780444241293     4.5021784572728797968  -19.760418237979479272    27.363795968724311081   585.737454
 11.21616029725782937     16.262656802317639659    -5.6871166846138496709   20.111545366884019614     4.4916823908491201323  -19.706175519915738903    27.335432977672798671   104.030008
 11.214918589773169799    16.258830447145008691    -5.6799307447074198762   20.103398720263019328     4.4986183518044402518  -19.695131306192550369    27.331748201617340754   367.959831
 11.220424825082620401    16.265752826048260005    -5.6996119397609801283   20.118200132142209924     4.4934522074732496932  -19.730951314848258704    27.347691288433548351   51.657892
 11.219934490727480281    16.267459971045500566    -5.7126155545695400662   20.12517969554955144      4.4886166022780003004  -19.740349582883361279    27.359582760907109389   277.046375
 11.218446956136219228    16.262491741475699314    -5.6876236034150799981   20.11011750638673945      4.4970731320004704301  -19.713888555470450825    27.337527374958281001   54.696292
 11.218935236000799449    16.266002433373721203    -5.7082504268207596709   20.123812826252319041     4.4899104726522702791  -19.742118253681891105    27.356904175073999852   274.608254
 11.218862681855730656    16.263253600120169295    -5.6904670877288099362   20.111409917772640199     4.4961720346689002525  -19.714769055616098825    27.339645536122031189   38.994490
 11.22056086687038956     16.255616369096269835    -5.6809032879357701518   20.104732059820218382     4.4937314100211098733  -19.697545994350498688    27.333013511601990331   209.046655
 11.218324835685040242    16.266868334504511751    -5.7005707639733600445   20.11845922372109996      4.4945505243228103254  -19.731145875285768909    27.348567903887808228   45.124408
 11.218160889952789816    16.260498642771111122    -5.6852159249106604122   20.10962606238048167      4.499242786579499942   -19.705169759707651167    27.332414242833149132   203.202753
 11.219249051945649143    16.264615800756889286    -5.6980405807574197041   20.11606526931764094      4.4926678924532499337  -19.726737960114760995    27.34790352723932827    32.495709
 11.216858026321039787    16.266448519832110264    -5.7002574364592399903   20.123276276849249911     4.4911064113226997208  -19.739651298067119711    27.353033831267431708   140.120593
 11.219622886378850524    16.262403777404010441    -5.6923142626941798383   20.111157464109311377     4.4957452894347502692  -19.714045880638991548    27.340169815294220967   32.155494
 11.222231546638770538    16.264774954609979574    -5.7042923122598896413   20.118737940463688574     4.4978764307796801347  -19.741235194140021036    27.354836045741990347   164.592258
 11.217678109603060221    16.263186340390731743    -5.6914105915253596635   20.113343510278941295     4.4932309008317599108  -19.714940438471810324    27.340283744690101031   27.255082
 11.218448168213779326    16.267538479834360743    -5.6872792720875198214   20.107633087369361391     4.4956029135627000315  -19.707452308620929671    27.331789347019249448   116.660460
 11.219192204468930285    16.262353421661451591    -5.697797256068070304    20.117344818542868268     4.4942468249011904291  -19.727662220070850907    27.348774438767229356   28.756366
 11.219654356726600497    16.265632287348868346    -5.703865677301539705    20.120162589580321111     4.4915170605955001548  -19.731897943114269367    27.351911554880068422   86.682823
 11.218748806283819874    16.263276877944001342    -5.6916841218867002539   20.112628777185140194     4.4956841141492303038  -19.718390902381411678    27.341123419938728745   17.922291
 11.21719762526626063     16.261663789032251515    -5.6896122501344201794   20.110488148122829699     4.4957756727444300182  -19.711246494460219481    27.339871107549150508   59.656194
 11.219618025128529126    16.264730566794259659    -5.697112017354339919    20.11627213613736842      4.4940330737910496595  -19.726025109751251563    27.345736243212449779   19.386369
 11.219667097361979202    16.25993748980162934     -5.6876652126023197198   20.109604174377160746     4.4945295128857996048  -19.70958885815570838     27.338185446187640792   63.834718
 11.218660401104280311    16.265135623328788483    -5.6973443761305997413   20.116245461385108939     4.4945452714635596436  -19.725756621003249336    27.345972289462771698   16.720804
 11.21907145669088024     16.264089945102721657    -5.6997338283902401201   20.118035064214890184     4.4924432130524696305  -19.729104982221709719    27.3489154577650595     49.267845
 11.218914875564520273    16.263462686365809162    -5.6927837728941703688   20.113066204383198254     4.4952398292647899325  -19.718353037267501549    27.341963016532790931   16.036308
 11.218589607634919858    16.262398283211421557    -5.6906583902578402601   20.112522836974338958     4.4966821943571302356  -19.714740385480968854    27.338960177874469082   45.199588
 11.219084190867970818    16.264061421370520577    -5.6961950331325299501   20.115179661231810115     4.4936714679292197872  -19.723738566456308519    27.345667689898121466   14.214188
 11.218061860198609736    16.26508391912614826     -5.6974934998749002801   20.118579841360521243     4.4930122769454801102  -19.730201803761680424    27.348264711134991245   39.856308
 11.219232629833790327    16.263073812834548448    -5.6936090719893597267   20.113013058422108514     4.495062036312430287   -19.718084861419658438    27.342193539254409984   14.605939
 11.218504092212770118    16.265340100918169952    -5.6908138824785199361   20.111154841178180419     4.4947436590251097499  -19.713849076143770134    27.337779830658309521   39.571899
 11.219020176404889355    16.263100091475628517    -5.6960514126706796034   20.115797324201690088     4.4943710334321700373  -19.724208934089080714    27.346025786740000285   13.476175
 11.22040163473631047     16.264482539641708314    -5.6985264959198902446   20.115857239134321333     4.4960853352660796745  -19.729218999347761354    27.347911108178259099   32.877689
 11.218358990886370563    16.263510390203478551    -5.6931895676239898663   20.113971942492788969     4.4939445094403396297  -19.718510078690801635    27.34219058556213966    13.608198
 11.218101995141649851    16.262589691355110233    -5.6917043701679599366   20.112271415091729665     4.4952578582065898516  -19.71598717633673914     27.34144556461296105    25.006107
 11.21923901763181064     16.264195347934471414    -5.6957601055577402605   20.115271955875961396     4.4943392698949402586  -19.723515626397631451    27.344663573562581149   11.681584
 11.219111274371499576    16.264305800202638608    -5.6982968323987499559   20.116669967955619569     4.4932225766328999228  -19.725085590568369298    27.347069860350639914   20.250799
 11.2188394233057398      16.263534108508661546    -5.6933372995147095708   20.113639074877760038     4.495068729770149929   -19.720064574428150195    27.342610030041708313   11.632535
 11.219250828751459181    16.261989479154959071    -5.6914916991217401332   20.112308601896408788     4.4945109788347403779  -19.716093572925071697    27.341260345277728305   21.124510
 11.218808008016079469    16.264349087285328466    -5.6958812068783801763   20.115261246512929461     4.4945366983063497202  -19.723340858983711144    27.344794303416509962   11.146847
 11.218965820705950165    16.263915673523520411    -5.6969372834965099628   20.116115013792530419     4.493615526473949906   -19.72492224857974108     27.346078557317351709   17.556305
 11.218927611849879966    16.263575933155241415    -5.6938221505447597082   20.113828406735528631     4.4948337535670797038  -19.719995340095561431    27.342991901728929349   11.249728
 11.21856091844128045     16.264448010003551559    -5.6961728639885800263   20.116401116414600381     4.4937280957847800522  -19.725736275477839143    27.346076138159880031   17.444105
 11.219064701985660193    16.263417362126798338    -5.6942500199891696866   20.113860072920228816     4.4947285511805201708  -19.719997714934198285    27.343164188980779272   10.774068
 11.21870378915500055     16.263276384540798603    -5.693031184804450362    20.113857488373021454     4.4954206879540796749  -19.719013755720588676    27.341886701539781512   15.489663
 11.218989090439729139    16.263865162163089195    -5.6954040710505102751   20.114849118017108509     4.4941087729354300961  -19.722557363772381223    27.344722442808539142   10.825325
 11.219609017580429722    16.263928779124871227    -5.6966693655777103089   20.115315828690409461     4.4951945788701301865  -19.725398610652259634    27.346087193660441272   15.988505
 11.218671497559890682    16.263614987433829384    -5.6940595171124197549   20.114307914042189651     4.4942570267977899334  -19.720232211681171464    27.343164737586718616   10.574589
 11.218848209534760585    16.264486190983628688    -5.6932384075143698254   20.113064901221651581     4.4947354815541897821  -19.718563548851719247    27.341434549867351222   14.433387
 11.218977184687359383    16.263446616352631224    -5.6953481613815997164   20.115114218456678685     4.4944621454626796364  -19.722797587779741235    27.344877977521839796   10.675649
 11.218554558895139195    16.263177011215688594    -5.693412016291279798    20.113545201713311172     4.4948023523964897308  -19.719051702652340197    27.342858021318850348   12.793827
 11.219067902947639226    16.263940763754778374    -5.6951730832411202599   20.114840267335299728     4.4944550405203296251  -19.722399645461308637    27.344212185501650225   10.221842
 11.219019433118900153    16.263954437854678758    -5.6963593319704202145   20.115521280556521333     4.4938975527356097572  -19.723169917774150406    27.345369323542570328   12.130098
 11.218884425759030776    16.263639190845168514    -5.6940928076286398962   20.114109626297448585     4.4947759355115204372  -19.720840910264648471    27.343299853416930034   10.266961
 11.218918905691660726    16.263930686833788286    -5.6959518115357701262   20.115412297145010001     4.4941160094942400605  -19.723480743583628794    27.345075438051921424   12.142279
 11.218925435310330485    16.263664621574879021    -5.6943545657925103143   20.114224379337901638     4.4946543175488695709  -19.72086669096757916     27.343512785809679144   10.137040
 11.219072060180959483    16.262961971072151357    -5.6934565720347496409   20.113683209603319568     4.4944466702528300672  -19.719428319548008233    27.342906888476679939   11.453558
 11.218874021057299473    16.264002308232029748    -5.6952750481674696559   20.114866737285531428     4.4945141912929695849  -19.722362724124788969    27.344322449681548903   10.166869
 11.218858100790900068    16.263485080785521575    -5.6938968441817499055   20.114100372175819587     4.4949904294401896721  -19.72015620343146125     27.342864465334081103   11.383882
 11.218956343027519651    16.263770141818699955    -5.6950272643333201827   20.114661931556788943     4.4943291870616199901  -19.721957073687150341    27.344257948439931738   10.064041
 11.218751529542650758    16.264033675019490488    -5.6952729650557101237   20.115318519740299053     4.4942565471611297667  -19.723275669056199888    27.344735221864450381   11.045655
 11.218986408874910055    16.263571440349970487    -5.694505756255810347    20.11422468462524904      4.4946105501756701273  -19.72081720346470135     27.34355694720170149    10.078226
 11.218841682323100528    16.264040084792899421    -5.6939341364844802129   20.113810221680580526     4.4945653542255401547  -19.71990997212065011     27.342643996089069702   11.170380
 11.218943309096299998    16.263594983462699162    -5.6949946551573198406   20.114788219262649704     4.494487947653399651   -19.722075683864968454    27.344319482163651713   10.033657
 11.219225029889550171    16.263865998291379356    -5.6954899630522097809   20.114753756158059161     4.4948364502777495844  -19.723002054557451146    27.344687163046160094   10.754083
 11.218809880642300669    16.263677740148221318    -5.6944171285973697039   20.114419374571159693     4.4944018826677796241  -19.720924672400240496    27.343545343951578985   10.038456
 11.218990803085629793    16.263852808966621666    -5.6955493356699102847   20.115040543409570262     4.4942106693229497694  -19.722417288012710657    27.344622187368720745   10.500436
 11.218911020090679642    16.263692595375530914    -5.6944569396389601579   20.114342355575480781     4.4946346189643797686  -19.721235004701661353    27.343630436904881265   9.958083
 11.218762502223599498    16.263480330805798246    -5.6942644475996697651   20.114167641868910152     4.4945828724410104016  -19.720525798313289556    27.343543641399190136   10.312592
 11.218991552766629738    16.263825655517539559    -5.6949459243307600786   20.114672110968708552     4.4944869985005002633  -19.721931183674310972    27.344045049476040532   9.960445
 11.218989964602320342    16.263368314124409864    -5.694068447291400048    20.114085564399598383     4.4945159522990900669  -19.720439422378248651    27.343354120017728803   10.345485
 11.218903006943550693    16.263843809705118559    -5.6949733979484502555   20.114671444064050831     4.4945146315444999274  -19.721881898688149448    27.344080367265600984   9.938812
 11.218932142244490535    16.263757197390198428    -5.6951657388537704207   20.114855655126120837     4.4943359157562303707  -19.722225514884190289    27.344325950019861438   10.200573
 11.218927112043870054    16.263687765528711537    -5.6945573590578302259   20.114382198284960879     4.494574717100710437   -19.721206396946730166    27.3437160768622185     9.942291
 11.218854226728190326    16.26388361438046104     -5.6950292920481899728   20.114900353741550276     4.4943694451080098418  -19.722386200524791633    27.344327254245129666   10.194972
 11.218953363338229678    16.263649483857591349    -5.6946366402039103605   20.11439360190432879      4.4945502739087599409  -19.721209452729731026    27.343749523962561199   9.922860
 11.218883441235780296    16.263650439208561238    -5.6943961770765696428   20.114386441195019728     4.4947139758926697439  -19.721032724314500939    27.343480988870510373   10.114940
 11.218938117579590141    16.263740216166159058    -5.6948694925191301053   20.114593058966349304     4.4944253842693804302  -19.721725986343990655    27.344063708547579949   9.925562
 11.219066542745940396    16.263760691169881767    -5.6951355596473103304   20.114678622293560295     4.4946479950298297013  -19.722294072442490886    27.344341697529138457   10.136468
 11.218874046168210157    16.263698477903641759    -5.6945967363598501976   20.114484186501758956     4.494463410758290145   -19.721267022410799541    27.343744432345971518   9.914948
 11.218913324883910576    16.263873017695669176    -5.6944443420023702629   20.114222911098959656     4.4945549195027503231  -19.720912014847989724    27.343403259369168268   10.072032
 11.218935813043200866    16.263664492020939889    -5.6948570768685797816   20.114646892221731633     4.4945046906157397615  -19.721784766610731765    27.344090426465029964   9.919354
 11.21884915557832052     16.26359629892751002     -5.6944676878397295638   20.114331814036621182     4.4945609235457197883  -19.721014681591920947    27.343690656910769832   10.004690
 11.218955953469549769    16.26376831637002951     -5.6948263652079997854   20.114587036735688486     4.4945054797618100295  -19.721702058153709913    27.343956451334719304   9.900870
 11.218942526362519985    16.26375099363939114     -5.6950622226941103321   20.11473147833277153      4.4943764061668201037  -19.721844304407998294    27.344198416461889423   9.978995
 11.218918896658639284    16.263707194941499523    -5.6946082604027496998   20.114439636264801692     4.4945700657649902965  -19.721387329628250029    27.343772431794128863   9.902462
 11.218924087156409541    16.263761374746998456    -5.6949763465166496346   20.114708046474671477     4.494434979077420067   -19.721924607214788239    27.344128877913661313   9.979438
 11.21892635582200981     16.263706167833291261    -5.6946621059225401851   20.114463660332390305     4.4945397825948898429  -19.721385949513749125    27.343819277125078315   9.897123
 11.218954863364860586    16.2635660043214898      -5.6944713670471998057   20.114359433915101505     4.4945022506480301061  -19.721107405709268789    27.343689990327280981   9.950775
 11.218915971048879499    16.263774358359221139    -5.6948478902231398635   20.114593441526821493     4.4945115363203802517  -19.721688275443430172    27.343982773031029865   9.898631
 11.21891342514861023     16.263679352772758335    -5.6945691003919503004   20.114437928315801685     4.4946161127948602854  -19.721252543510409794    27.343683524612000468   9.947770
 11.218931944471849604    16.263725000317808878    -5.694794394487329825    20.114554276303721281     4.4944730664007499499  -19.721607625635598993    27.343968662563678862   9.894393
 11.218892059713869713    16.263791661212810169    -5.6948470253595697699   20.114683292349081256     4.4944691638674800771  -19.721882840812060778    27.344060320225910488   9.934423
 11.218938037432140575    16.263685028196398719    -5.6946892364928300978   20.114466024515518683     4.494529996398440197   -19.721377799750321458    27.343827223028398521   9.894728
 11.21891024554859051     16.263782520528181408    -5.6945786343018296449   20.114378325544191028     4.4945219773841298405  -19.721191250685219387    27.343644216741541442   9.939189
 11.218929421169550054    16.263693999147751157    -5.6947874662268898049   20.114579750552348258     4.4945090123078399458  -19.72163638762934923     27.343978874034160498   9.893111
 11.218987833852539282    16.263747255000929215    -5.6948934690582904139   20.114568335278608657     4.4945762862557403494  -19.721814527804749417    27.344057194200090066   9.922655
 11.218902493089290218    16.263710672177971617    -5.6946709195344595855   20.114505223695971381     4.4944916296326500316  -19.721403898759291451    27.343822622809501155   9.893172
 11.218938296628010676    16.263739531459208365    -5.6948998476244501177   20.114631624781608821     4.4944472209255099671  -19.721698954624731215    27.344043535042029447   9.912277
 11.218923746650979467    16.263715279070929398    -5.6946811572081701414   20.114487633394009691     4.4945393545551199921  -19.721465235877371214    27.343840207606110226   9.889925
 11.218892037868929634    16.26366325651665079     -5.6946402548192498472   20.114455823355960717     4.4945214854410702188  -19.721316562591749033    27.343826303007560341   9.904138
 11.218939974569400064    16.263742051406691047    -5.6947798376108096363   20.114554233390759208     4.4945094811816197478  -19.721605684263220581    27.343923914252929563   9.890147
 11.218938878438320828    16.263647983969590882    -5.6945992862005798685   20.11443821624024153      4.4945148417000000407  -19.721306747821969907    27.343783164517489581   9.905638
 11.218921697896240275    16.263742764761808246    -5.6947857392175000868   20.114554635205180944     4.4945123626652803139  -19.721592893538069546    27.343932870902648347   9.889243
 11.218927162829260169    16.263726630760810821    -5.694820394299740407    20.114593990255471567     4.494478761159879987   -19.721668200615738442    27.34397911578847129    9.900007
 11.218926557573819736    16.263711283565168486    -5.6947016780168402406   20.11449624281316062      4.4945245272361402655  -19.721456512289250895    27.343859236790930112   9.889262
 11.218912201259609418    16.263755271931639612    -5.694796818450599929    20.114600259871668442     4.4944869847385300332  -19.721698839676001569    27.343980316674439734   9.899735
 11.218931578389009118    16.263702589130211607    -5.6947161319822701131   20.114499583354561452     4.4945192434834604356  -19.721458059731741486    27.343865496439910601   9.888481
 11.218918189624799808    16.26370889661377106     -5.6946692997403696168   20.114496381526571156     4.4945571081884301279  -19.721426280675341758    27.343809401103801093   9.896253
 11.21892850576008982     16.263720974391798535    -5.694763120800589995    20.114539802609428421     4.4944940768476699944  -19.721562289395539125    27.343928847198711196   9.888693
 11.218955073199019523    16.263726168243270109    -5.6948191179121296912   20.114555313823871074     4.4945392441608200684  -19.721675262019161323    27.343985790683468906   9.897355
 11.218915638116719435    16.263714546194300681    -5.6947079691288804426   20.114517746227949857     4.4945035332646900983  -19.721471739574258919    27.343863414777988652   9.888180
 11.218924207103670554    16.26374871185822002     -5.6946798577631296823   20.114463071446241571     4.4945202960447296903  -19.721395730847639527    27.343796551099909919   9.894546
 11.218928117653080179    16.263707677325371037    -5.6947605641109504404   20.11455058077581981      4.4945118332420603835  -19.721576223433920916    27.343933293300601406   9.888422
 11.21891026601343988     16.263690838433191743    -5.6946819796649599255   20.114487545003548519     4.494520499188210394   -19.721418016833961673    27.343854190609050647   9.891749
 11.21893254743040913     16.263729248163318886    -5.6947553731243498731   20.114537561293960977     4.4945122356832696298  -19.721558767405909407    27.343906483341960723   9.887677
 11.218929008440269968    16.263721601938200934    -5.6948018646150799782   20.114568410114578967     4.4944828775656100461  -19.721585188513678588    27.343956833180399713   9.890888
 11.218925062098300316    16.263716859787749058    -5.694711334059899599    20.114507827574151122     4.4945252353077398411  -19.721495224036448946    27.343869363999679933   9.887681
 11.218925770238710626    16.263727190650421051    -5.6947841026758601046   20.11456311062714164      4.4944979071907695811  -19.721604972600999872    27.343940697483780866   9.890924
 11.218926360740040238    16.263715260336478963    -5.6947222841815898775   20.114512959766660316     4.4945178722248000369  -19.721493627367191692    27.343879601964140136   9.887458
 11.218931962157370208    16.2636878510465408      -5.6946819114649400717   20.114492810966968506     4.4945116459214897731  -19.721440229589081383    27.343851843675349045   9.889623
 11.218924263961520538    16.263729036332989608    -5.694759782279359861    20.114539179145630499     4.4945121834793297921  -19.721554727550820729    27.343912614095820857   9.887574
 11.218923942351070266    16.263711944828308731    -5.6947035760186404119   20.114507465430211397     4.4945351050624298139  -19.721468673204540778    27.343851229349890986   9.889490
 11.218927364907839817    16.263718717000930525    -5.6947482346051003788   20.114531718314619724     4.4945043339013599493  -19.721538885347790426    27.343909442736510584   9.887396
 11.218919665870389579    16.263734938052959222    -5.694759737014909895    20.114556866102240917     4.4945056785460399951  -19.72159599590149881     27.343927136193428851   9.889058
 11.218928600259360451    16.263710676360901175    -5.6947270332404302806   20.11451390404148043      4.4945158522491102104  -19.72149254377417904     27.343880906378288387   9.887365
 11.218923264493829706    16.263730706725109343    -5.6947057246375099027   20.114495389614031495     4.494514237075169838   -19.721453923725110968    27.343844371640649626   9.889163
 11.218926904363270225    16.263713434675299396    -5.6947468542425898619   20.114536782985368291     4.4945124342003399676  -19.721545648506719317    27.343911062885620566   9.887336
 11.218938962957780703    16.263723520279310009    -5.6947694296520703361   20.114533663235441452     4.4945250801770102456  -19.721579524422608642    27.343927863908298548   9.888570
 11.218921469326980755    16.263716789715548572    -5.6947233342596801364   20.114521725479818315     4.494508919992769691   -19.721498685786350791    27.34387952706056879    9.887310
 11.218928512470110803    16.263721186665240026    -5.6947694933495602854   20.114547552719429291     4.4944987166154000136  -19.721557029031828279    27.34392481841830147    9.888138
 11.218925924691250273    16.26371794150713157     -5.6947258738823096635   20.114517758860468888     4.4945186056346502212  -19.721510675285301772    27.343883227604340647   9.887183
 11.218919134926810699    16.263705567816479913    -5.6947170259302399842   20.114512161161478332     4.4945135362259795997  -19.721479745056470279    27.343881054579551204   9.887726
 11.218929194304509522    16.263723328076608254    -5.6947457863258197364   20.114531211260839427     4.4945125608189497868  -19.721539011818549625    27.343900126151361007   9.887220
 11.218928827065120402    16.263704148716410458    -5.6947086179313597398   20.114508266771299105     4.4945136962412401971  -19.721479294702341178    27.3438713558415607     9.887804
 11.218925404737419171    16.263722814428849262    -5.6947469911923596086   20.114531451052048538     4.4945125616698096138  -19.72153586933870173     27.343902299532260258   9.887176
 11.218926457142989861    16.263720083025031471    -5.6947531751750704032   20.114539769374658817     4.4945064901943396762  -19.721552464020689399    27.343910852992699745   9.887636
 11.21892638484077942     16.263716466008620642    -5.6947300069299595648   20.11451966216866083      4.4945150267171900538  -19.721508336530568783    27.343887414721280038   9.887153
 11.218925172956039304    16.263715983219920957    -5.6947220168443699606   20.114517566213578448     4.4945230836080201087  -19.72149847780659826     27.343874718501698595   9.887544
 11.218926816919889689    16.263718033555679909    -5.6947416801649204388   20.114528180289358517     4.4945090213280201041  -19.721528783462488832    27.343900761677808475   9.887141
 11.218923428078950266    16.263726125915599852    -5.6947474030446096904   20.114539459414679357     4.4945096135685300709  -19.721555173576870601    27.34390892780263016    9.887498
 11.218927307214260125    16.263714538749578509    -5.694732125691469804    20.114520292884780162     4.4945142925789598465  -19.721508201224850154    27.343887911734380936   9.887135
 11.21892523907533068     16.263723683050990587    -5.6947233738849902807   20.114511869013480094     4.4945135625826200254  -19.721491369620938627    27.343872156680671281   9.887478
 11.21892648804128001     16.263715996769221306    -5.6947409841531904107   20.114530554492400682     4.494512716295909982   -19.721532078785269704    27.343901336334390351   9.887127
 11.218932108029980199    16.263720101454648415    -5.694751936694619765    20.114529449094050051     4.4945181614482301313  -19.721547873198151279    27.343909923726808842   9.887402
 11.218924129002729728    16.263717617650321756    -5.6947304848684101586   20.114523656383379802     4.4945112303566299161  -19.721510982639298248    27.34388712622713058    9.887125
 11.218922935823380627    16.263711931543220146    -5.6947251127834999096   20.114517804776610888     4.4945141404899500159  -19.721499538829018405    27.343885610371948758   9.887268
 11.218927629684230851    16.263720478943259451    -5.6947406179402397797   20.11452785963977874      4.4945129557366998441  -19.721529143571171261    27.343896497206511498   9.887107
 11.218926692577490201    16.263718043094439025    -5.6947492378149897618   20.114534143113928621     4.4945064814176998169  -19.721533152015368273    27.343906300233879136   9.887222
 11.218926116662810699    16.263717966903961099    -5.6947317148654796881   20.114521854923840039     4.4945155745804097336  -19.721516294467818398    27.343888995761730598   9.887099
 11.218927415938580339    16.263711785165618551    -5.6947237558401200275   20.114517709171440885     4.4945133862141402048  -19.721502365141720503    27.343883427228668381   9.887225
 11.218925907537709463    16.263720057113040696    -5.6947411823543001574   20.114528015581900178     4.4945127678058902632  -19.721527493289460864    27.343897581456360513   9.887096
 11.218926299462909313    16.263719159615678933    -5.6947439330809004332   20.114531884744319967     4.4945102757635302382  -19.721535371309538931    27.343901216821098643   9.887191
 11.218926363496310117    16.263717139410388768    -5.694733488467700333    20.114522717812580055     4.4945138389787802069  -19.721515095225310432    27.343890865246240907   9.887092
 11.218925737834199552    16.263717336598539021    -5.6947299193610199097   20.114521805915980934     4.4945176576243497379  -19.721511013452708738    27.343885042312688682   9.887171
 11.218926547148470263    16.263717859316400904    -5.6947387399639497474   20.114526586696008792     4.494511180402099626   -19.721524340960048249    27.343896831836531192   9.887090
 11.218925030378180452    16.263721780138020279    -5.6947413636266102088   20.114531491552330777     4.4945114971800199655  -19.721536207043250499    27.343900440856728551   9.887162
 11.218926738005240651    16.263716349096689839    -5.6947344351752597902   20.114523092551671368     4.4945135937292199912  -19.721515202679448464    27.343891044014970504   9.887088
 11.2189259209694292      16.263720422783368491    -5.6947306340283301296   20.114519097961640171     4.4945133241582997385  -19.721507507738319731    27.343884075594029781   9.887160
 11.21892634627332086     16.263717103272760767    -5.6947383966219797813   20.114527690359711443     4.4945128682615100857  -19.721525936023528658    27.34389702114929932    9.887086
 11.218928913513870782    16.26371865493723945     -5.6947433938141296395   20.114527148635328757     4.4945152780704002993  -19.721532876279781021    27.343901112821910715   9.887141
 11.218925325130509663    16.263717876972048515    -5.6947337121048402508   20.114524529446370593     4.4945122422850696253  -19.721516456049421606    27.343890622875829166   9.887087
 11.218924754388449827    16.263715050223968461    -5.6947312876464799558   20.114521993895099428     4.49451334884701037    -19.721511090341699912    27.343890063462339413   9.887114
 11.218926910860290036    16.263719121763440256    -5.6947382853667996017   20.114526393203611576     4.494513054014279696   -19.721524630263811417    27.343894888770471141   9.887084
 11.218926494323429921    16.263717892223109374    -5.6947420680073301824   20.114529295262411068     4.4945100098415498024  -19.721526321101048751    27.343899248623898757   9.887105
 11.218926211077970834    16.263717948233750832    -5.6947343031509403133   20.11452371500848102      4.4945141833956903099  -19.721518801126119769    27.343891558977279743   9.887082
 11.218926790174320374    16.263715199477100981    -5.6947306350318296353   20.114521905869068519     4.4945132210702896103  -19.721512638804160389    27.343888942220960558   9.887107
 11.218926128196860859    16.263718842704058432    -5.6947385455236796403   20.114526488153689598     4.4945128811219898779  -19.721523779668139298    27.343895421647509636   9.887080
 11.218926266987310214    16.263718603835080501    -5.6947397737915697036   20.114528280878708699     4.4945118762240401367  -19.721527518137701662    27.3438969602600217     9.887101
 11.218926339369060585    16.263717505516559925    -5.6947350597986696741   20.114524108579111328     4.4945133482900896382  -19.72151820095340824     27.343892388999691434   9.887080
 11.21892602396959937     16.263717782843400528    -5.6947334708195302966   20.114523703961889822     4.4945151541972903075  -19.721516518115350891    27.343889724287770093   9.887096
 11.218926416353749431    16.26371784019815081     -5.6947374226778402218   20.114525866012481714     4.494512173850900183   -19.721522385248878351    27.343895054949339141   9.887079
 11.218925741212409264    16.263719719092101457    -5.6947386291803798741   20.11452799052360163      4.4945123351906497433  -19.721527708558639347    27.343896658090578455   9.887094
 11.21892648880703014     16.263717191595539191    -5.6947354836765402553   20.114524317044658375     4.4945132790945798718  -19.721518329149251514    27.343892447533871604   9.887079
 11.218927486566139251    16.263717995394880944    -5.6947398584141497579   20.114526492942701452     4.4945139828660796155  -19.721526990360050746    27.343897600560591599   9.887093
 11.21892586548941928     16.263717906577760175    -5.694735248682169626    20.114525020320449755     4.4945126774303201245  -19.721519089627079779    27.343892367297019774   9.887079
 11.218926328056500807    16.263718998609878241    -5.6947342744856301877   20.114522569161000121     4.4945133023664496363  -19.721515554272670556    27.343889872615040559   9.887091
 11.218926341719120288    16.263717577107041024    -5.6947373660878897184   20.114526410060030059     4.4945129767877398663  -19.721523340585811468    27.343895234015739959   9.887079
 11.218925600857769354    16.263716538788798971    -5.6947341230896899589   20.114523871133219046     4.4945130945489504271  -19.72151649155296127     27.343892103635379698   9.887083
 11.218925928358400412    16.26371718453246018     -5.69473516365896959     20.114524501650809185     4.4945130844152796357  -19.721518526230671142    27.343892799919149894   9.887078
 11.218926219863069704    16.263717494118118623    -5.6947383511649896093   20.114526774083298477     4.4945116511731404429  -19.72152224214908145     27.343895787983388601   9.887079
 11.218926057427410115    16.263717933578618613    -5.6947385349076400374   20.114527142085290023     4.4945120013881796339  -19.721523996949141377    27.343895929099179654   9.887083
 11.2189262688836493      16.263717612532079926    -5.6947359285759100445   20.114524866955658666     4.4945130115646101387  -19.721519649952341524    27.343893274024569706   9.887077
 11.218926308795840185    16.263716244913421605    -5.6947343014832698671   20.114524299311270283     4.494512505825600357   -19.721517238315609433    27.343892282844798558   9.887081
 11.218926173346600805    16.263718193256398337    -5.6947374845135803056   20.114525940943078552     4.4945127872978902772  -19.721522144330009496    27.343894636946828314   9.887077
 11.218926203839210132    16.263717793253150035    -5.6947342482272702568   20.114523775341599077     4.4945140603815199043  -19.721518747886349843    27.343891587641330432   9.887082
 11.218926215857109696    16.263717568901878252    -5.6947373254305597712   20.114526024397878956     4.4945122534752401933  -19.721521368583399436    27.343894737897880276   9.887077
 11.218926046022579257    16.263717707919891353    -5.6947352216879902898   20.1145240291756906       4.4945125281062097145  -19.721517086020359244    27.343891999861021702   9.887081
 11.218926267794989471    16.263717609810250053    -5.6947368299879101983   20.114525814838948747     4.4945128646173602149  -19.7215217769444493      27.343894425477060395   9.887077
 11.218926637196730667    16.263717293658448426    -5.6947377908953500381   20.114525645920558361     4.4945128809456402763  -19.721522104784060758    27.343895454631180542   9.887077
 11.218926056276179892    16.263718037801510263    -5.6947382151063496991   20.114526728875180339     4.4945121655245401371  -19.721523944014691665    27.343896233564990439   9.887082
 11.218926380674320242    16.263717403147030183    -5.6947361665339899517   20.114524920002288866     4.4945130007020699381  -19.721519732865608887    27.343893394041650424   9.887077
 11.218926118535339498    16.263717264327148371    -5.6947359172068097166   20.114524909618729964     4.4945135070114101694  -19.721519130091280658    27.343893151604468983   9.887077
 11.218926660866950229    16.263717942791320326    -5.6947383915250595621   20.114526390542661005     4.4945127171887797601  -19.721523161641091093    27.343895507116179999   9.887080
 11.218926111485540531    16.263717374097179658    -5.6947359706254898626   20.114524973873770364     4.4945129926086604399  -19.721519685083269025    27.343893476718410085   9.887077
 11.21892647773981011     16.263717753226600848    -5.6947375845585401777   20.114525918319699826     4.494512808995399844   -19.721522002788489658    27.343894830316919808   9.887077
 11.218926386176249821    16.263717658444239333    -5.6947371810752800414   20.114525682208221014     4.4945128548987201     -19.721521423362180059    27.343894491917289713   9.887077
 11.218926190184594915    16.263717493314629792    -5.6947359496006999535   20.114524920414716291     4.4945130020866352893  -19.721519667517803498    27.343893375371489896   9.887077
 11.218926193709494399    16.263717438429615925    -5.6947359228913594364   20.114524888287192539     4.4945132592880101541  -19.721519390021811091    27.343893212814521121   9.887077
 11.218926221115125941    16.263717902894239131    -5.6947367065447451751   20.114525403949368609     4.4945128994312497639  -19.72152089714117551     27.343893955485697234   9.887076
 11.218926242370379498    16.263717590716979089    -5.6947366270032349078   20.114525445676768811     4.4945126325199247219  -19.721520509267868704    27.343894005961224991   9.887076
 11.218926268339320274    16.263717611171166766    -5.6947363792819096773   20.11452534089730193      4.4945129380909847328  -19.721520713448395412    27.343893849750813274   9.887076
 11.218926324778983883    16.263717507839555054    -5.6947360475549499981   20.11452489347897199      4.4945130061333404825  -19.721519691408975206    27.343893334033111842   9.887077
 11.218926453040189983    16.263717453095264176    -5.6947368597356300413   20.114525256438106737     4.4945129462551252075  -19.721520877368199365    27.343894364327873348   9.887076
 11.218926203049109702    16.263717468879541173    -5.6947363741087499989   20.114525209985249177     4.4945129467053499539  -19.721520264509571518    27.34389381511804018    9.887076
 11.2189264948368006      16.263717921440179026    -5.6947377685206301834   20.114526068393740132     4.4945121345052099215  -19.721522881899989699    27.343895345006171027   9.887081
 11.218926212610709214    16.263717428605399817    -5.6947363800352697183   20.114525199312481618     4.4945131638848598854  -19.721520068043460583    27.343893699954900711   9.887076
 11.218926184679650859    16.263717789894108989    -5.6947375801938200368   20.114526137813101059     4.4945126874381999826  -19.721522374890760432    27.343895189972769799   9.887077
 11.21892623367832087     16.263717693207340176    -5.694737226778859629    20.114525833360389129     4.4945127657541696919  -19.721521714384468993    27.343894740989991732   9.887077
 11.218926188197855254    16.263717831067971531    -5.6947369293111655963   20.114525575464163865     4.4945128670016201156  -19.721521204419790507    27.343894226032432471   9.887076
 11.218926207829909458    16.263717448742468719    -5.6947363770720098586   20.114525204648863621     4.4945130552951049197  -19.721520166276516051    27.343893757536470446   9.887076
 11.218926209453108811    16.263717518890707936    -5.6947368497696544409   20.114525617191564066     4.4945126000902950736  -19.721520816546487254    27.343894276507960228   9.887076
 11.218926235422049587    16.263717539344895613    -5.6947366020483300986   20.114525512412100738     4.4945129056613550844  -19.721521020727010409    27.343894120297548511   9.887076
 11.218926235966378613    16.263717540705812326    -5.6947361513423295776   20.114525038470453921     4.4945129791349796022  -19.721519957230956521    27.343893544571304943   9.887077
 11.218926291861714972    16.263717436013287454    -5.6947362703213695312   20.114525064993770798     4.494512973703709946   -19.721519998687590203    27.343893604579847079   9.887076
 11.218926420122919296    16.263717381268996576    -5.6947370825020495744   20.114525427952905545     4.4945129138254955592  -19.721521184646817915    27.343894634874608585   9.887076
 11.218926331675650232    16.263717499833798996    -5.6947365199489503595   20.114525224454990138     4.4945129223861002288  -19.721520393371900326    27.343893843024428492   9.887076
 11.218925840865500376    16.263717958289941379    -5.6947355927049203572   20.114525291476098801     4.4945128190347602981  -19.721519513997399997    27.343892668924169698   9.887078
 11.218926438113919986    16.263717459816319888    -5.6947372413477399533   20.114525557309441695     4.4945128654679198377  -19.721521457087398232    27.343894758204431383   9.887076
 11.218926258929789341    16.263717599282720983    -5.6947366711437403808   20.114525048977849764     4.494512835606060186   -19.721519750449289177    27.343893793143241311   9.887076
 11.218926323174159165    16.263717648871338639    -5.6947359887619999341   20.11452456072747097      4.4945136130712697309  -19.721519696486300433    27.343893210792540316   9.887077
 11.218926296344889693    16.263717628878971766    -5.6947363229291401154   20.114524926645078295     4.4945132731722603481  -19.721520114510578736    27.343893592568871753   9.887076
 11.218926400827029966    16.263716863266118651    -5.6947354977976996082   20.114524354382851357     4.4945132180698701418  -19.721518340791291735    27.343893013349880761   9.887078
 11.218926230216709428    16.26371786075883108     -5.6947369878346103533   20.114525544303020865     4.4945128949908896843  -19.721521193445330056    27.343894231047588761   9.887076
 11.218926294242280051    16.2637175149123685      -5.6947373563807204278   20.114525621898078356     4.4945129604963698355  -19.721521276166949832    27.343894649707291222   9.887076
 11.218926287902629468    16.263717539317301686    -5.6947369994295202744   20.114525433162469881     4.4945129732634301334  -19.72152086961330042     27.343894305786609067   9.887076
 11.218926216632908677    16.263717664819186126    -5.694736680971679732    20.114525377144133245     4.4945129208481198191  -19.721520728977452563    27.343894023082814471   9.887076
 11.218926230989449522    16.263717534081131078    -5.6947365226262451898   20.11452512948154947      4.4945128911557050699  -19.721520007479430348    27.343893804130640746   9.887076
 11.218926248645693988    16.26371749189595306     -5.6947368652447352133   20.114525415941663766     4.4945129536008598947  -19.721520770338258899    27.343894232412665701   9.887076
 11.218926249696998809    16.263717548879256469    -5.6947363485189450572   20.114525068315163736     4.494513109938805151   -19.721520189510073351    27.343893703843455967   9.887076
 11.218926267362380855    16.263717484356668308    -5.6947364470288501792   20.114525217220119657     4.4945129345457246473  -19.721520328940734146    27.343893829071234336   9.887076
 11.218926320581514844    16.26371746434793053     -5.6947368077282449761   20.114525383647347212     4.4945129060866353399  -19.721520860798484875    27.343894286661235782   9.887076
