 10                       10                       10                       10                       10                       10                       10                      176365.000000
 10                       10                       10                       10                       10                       10                       10.5                    178570.000000
 10                       10                       10                       10                       10                       10.5                     10                      178255.000000
 10                       10                       10                       10                       10.5                     10                       10                      177940.000000
 10                       10                       10                       10.5                     10                       10                       10                      177625.000000
 10                       10                       10.5                     10                       10                       10                       10                      177310.000000
 10                       10.5                     10                       10                       10                       10                       10                      176995.000000
 10.5                     10                       10                       10                       10                       10                       10                      176680.000000
 10.142857142857140573    10.142857142857140573    10.142857142857140573    10.142857142857140573    10.142857142857140573    10.142857142857140573     9.5                    176050.000000
 10.214285714285709972    10.214285714285709972    10.214285714285709972    10.214285714285709972    10.214285714285709972    10.214285714285709972     9                      174790.000000
 10.204081632653059231    10.204081632653059231    10.204081632653059231    10.204081632653059231    10.204081632653059231     9.5612244897959204337    9.7142857142857099717  175375.000000
 10.262390670553930505    10.262390670553930505    10.262390670553930505    10.262390670553930505     9.6195335276967899318    9.9358600583090392888    9.6326530612244898322  174957.142857
 10.337359433569339728    10.337359433569339728    10.337359433569339728     9.6945022907121991551   10.010828821324450288     9.9175343606830494991    9.5276967930029101694  174509.897959
 10.506039150354020251    10.506039150354020251    10.506039150354020251     9.2917534360682996208   10.016243231986669215     9.876301541024570696     9.2915451895043705832  172952.346939
 10.481942047956209763    10.481942047956209763     9.8390849050990603075    9.9921461295888605036   10.015469744749209369     9.8821919438329306473    9.325281132861299227   173579.854227
 10.619639775943689131     9.9767826330865503337   10.293109163698790809     9.9899021666142395759   10.019889671820410015     9.8485324992137606159    9.132504313678820651   172919.098292
 10.929459663915540801     9.7151739496298308296   10.439663745548189766     9.984853249921370022    10.029834507730610582     9.7727987488206391475    8.6987564705182300884  170881.147439
 10.242342537062420149    10.395403761552220345    10.418727376712560329     9.985574523734639385    10.028413816886299514     9.7836178560196600529    8.7607204481126004225  171577.283275
 10.811583261937389722    10.508376264852849147    10.538363770059000046     9.9814529590873899423   10.03653205028238915      9.7217943863109894664    8.4066405761447704492  170524.364210
 11.217374892906089912    10.762564397279270167    10.807545655088510728     9.9721794386310893543   10.054798075423580173     9.5826915794664895287    7.6099608642171601147  167604.046316
 10.897013989356629793    10.463861136378710626    10.506700429530360097     9.7111135567137694125    9.7897979727066193334   10.166703350706660203     8.0911191904109003303  169294.091729
 11.020025899685100157    10.463115088713490053    10.518194179908469721     9.4952967720014207487   10.422993061951409288     9.8580230085928608474    7.7323135946682404196  168093.934264
 11.298342337496009691    10.582314151961080384    10.653130126354620089     9.3379763161884206113    9.8878715461241206697    9.4778080081325306594    8.0027705400836595118  166347.915482
 11.840370649101160438    10.766328370798769143    10.872552332389080476     8.8998216171397697138    9.7246644620433198014    9.1095691550559294569    7.5041558101254803859  162126.873224
 11.418808461295499868    10.395911053388449119    11.323607343338419895     9.2480231830426706807   10.003600292030359498     9.5891524103632992393    7.1571678864406900189  164285.780968
 11.655502590595249401    10.340348780429049924    10.890244010364719784     9.9359215185559097705    9.9992145362339606152    9.5130002044113002313    6.5810817432080002121  162437.126551
 12.322959219181939261    10.435254174624230217    11.112274822192510726     9.2279138579813597687    9.9787012997193702546    9.528364560385249149     6.489152568912739838   161200.716865
 13.363267560241709475    10.455179381160229823    11.459048544932489477     8.8490835251047208487    9.9538450411359100656    9.4007379125680401444    5.3533686293128104339  156012.433661
 12.331215776993440514    11.326914109841020206    11.382591253180969204     8.9041294961327306368    9.9555693327051404395    9.432880571512100687     5.5952914490198502051  157648.648765
 12.773433390877150018    10.824813486938509755    11.565809090241829793     8.9473023148885992839   10.242969113442999429     8.8293123184276307569    5.4898350887297402423  155908.435056
 13.711643091637409242    11.005289662218409319    12.095363420597559312     8.5653966939760195487   10.469554683811200135     8.1606168022881195867    4.1891930378891499842  149215.606720
 13.419454963963630689    10.9804665556051404      12.004935122917750334     8.8974333630222695035    9.623077344729580318     8.6530194587400703909    4.8363205253926597749  151714.784651
 13.851271705330509221    10.743275006561029628    12.057694924260340841     8.1134803890757893896    9.8679235510591194469    8.6627302819446097004    4.166204587608169696   147664.883553
 15.168220111542719764    10.733630311201910246    12.682769558846260338     7.1841308642981402954    9.7744862888768899722    8.2027496331836697863    2.4443264493036700458  137695.302171
 14.721098608440300382    11.206419566969989532    11.929965297584100625     8.2479531250229207728    9.8536601906942102858    8.2601543718536198924    3.2724714404883501473  143385.869244
 15.360289055667710301    11.509430636083939348    12.660391855477630685     7.0777781056431097184    9.8164589906221095816    7.9783506256462803918    2.9032403543725600059  139791.307288
 16.181111970466531602    11.295765978652839934    13.188894825764279517     7.5932941466316297152   10.117236072978119665     8.0585763808846095912    0.66561901438282000676 133719.970348
 18.351482631149220737    11.560484782579880658    14.347066072451880814     6.940030411377570374    10.313521878445520485     7.5330799937989603166   -2.7536493834885100718  119516.518910
 17.410343086618759401    10.80191471753598087     13.525848710478369341     7.027815100565770301     9.9886033582421198673    7.1924647993675403512    0.18907170905748998946 127303.300562
 17.534598596621069788    11.77271668518127079     14.039905751739960138     6.5624986645826499654   10.000258597555980344     6.5936722831114602528   -1.0445188770227100683  120736.906210
 18.654166516515569896    11.473786690615259687    14.075439353418179422     5.8470246271109198588   10.438792366198429207     6.753005829616969713    -2.2077106023640897803  116183.732807
 21.271522292791541275    11.72044675812031933     15.110691468668399295     4.3218202591552499214   10.84664987693284921      5.8029990150554198181   -5.729726166242460117   98418.206885
 20.521943874885831605    11.653294182831100301    14.846533355187180092     4.9666108862083904185    9.7000565108658491908    6.5718034040024395637   -4.394560030326750244   104169.367929
 21.169872719924509141    11.579842739754120373    15.845236637515800027     4.3465281012144698636   10.272064238317589968     5.9898798436223197328   -5.6684188531588404203  98794.390743
 22.190563319627621297    11.296949414545940371    16.024765731633191734     4.7363459764718101042   10.439438366302690397     5.70354908067994959     -7.7482332549091603724  90675.547972
 25.605700451607571466    11.190708803776940883    17.706952669710961601     3.565629911886170067    10.750928054142969259     4.5661483081967899622  -13.073970059550029887   66117.668314
 25.36476950377113937     12.203343594449410858    17.437868917083040543     3.5961358028419398991   10.760394429552500029     4.4401211231463095785  -11.723118352369899853   72320.800557
 25.395339790738628238    12.535467438662029949    17.712509824480829224     2.7719717672246400042   10.766789094847380781     4.664022049470659681   -12.871346486817259347   67003.516451
 27.517010336198488574    11.782594257725529374    18.247768232573779557     2.1542805182483300008   10.974142569045350015     4.7114859275436495878  -15.016849503535500077   58217.513730
 32.508216205987203296    11.787533043997660442    20.351699472990681272    -0.04982855491883000226  11.46108455479003041      3.7703927497597500285  -22.003014816791900188   26957.817490
 30.744907323052611758    12.05969709216057062     19.656217454872951578    -0.22035379034555999112  10.988754338539960642     2.6970247185592399752  -18.80753769229923833    32992.557767
 31.495292778792229882    12.083002808860630495    20.530945629190721746     0.27107582723676998393  11.970419085455089814     2.5512216839434098681  -21.284620663167419963   28003.477274
 33.797483950572896561    12.300214271682330391    20.871016344483511062    -0.27325632319150000571  11.883655600042629885     2.1506714844152701183  -24.472533786052071747   13152.479183
 40.111289565897081388    12.660400037646429183    23.383906197967359475    -2.5831485353944900751   12.689451280905160502     0.23106730481175000169 -33.874591252498689187   29668.476598
 37.274680565643400598    12.325258114333839998    23.25136862070666055     -1.5614275046599299657   11.605357310887310263     1.2940301613706999273  -29.766314364342630228   10832.973446
 45.27625970206931072     12.627663792440600332    27.321707196725789402    -4.5030513865675203533   11.984711027864539901    -0.96045426547166001807 -41.784608463392700628   65458.563611
 36.584265086627297592    11.877193997971730255    22.585191087613051053    -2.3093325647757199093   11.933030724363320019     1.7580249213439200773  -28.928121038778819241   8493.788262
 42.194012878055382032    11.714119199732889953    25.158852172878049203    -5.2620667485845498135   12.519348871768729126     0.41697682044272998958 -37.530622381983278046   48901.082672
 39.750530598485141809    11.356992027847599758    23.702744826824478253    -2.9369697668728100837   12.259847953215860628     0.70383910126908000304 -32.367542776320476605   24747.162646
 43.581549979581211574    12.749260155324309451    25.421385455055339975    -5.5885135340369096468   12.706828965083950322    -0.30180407372210998895 -37.677368551236412486   49822.694782
 39.087587597587813093    12.359622317437469974    23.492777258719240052    -3.2999776725561398294   12.217853737348699283     0.91518402175761004447 -31.526518928314821721   20837.604008
 40.825966043717663467    11.965964788448360423    24.568280613849431404    -2.6824223695796298728   12.820173937489450111     1.0582221739721100473  -35.57779555734880006    32077.630457
 38.305701363551399652    11.989397864376410752    23.340264824105311448    -2.066905224771109939    12.362319037752079964     1.4679228101188999123  -31.385231091086410515   15810.083401
 42.021411612194960128    11.915914801895659991    24.496215066650119496    -3.8418465734499198661   11.950480605516320409     0.8945112446380799609  -35.98660128017176163    39606.710157
 34.126822487142909779    12.041230807119390533    21.522262988555571184    -0.75715477293489996669  11.965434465470400127     2.1370440741170799726  -24.960115817418511597   11100.930416
 41.470947122473042157    12.283869641936270511    25.009907941582980584    -3.7230353964417699508   12.603915110661480625    -0.79133087136187996169 -36.11309312672629801    43091.589537
 34.748898935108670116    11.911617193482319621    21.516251590138761429    -0.96813026529957002531  11.746792193757899625     2.6299618444793400052  -25.530534394275498755   9445.465733
 32.799595111867532182    12.872874991124829691    21.034150234410411429    -0.27336861260972000753  11.658564352390529351     2.8255435609031498423  -23.795134200899170196   18382.712993
 31.665968831130498984    12.016888322588490823    20.541652938427418462     0.95438473877258001021  11.540761601126780178     3.1600156515990600603  -22.427190983928920076   25678.959213
 37.232182905973488118    12.273938818725229183    22.754996178646290872    -2.2363870697239600638   12.048580703293220395     1.4763919292179699116  -29.251686942218348975   9208.463203
 39.220414972309626478    11.332511028215529691    23.491950232517918806    -2.6330867374921900215   12.211484229199999874     0.86418421768633002511 -31.717590780292908903   21424.550987
 34.404800076978062862    12.487784000397509132    21.648600233937290938    -0.86329814383033998126  11.79679432159290009      2.3352037250989399197  -25.775748345747608425   8430.896998
 32.599765495890522971    12.358384193827120612    20.702502902775009375    -0.49566238791915001594  11.346151053507249173     2.4695995156077299448  -22.524784534294589378   19694.239807
 36.879217396636178705    12.081644446739090881    22.680824343772741258    -1.6740945155581199444   12.10827704169087049      1.7183419864911100294  -29.17011945188846056    6934.002599
 37.98847817917282299     11.985119265108849618    23.688839382193748406    -2.689550773032079789    11.888992045973340694     1.6633281276187499298  -30.779649172425038728   15007.317572
 34.845232507722883497    12.221440520038960642    21.575472103911071287    -0.87732993565164996141  11.884989711525310696     2.0288356452161400156  -26.049312632645310828   6112.529994
 37.864399648482802263    12.295591219077369516    23.05279534250896134     -2.2399880840648997982   11.784228965132690803     1.6460388439452400267  -30.603266231123388508   14381.026069
 35.061216777477881124    12.10482091010888972     21.904896077043918723    -1.1278631007174000356   11.920133090385979457     2.0142927665741199306  -26.370903420844740594   4730.441295
 34.084123344792168098    11.948581853512939333    20.938983269311371771    -1.3118398083562901046   12.234242056715400437     2.6948420724640298474  -24.826950271771309531   11999.567719
 36.477041260430603131    12.231089049128609503    22.67327228285784102     -1.4990305805840200559   11.762578497344330586     1.6442331391440299093  -28.531473341199799165   5124.838155
 37.103659925418881471    12.45350044740625961     23.004677640656151283    -2.0568228520836298046   12.09731754629808087      1.0772736164024399041  -29.920141369531098263   12441.815428
 35.33758918268623006     12.047088006963299733    21.888358102768108893    -1.2403034119955900216   11.834423531892950265     2.2417897874601098174  -26.62793613808939952    3973.645443
 34.079063462186262257    12.026364304517079162    21.518322173326279056    -0.50397071687970995679  11.73434127350554057      2.449528634018709905   -25.449345734694258425   9978.430264
 36.443903045026679877    12.21204519017319079     22.445827677316291471    -1.8032829815128998963   11.970020845846299551     1.7196761054181499695  -28.301101640337329002   4411.739836
 34.686877841075130391    12.518780894470999954    21.648309147131868713    -0.2864396266099999977   11.860459858573440428     2.1569388373425399941  -25.5937632385790792     10430.054873
 36.109918275239252239    12.037590722096549456    22.350970602492761685    -1.8036093302342899314   11.914888007915850565     1.8577534003435700605  -28.094531588728891336   3762.827478
 37.353519478799000808    11.779564241102089994    22.785577248966351505    -2.0011343865279398457   12.03043731457898069      1.443345655085980006   -29.408645429604941768   9978.551665
 35.141979927433297348    12.310729060573649463    21.932844487694548974    -1.1477572045047399474   11.855205069839419352     2.1122392075956999413  -26.683972616711940873   3828.534832
 34.382748596511490291    12.251156541570379588    21.539644608822840155    -1.0399559259277599832   11.646648316809169899     2.1727494568665499663  -25.303946656270809967   8461.358626
 36.255100196605006602    12.124022470446909949    22.395529410035269535    -1.5155598681505300096   11.992869860470449339     1.8319438540849699582  -28.203576252984049688   3085.162293
 36.819552825105382965    12.083526739815640738    22.879298936148579457    -2.019071915119630134    11.900758546673339211     1.8060010006754700917  -29.040257367039298941   7213.086049
 35.33881258706851014     12.186962074983130222    21.901428811970450994    -1.1627654305186398975   11.888931920312320045     1.9731269840809699812  -26.797048816243808744   2781.125983
 34.862535880008486799    12.06127050382728072     21.560972051233971314    -1.3012955130257199965   12.059270738845180304     2.2845731767295700543  -26.062546794211669976   6283.128996
 36.073414915325081154    12.188634412803279972    22.395197224951868264    -1.449596813694449926    11.836751557719539463     1.8043181485404100606  -27.914241704452770421   2272.846367
 36.567559830917559793    12.211485357902539306    22.469434299307309288    -1.7643869108857799244   11.877892850755969789     1.8545208012898499739  -28.664070509883309512   5573.089785
 35.437802540837800791    12.131487022057299896    22.046030632609770805    -1.2869940532594998928   11.909573030478480149     1.9743497752530501099  -26.944195193104391706   2154.558525
 34.897416276457640549    12.081244458376559692    21.814274971975930129    -0.94145590773217002756  11.810734290904839838     2.2219013681129298199  -26.346184734038459396   5445.176592
 36.057281352884416492    12.179345007224030795    22.287939500981199359    -1.5878262130677200936   11.930199207110939952     1.8452324210918500391  -27.812372413762609824   1947.510729
 36.209356473140452692    12.283989355946660638    22.485910660299278874    -1.6037277061272299239   11.973696083491899955     1.5864855813943199436  -28.357760600764450487   4631.967594
 35.555531005299791047    12.106313344209139515    22.037746242150898723    -1.3311594855285000527   11.869241669792689464     2.0779637359436597954  -27.060392253758159598   1822.242184
 36.523123179212376499    11.961943811946449401    22.471396205217509134    -1.7486745653391499999   11.956925002674939407     1.7062431693581499026  -28.409272589869388526   5060.083454
 35.487265740378070689    12.223532748416850779    22.067482417075289902    -1.2979865447133400735   11.88063505304829981      2.0107401980363102112  -27.115297610001309891   1606.380261
 35.377284107160370752    12.288208443657920199    21.972273466014311083    -0.94835878660362005199  11.887455506064920741     2.0044394902367801414  -26.718932481073139229   4065.338211
 35.926759733219526538    12.100245152486889921    22.256296318373149035    -1.5897966943266199635   11.908029882453119441     1.8944249228168699162  -27.750631811814958638   1805.786056
 35.138290624827327235    12.194983175890410365    21.887933775139771342    -1.2576187704519798949   11.785233659791089167     2.0481007704187801366  -26.480475119341079449   3753.209093
 35.97589780366058676     12.141762646807789494    22.26863050131138877     -1.4510745937258899829   11.940960810300609296     1.8859830831684198937  -27.772800969573310681   1375.569446
 36.236602581961562919    12.11912944901838074     22.486949141587700751    -1.6927872547145099702   11.904036997088729422     1.8820193830191900286  -28.165788885604051472   3300.706449
 35.563260085791768006    12.170003918491939743    22.047808894374760769    -1.2952708865676099137   11.892708189506420169     1.9503500838155301     -27.139233833583869426   1260.667875
 35.356241730981189164    12.112134112823559562    21.893926919869969083    -1.3618627495024600016   11.972204968763479727     2.0925516286383598619  -26.827165177146831354   2762.841399
 35.894121619239108156    12.169509337808349869    22.269879648681399686    -1.427663297646450058    11.870614910480529858     1.8763765185648999534  -27.642472572626289207   1013.924425
 36.122230985011711368    12.180145022355549855    22.307050373946818667    -1.564656722619389928    11.888252604576560856     1.8945276428719599604  -27.996719511215751197   2569.844336
 35.608909651881276659    12.143651522131859721    22.111285567944030106    -1.3564097205994700701   11.904242924003000326     1.954394242157780015   -27.207326272632229802   973.457810
 35.374645972678479211    12.122088898591060868    22.014668953279059593    -1.1977055649631001      11.860210347056110436     2.0548340887662801535  -26.955671964520288242   2366.787358
 35.886622507832932172    12.165030980065790089    22.219621864055671523    -1.4902960510415699247   11.912701992097229464     1.8976328380104598992  -27.59819730145202854    868.936207
 35.970993892415421556    12.211897028993570657    22.316826675510718303    -1.4998398826489101054   11.933585119318509626     1.7705796602192700462  -27.861310709580131117   2171.873667
 35.659396727078700451    12.132709265405249965    22.107516350490861612    -1.3733295848086000124   11.885327532174150278     2.0011177170125598046  -27.260621867713648925   823.713221
 35.523375734169739815    12.227240681549629286    22.055768037036390439    -1.1793549282742199491   11.888310520864090236     1.984602128830549983   -27.031068310351528794   2207.440081
 35.825913733457078081    12.131994034752580092    22.206164248038959386    -1.4871862528135200154   11.903100042055859475     1.9169692243202900439  -27.570740936449098513   802.479522
 36.059626296462340633    12.077799167429880356    22.284205318609579649    -1.5252221373446899211   11.922123918556779998     1.8414951468350999608  -27.796529176864538613   1892.971888
 35.630355879399139951    12.18709935317010995     22.121663142458871221    -1.3547954428711799224   11.891007269425420745     1.9684289352360100356  -27.285605501717121513   731.542224
 35.472267969105139684    12.172522613713889328    22.041066560415618625    -1.3446257595165100884   11.8475257210544207       1.989808219436590031   -26.999827112190761369   1691.009725
 35.84999034502173032     12.14945263853432067     22.211739516087451562    -1.4244623851735400688   11.917602037989059482     1.9119393672354600966  -27.579557505227668912   608.924654
 35.966828618182510979    12.13840954775612957     22.308725487841588375    -1.5373413234193400445   11.90289086998651058      1.9144667283380301104  -27.759201011507009582   1479.396891
 35.664152218889462631    12.162105325807990752    22.113038042741468558    -1.3557884957805399484   11.895253859626439663     1.9413792449461599876  -27.294225628064648248   575.713107
 35.57026154177812316     12.136788696439619883    22.041842846123561372    -1.3844132546645300241   11.9320238487683703       2.0070125011261601422  -27.156463145446981144   1249.360013
 35.813156599873870789    12.161329177466170037    22.212870448041940108    -1.416850786900970105    11.885967145052489968     1.9090355142052199966  -27.520970215831461303   448.103316
 35.913829779990976476    12.167697270783060404    22.229461178317460934    -1.4729357077976499291   11.893174184117189185     1.916035140975409945   -27.681222000640818948   1144.182544
 35.685139683908701613    12.14966295929466078     22.140829470537390478    -1.3855412173990200309   11.901475739031550205     1.9448044668621899955  -27.325800204634379753   444.526935
 35.578550402918111217    12.141926949771660205    22.09861276977202138     -1.3091194248862501048   11.881507615147040013     1.9862741533660799309  -27.212523229873120556   1073.349738
 35.809604481604232262    12.159254972492259839    22.189369590484758987    -1.4450018945027400807   11.904903397859689207     1.9197931668493699586  -27.50177878355729888    383.364721
 35.848692684965357103    12.181833152171350321    22.234104923335081594    -1.4465636938889701035   11.914475179551699213     1.8595536886030699097  -27.61900063956682061    964.179102
 35.706720716550371719    12.144990237096779495    22.139163493701918384    -1.3916381120786900372   11.892614444018539288     1.9657267099101900509  -27.350216560676940958   377.433029
 35.648120530899340963    12.186261583493790184    22.11631395311925985     -1.3054075571026699798   11.893706784516480113     1.9576328914638800871  -27.245874606325060086   998.933544
 35.781465432817640249    12.145560921937880394    22.183701674309041607    -1.4417415788858098935   11.900751727671019964     1.9271351411061901082  -27.489524353918088906   352.126255
 35.886852543076869893    12.119288141867050612    22.218540353513688501    -1.4626401201920500306   11.908583688074230622     1.8943749536539300493  -27.589272570257300288   844.707766
 35.69448004531857066     12.170146550344350445    22.145882445222579094    -1.381756612201400003    11.895401374087619217     1.9499154398404900945  -27.361522268852169759   338.297251
 35.622786563253370673    12.162847402734270119    22.109647673923721101    -1.3807715284690800228   11.875645872681609205     1.9617148281130600829  -27.233024784925181194   766.160362
 35.793189399579638632    12.152801329584310253    22.186216555546518947    -1.4135396709974299423   11.907112996662199578     1.9243832324548599821  -27.492924325152049647   265.153400
 35.845492455297112144    12.147536430825269349    22.229257293785430249    -1.465945753638330018    11.901382375911589762     1.927418946833409974   -27.575127718398888987   658.645999
 35.709487277991371457    12.158463102062309957    22.142092855502461646    -1.3833278102449899638   11.896785988697729408     1.9378891704179699307  -27.364451150648211097   268.200337
 35.66686826806056132     12.147493700480270107    22.109202719187958763    -1.3953054691876201066   11.913760188669899165     1.9680065793494299076  -27.303663397722580441   569.527432
 35.776584516920550527    12.157870308219699496    22.186953515828438555    -1.4114644574726300519   11.892915405956840047     1.9237782804912699763  -27.466643511304241088   193.715910
 35.821012279171966952    12.161504875487510802    22.194421995347099141    -1.4340216787106099261   11.895805785240909813     1.9262301448721899089  -27.539074353682480023   504.922909
 35.719107832724517948    12.152623438342869733    22.15422760173981942     -1.3976613327269200582   11.900058250583889219     1.9401608863646899739  -27.379118741896409261   208.502158
 35.67069129608225353     12.150018138247219213    22.135841307186900906    -1.3610351268137899083   11.890993798619689414     1.9570607933179600124  -27.328050048570730723   491.439283
 35.77487618522373225     12.15694576393100057     22.175987519660289138    -1.4240102025804999286   11.901425998049690591     1.9291100734665200811  -27.458346599810660393   164.746173
 35.793048052185632457    12.167698738452489948    22.196568554243551574    -1.4236480779526499152   11.905800339326880533     1.9006653541303799582  -27.510506568346450251   423.705765
 35.728302550459190456    12.150667362435710217    22.153514758837328458    -1.3996406035471800067   11.895910917845629484     1.9494613709652399702  -27.390289062594320058   178.613153
 35.70311394095882207     12.168587036610770014    22.143405540644508278    -1.3615157610487800266   11.896279967152869617     1.945635845751249926   -27.34284583472707908    456.673994
 35.761877559852941033    12.151317450606100579    22.173627640892910051    -1.4216851244265500398   11.899633787541480601     1.9317603172674600032  -27.452854724120339114   150.036325
 35.809355761181983269    12.138621665421940321    22.189151968493920464    -1.4329088740832300886   11.902839581723080542     1.9176683691389400099  -27.496942907012471125   372.662816
 35.723198974284422036    12.162265329113749246    22.156699826040419765    -1.3945446776718599668   11.897260925996489433     1.9418536721651000754  -27.395377428392251318   162.230870
 35.798266156021469442    12.151391464290099975    22.197114978367739724    -1.4345424953044600969   11.901590663484050481     1.9308273533463600202  -27.502850104571859191   332.869831
 35.731681997498903058    12.156695192619260126    22.155848386218778501    -1.3961314815098599951   11.897987157394309676     1.9361237161500699511  -27.399050889129121344   120.262220
 35.696990490981569621    12.158165769063799644    22.144314658515760641    -1.3993568661269999431   11.888656272871600095     1.9476877152223799339  -27.347555948347178401   309.482662
 35.769139672430121379    12.154142439454179936    22.175741081288830259    -1.4099939697798200555   11.902498815714549707     1.9302093531467399146  -27.456582230950839829   121.721707
 35.78536686918116061     12.158777660622760664    22.182450320765038754    -1.4187588149840499874   11.896408323272959606     1.9290667661074198946  -27.483493957046949419   257.249884
 35.735672591838678613    12.154161993912840245    22.161283281496128694    -1.402935703291199987    11.899145768756159924     1.9373873563003700671  -27.405212545684051406   94.801264
 35.716201063533169702    12.152471272372540767    22.14239005401003979     -1.4025189033293599117   11.90533127155696036      1.9493376793548700121  -27.378417483176210823   226.086882
 35.761488653573707097    12.156520549257910702    22.175812650373838864    -1.4092280689368099633   11.896019372356869681     1.9301681302071700408  -27.444587004272239739   89.147214
 35.773964773741532497    12.161346557248590372    22.182199637154440097    -1.4170820330804199116   11.902366746671379616     1.9181422343786000972  -27.470285629508399694   221.721668
 35.739718106279781296    12.153337161138930256    22.160685978416609032    -1.4040009609304899829   11.89752487505207057      1.9416315868185800575  -27.410288204322839078   81.705792
 35.717345973564420092    12.154037126384139356    22.155355007404711642    -1.3869955078613800392   11.895737059896569932     1.9420711071207599208  -27.388497122152671182   190.604430
 35.760493632308907763    12.156218604544289263    22.170829391596388547    -1.4147565289007200118   11.900003763511410426     1.9323503318800800965  -27.440884230396161314   76.375819
 35.779678801082148709    12.146989925610110816    22.178679719754860855    -1.4222358474068399481   11.900685799811180132     1.926612268340750056   -27.464468237000769335   203.474996
 35.73731893098386081     12.158446478237840083    22.162194799469030926    -1.4014674701056000217   11.898117144450159444     1.938043321209010017   -27.41265013054438171    74.150031
 35.733983464408183295    12.159974669155390714    22.158485378781268338    -1.3893189279890199028   11.897879611668669142     1.9385007672216900687  -27.395503914536700307   171.224885
 35.754904035991749822    12.153481755243419116    22.169842075365000511    -1.4135935753171700036   11.899195243573279512     1.933445429756019962   -27.438517021724429412   70.249057
 35.722654027134332466    12.156960913389960766    22.154686508121390176    -1.4020385413607099334   11.894070705740949379     1.9409763246593501052  -27.38661491935578951    157.875941
 35.757518261106170598    12.15484705793812914     22.170477437996968462    -1.408005112675039916    11.900391788221149625     1.9329010960248900197  -27.439090403052080802   52.415130
 35.767493491667629257    12.153880121744549569    22.17875893227093087     -1.4192934956778600064   11.899269401440289329     1.9341412130488200294  -27.45558612229837081    131.737773
 35.740634871041081055    12.155991424900589593    22.161576022731818369    -1.4019219850518600534   11.898307718405810363     1.9356280903747600242  -27.413184697421428382   60.893786
 35.764920691385690077    12.156936015018899866    22.173407677346638422    -1.4121996401138499078   11.897871347121199648     1.9323749254911999351  -27.451702223382678625   115.698012
 35.742984616725429703    12.154855499189359591    22.164314380458758791    -1.4052516874968599137   11.898827163347419855     1.9361342485980799211  -27.416834965108709099   46.692536
 35.733817761979707939    12.154101731082819882    22.15559308849319109     -1.4047711654854000418   11.901799969517789179     1.9412987568389499238  -27.404398610747779941   104.587944
 35.754570930675207308    12.155915844714140661    22.170757759903679585    -1.4081138430739599254   11.8974645216471          1.9329507868651198965  -27.434539905891128342   41.634835
 35.759831973386610571    12.158021885937580819    22.1735974123038595      -1.4111733826755699095   11.900277222992590609     1.9273550716694098917  -27.445626468288111255   99.193397
 35.744746573056488614    12.154508342338589344    22.163913836888418984    -1.4057940663667600756   11.898212962037199247     1.9380624580312899585  -27.419122770314160675   41.270681
 35.734557287571099948    12.154651796187730284    22.161478126350370843    -1.3978571111242099612   11.897286676969189401     1.9382683626511099106  -27.40881288219135925    89.732120
 35.75400954612445048     12.155826902455149963    22.168491575284878792    -1.4105316744565898901   11.899324491875859167     1.933829839572839937   -27.432866393344959022   35.914683
 35.762500736079182673    12.151675472270550671    22.171911797282259471    -1.4137359425910400734   11.899518252437790267     1.9313715214261300002  -27.442823057129018594   89.997555
 35.743614382257689499    12.15675372674601995     22.164624048922341615    -1.4045345882269599791   11.89846742144706937      1.9363753712632900683  -27.420193362190538267   38.129372
 35.74169001571868165     12.157575044265719555    22.162773656688401047    -1.399021555353699986    11.898232204135760881     1.9368065390240600809  -27.411720834653568346   82.417559
 35.751600530923489885    12.154505077498990673    22.168074970695851533    -1.4099505703263000012   11.898954483713900743     1.9342857070730299363  -27.431817974956718587   33.239684
 35.759092226350048804    12.154640703922369838    22.172896551596998904    -1.4129870271259898917   11.899304519391250778     1.9342403403191099631  -27.442376952538090507   72.522075
 35.74524920986831944     12.155653744656040871    22.164406154948121497    -1.4046882455703899595   11.898556918652170467     1.9352811528608500069  -27.420482761200588584   32.899469
 35.738703393074132464    12.156015552804239732    22.162260484032188401    -1.4059562231871900462   11.896696201127630488     1.9376473509078200319  -27.411154777807009708   62.243962
 35.752814544098157512    12.155139181654659453    22.16842319950578144     -1.407492890303079891    11.899467891447770285     1.9340876597456200248  -27.432106496740811252   25.228144
 35.756045588132799651    12.156088163685950576    22.169597489869548923    -1.4093499920242900103   11.898443891172879816     1.9338294586625000004  -27.437773510502399432   53.650488
 35.746249859577282848    12.155163665313509114    22.165635157811461653    -1.4062762636287200468   11.89873134530377996      1.9355580511141901034  -27.422069601457131682   27.344435
 35.742081825297901787    12.154812909760989825    22.16169050982685107     -1.4059628137485500332   11.90016848248940029      1.9377578530380499267  -27.416505625595988249   50.626164
 35.751448654330879151    12.155640110975850732    22.168490947384469791    -1.4075760857426100614   11.898140511857679513     1.9341525534083499061  -27.430031335817350424   20.323580
 35.753821063280732062    12.15654377460433011     22.169842178698129231    -1.4087917388488500059   11.899399342048010197     1.9315290662653299414  -27.435039494173871333   46.237410
 35.7470151956125477      12.155017200405019651    22.165395922340849211    -1.4065434844872799491   11.89850955703989932      1.9364291100897998987  -27.423101951279090116   25.259551
 35.755924915038072243    12.153802239813760622    22.16935250192663176     -1.410625187348750087    11.899156921378940766     1.9332315069837600063  -27.434799927751370774   47.184007
 35.746692015452779856    12.156015855012949345    22.165806162173421257    -1.406057238007409893    11.898639796430039439     1.9355894051934099398  -27.423845003580751722   23.136674
 35.743439028122260481    12.15478305054971031     22.164717714675109761    -1.4033496907050599933   11.898104223679920821     1.9362797717086599469  -27.419549356664308704   39.761432
 35.751366916623901204    12.155565939478789161    22.167548110132440087    -1.4087361785187100249   11.899019424826880353     1.9344423226067999355  -27.429537134174800883   19.130595
 35.745781296380478409    12.156407978928669422    22.164983787674589877    -1.4035838257474699819   11.898492786445599378     1.9358686515038299181  -27.419946106257718554   40.923862
 35.750145722287740568    12.154980802856410804    22.167302174940541448    -1.4083588841815899428   11.898839059396829398     1.9346814431807299872  -27.428850007781971243   16.809158
 35.7535316209840488      12.155067042686010126    22.169480037705859843    -1.4098949043922999191   11.898970963148650881     1.9347018600931200627  -27.433671961894241065   35.070280
 35.747319812647248227    12.155507069163530076    22.165674625637560524    -1.4059899102758699474   11.89866042977629057      1.9351363296689199078  -27.423780061373999928   22.004311
 35.752836672152220387    12.155655237414270786    22.168262311364269834    -1.4082250710902899371   11.898776274917759466     1.934304469998280096   -27.432573824471088386   30.133111
 35.747896562721017233    12.155286558338699976    22.166291946199660146    -1.4067634654941099104   11.898742577707279722     1.9352446558352101036  -27.42469565721061997    19.415123
 35.752323155290810064    12.155878661732380408    22.168757553651690984    -1.4080207019479700215   11.899064640515179647     1.9330949955213498903  -27.431996819200978877   29.842963
 35.748342185532109738    12.15523256573685984     22.166236330168558766    -1.4069127888524499692   11.89864832790872029      1.9355955814476899501  -27.42532566825956053    18.265416
 35.74524599007204273     12.155783361649080021    22.165105456676119644    -1.4069055528605600713   11.897872145096149765     1.9358672806375500919  -27.421054894173220617   27.719648
 35.750922405591630593    12.155300226653260154    22.167593763798368656    -1.4073460559424499916   11.899068954859869152     1.9345325649686000435  -27.429343596098910041   15.396120
 35.752577201614229807    12.154702223045170228    22.168233237329900476    -1.408709438851960094    11.898822856808120463     1.9340635808398201068  -27.430887413767020888   26.099689
 35.748163311993138791    12.155687447021000125    22.166412930962540173    -1.4067202882185501078   11.898685561524560583     1.935207949105010039   -27.425605606127319902   17.575602
 35.752190404232877086    12.155262545425289389    22.168575718244319717    -1.4089854459956900889   11.898809403961369213     1.9345371190603299905  -27.431473940189000871   26.524598
 35.748537460543658995    12.155445938228970348    22.16639989878925121     -1.4067387942058300343   11.898697673322560675     1.934986527016770097   -27.425703531077751052   16.885120
 35.747229792895751643    12.155074025685289385    22.165161954041629144    -1.4071600443755900578   11.89948851086995063      1.9357591734947399154  -27.4239861501057689     21.693591
 35.750393938972102603    12.155498589653209507    22.167658699048761406    -1.4074720754008500645   11.898477511610749957     1.9345542084299500729  -27.42852003938946126    14.711637
 35.751495420577349194    12.155488158698020129    22.167751456040470259    -1.4081751245974400977   11.898810711849909794     1.9344698003806599651  -27.430414509335030004   21.772266
 35.748796277185100223    12.15533695842852957     22.166656823659860009    -1.4071163802699400147   11.898759611242940792     1.9350509419715700155  -27.426125370241720702   16.050315
 35.747290598263390393    12.155143354400710365    22.166240638829819432    -1.4057396120731899813   11.898459632277759823     1.9354460248561500268  -27.424598242675688908   20.789681
 35.750347837033771725    12.155460293209269906    22.16722124230679114     -1.4079870369073299585   11.898879476689600665     1.9346932481691399008  -27.428302411300030883   14.552833
 35.750888372641362878    12.15554179313475025     22.167833822261759025    -1.407869929755130034    11.898896771704739805     1.9340349565071000004  -27.429660206602481054   19.208509
 35.748978732309431905    12.155309872586329334    22.166635703191861495    -1.4071520740781200409   11.898710438857730054     1.9352054252125399092  -27.426409302845289773   15.704229
 35.75130022341357261     12.154979033440710623    22.167720870676149048    -1.4081857977774800972   11.898866645898380057     1.9344218677376499027  -27.429609896368418731   19.078090
 35.748947539848252575    12.155510343625930858    22.166739915890939727    -1.4070866656082801072   11.898730832618019448     1.9350114287631698939  -27.426606678687601715   15.356632
 35.751043240378642452    12.155238943774730132    22.167831050592781139    -1.4082666836194699389   11.898864008184789398     1.9346504046105699182  -27.429770013592239764   18.758651
 35.74916390550239953     12.155394189615410738    22.16675768674013014     -1.4071207665592400105   11.898739257038119632     1.9349024964152199413  -27.426720151706380335   15.040621
 35.749154459553032837    12.155822189649860832    22.166773206384231543    -1.4062928457516099545   11.89869410715088982      1.9350186465136101077  -27.426015006580708899   17.605520
 35.749897906604061859    12.155191149554779528    22.167169932801471077    -1.4078423745740999973   11.898802821335349833     1.9347657440139500729  -27.42814125748165921    14.458925
 35.750818655918230604    12.155424374399519394    22.167565160276808456    -1.4077427766073100646   11.898785901045469515     1.9345676625920200653  -27.429315611903788863   16.477156
 35.749301871868389924    12.155358812421280135    22.166883907814099786    -1.4072729793542799737   11.898766183693570753     1.9349301221266799189  -27.426922930657241295   14.817114
 35.750728526382168582    12.155465443051719276    22.167657196351161275    -1.4077416271637499534   11.898851000526629917     1.9343345213265199511  -27.429178430103640096   16.398615
 35.74941618082762318     12.155348765202679928    22.166891076481679335    -1.4072994623495300726   11.898745579274960349     1.9349876992410399712  -27.427101584659880018   14.649391
 35.748354503167398377    12.155488957141759698    22.166498367939869496    -1.4075343328442999624   11.898400091500230147     1.9351374199340098947  -27.425603562153160198   16.072558
 35.750280429985579644    12.155347409275389481    22.167319914833750971    -1.4073931251679099308   11.898901739019960289     1.9346837787099500083  -27.428408587612480574   14.327810
 35.750710194664300445    12.155232287497499399    22.167517929830971468    -1.4078812830526499233   11.898787044142640212     1.9345649418385200136  -27.428855310685868574   15.582113
 35.749388203552271648    12.155440829593819885    22.166934419375948551    -1.4072853199693700077   11.898744885499169754     1.9348998070320100329  -27.427168836687169318   14.564283
 35.75055791416725981     12.155361767216140478    22.167550654020590883    -1.4078941973617200567   11.898780227854269143     1.9346731057912700535  -27.428870033375890358   15.341370
 35.749512407668618152    12.155386084015589176    22.166955928560241773    -1.407314124259859911    11.89874949974215923      1.9348451487592299713  -27.427257622123761394   14.444952
 35.750480100887038759    12.155404936294360141    22.167445010302650132    -1.4077537402539899158   11.898748534355560125     1.934621201974829896   -27.428762880558320347   15.178071
 35.749596429123052133    12.155370343389549248    22.167024183436240037    -1.4073931695792099017   11.898761771359069428     1.9348528920887200222  -27.427382918132508394   14.360456
 35.749160173826453502    12.155228517272810507    22.166488928892988497    -1.4075320996869500334   11.899118423509330356     1.9350824538597799496  -27.426840880038390935   14.922254
 35.750085497685688551    12.155431071558110645    22.167366256509819067    -1.4074870814723801082   11.898637739585389284     1.9346862697874100956  -27.428100249551700784   14.285409
 35.750329165358948558    12.155401857824889689    22.167392317182390116    -1.4077583182019399732   11.898819544505240486     1.9345628403476500257  -27.428544667594209727   14.854724
 35.749644426960458077    12.155362038358230592    22.167016386656861471    -1.4074141763126299942   11.898764070582529939     1.9348814845176900423  -27.427462355393458893   14.325431
 35.750430349322357415    12.155287281652160658    22.167372393511239892    -1.4078092766801799662   11.898825719733419959     1.9346454975525899656  -27.428561278054420569   14.850170
 35.749648739994796642    12.155402442608400193    22.167043912909768721    -1.4074163091470699438   11.898765094057729641     1.9348362296621499645  -27.427516947028991012   14.287259
 35.749270973829730735    12.155251289293600436    22.167034905038399017    -1.4069444946678599795   11.898658447791030213     1.9348929082705998983  -27.427203285078419981   14.620546
 35.750078621232759701    12.155408042230350318    22.167174657989690445    -1.4077264013474599658   11.898824219464959384     1.9347431631945100072  -27.428027629744629934   14.271219
 35.749772537010493068    12.155582402283970467    22.167087564597490967    -1.407056021793479994    11.8987412168965907       1.9348139607631000825  -27.427331973829051748   14.610006
 35.749866564205667885    12.155288962737079927    22.167149340750480491    -1.4076457863789400005   11.898787420225659162     1.9347777982012399622  -27.427938936568509121   14.239470
 35.750259223527947938    12.155359718886449727    22.167356829464498702    -1.4076790327131700753   11.89880537291364071      1.9347153130012499922  -27.428410270456890174   14.491737
 35.749699111633447046    12.155379492733299429    22.16705615378630867     -1.4074053513731898946   11.898763468035030044     1.9348126898197299806  -27.427545784207040924   14.266495
 35.750204539933626791    12.15537807361070044     22.167297708974228243    -1.4076034679063800237   11.898793586061289673     1.9346960833091899623  -27.428331507612291773   14.430759
 35.74974845682569935     12.155372275944840155    22.167092564820741529    -1.4074457441609999897   11.898769725034629374     1.9348136898938399497  -27.427620065502448909   14.241341
 35.749368546739709984    12.155408112487560146    22.166937020430150795    -1.4076185463157100397   11.898615900118880262     1.9349023141690699923  -27.427080546100878422   14.389194
 35.750052459174121111    12.155362585078430371    22.167224191232850927    -1.407449480454860069    11.898830279294690726     1.9347384125747300043  -27.428076577234580924   14.226038
 35.750121130397310765    12.155393639610489132    22.167299921343040836    -1.4076075820687699025   11.898772485331209126     1.9346637306633400755  -27.428202270274510965   14.362348
 35.749763602819669472    12.155369938671299224    22.167087270328408977    -1.4074625277516599198   11.898766174269699292     1.9348270460540999416  -27.427647334113718358   14.235310
 35.750149635312929774    12.155343948521149855    22.167284782924028264    -1.4076186545499300706   11.898771770488000499     1.934706361630869953   -27.428184932091760118   14.335510
 35.749773963824331702    12.155387819086589829    22.167104130413338936    -1.407466895497780035    11.89876676316530002      1.9348037626543299616  -27.427683943294681512   14.225896
 35.74962386794737057     12.15530296172243041     22.166887546153560606    -1.4075421148033000485   11.898935988840319666     1.9348898908961600362  -27.427482684924189726   14.304428
 35.749970090251110832    12.155399044099189254    22.167246578920750011    -1.4075008398051100933   11.898712301899120547     1.9347371750646000788  -27.427945858394821244   14.222638
 35.749599735548386548    12.155323420155569991    22.167099693511129743    -1.4072383487732700313   11.898717532513359174     1.9348312865948000816  -27.427531941488460632   14.310636
 35.749958899811673518    12.155386886711660566    22.167155916870051158    -1.4076043882039099842   11.89879754772706022      1.9347651940445800278  -27.427903707680588496   14.219284
 35.750053470341491391    12.155354082217870726    22.167246701452718582    -1.4076162664134599378   11.898788020998159354     1.9347481897481000335  -27.428116050875630094   14.288944
 35.749787701310459909    12.155373140104439145    22.16710379070291026     -1.4074580801332599034   11.898769606275809707     1.9347965648018199403  -27.427688350874191769   14.224660
 35.750015337859160525    12.155361545909070031    22.16721349781319006     -1.4075793981891500106   11.898781730067469198     1.9347422967905600899  -27.428061279686421159   14.264374
 35.749815177084059314    12.155369593435899844    22.167122798068849221    -1.407479157668040104    11.898772726292840218     1.9347958416180199848  -27.427730369048440195   14.215967
 35.749882548444460895    12.15546789645934922     22.167149138260139551    -1.4073317477680900023   11.898759836609919205     1.9347833437451000815  -27.427682817900350898   14.249749
 35.749870560265371466    12.155333696167650359    22.167149290127898809    -1.4075672767262299434   11.89878052432172062      1.9347791845871999961  -27.427874906901468677   14.216598
 35.750016069100659877    12.155376565524090182    22.167228928624918893    -1.4075449346738200251   11.898785182580740027     1.9347204211874100555  -27.428039441151639721   14.246101
 35.749826719389922403    12.155371595384499628    22.167122684902540897    -1.4074831294821998906   11.89877092634745992      1.9348003898374299681  -27.427745360873199587   14.213347
 35.749662715665010637    12.155386493490119904    22.167063005911820994    -1.4075675959784299529   11.898704119570830073     1.9348267624561199529  -27.427515564784670232   14.236797
 35.749955023296841716    12.155368562181349645    22.167183894902589003    -1.4074790093357500975   11.89879873936371979      1.934760500045080045   -27.427936324122100586   14.213396
 35.7499929422926499      12.155355757509040515    22.16720585658540088     -1.4075536420320799991   11.89877677175691062      1.934749051631019956   -27.427980307532408233   14.227531
 35.749828708441420133    12.155379803692200724    22.167129561956350869    -1.4074885821313500855   11.898769265313200449     1.9347900848985000177  -27.427758034354120298   14.209098
 35.749990921129651156    12.155372340373400419    22.16721355951110084     -1.4075711722531900616   11.898773831228510289     1.9347543980825800958  -27.427995809518588288   14.229671
 35.749838506265263049    12.155372940171680796    22.167131232904960569    -1.4074863531632400004   11.898770662513989294     1.9347860231220099791  -27.427765215535288235   14.207368
 35.749770936764477369    12.155338978113649162    22.167037815288750835    -1.4075242735408100003   11.898847810066589759     1.9348277444076300569  -27.427686689752391658   14.225918
 35.749920301879463125    12.15538402760279979     22.167194388012749329    -1.4075066982390400661   11.898746178940989182     1.9347598174003599603  -27.427881066234220953   14.212659
 35.749771099223281112    12.155350318612930138    22.167139469094500726    -1.4073928137234799074   11.898747887442629789     1.9347981892435899276  -27.427722371481941366   14.223726
 35.74991194966457897     12.155377744686980179    22.167151804926159997    -1.4075514945837999115   11.898785132655950392     1.9347734428443299493  -27.427858373630929378   14.210508
 35.749871264312211849    12.15541609444817972     22.167146814350438433    -1.4074254160176000727   11.898766227514890659     1.9347825582030100389  -27.427746448469481066   14.222307
 35.749870736277081562    12.155354295737780035    22.167148671183529274    -1.4075318115490700333   11.898776950120009133     1.9347800279911500088  -27.427842792293471774   14.208731
 35.749942521548661034    12.15537582640904013     22.167180698727971588    -1.4075285790417999543   11.898775232351530562     1.9347613829930800922  -27.427923107249650769   14.217907
 35.749847013200209744    12.155371151679180031    22.167137273233631589    -1.407491513011480011    11.898773352807509696     1.9347872269617900631  -27.427778553598738398   14.205260
 35.749771815308271528    12.155377597520109489    22.167106281417389368    -1.4075322998528700946   11.898741965978880231     1.9348043608279399397  -27.42767207488360981    14.216444
 35.749909221299709827    12.155370821016040495    22.167164491531291759    -1.4074923319650300968   11.898784546017509456     1.9347714652407899116  -27.427870261812479669   14.207306
 35.749923691189422925    12.155374343068830356    22.167179436168499507    -1.4075308089872300421   11.898773670329440222     1.9347562068651200651  -27.427898724115159723   14.215961
 35.749850962339792204    12.155372282305579645    22.167136872719030549    -1.4074950493584599265   11.898771612342960324     1.9347893440943499943  -27.427783701683690509   14.204025
 35.749810297402838444    12.155358555051330782    22.167091300117238717    -1.407503911978799982    11.898805684422189444     1.9348052155004700214  -27.42773520031112966    14.214969
 35.749892800760306955    12.155377659464930318    22.167168616038871676    -1.4075060016739799895   11.898761055311290136     1.9347711669253899736  -27.427844599753449017   14.206999
 35.749813178502208189    12.155364813617989483    22.167138686378891066    -1.4074461176598001      11.898759851465900539     1.9347909397939500042  -27.427753957520849326   14.213248
 35.749887256873989827    12.155374511919729841    22.167148525289338323    -1.4075251503527999031   11.898778812358440149     1.9347778170817400145  -27.427832269603410253   14.205673
 35.749913147848950246    12.155361242677779288    22.1671663474438283      -1.4075194781755200335   11.898778446535860809     1.9347707926492800912  -27.42787550686887954    14.211096
 35.749849818293299109    12.155375163438600694    22.167138758328221115    -1.4074963061423899635   11.898771560618870424     1.9347852618361900401  -27.427787402482810108   14.202663
 35.749865143446513116    12.155392712832430391    22.167144405972280197    -1.4074661043559000273   11.89876922187158037      1.9347823449409200514  -27.427774923269350182   14.210053
 35.749869338069437674    12.155363900011440847    22.167147604880721445    -1.4075153847507799743   11.89877501805790061      1.9347806072285900214  -27.427825825037441376   14.204873
 35.749906182545231559    12.15537148549559987     22.167166521958211689    -1.4075198574810199315   11.898776753918719251     1.9347748024119399979  -27.427869817028138755   14.209737
 35.749855425335262282    12.155372576502660564    22.167140055168271573    -1.4074947292426900347   11.898772185365169562     1.9347832179444899303  -27.427791365908500865   14.201875
 35.749820097235222249    12.155374106218850727    22.167126281513880315    -1.4075145636157100348   11.898759338800250163     1.934792718208510065   -27.427742229064108415   14.207389
 35.749886940283587933    12.155371642316740832    22.167154939026939786    -1.4074978898776999703   11.898778244213190192     1.9347767784827198945  -27.427838253625388631   14.204248
 35.749834843352722658    12.155365548584759594    22.167118249288598975    -1.407498576250679978    11.898787740621299847     1.9347946198259999839  -27.427766077943680045   14.208108
 35.749878311408409104    12.155374631744889413    22.167156024351299948    -1.4075041453181500462   11.898767726638789455     1.9347770301505400337  -27.427824969301010327   14.203898
 35.749837831391722887    12.155368730365719188    22.167140482627271325    -1.4074734261333901042   11.89876681622567034      1.9347877448321699756  -27.427776322293041744   14.206880
 35.749874900503421316    12.155373066531229398    22.167146514623819797    -1.4075122192979498958   11.898775813325249473     1.9347802990193498918  -27.427818282775820791   14.203108
 35.749886042866421576    12.155372637706859607    22.167154375080169615    -1.4075129795565499702   11.898772978781670062     1.9347763555399899449  -27.427841389491170787   14.206483
 35.74985677061675915     12.155371523186099481    22.167141548695269648    -1.4074968796477500543   11.898773259301050231     1.9347845091063400336  -27.427794262571850936   14.201514
 35.749860127296422263    12.155382067424499226    22.167142313094380768    -1.4074838206449600264   11.898770811029320882     1.9347840900954000887  -27.427785100205149149   14.205364
 35.749867035376190927    12.155368441864709439    22.167146281934140717    -1.4075074937243199358   11.898773966300760563     1.9347814779452900957  -27.427815643829369208   14.202760
 35.749836837965879965    12.155373410704340742    22.167132505493079009    -1.4075040594742200817   11.898766362613329761     1.9347892615448700759  -27.427766211675489672   14.205065
 35.749874414704159165    12.155372084413640366    22.167149330643479033    -1.4074994322768299426   11.898775273813230413     1.9347798992482601044  -27.427820243137919221   14.202342
 35.749879516585210126    12.155372714174939475    22.167154131207968959    -1.4075081522558499092   11.89877404061792987      1.9347739974057800438  -27.427831204032681711   14.204990
 35.749858100901150237    12.155372390272919603    22.167141187341268704    -1.4074983250828099202   11.89877221941170049      1.9347855074222100047  -27.42779557727093831    14.201147
 35.749846393085931595    12.155369724315070457    22.167130740429978886    -1.4074973933717800367   11.898779209971500848     1.9347887334272100279  -27.427781538692478591   14.204385
 35.749870331827800385    12.155373404887440003    22.16714970337097057     -1.4075024573315599863   11.898770597471969523     1.9347799559697100857  -27.427814111648878281   14.202193
 35.749848498655040885    12.155371386201940354    22.167141161228080648    -1.4074865302587200588   11.89876963304124935      1.9347853665442200644  -27.427787033467119215   14.203593
 35.749868300041327984    12.155372646448910245    22.167145176274889451    -1.4075057970381399386   11.89877426825425033      1.9347815659005700439  -27.427810470448651614   14.201732
 35.74985672511515844     12.155377212178230195    22.167141078015099254    -1.4074907710648700832   11.898771566338160355     1.9347842127483600994  -27.427788194304781655   14.203511
 35.749864457810929252    12.155370634443089628    22.167144980954379463    -1.4075033130594600816   11.898773366310109623     1.9347821616460600946  -27.427808781448220543   14.201485
 35.749878124917380262    12.155369196605619209    22.167150379514211522    -1.4075039606231098954   11.898774487931829569     1.934779543088849918   -27.427822543927181442   14.203126
 35.749856894949317621    12.15537367173035932     22.167141663624718717    -1.4074982197625700575   11.898772292447109322     1.9347838321493600056  -27.427796187843910047   14.200825
 35.749848522862279765    12.155372729149640065    22.167137616622170526    -1.407500488056020016    11.898769922918589259     1.9347860293628100781  -27.427782830330929897   14.202726
 35.749867941743687538    12.155372245597639846    22.167146402138151018    -1.407499696221629959    11.898773936089570569     1.9347814317769000958  -27.427810889936168337   14.201302
 35.74985192285745228     12.155371077450180195    22.167136300685299943    -1.4074966741127399317   11.898775553150590767     1.9347863943005600973  -27.42778804133061854    14.202884
 35.749865729585209806    12.155372823028120166    22.167146352699560907    -1.4075010115268600241   11.898771836391629719     1.9347815655524200906  -27.42780759406932134    14.201164
 35.749869773421423247    12.155371976270810563    22.167147748182649991    -1.407506197139940074    11.898773865550660744     1.9347826602137601082  -27.427815423688368668   14.202210
 35.749859012356800747    12.15537242644469984     22.167141978421870618    -1.407497596216999991    11.898772605411540582     1.9347830785118100838  -27.427797380353471368   14.200578
 35.7498542450911998      12.155371843466209469    22.167141713403740511    -1.4074927862527399913   11.898771307563670518     1.9347847444323200694  -27.427792579121021532   14.202066
 35.749864786303803044    12.155372445703239492    22.167144310557098663    -1.4075025443417898963   11.898773528081610706     1.9347823605335099373  -27.427805997616751199   14.200955
 35.749868064712082116    12.155373230305340115    22.167146130086738509    -1.4075033221271400219   11.89877239331130987      1.9347811873485900591  -27.427812139867789654   14.201925
 35.749859594140588115    12.155371949965909195    22.167142694043139528    -1.4074984902675999887   11.89877304280362047      1.9347836786668999309  -27.427798731895840945   14.200413
 35.749858987897802365    12.155374494912020822    22.167142044424419822    -1.4074955107749000938   11.898772193871829828     1.934783968243400043   -27.42779474969075082    14.201608
 35.74986309033265286     12.155371599560320206    22.167144246821891329    -1.4075013624883199181   11.89877307320053923      1.9347826132954000222  -27.427805273508848671   14.200846
 35.74985411784761169     12.155372699175380546    22.167140007436000104    -1.4074996036889300122   11.898771377552639805     1.9347850356892799528  -27.427791036509290734   14.201529
 35.749864485769670353    12.155372358992080351    22.167144803462608849    -1.4074996730884499208   11.898773296455340542     1.9347823327549900085  -27.427805926579448936   14.200722
 35.749855974630207811    12.155371989163169744    22.167139614235459533    -1.4074979059727199537   11.898773894411640129     1.9347851211144899697  -27.427793855950458379   14.201511
 35.749863290846469965    12.155372614561889222    22.167144668083540893    -1.4075002351383298915   11.898772350896630101     1.9347824544429399474  -27.427804159539608264   14.200621
 35.749865086155800498    12.155372486000940668    22.167145774091540744    -1.4075011381469200167   11.898773548958699209     1.9347803069649101015  -27.427808324825601716   14.201317
 35.749859847214807473    12.155372414204920872    22.167142334028838491    -1.4074990283488399978   11.898772551798449726     1.9347842073078800329  -27.427798764159611267   14.200367
 35.749856989584841926    12.15537242157109965     22.167142086153358349    -1.4074959143185299393   11.898771961350739446     1.9347839815034300059  -27.427795837777740218   14.201118
 35.74986283712406987     12.155372439670209417    22.167143754456159144    -1.4075008868359699665   11.898773136398890671     1.9347827657759899544  -27.427803457656999342   14.200530
 35.749858613210690805    12.155373507745419914    22.167142009212650322    -1.4074969602713300887   11.898772434288479971     1.9347837723074199356  -27.427796043070838294   14.201090
 35.749861971052162346    12.15537207660658936     22.167143687419578413    -1.4075002619340699628   11.898772913472519974     1.9347829030484100521  -27.42780296589934963    14.200453
 35.749866258909129613    12.155370979825720568    22.167145170636921137    -1.4075006864746499868   11.898773392477750122     1.9347822879960498987  -27.427807065323040803   14.200956
 35.749859235939268842    12.155372998754199187    22.167142540377771098    -1.4074988364405900398   11.89877256745477041      1.9347834461110300364  -27.427798907213688295   14.200260
 35.749857168137218366    12.155372475353180661    22.167141384203368659    -1.4074989941065199073   11.898772180183639691     1.9347841054921399717  -27.427795321054418309   14.200857
 35.749862656361557356    12.155372388082360757    22.167143948647801466    -1.4074995033429700264   11.89877301738741977      1.9347827759392799418  -27.42780327519820105    14.200398
 35.749858181779032407    12.1553721550749394      22.16714131402936161     -1.4074982229722499127   11.898773316168279379     1.9347840756602900925  -27.427796835425301225   14.200802
 35.749862013579608799    12.155372499690150434    22.167143829570001401    -1.4074997320968098968   11.898772592214539756     1.9347828597472800372  -27.427802328511031504   14.200332
 35.749863317760940618    12.155372364119399364    22.167144532590498329    -1.4075014721449599087   11.898773057882799264     1.9347833890872701001  -27.427805028370730867   14.200676
 35.749860088707841044    12.155372410863380495    22.167142616964028434    -1.4074985651989899704   11.898772718529359693     1.9347831561556700919  -27.427799292357789795   14.200180
 35.74985870773188168     12.155372342663369523    22.167142431558460203    -1.4074975182011399966   11.898772407504159432     1.9347838133601400479  -27.427797760981729169   14.200636
 35.749861804776017493    12.155372415418499443    22.167143423731729968    -1.4075000446772600871   11.898772954175209193     1.9347830276720299203  -27.427802033488180911   14.200291
 35.74985952629631214     12.15537280253039043     22.167142423255651096    -1.4074980810296600087   11.898772642059869398     1.9347837116944699432  -27.427797986336170055   14.200590
 35.749861359863210453    12.155372258087540516    22.167143371378600136    -1.4074997167079699167   11.898772845619360439     1.9347831052099200289  -27.427801721008560065   14.200241
 35.749862407700078393    12.155373017205819863    22.167143610156511357    -1.4075002031076699893   11.898772456390409147     1.9347827722311299325  -27.427803074371890801   14.200483
 35.749860297530460684    12.155372216775889527    22.167142923071480709    -1.4074989184776200979   11.898772896200320304     1.9347834520579600959  -27.427799817514859626   14.200129
 35.749858671527348974    12.155372530144660459    22.167142062530039937    -1.4074990229279100706   11.898772447181730882     1.9347838681355100654  -27.427797543160011173   14.200494
 35.749861660153001708    12.155372423597940568    22.167143477118358419    -1.407499383239209978    11.898772874836000213     1.9347830489883399707  -27.427801842188650028   14.200216
 35.749861998656442097    12.155372506705820257    22.16714400374599947     -1.407499599319290029    11.898773005067139863     1.9347821058184699883  -27.427802933635458515   14.200445
 35.749860385075223235    12.155372437330150603    22.167142751458129624    -1.4074991710914499521   11.898772665115620484     1.9347836819355299642  -27.427799806528579296   14.200108
 35.749859367004681587    12.155372403403449155    22.167142200172879285    -1.4074987352840699906   11.898772985479929787     1.9347836882900000255  -27.427798648717629959   14.200370
 35.749861351935876996    12.155372475618479555    22.16714342222072176     -1.4074994828936300273   11.898772690530890372     1.9347830668829599787  -27.427801408562679342   14.200187
 35.749859446425382714    12.155372504875099793    22.167142605579439163    -1.4074982621940099747   11.898772548192310339     1.9347835315683699076  -27.427798765190331665   14.200354
 35.749861215188360575    12.155372437782650863    22.167143219193661707    -1.407499599056450057    11.898772852679490697     1.9347831536461199686  -27.427801216413719487   14.200160
 35.749862580761856634    12.155371761261809738    22.167143682880780631    -1.4074996883209300869   11.898773016405529646     1.9347830295679699919  -27.427802551236261763   14.200324
 35.749860072144912237    12.155372689381099605    22.167142826003519929    -1.4074990494106800476   11.898772679692459775     1.9347833419752700213  -27.427799818219330774   14.200074
 35.749860088918410383    12.155372625155200339    22.167142696058519391    -1.407498617397179963    11.898772690833249399     1.9347834381163200312  -27.427799193787329557   14.200261
 35.749861042127008659    12.155372349854459912    22.16714320254857995     -1.4074994418802699858   11.898772806922830014     1.934783188436520085   -27.427801089203249774   14.200138
 35.749859612049746715    12.15537243857522931     22.167142511870249422    -1.4074989676205300615   11.898772642212849249     1.9347835341802399611  -27.427798857468548732   14.200257
 35.74986114812718796     12.155372427342269859    22.167143235806328505    -1.4074992793345399988   11.898772816680210695     1.9347831702863200753  -27.427801096008629145   14.200119
 35.749859862035840763    12.155372372761490851    22.167142513506618684    -1.4074988098063700992   11.898772862560619501     1.9347835458294400102  -27.427799201793369832   14.200243
 35.749860979460869714    12.155372449904229271    22.167143195042200432    -1.4074993146218199858   11.898772733538320878     1.9347831866195799311  -27.427800856870348412   14.200100
 35.749861379764730884    12.155372448671119656    22.167143483928509085    -1.4074999416218199055   11.898772838850430134     1.9347834652607001082  -27.427801765001838419   14.200208
 35.749860411472070609    12.155372420315309512    22.167142833705149485    -1.4074989093046998967   11.898772748609630412     1.9347832334319299274  -27.427799910518800175   14.200057
 35.749860023651002905    12.155372416761180077    22.167142771559309011    -1.4074987106924299329   11.898772674966050289     1.934783490566200026   -27.427799467833079206   14.200191
 35.749860917304019381    12.155372432527279614    22.167143107285070869    -1.407499376965450022    11.898772808251129263     1.9347832378761400385  -27.427800779268558529   14.200088
 35.749860161048630403    12.155372528310179447    22.167142760986241257    -1.4074988493215199181   11.898772721102220729     1.9347834699013999327  -27.427799506490771364   14.200179
 35.749860821857410542    12.15537239446839024     22.167143092157989059    -1.4074992937405799154   11.898772785467679469     1.9347832588027400469  -27.427800693525128395   14.200073
 35.749861055452882397    12.155372712158030168    22.167143088773769932    -1.40749947994216007     11.898772600186839909     1.9347831510641899655  -27.427801028467829525   14.200149
 35.749860487011069665    12.155372340621429572    22.167142964497049462    -1.4074990588437499284   11.898772822196949761     1.9347833768095199503  -27.427800120253110094   14.200041
 35.749860015965829518    12.155372476814269689    22.167142698521988819    -1.4074990560878699597   11.898772681283150021     1.9347834918424500206  -27.427799471186759206   14.200147
 35.749860865086851902    12.155372439710269816    22.167143101485251577    -1.4074992235228700466   11.898772782830949524     1.9347832506753499526  -27.427800689803170542   14.200065
 35.749860916163967772    12.155372467506419198    22.167143282877940891    -1.407499179311360038    11.898772866480699761     1.9347828569760499029  -27.427801013030979504   14.200133
 35.749860517847409369    12.155372444874220861    22.167142884313079776    -1.4074991731464299161   11.898772715456889415     1.9347834756956598934  -27.427800108154180236   14.200031
 35.749860189888771345    12.155372453495200347    22.167142750514120308    -1.4074989953594498893   11.898772792891879391     1.934783434885170017   -27.427799748770301136   14.200111
 35.749860782067841569    12.155372450801969819    22.167143083910179513    -1.4074992348062300707   11.898772748376709174     1.9347832486859799506  -27.427800579845339257   14.200057
 35.749860213406719822    12.155372476093489809    22.167142831592709484    -1.4074988923989000256   11.898772701072090285     1.934783386717130016   -27.427799769394020757   14.200106
 35.749860741329698044    12.155372443418830386    22.167143038361981411    -1.4074992558238099694   11.898772781456370851     1.9347832750863900309  -27.427800526799931191   14.200048
 35.749861249761480053    12.155372148964730172    22.167143173548101487    -1.4074992789288500727   11.898772858706159639     1.9347832635068900053  -27.427800932894850661   14.200094
 35.749860366549057744    12.155372554277009911    22.167142912889669759    -1.4074991067902200559   11.898772724445889182     1.9347833223581800688  -27.427800096888219628   14.200020
 35.749860369960892115    12.15537248953705074     22.167142856174120169    -1.4074989811845699528   11.898772735496139674     1.9347833648381200788  -27.427799887121359745   14.200079
 35.749860708883282712    12.155372418235559806    22.16714303316202006     -1.4074992156015799782   11.89877277297479985      1.9347832853115900509  -27.427800491924191562   14.200042
 35.749860282101842301    12.155372438159540494    22.167142827325928778    -1.4074990491390499958   11.898772735316830662     1.9347833828615799145  -27.427799834306458848   14.200077
 35.74986071934061016     12.155372439322590594    22.167143032945421766    -1.4074991799269200854   11.898772770952419364     1.9347832837219101076  -27.427800475929000612   14.200036
 35.749860347198790578    12.155372423788010749    22.167142830339638948    -1.4074990221758900688   11.898772776221269609     1.9347833948612100929  -27.427799914573931517   14.200073
 35.749860673350582374    12.155372444048479608    22.167143020517539043    -1.4074991816486399632   11.898772755337850171     1.9347832852297899286  -27.427800413527489098   14.200030
 35.749860792616992455    12.155372461055579336    22.167143133919640974    -1.4074994254899699797   11.898772777910700427     1.9347834249146500518  -27.427800727617231757   14.200065
 35.749860506758302847    12.155372430500380077    22.167142908758769693    -1.407499038351019971    11.898772755934899692     1.9347832813026100141  -27.427800114793409847   14.200018
 35.749860395738949137    12.155372434261069614    22.167142892233311358    -1.4074990168357799369   11.898772737772109309     1.9347833850362599062  -27.427799993619949248   14.200058
 35.749860654932007265    12.155372441129390637    22.167143001829821003    -1.4074991960767999633   11.898772770535309462     1.9347833025738601087  -27.42780039350493837    14.200027
 35.749860412770722462    12.1553724659854403      22.167142888481219387    -1.4074990514795000518   11.898772745556689401     1.9347833797431299718  -27.427800000375899714   14.200054
 35.749860634855139097    12.155372430173029485    22.16714299699182078     -1.4074991745710601077   11.898772766120270461     1.9347833089194799161  -27.4278003690371186     14.200022
 35.749860676884090083    12.155372569185740161    22.167142966430418483    -1.4074992413022799909   11.898772680312630357     1.9347832688480499641  -27.427800443128120378   14.200047
 35.749860534479331875    12.155372397762510772    22.167142964980389053    -1.4074991044583800015   11.898772786725869466     1.9347833498191500112  -27.427800200971869771   14.200013
 35.749860391737051657    12.155372458610269604    22.167142878563460329    -1.4074990986566700002   11.898772736063859767     1.9347833808205801009  -27.427800008893058248   14.200044
 35.749860637439731192    12.155372444144509458    22.167142994349930518    -1.4074991596093600066   11.898772762230279909     1.9347833079965799374  -27.427800359170021238   14.200020
 35.74986062739949233     12.155372452850150111    22.167143058634909636    -1.4074991015694200414   11.898772804923209989     1.9347831409328100083  -27.427800448386701504   14.200039
 35.749860545235428333    12.155372446868199177    22.167142927893539905    -1.4074991552521800564   11.898772737823469114     1.9347833920049499756  -27.427800193212309665   14.200009
 35.749860435291978433    12.155372454481529587    22.167142895966449601    -1.4074990855253699529   11.898772760038140106     1.9347833619058700805  -27.427800080066198518   14.200033
 35.749860613835942047    12.155372446656739882    22.167142989379769347    -1.4074991576178199626   11.898772756512920878     1.9347833043988100776  -27.427800330162170894   14.200017
 35.749860441968820624    12.155372458979860184    22.167142911096998859    -1.4074990601089298892   11.898772740834289152     1.9347833450832099267  -27.427800081990810099   14.200032
 35.749860601691210604    12.155372445592009356    22.167142979146621684    -1.4074991620848300578   11.898772763110059714     1.9347833132012000057  -27.427800315626409855   14.200015
 35.749860452570288771    12.155372474341639588    22.16714291083636823     -1.4074990780471698937   11.898772744389269462     1.9347833399609399851  -27.427800091198431431   14.200028
 35.749860589283926515    12.155372441215179791    22.167142975452961196    -1.4074991504400899966   11.898772760687519323     1.9347833166798500404  -27.427800299577448584   14.200012
 35.749860436226889249    12.15537245953320955     22.167142908079121355    -1.4074990903890800542   11.898772747838469499     1.9347833433647800838  -27.427800084039070327   14.200028
 35.749860587136531365    12.15537244799168981     22.167142972782230004    -1.407499142304289963    11.898772758632329527     1.9347833168386299185  -27.427800290387281734   14.200010
 35.74986077014256125     12.155372319033480366    22.167143006651539139    -1.4074991533551000078   11.898772795390419432     1.9347833274261601044  -27.427800401606319269   14.200021
 35.749860467447440726    12.155372495466130189    22.167142936330140657    -1.4074991184314400439   11.898772742182019968     1.9347833236251799072  -27.427800173067751643   14.200007
 35.749860618701639225    12.155372461371749537    22.167143018659988485    -1.4074992446744198915   11.898772759972009894     1.9347833805739000912  -27.427800400350939469   14.200022
 35.749860534744136942    12.155372438218220665    22.167142936234071726    -1.4074990899318700066   11.898772756944179463     1.9347833061204300353  -27.427800186182800246   14.200005
 35.749860489026339394    12.155372442804379673    22.167142922854498721    -1.407499106068770045    11.898772759517209252     1.9347833579695898898  -27.427800143845210812   14.200020
 35.749860582633552042    12.155372445693650718    22.167142972748450802    -1.4074991447305600367   11.898772757263989419     1.9347833177914999236  -27.427800283582939755   14.200010
 35.749860495726032639    12.155372443898150081    22.167142931259601113    -1.407499096643400005    11.898772751249760304     1.9347833504787099734  -27.427800149225699755   14.200018
 35.749860575199917889    12.155372445168550755    22.167142967174868318    -1.4074991457244701021   11.898772760144989746     1.9347833225205799401  -27.427800274026228777   14.200008
 35.74986057457235944     12.155372505272239891    22.167142946052830865    -1.4074991660601599008   11.898772720039410444     1.934783306061170105   -27.427800284752930082   14.200016
 35.749860544502588766    12.155372424639940832    22.167142960248501282    -1.4074991198588300279   11.898772770054259595     1.9347833388796600307  -27.427800221917131296   14.200004
 35.749860506973107022    12.155372457083789328    22.167142931236121228    -1.4074991113409500709   11.898772748753970063     1.9347833455432699168  -27.427800163958668378   14.200013
 35.7498605687062323      12.155372445182329955    22.167142964398749427    -1.4074991406653099002   11.898772757704129788     1.93478332389570995    -27.427800265672761526   14.200007
 35.749860509644250328    12.155372452459230814    22.167142931555009255    -1.4074991158889800236   11.898772752303260702     1.9347833461756800411  -27.427800174835990532   14.200011
 35.749860564386231943    12.155372447385049739    22.167142962450089527    -1.4074991375201699739   11.898772756023809904     1.9347833248875498935  -27.427800256396210443   14.200005
 35.74986049864116211     12.155372449987860151    22.167142928569180782    -1.4074991169483599407   11.898772750189630543     1.9347833494282400402  -27.427800158319911361   14.200014
 35.749860565012689051    12.155372448490730619    22.167142961728970363    -1.4074991359653099554   11.898772756521649896     1.9347833249860300064  -27.427800257370439141   14.200005
 35.749860546192920197    12.155372451574930182    22.167142983125138755    -1.407499098489930045    11.898772776340830859     1.9347832551136598944  -27.427800273825781119   14.200010
 35.749860545474810181    12.155372448044879263    22.16714294170143873     -1.4074991410616199961   11.898772747452809995     1.9347833577821300644  -27.427800213365678417   14.200003
 35.749860507735547799    12.155372454096390555    22.167142936565689126    -1.4074991066853999033   11.89877275039297011      1.9347833346727600912  -27.427800175680271622   14.200010
 35.749860558333821814    12.155372447400509373    22.167142959522571743    -1.4074991359646999989   11.898772757706989722     1.9347833255586299739  -27.427800249439741265   14.200004
 35.749860511265680429    12.15537245471636929     22.167142937948611348    -1.4074991104015299737   11.898772752834640087     1.9347833337727500247  -27.427800179395738667   14.200009
 35.749860554346099661    12.155372447565840233    22.16714295778621846     -1.4074991330993700256   11.898772756486760471     1.9347833263649700797  -27.427800244103508476   14.200004
 35.749860637352661286    12.155372390746769895    22.167142972147519941    -1.4074991368262399494   11.898772772443830803     1.9347833348260798925  -27.427800292296680595   14.200008
 35.749860509923749419    12.155372469286289672    22.167142945284489031    -1.4074991230301399092   11.898772749747470456     1.934783326425399963   -27.427800202874990987   14.200002
 35.749860524047711863    12.155372443663759796    22.167142942050279686    -1.4074991155965999035   11.898772756168719766     1.9347833338764799382  -27.427800192423859471   14.200006
 35.749860554771451859    12.155372447283989246    22.167142956809300358    -1.4074991308731299444   11.898772756433420028     1.9347833272086401024  -27.427800241133798664   14.200003
 35.749860521927097068    12.155372444740569549    22.167142939717500383    -1.4074991121425899365   11.898772756783589699     1.9347833346381200226  -27.427800189037398582   14.200008
 35.749860553771448224    12.15537244672393058     22.167142956766941353    -1.4074991311757700796   11.898772756213759294     1.9347833273251899833  -27.427800239556511031   14.200003
 35.749860557005568751    12.15537245633760044     22.167142971800060991    -1.4074991715148599258   11.898772755654530187     1.9347833594637500187  -27.427800274500441446   14.200006
 35.749860540309498447    12.155372442748069162    22.167142945125569042    -1.4074991103276199844   11.898772756621770696     1.9347833194562600312  -27.42780020826220877    14.200002
 35.749860533393146511    12.155372445613480181    22.167142946630590927    -1.4074991218411498917   11.898772756150519214     1.934783337245290058   -27.427800206339369993   14.200004
 35.749860538631381246    12.15537244610156975     22.167142949419488929    -1.4074991246557000402   11.898772756234579973     1.9347833345252098969  -27.427800215780401061   14.200002
 35.749860523776149535    12.15537244540768036     22.167142942007629358    -1.4074991157446699042   11.898772754509600702     1.9347833406135099832  -27.427800191386189965   14.200008
 35.749860549694410849    12.155372446902299899    22.167142955143841476    -1.4074991309096900327   11.898772756907639803     1.9347833293223499762  -27.427800234926351663   14.200002
 35.749860539090761336    12.155372474528929772    22.1671429398232398      -1.4074991350079300023   11.898772738406149685     1.934783324561820006   -27.427800222625709381   14.200003
 35.74986054044371997     12.15537246205668076     22.167142944929558723    -1.4074991312206599492   11.898772746318179827     1.9347833281412800677  -27.427800222448560419   14.200002
 35.74986052601398967     12.155372456825730865    22.167142939922680256    -1.4074991237038199099   11.898772749419340045     1.9347833363494599812  -27.427800200098349848   14.200004
 35.749860546832081809    12.155372449249380651    22.167142952555881408    -1.4074991293077800947   11.898772754515150041     1.9347833295812599808  -27.427800229691971623   14.200001
 35.749860522745592561    12.155372456827199912    22.167142938665058693    -1.4074991235592200223   11.898772748651609277     1.9347833371439000505  -27.427800195251961668   14.200005
 35.749860546764992364    12.155372449669789248    22.167142952273241718    -1.4074991290446499104   11.898772754487970005     1.9347833296924599189  -27.427800229663340303   14.200001
 35.749860532410842495    12.155372456530569636    22.167142956793441044    -1.4074991099373099779   11.898772759642259444     1.9347832985447899201  -27.427800227676549127   14.200003
 35.749860535676830864    12.155372454409150151    22.167142953020441354    -1.4074991177183799884   11.898772756594899747     1.9347833133541199047  -27.42780022409883145    14.200001
 35.749860536079971496    12.155372440333760409    22.167142955877000787    -1.4074991159204699454   11.898772763713109768     1.9347833239607399314  -27.42780021906519039    14.200001
 35.749860522939449936    12.155372453611420269    22.167142945872178927    -1.4074991119488100555   11.898772755068060647     1.9347833212477800746  -27.427800202055621526   14.200003
 35.749860543005667068    12.155372448579580436    22.16714295282593028     -1.4074991261694700384   11.898772756447749899     1.9347833273037100543  -27.427800226708669129   14.200001
 35.749860535252267368    12.155372455120149411    22.167142952569811598    -1.4074991186353000838   11.898772755802029977     1.9347833139816299486  -27.427800224323938494   14.200002
 35.749860536097052943    12.155372452865510269    22.167142951782228266    -1.4074991201403999064   11.898772755910169252     1.9347833191175300982  -27.427800222188061241   14.200001
 35.749860532370590249    12.155372461364349235    22.167142958765641225    -1.4074991357670298964   11.898772755211519225     1.9347833289537998969  -27.427800235820960495   14.200002
 35.749860534355320851    12.155372456710280105    22.167142955355618739    -1.4074991294071799164   11.898772755564079873     1.934783326579420093   -27.427800228931271675   14.200001
 35.749860569736803484    12.155372431232979835    22.167142961484181285    -1.4074991248865300619   11.898772763747709647     1.9347833220286700939  -27.427800248652818738   14.200003
 35.749860524877007606    12.15537245977296088     22.167142949334408542    -1.4074991234942400009   11.898772753247529366     1.9347833253262201048  -27.427800214319450589   14.200000
 35.749860542597147628    12.155372444684040545    22.167142949692710374    -1.4074991168200698954   11.898772757269229672     1.9347833215165899379  -27.427800218421740652   14.200000
 35.749860542712561084    12.155372446191249125    22.167142952669088629    -1.4074991251381900881   11.898772757311439463     1.9347833296639300737  -27.427800224088848324   14.200000
 35.749860535720202392    12.15537244979480036     22.167142951580579791    -1.407499118814470096    11.898772757020630308     1.9347833221521000269  -27.427800218819708533   14.200000
 35.749860542543132169    12.155372460743770091    22.167142947301961442    -1.4074991298903201109   11.898772747843130659     1.9347833249783099596  -27.427800226393060257   14.200002
 35.749860537695759888    12.155372445436260165    22.167142953733240063    -1.4074991194129300442   11.89877275974562032      1.9347833242151299959  -27.42780022089716141    14.200000
 35.749860543523091394    12.155372444104699525    22.167142950362169529    -1.4074991285765698912   11.898772755861539707     1.9347833386880799456  -27.427800220444659374   14.200001
 35.74986054156151738     12.155372446680809517    22.16714295102674015     -1.407499125862019973    11.898772756044879273     1.9347833323545899908  -27.427800221358211274   14.200000
 35.749860530948232906    12.155372447990069773    22.167142950753230934    -1.4074991163409800166   11.898772758413310058     1.9347833231103499507  -27.427800212507250421   14.200002
 35.749860542810800723    12.155372449249860267    22.167142951893239911    -1.4074991258687299389   11.898772755469309459     1.9347833280469299844  -27.427800225374319609   14.200001
 35.749860530298604999    12.155372454783879732    22.167142950457495942    -1.4074991211543550484   11.898772755134078949     1.9347833237391600658  -27.427800216569579561   14.200000
 35.7498605312863873      12.155372452604609634    22.167142951533826079    -1.4074991214535850226   11.898772756496574843     1.9347833247706751614  -27.427800217608307776   14.200000
 35.749860533219262493    12.155372453226885199    22.167142950180576122    -1.407499124678130098    11.898772754646204319     1.9347833288404050478  -27.427800217838829155   14.200000
 35.749860533737077617    12.155372452228501601    22.167142949513561234    -1.4074991201571549482   11.898772755258379519     1.9347833234214051323  -27.427800216370595621   14.200000
 35.749860533794787898    12.155372452982105003    22.167142951001750362    -1.4074991243162151555   11.898772755279484414     1.9347833274950749782  -27.427800219204151233   14.200000
 35.749860535820999985    12.155372454721375064    22.16714295080382513     -1.4074991262694449556   11.898772753867749685     1.9347833275093400118  -27.427800221991397223   14.200001
 35.749860535854544707    12.155372454511169877    22.167142950945144975    -1.4074991264010101588   11.898772753881338815     1.9347833274537400428  -27.427800222005711106   14.200001
