102.48199999999999932     96.333500000000000796    90.436300000000002797    84.785200000000003229    79.374700000000004252   112234.338297
102.48199999999999932     96.333500000000000796    90.436300000000002797    84.785200000000003229    83.343435000000013702   117750.902705
102.48199999999999932     96.333500000000000796    90.436300000000002797    89.024460000000004811    79.374700000000004252   118128.598611
102.48199999999999932     96.333500000000000796    94.958115000000006489    84.785200000000003229    79.374700000000004252   118525.016345
102.48199999999999932    101.15017500000000439     90.436300000000002797    84.785200000000003229    79.374700000000004252   118940.510997
107.60609999999999786     96.333500000000000796    90.436300000000002797    84.785200000000003229    79.374700000000004252   119375.310731
 97.357900000000000773    98.260170000000002233    92.245025999999995747    86.480904000000037968    80.962194000000025085   114860.772310
100.43235999999997432     92.2874930000000262      92.968516400000041244    87.159185600000029126    81.597191600000044787   113661.832734
 99.612503999999987059    95.485765200000017217    87.650861960000028716    88.108779840000039485    82.486188240000032579   112130.340434
 98.177755999999959613    95.061897800000025427    83.99723544000003983     89.770569760000057613    84.041932360000046742   108936.827798
 97.890806399999945597    94.977124320000044122    89.597051136000047222    84.167963744000047654    84.353081184000032522   108847.943669
 95.595209599999918737    94.298936480000065785    89.177426704000069435    81.739715616000069076    86.842271776000046657   104210.655370
 95.13609023999995884     94.163298912000058749    89.093501817600056825    87.189029990400058523    81.78388089440007036    103809.808347
 91.463135359999938601    93.078198368000073515    88.422102726400083839    88.39094498560008617     81.00410384160009869    96843.678217
 97.902284383999898409    90.163840259200114247    85.755606508160127532    86.257342384640054433    84.181885831040077051   99493.123082
 93.815794137599922919    95.287056162880119814    82.146952151424116551    85.218323498496090451    84.580765923456098676   95026.673351
 90.507511206399897219    96.786837744320166621    76.736170027136154204    84.247892447744121114    86.072553085184125621   85715.837945
 86.976358620159857082    91.422384260608183126    79.199116562278604192    87.377386077593769187    89.482398757529736599   85856.887551
 86.800043668223850091    91.238181044851415891    83.718933571189992904    81.434742844631188063    86.991352956541604158   79912.858838
 81.11118750233579533     89.326322667277111123    83.579782636784969441    77.266829386946753289    88.466063254812382866   74227.067561
 83.588981229158264341    90.012096839762193667    76.299684680303883511    87.676442497009844601    84.840530132066533042   71046.854976
 77.585867043737437143    87.868677019643257609    69.860813668455790548    90.644805937514746574    83.839659310099776235   82641.099522
 75.556585183221585567    94.086495692786982659    75.939136145001356226    83.726455773317780995    87.764373797437073677   85952.104297
 75.633114136510215531    91.575456513901755784    68.279453294201914559    79.727057487444838557    93.646263769211842032   91168.986471
 79.590619442382646298    91.951141977426345875    73.315115652251449774    81.89302936198365046     90.485723787308899091   77801.781548
 93.153278016952995699    89.713017702970617506    79.712811678500685275    83.658176135193485834    87.974533809323602895   85516.734708
 84.204272338731982472    91.693382512094402159    76.658309307712258374    78.519561853957384301    85.653362869948509228   61429.346891
 82.818229198018045167    91.828881637837525886    75.387905680429085464    74.090649742139191858    83.738844926157895543   52960.636416
 77.597406949139212884    84.345746585789356686    78.581950104171880866    77.586158401565043619    88.12972527868359407    65215.329070
 68.72929171146061833     89.272658180266418526    75.152963823075822347    75.747067620664296328    86.289821142288118949   74514.698401
 77.947419193662156545    85.963140386946719218    82.285799117654789825    75.053829697346429839    82.100270106294544803   60223.195446
 92.495997917464777061    87.317817066778772528    83.301085064662004243    80.922496269338608954    84.62035233691786118    77793.220787
 74.670968262961650908    88.783947901894507027    77.189994133472367821    77.040924782832874484    85.872453940945547401   69622.779344
 77.538014430839936608    87.047202673615032609    72.318350849627833554    79.312372661410634578    81.406666498846874447   59010.739260
 72.639833984690142188    85.175470834671074272    78.005915273838510871    65.557131617107813781    83.658654168304849463   60963.266639
 80.745393239578163502    84.960228945649404864    77.441974276816495149    71.59913206499477667     81.741210450369578666   42904.806479
 83.7826057278864198      83.048369467526853782    77.567964348488558812    68.878235706075727762    79.675588705081594298   31750.862906
 80.293034064899472924    88.879479414449548358    75.644424003843653281    67.57072936806686414     76.102284483190715036   38886.817734
 88.311887061432287283    89.531358597479226091    75.27586232617905182     80.405195252907731174    77.550807719523817241   53350.931060
 87.150088999568325221    90.170976329416561157    68.192003765772483348    73.049043394893629966    77.289406826825853614   49274.635244
 91.404323589881926182    90.33642350506886487     76.508913200257282483    66.285168724222629066    76.336106565465087215   48584.894685
 81.867425570669411172    88.174293544240526899    74.044622073337350798    59.544335521251497312    79.706084883164663779   50491.288053
 86.980761983144205374    84.414935266443421824    73.395265276250640341    60.040355343664970178    71.904943659333270034   35024.393046
 89.976900175482739996    86.565780048921595835    74.478806164507702192    74.785077493518031133    72.817247212793915878   36042.333590
 85.824961216949603227    83.127018751547581132    82.846145431566668549    61.974783259325647577    73.445061423520002108   41593.315090
 79.338981677463067399    80.077809674486729818    77.064128889605612471    67.01450374403786725     73.241943628102717412   26747.782115
 73.306310721253638008    74.948502759195662293    77.341736734279777465    67.379171253945486342    71.69486215942153251    37567.380096
 82.323952234600753286    86.067530797183707136    68.414090041511826712    73.340777402819753661    76.051741651880888639   40681.874467
 83.199204480187972877    85.332402785774675635    72.022103889025544277    70.49927886694622714     75.400071594790659901   28568.385819
 89.018347552766300623    78.896239482811779453    74.166883423307581324    68.916251093630265245    73.113633436850136604   19298.284021
 93.381004296699714473    73.904619516992895001    73.428113133039545346    69.589011956411965798    71.619307913679847388   30318.735536
 78.951060393096440748    78.142122621895794055    75.207732166163495435    59.354372408223980528    76.517225196869418369   40194.468522
 87.220440229886165184    84.459865692165152495    74.661037664921650503    70.927401222194518482    73.742241708812798606   25457.261135
 82.043069884131782032    80.310939574662683071    76.797582009888927246    78.453912909488877858    78.164447970121926801   38300.230328
 85.746338958391106644    83.388936343498244241    74.245844459660219172    64.643744735120947098    73.469819737030434226   26463.081856
 86.026719431591430975    81.813732123967795928    71.296034982119707024    67.922236158696208008    67.911495337153127139   16472.170819
 87.148776283443936563    81.196413452188267001    68.16007029893528113     67.444236385006448131    62.029448653188886453   22862.423468
 87.741126659851261138    78.122230540997193771    76.551467878820346868    65.270375914525700978    69.191581944389042746   21060.532935
 94.96220745553145548     82.5945919988893138      71.304378473926206539    68.057499905629200043    69.729565237591486948   32314.889164
 83.244788121980164419    80.707005255587375814    75.624191285685753883    67.275252784435707554    72.363849030474909796   18608.017832
 87.554229840039027977    78.210692894713474743    74.674001634281808037    71.480862134272030062    69.059300846041594468   14277.596563
 88.458175280862988643    75.621571170321089994    74.88808022159260247     74.899420833847571544    66.85404140054717459    21115.964478
 86.213644412605120237    74.640094427065889704    74.263994016764428352    65.418590012029468994    66.913702529150754117   17423.314151
 85.08196508374155087     79.584875132661338171    71.458574258043341842    71.134900958699788021    70.553210527479166103   15111.993716
 82.2301912032166058      79.086320450786587344    72.759835047450422962    68.376485725623027179    65.606989871269689729   7569.069011
 78.836113028441758388    79.181360934773991289    72.056310859521843781    68.106603041619408145    61.853668088479473397   17621.495911
 87.597911866497341293    76.627280756090669911    70.156784689778135089    70.457977211292529773    63.654030613962852669   17261.376703
 85.182762557429256844    83.489066116222062419    69.87409822790493763     74.330394863403981276    67.800308349211832137   23496.241725
 85.955923948811147284    76.852337349354939988    73.166520069549562777    67.646541224873089959    67.135353984166016517   12723.629743
 83.141699936462586606    81.591902424502990243    75.185201706799801968    68.166433269573104781    72.452509612481009071   18254.475581
 86.483858883988659727    77.868436173193742889    71.413888944033544703    69.885091225862680631    65.853650363592393546   10179.769708
 84.895748152327371372    74.827332676316260063    74.093092999223770789    71.487316349036049701    67.371906899866417007   12814.965607
 85.766015727611602415    75.153172685084669524    74.984361219772324603    68.415617705166980045    63.457670258495262772   12778.224229
 82.5784653263431494      75.304346839180993811    71.893077677730019559    66.84355875795273505     62.710927704914332992   18598.987173
 86.310288711615058332    77.48410638083035451     73.978770645143868023    70.321536290192199203    67.472207560759784428   9765.789209
 85.802763237769880789    79.750416539383863324    72.428257371156135491    66.37079251965114679     64.438441915446844632   11184.087986
 84.947194666548938358    81.26347407233514275     70.514547611161106033    68.624561089313871776    68.744987219598641559   15475.726042
 85.561310462345943506    76.680748031897280725    73.86690781761951996     68.467853551203702978    64.779499498771102139   8209.144275
 84.599441050763346084    79.495673681081797213    72.612543860611850732    69.722162500140001384    64.124961699769926327   4816.784104
 83.921199601739445484    80.817341846945225825    72.33555575614299471     70.759973137773457097    62.619765557571881232   10641.130592
 84.271272887001970275    76.495697347732047433    73.424521154787541377    72.33845919755749776     66.69648168221831952    10833.185720
 84.654145474693947904    77.309377145645001406    73.175455208879697011    70.846542528080902912    66.131971740525443693   7688.213409
 82.858291877065312292    78.154054102902676959    75.143516087848610141    69.208741012233275569    65.392601784846007718   5465.836231
 81.651063315618998217    78.806362984094988633    73.044532563820183668    68.327177836720181858    62.942202277313100467   11032.985672
 85.145482362616036198    77.814670531646513041    73.74521112481295404     69.822946676824187762    66.339706239898106332   5742.344176
 82.233710324996167174    80.063290332927778081    73.107716714221922416    70.72289782595684926     66.25899303575256738    8674.932222
 84.729410428008492318    77.52638360715491217     73.677110041770120574    69.031614619891996654    65.14937288301646845    4841.965479
 83.170981293973980542    79.521463803784016022    73.999831256117886369    67.618237685804103876    64.513481250994601623   6273.445043
 85.971251601754261173    77.918577839841390187    74.911449901014151465    69.784995272334427341    64.601059672140337398   5938.171420
 86.150569634109004369    76.842280101266922543    74.036101150305199781    71.409946346765451608    65.72959966087370276    9444.822729
 83.915878379007736498    78.851667878154742652    74.008898729664707616    68.566164851044447914    64.817510853464369802   3537.512196
 82.528150037230119551    78.818402080534866627    72.763462036869128724    68.75565659171915911     65.728601712257642475   7164.053250
 85.110476210623232873    78.143533900014759297    74.374452934977895779    69.527660602180617389    64.882945182169663667   3331.098375
 83.339916815571228881    79.053854736077042276    74.181397537136348319    68.59959075737197054     63.407250721408502159   5734.289804
 83.79130820233243071     78.744058684969417072    74.072350934055492644    68.905429737235024845    64.140364601030910308   4242.803523
 86.00031383122879447     78.950472997647580087    72.354626512583422482    69.092471911963571074    63.853460302934550441   8187.525560
 83.643797365606189942    78.353158826588895636    74.446293694032306121    69.17967373716584234     65.007816414368136293   3187.777360
 83.694950055324710547    79.908853581168955316    74.128706019566791952    69.328821951214365527    64.040066617304717056   4183.875359
 83.463123034394357092    78.104835467276899408    75.799737064307038281    68.480937851396106453    65.030519767565209577   6605.903958
 84.315361546671098836    79.147964127630572762    73.40934216153564762     69.411856337954020546    64.351351216718740034   2966.696668
 84.48087722056078519     79.018012640453747508    74.074726481855464044    69.500241254588686957    65.099511512579340433   1287.932595
 84.82566172967496243     79.154989618195912726    74.075914255755449744    69.797647013265518012    65.579084968353555496   1881.208928
 84.891606233662912473    77.496881367968143195    73.996779581259616521    69.145416761959069163    65.623587454415400089   5004.864871
 83.994114099909268134    79.305860527868759391    74.095724409989998094    69.282970653900548541    64.435946826582380709   2488.332982
 84.701972198340499176    78.735744130867956869    74.151317143291805678    70.194796183271449763    64.693517607502968758   2936.898935
 83.343972761811926375    79.680762201349224938    73.696508621304204212    69.500154664571624608    64.552312248930974192   4004.120206
 84.668850348420406249    78.527840975348368602    74.204966856559479993    69.520784117778362088    64.800286948859991298   2437.460125
 85.220672799954655829    79.541010134278877786    73.528137127260634998    69.984585681831390502    64.344429230529215147   4529.896778
 84.038016224193313519    78.650121653511391173    74.216754552339381235    69.380901723332229381    64.841969618408398901   2191.563006
 84.438170489898610072    78.547067843589516656    74.888053616078821051    69.740021235194518567    65.197141788854480637   2008.419125
 83.946039154852442721    78.883817325440745094    74.440773223437446404    68.775171410646294134    65.056425070610885086   2517.350456
 84.135022415724449729    78.846799026797555143    74.368409203401029117    69.130077603802590147    64.965698204833898899   1838.111679
 84.710260579609752085    78.130076328011512032    74.605439874103694819    69.625839719978017683    65.525896402832074727   2970.267568
 84.173150719834382016    79.011914477904440446    74.223153276018422275    69.368687920419915827    64.708434220644804213   1694.811318
 83.83724447966422133     79.101725281554308822    74.503471995317767096    69.327187777156808579    65.124815189268360882   1589.828039
 84.387769906079654447    79.160086054608441941    74.606371276729220199    69.445584593132807072    65.196270748063966494   913.848184
 84.562646747022824911    79.415068255156967325    74.801179638924139681    69.477926028033095918    65.37342131289175029    1825.659826
 83.967455406846781329    79.508347148937886573    73.822399277249957095    68.96869042444581055     64.840750161301684784   3060.445453
 84.320491719135645781    78.78738766992660203     74.621640031371612167    69.547188532507334457    65.108043881966281674   1341.072454
 84.344791202385437145    79.18485142298146684     74.443336021115982248    69.745478427319653747    65.129132016175219633   476.138302
 84.449675595715930854    79.353877621073422688    74.480799429973458814    70.053178839078185547    65.21084892184588       1174.480687
 84.375319091295921226    79.088910749905380726    74.676665046537607395    69.657584313462223236    65.554675118576469117   1266.810925
 84.926455176118778923    78.993974133595941112    74.465623547726181641    69.831243071247484977    65.31023812167617848    1735.141349
 84.109547153777867834    79.074787494564716894    74.494009883419863627    69.453201600679477679    65.171170922370322387   995.782332
 84.358830110504243294    79.42327167507889385     74.296403452491659891    69.57364754316583344     65.352260245139845551   800.652697
 84.149625765056470073    79.354750318401812592    74.9319877902622693      69.649957336515328166    65.461892107550994524   1603.937149
 84.398064356684699305    79.102197059940763779    74.289041808957165358    69.537670275070354364    65.190106661322261061   579.690195
 84.264282000476839585    79.289166732964332596    74.174999930547954818    69.44464866228503297     64.860901118652193986   1162.887381
 84.292041273181609995    79.239102737199601734    74.300416209545375068    69.497882575079330536    65.034344618633269874   590.263571
 84.603051585756389841    79.369016085358950363    74.280217624115891795    69.666903764827736723    65.189674793363508343   779.972427
 84.410941505325297385    79.367289537615434369    74.037394769761192492    69.763048441052390558    65.161936585789675291   1008.609087
 84.393562805891065182    79.211886925360190048    74.464127149987206167    69.524950555112695838    65.187687207495400799   569.969785
 84.453774379055460031    79.019550017257529362    74.414452072996994048    69.615506695798075043    64.940117873656035385   1054.362087
 84.382566177642047478    79.322341260623545622    74.325915607617986325    69.584112331323893841    65.24922465226889301    494.361095
 84.121358740557553801    79.055135677083271162    74.448917094773577219    69.489133900734628924    65.126523268994503724   956.160534
 84.482628374456680831    79.290545983290030563    74.322392491780306045    69.622461298804466878    65.173886912271257188   528.651012
 84.50860389364237335     79.20562632367881406     74.437509022238089074    69.707986579973095331    65.337670361179931433   687.732188
 84.346181928296800834    79.23073363381939771     74.334689412718546464    69.550408576302771735    65.11017605426994237    427.635262
 84.381827838784118967    79.393946630489111271    74.467142464330834173    69.673294200475055504    65.149936075670041191   663.097476
 84.394005227209561326    79.175134452577850652    74.333566972800582562    69.571576256421536755    65.180064014909206094   377.588439
 84.38650635810517997     79.269555775956760613    74.239833052426178028    69.704664200956216291    65.149306252462423572   493.740425
 84.258991982998963977    79.182500635093589381    74.348543934891381468    69.640034618125156385    65.153274283763010999   201.140941
 84.147173787270105549    79.12847796099536879     74.36161965644691918     69.648821277785501138    65.142967969508887904   451.976524
 84.309624501956363929    79.094769107548074771    74.354072149963087668    69.70075250032627423     65.039556396363039426   490.849271
 84.27493157903370502     79.077639924851396813    74.485850344169648451    69.578635950441963587    65.095574853729743836   681.328507
 84.358612663337311233    79.221576813180419663    74.301337375362038529    69.673157138327653115    65.135873402779253638   277.648214
 84.37140869973484314     79.303149675512997874    74.350517336792336209    69.571509506272434464    65.243851512395636405   467.235976
 84.346888998245560742    79.260386661092240956    74.224125991909971845    69.457196010860172919    65.200163691071594485   627.928838
 84.345315651350460939    79.203735232509160369    74.388533513814479647    69.67340782320478354     65.146889934899320451   249.476819
 84.309834281542407552    79.102322631359186289    74.332151147042480943    69.671924258680320463    65.046659563852657016   412.036864
 84.320521994278692546    79.123374272068701885    74.346963764845838796    69.741631461601002684    65.154928425811419856   352.618110
 84.361144726127605509    79.260205930812702491    74.355427077643270195    69.64799866039172116     65.261752461012221715   318.633495
 84.263829580027675092    79.221422700887984547    74.362755293822232261    69.77891562423857863     65.16102338839688457    298.664625
 84.314635847258102785    79.312402252924869117    74.355675113367539097    69.623774084114160132    65.188596962528862377   310.476277
 84.255409563861405786    79.196449123025729477    74.347311014859798206    69.707717054812405877    65.052510727934688362   332.868326
 84.334710935561048473    79.244266728865966343    74.353398061947402198    69.662928258996885234    65.209442027742838377   163.333487
 84.309948478052092469    79.116998591289984688    74.346152158567463175    69.747603301043056945    65.134004252503643784   383.084373
 84.313464004956600206    79.26355133751614801     74.353294374667513011    69.654731388346391441    65.174948785022564834   213.576942
 84.380608515254095892    79.224829597978157381    74.335287610450905049    69.542788066561797677    65.167147985285922118   397.752259
 84.293024313834280292    79.22227442516052065     74.355888372979393353    69.719883734819376286    65.162554537619143957   193.600131
 84.259590092143241691    79.224954530477774028    74.418525927958057764    69.667237191069389723    65.202970424839520547   184.160767
 84.238596880447204285    79.251283830336461733    74.343326755163047892    69.66451825333807335     65.214386088695533772   153.349795
 84.185237494995575958    79.275058129250112415    74.320723375837332014    69.660073468404718255    65.248134165593640432   325.932720
 84.240501677037300965    79.18656072245757116     74.374578846508200058    69.687109434193160951    65.202102160041448542   168.356848
 84.287577576610260621    79.269235459825722501    74.389743250931076091    69.720636130841626255    65.24330781181237171    287.581595
 84.266138381401788138    79.204184341276629766    74.358843763901305124    69.660184996304280958    65.175782665775358282   116.028723
 84.242790872801947444    79.222225636205251931    74.383580969211806178    69.616907518741328431    65.239318809218758588   264.015043
 84.28046595357619708     79.22226222792170347     74.362811522037503664    69.694139680799864323    65.18174560551904051    130.028671
 84.284575439066173885    79.218468609865581698    74.298657651864942864    69.680315058383555993    65.190412994270189984   108.169349
 84.297068112527639983    79.215225649559485532    74.238723513818385413    69.686853992040639127    65.184134278985524702   222.182943
 84.321293358983680832    79.269625572848966044    74.312236255457492007    69.657725064935902992    65.186605592759747196   222.659570
 84.260699597523895932    79.207326935055419881    74.358993198745523046    69.679763341878839356    65.1982280182210161     88.501292
 84.19747956524506094     79.197143648916352277    74.335655094737532522    69.68864027328498878     65.174780121249639819   201.612912
 84.300403092982051589    79.232485958878555721    74.348962320144934779    69.66935626256891112     65.200776551119531632   89.926366
 84.318316105372844049    79.182607398862700165    74.347980627514630214    69.688985482636113034    65.164392245266526515   182.237900
 84.25852668667860712     79.234114722468021341    74.344490223250943473    69.670635060662590377    65.201887627838289063   92.229277
 84.267671325484826639    79.21636999909600263     74.321167341125573103    69.649962207119429536    65.205089537370753305   89.117029
 84.28261207529246235     79.239322148868808426    74.310064530151478834    69.679827775941049595    65.222775225752570805   117.086954
 84.270256804874463796    79.212968793174667326    74.346648955463848552    69.665095691213480222    65.187530805769654307   77.219971
 84.258447563951392567    79.222837953603502115    74.389447163627380633    69.65360996699375562     65.206992021857530517   155.737942
 84.278043470287485661    79.219560945800054697    74.3213550298055452      69.673638785536098794    65.194557751167025117   67.531786
 84.292303029782459589    79.20137033033385876     74.334360514863249136    69.664491454664101866    65.192585437620920175   51.975216
 84.309191201334385823    79.18499813426677747     74.329295660669401968    69.661419651664857611    65.18793434251223573    115.996666
 84.247186598199206742    79.190552842505439912    74.324047695856549467    69.66382432959586879     65.190420068940198917   121.895774
 84.287098969286347483    79.222002679785276769    74.342733664072838451    69.667973279325650537    65.198187430574705559   53.728681
 84.287689423217045714    79.208921874563714027    74.360469204054851389    69.690422813927838774    65.183346239970575198   104.075947
 84.272675849917874302    79.214507967962930479    74.330992806857892674    69.66007735882152474     65.199653713020708778   59.410196
 84.299451652135573454    79.220837351767301016    74.311443189679820875    69.652747285945508793    65.190778037040189474   126.700568
 84.270387611176815312    79.210704539233390165    74.347105696479104608    69.673009327895499609    65.196365522925816549   56.401043
 84.289946767305934827    79.214289792071525653    74.323970129367637583    69.670580391283664312    65.205009136354021848   42.359551
 84.299791748521670343    79.214950291519954817    74.312630716319532098    69.673322741318756357    65.213748301646205618   81.082292
 84.28692142070028126     79.205589177954749402    74.350310094850755149    69.660813939260094685    65.202162745031444047   46.876918
 84.297987269382900877    79.207074639788601189    74.348399232995546981    69.674669998150108086    65.198070395982071545   56.639415
 84.291659414516644233    79.208932971832183512    74.344047626461133405    69.671021838317955144    65.198466225241730854   39.100483
 84.308784229459874382    79.210169441557653158    74.331063115367157934    69.660943033245104061    65.202198867003318128   70.274619
 84.27998676574758008     79.210570764814463018    74.34309505120111794     69.669992754232907828    65.197823858945184838   34.281674
 84.289227989934829566    79.194298535017452423    74.33557970262471315     69.666786871777844681    65.200231530702609462   41.999574
 84.282793913499659766    79.212102166342290843    74.344440526938882385    69.671186863284901847    65.208891960889076245   22.183883
 84.278039355358259854    79.217468084346506885    74.34948053297669901     69.674534567595301837    65.21704522252315428    59.263394
 84.286524519701572444    79.210488514076416777    74.326143119786650004    69.67901354829885463     65.202006339821622305   43.629303
 84.286623744951242543    79.209263680046007039    74.332184863552669185    69.674463646039157538    65.202045441124084846   27.282932
 84.282169964154064701    79.199777455149444449    74.355768978943785896    69.670800398177448187    65.197974470407046965   49.939091
 84.288002566517974401    79.210661707841012458    74.331919841761674661    69.670635393007103175    65.203250469867271022   25.933762
 84.282398572158399475    79.226313981332936009    74.342695461341477881    69.676133326174948479    65.203959651724346713   49.043928
 84.287520635490722043    79.202302396596323319    74.337358642303911438    69.669123485377127736    65.201163560958036669   24.106899
 84.278311635966232984    79.209027314423877897    74.331551943842185892    69.671139018458546843    65.206803891471736279   17.842646
 84.27163774669102736     79.209074485719725089    74.325304102532712136    69.671197608528842693    65.210972724586738991   40.682297
 84.289314232822746931    79.206772141285341604    74.327887276158634222    69.672626608233827028    65.211038270778885817   29.199700
 84.286982366053962323    79.207721797167621958    74.331689219919255152    69.671968144733597228    65.207734667820460572   16.478382
 84.282820702060206486    79.207462472902477657    74.338599206353705995    69.667157515905358878    65.209092379278558838   13.350558
 84.280919180614688457    79.206561869330712966    74.3418063777542244      69.663504450838459547    65.212615848355795833   29.186051
 84.27936913471037883     79.204784751132052634    74.341535973981507368    69.669594618096709837    65.210224114299876419   20.183727
 84.276590465425471166    79.214137004191016445    74.337768106110331701    69.671294978814501064    65.215935244545846672   34.314202
 84.284788092974409324    79.205261048495003706    74.337461008255516504    69.669666358736463962    65.20485648185498917    10.442770
 84.282114859206416213    79.201600787306134066    74.327894414002003032    69.668623399087380221    65.206592653001166582   23.450317
 84.282624149926348878    79.209476821583251649    74.340303998704655442    69.67054599723552144     65.208317133917091724   13.001677
 84.286841644082102221    79.210795030696857566    74.330306176848608857    69.670596195931096872    65.204497707437269582   25.066959
 84.281237262053309678    79.206287321023253867    74.33872852469828274     69.66984501255529949     65.20879251258422471    9.942831
 84.289069393261044638    79.205456470044765638    74.343160839330380441    69.668534193207932503    65.208713378710399411   24.518318
 84.281001075289935898    79.208134603329099832    74.334454167714227424    69.670487812145893258    65.207281263281402062   9.348441
 84.278006146867710413    79.20692710976562978     74.344129542371305774    69.667112933897811899    65.207601240546068766   24.974026
 84.284738311257399346    79.207523125317123913    74.334799300532267807    69.670754342024650896    65.207701311001869726   8.117811
 84.282934854540371816    79.207210694996604161    74.335699593608268287    69.673362293173795479    65.205687101777272119   7.814319
 84.282991930780454481    79.207084806043667413    74.334249787235549434    69.676464681808013779    65.20398446302662876    16.419118
 84.283255688519815862    79.204289895681199596    74.33215303921875261     69.671100330218891372    65.205410334282788654   11.365311
 84.283097803871442011    79.205586627156719715    74.334190779090221213    69.670961746973048889    65.206137034191357316   5.691803
 84.280415629830585544    79.208635900234128258    74.333687938001801854    69.67249812401263398     65.209383207279472572   15.811298
 84.283694977188446273    79.206104761429784844    74.336517740692087841    69.670374300055499361    65.205988163211117126   4.060193
 84.284949546805734144    79.207536603868490488    74.331536107956523551    69.672531185193889769    65.204325436800971261   17.595487
 84.282165333241408689    79.206599641734555917    74.336930420512842943    69.670516555714954166    65.207675743638418453   4.098591
 84.285651436749702725    79.205075336924821272    74.336800966060053497    69.671899883030903311    65.205994478246623203   8.386127
 84.284488846384761018    79.205840153525883807    74.336214266473604084    69.671546865309650798    65.206316174505317917   4.508135
 84.281814414833178262    79.205013626220306833    74.33702181961854194     69.671950362466134266    65.205020375927546183   7.919860
 84.282545388939240638    79.205641000994518208    74.336466189846973407    69.671651357355756318    65.205690609696119964   3.910442
 84.283462085309764689    79.204698178939963782    74.336428165038057614    69.668658036989768334    65.207035988319660191   6.314628
 84.283330277617409365    79.205326307954123877    74.336246022180603177    69.66983410103577512     65.206698766684070279   4.306124
 84.283392125477092804    79.206218119098821262    74.338759076792257474    69.670607524815594047    65.206810748902682917   5.443259
 84.283318545075673001    79.206060246113295875    74.337617002366755514    69.670696080354957758    65.206642320224858622   3.645108
 84.281532962440110168    79.206052629764656103    74.337296683766112437    69.669682092497154713    65.206762066876521544   5.782007
 84.283749875398598306    79.205893272585569775    74.336484870796738278    69.671080672106526777    65.206427647598118824   2.609641
 84.282859370319926029    79.20679326118897734     74.337360467505561701    69.671893485199319684    65.206271027063394286   4.739355
 84.283212550793038531    79.205693046262837242    74.336524633511842808    69.670348947076661261    65.206591831778894175   2.985451
 84.284443201716612748    79.205157289219869199    74.336513754372944618    69.671143987064795056    65.204860485365202294   6.729943
 84.282734800360202598    79.206239053605884237    74.336826253977875467    69.670673413552407283    65.206971929070107308   2.045511
 84.28252948703826064     79.205705886395080029    74.337049839507997717    69.671405888123018713    65.206941572136116747   2.571070
 84.283672714527085645    79.20619560099055434     74.337334850217516191    69.670030643129678083    65.20773951062713536    4.886094
 84.28282722033620189     79.205779650993520136    74.336683354939609103    69.671246178799236759    65.206202834928873813   2.351307
 84.282703028494864839    79.205664117823900483    74.335810578726835729    69.67120595950817119     65.206612005979991409   2.523791
 84.282605213858218463    79.206019746298778728    74.336617325667774026    69.67189589775910008     65.206670564106389065   2.487026
 84.281610024636506751    79.205870109461301354    74.336710070331264433    69.671490262990246833    65.206931914890461144   3.279449
 84.283214912708075417    79.205887481804495565    74.336541170680362711    69.671183069827463896    65.206553714421204404   1.733573
 84.283104583264787379    79.206130133815562999    74.335941634088996466    69.671075919655521602    65.206262847266515337   2.429306
 84.283091663716163566    79.206358308783407551    74.337233317015034118    69.671223832329332026    65.20645274993725593    2.953036
 84.282800187300182415    79.20583766556377725     74.336166263298878221    69.671210427713461399    65.206572191969314645   1.714665
 84.283267467729572786    79.2059298480145344      74.336246145126537499    69.670259706060136295    65.206354842956045559   3.266507
 84.282770777326049938    79.20599727172771054     74.336524530532471999    69.67148684983436624     65.206591633818803189   1.700045
 84.282634575947525946    79.205766315662586408    74.337154995282688219    69.671244056235252629    65.206894074416823059   2.328202
 84.282834881120635373    79.206111464352261464    74.336601930569301544    69.671072948065926767    65.207230582549627229   0.639111
 84.282838711512852115    79.206277371031632129    74.336561218384147764    69.67098633269927177     65.207744456360003937   1.643542
 84.283107647578532351    79.206262859159082268    74.335909064340867758    69.671006627362231711    65.206673946314793966   2.187478
 84.28298937967078075     79.206138723284965408    74.336220547076322873    69.671065984580479835    65.206728978340294134   1.258345
 84.283109254890121065    79.205749989087422591    74.335995522885070841    69.671734298456271972    65.206498911369578764   3.026049
 84.28282841399268932     79.206116787476275931    74.336618571204667205    69.67093863477836635     65.206853674644975172   1.252429
 84.282474543056082439    79.206193283157517726    74.336311566392311079    69.671126868161564971    65.207037110108018396   1.191879
 84.282759010766312713    79.206385346435737915    74.336744595011140291    69.671066086454843003    65.20720459981535555    1.296976
 84.282783714116561669    79.206380970155009891    74.33647435356900246     69.670621358982117499    65.207430344364482266   1.813638
 84.282774011523684976    79.206093196334535378    74.33651198629161172     69.67127047712131116     65.206801311455222958   1.100769
 84.282801480979259168    79.205876035406518554    74.336161245602568215    69.671123878628222315    65.206656063023899605   1.494850
 84.282769628319556432    79.206258018678425969    74.336598757659004377    69.671080534498187831    65.207067465617484459   1.007967
 84.282483211534312773    79.206170376714652548    74.336836577770441181    69.671129800469685733    65.207267079409859889   1.507803
 84.28286283763665665     79.206146636642387193    74.33637455474985245     69.671081938552788415    65.206863503607678467   0.803828
 84.282657946669957028    79.206204252189763793    74.336340947060165263    69.671314471781556676    65.207146314690248801   0.963100
 84.28308517905210806     79.206132144121426109    74.336659704139663063    69.671201279846343368    65.207006561060097738   1.029992
 84.282910177595880441    79.206247810059181802    74.336518371379582959    69.671029991976610063    65.207324459554826035   0.798207
 84.282529009484989047    79.206255128647399033    74.336314120427488206    69.671030674103690217    65.207246369347842574   1.222686
 84.282946136660328307    79.206162890252926445    74.336573308211626454    69.67115862841068008     65.207066513132033947   0.616560
 84.282915163553866478    79.206091202720187994    74.336364887129207091    69.671182657016842654    65.20718508379630407    0.200345
 84.282987931171021501    79.206007794741069006    74.336247951864308448    69.671233718276170066    65.207243892885713876   0.589627
 84.283129731956989872    79.206099749421042588    74.336632273755668621    69.670895993827599568    65.207121742365956152   1.123203
 84.282775892991708133    79.206178126497576386    74.336413778734041102    69.671209852293060294    65.207140171609182744   0.524614
 84.282890063132327896    79.206169960910472128    74.336614355659662579    69.671179692552470897    65.207515220649128196   0.998511
 84.282869644010574461    79.206152467709415532    74.336434504977304982    69.671106377052709036    65.207026432868048005   0.515047
 84.282826509738981713    79.206030650553771011    74.336436992469032248    69.671262193159094522    65.206935054027269416   0.663995
 84.282847426703199289    79.206084940430116603    74.33645733719666282     69.671204142863473407    65.207032405409165676   0.497333
 84.282906824447252347    79.206156386691844773    74.336295595930252489    69.671271714988790791    65.206949660176277916   0.827901
 84.282852866952282511    79.206122694937164397    74.33652534690953928     69.671122639796635667    65.207160351956289901   0.414248
 84.282758261024341095    79.20608888266485792     74.336305033767075656    69.67117163919839129     65.207151265123584949   0.507666
 84.282921451906020138    79.206037948887114908    74.336421065257880514    69.671105130078160528    65.207082044052185665   0.223315
 84.282848424045326396    79.206017800146383934    74.336394963126835478    69.671208106528709436    65.207218027266947047   0.279796
 84.28299587223993683     79.206052952183540583    74.33656040608099147     69.671157431315137387    65.207119899868771995   0.438978
 84.282966084775779336    79.206044099119651491    74.336449330205113029    69.671106243030720861    65.207273757367033795   0.317850
 84.282805724253378798    79.206072546140660506    74.336301830970427318    69.671132479265295956    65.207247805906760618   0.461717
 84.282948335243304427    79.206057850672820564    74.336495762303343326    69.671151193302677029    65.207151876378276256   0.236651
 84.282986916857453252    79.205976865681293475    74.336325056299401126    69.671178692186202852    65.207203963588014517   0.391905
 84.282953404381160567    79.206013322995261206    74.33637512895194277     69.67116467908880395     65.207193060680083363   0.190367
 84.282868626876080498    79.206043151049073003    74.336371392502570643    69.671218463375339525    65.20705827950249045    0.392980
 84.282941720300854627    79.206043862102006869    74.336429845779477432    69.671134298116868422    65.207219887900890853   0.142560
 84.283023606108756098    79.206079874804572682    74.336439712641904975    69.671087076512620229    65.207114753856131983   0.424310
 84.282892219561176717    79.206033318810938226    74.336406150505609958    69.671177849024687134    65.207192208914250386   0.103769
 84.282901248637926983    79.20603001153340017     74.336303068746303779    69.671154652027496468    65.207197037759215164   0.213576
 84.282920050667996748    79.206046738377608563    74.336330567187147267    69.671220524031724608    65.207312867568106185   0.423581
 84.282921101596514291    79.206040146259738322    74.336398440740197202    69.671133978566558653    65.207139749931172901   0.112766
 84.282948195119502088    79.206058729621858561    74.33648671249628137     69.671162732698007858    65.207174958729865466   0.209017
 84.282936458499108312    79.206051550099743963    74.336440801558779867    69.67116071253038001     65.20718047848720289    0.108404
 84.282942798181665012    79.205981677386887441    74.336455259885212854    69.671125949914070929    65.20718507056915314    0.217325
 84.282922072210823217    79.206063821386862855    74.336387480318208532    69.671168480241149723    65.207185080489523443   0.120759
 84.28289202448625872     79.206079756468454889    74.336449958608966426    69.671145448303064995    65.207173901609138511   0.144743
 84.282907369459991287    79.206063148100156468    74.336431251194710512    69.671150255999492629    65.207178691376867619   0.068879
 84.282889968230179534    79.206056931760997486    74.336395803947524996    69.671182212428050207    65.207130595778721727   0.197451
 84.282928782283192959    79.206047129516747418    74.336421335321489323    69.671146276694656763    65.207197564870341466   0.069552
 84.282912300349181578    79.206030295728083956    74.336451711410106213    69.671139148885160353    65.207170396942416346   0.093537
 84.282909750464568788    79.206050030642558113    74.336462059256064094    69.671175718687180733    65.207227986305269951   0.187384
 84.282918263813527915    79.206042617355450375    74.336414345369163925    69.671144413596721279    65.207161809024697163   0.045572
 84.282887115687742607    79.206035053704795246    74.33640911596165779     69.671142465149912937    65.207179789964214933   0.055342
 84.282929313076266453    79.206053978951160843    74.336444953197258201    69.671111175105707503    65.207163091957170309   0.163719
 84.282901492939942045    79.206038483845986775    74.336415851178514913    69.671161180544942226    65.207184929674980367   0.041729
 84.282904909324571463    79.206060277281181925    74.336385048200114056    69.671158687909141349    65.207190717022029958   0.106545
 84.282910452593029049    79.206037791116358449    74.336435045607601069    69.671144033641155602    65.207175476962319749   0.045069
 84.282881095514539993    79.206039708132351507    74.33642090840316996     69.671150662878261528    65.207154713930862044   0.092386
 84.282916860591029717    79.20604527417064844     74.336421228591916588    69.671147373240557954    65.207186852135464505   0.033815
 84.282906304790117247    79.206016539977156299    74.33640698348884257     69.671145530469800633    65.207176851727780331   0.057191
 84.282906570957578651    79.206028192007906341    74.33641305041530245     69.671146711852230737    65.207177311640052153   0.029907
 84.282934340670323081    79.206041889693779012    74.336430692503341788    69.671155020000341551    65.207174761810790642   0.078019
 84.282898921933394831    79.206036762702041187    74.336414510097085895    69.671145603862527196    65.207178532925865966   0.027542
 84.282895455792456119    79.20603198418174884     74.336425528987021494    69.671153547659855576    65.207199432310787302   0.082180
 84.282912561808259966    79.206039959062024991    74.336417141273628317    69.671146697112504853    65.207171214846226803   0.021568
 84.282904110699064404    79.206037677599084645    74.336397667014978197    69.671154993003966638    65.207184059526710485   0.049841
 84.282908867119544993    79.206037762737039998    74.336425700959438245    69.671146773481865466    65.207177622603410327   0.027525
 84.282916020024003956    79.206036696425883292    74.33642080135643937     69.671132083274926572    65.207171683985421851   0.054876
 84.282905124710964628    79.206038036990960904    74.336417088722996027    69.671153906227431207    65.207181618252590738   0.024295
 84.282895958020873195    79.206027011229323875    74.336413767995480839    69.671148503774048777    65.207167667971788205   0.059275
 84.282911634948490587    79.206040708435324404    74.336419363442814756    69.671147655873937765    65.207182056094552536   0.011223
 84.282908273250683351    79.206049099963038884    74.336424471383111268    69.671149542771075858    65.207179106249000711   0.037101
 84.282906996530854826    79.206033418996696582    74.336415905657247549    69.671147419581942017    65.207177760292296398   0.021478
 84.282919152113862538    79.206039191786800302    74.336423569925358379    69.671151377048545328    65.207177575909781808   0.035607
 84.282903979478504652    79.206037369973230966    74.33641677505414691     69.671147047159024623    65.207178293671844926   0.021142
 84.282907251871279186    79.206038034646255142    74.336408808700895179    69.671150316900082089    65.207178754659622655   0.022237
 84.282911845143985374    79.206037759454474667    74.336414108928480005    69.671141748423565332    65.207173613573232274   0.022175
 84.282911555292770345    79.20603765172246824     74.336424509041620468    69.671141910360319116    65.207174420731632836   0.035019
 84.282908327726659081    79.206037938915301311    74.336412733786076501    69.67114821526513424     65.207177671177618095   0.014003
 84.282905555053133639    79.206037998698562319    74.336418658757068556    69.671153065573463437    65.207181184859749123   0.024160
 84.282910272621279546    79.206037819265503686    74.336415246385627142    69.671144577711032753    65.207175506394861486   0.016958
 84.282903922714083933    79.206034943172397789    74.336414868456742511    69.671147269123935075    65.207185300206276679   0.023468
 84.282910402034715958    79.206038705089611085    74.336416573069413971    69.671146840115369514    65.207174736186232167   0.015317
 84.282910850193005103    79.206043597674891998    74.336416371037984163    69.671146314867868909    65.207177545117758655   0.015343
 84.282916615531149773    79.206042137779022028    74.336415340034619703    69.671146394374289912    65.207176712316581302   0.020497
 84.282913456517988493    79.206040945827567157    74.3364156987894944      69.671146557570466484    65.207177107655397208   0.014170
 84.282911595947069827    79.206042939111597434    74.336417049664703427    69.671149655766072328    65.207180140097761978   0.013946
 84.282911316676958791    79.206036897276874242    74.33641619646300569     69.671149254968540276    65.207179139366871823   0.012525
 84.282912130692167807    79.206041066737071787    74.33641584378901257     69.671149695662279555    65.207183709570671226   0.012656
 84.282908545878555628    79.206038874362889146    74.336416776068745094    69.671151233443907813    65.207183978867632845   0.017509
 84.282912228858123171    79.206040427961397654    74.336415968109307073    69.671147726538833922    65.207178825458456117   0.008978
 84.282915235122459308    79.206042876893604898    74.336421034801460905    69.671149380258725614    65.207183877057701693   0.026498
 84.282910054575609138    79.206039173409877208    74.336414809039922602    69.671148506513532084    65.207179222647638994   0.007180
 84.282911350353487023    79.206036370416597947    74.336415822672933018    69.671147480056788481    65.207181041157554091   0.007669
 84.282910503472933783    79.206036364262956795    74.336417020102203423    69.671146553918390509    65.207176404319369567   0.017127
 84.282911723887366406    79.206039891118535934    74.336416137867303178    69.671148910226307294    65.207181883257845811   0.007231
 84.282911480372277424    79.206041731259858807    74.336416643989906561    69.671146856715225226    65.207182072079547197   0.009102
 84.282911100270254678    79.206038329231205353    74.336412389228939901    69.671148136146342722    65.207179161745870033   0.008148
 84.282911102805670112    79.206035945595203884    74.336413406777467117    69.671149447077496575    65.20717798162741019    0.013516
 84.282911385980625596    79.206040284843695076    74.336415834686789594    69.671147504305793063    65.207181049466512945   0.004017
 84.28291001716885944     79.206037191646572637    74.336414029289059613    69.671148488360671536    65.207182117851701264   0.007809
 84.282910712516169838    79.206038835342923221    74.336418264193497407    69.671148219638894261    65.207182964006619841   0.011015
 84.282911003331733468    79.206038455759141925    74.336413857970086383    69.671148157019473501    65.20718011231105038    0.004523
 84.282912190082697634    79.206040478572560914    74.336416555605794088    69.671147734888108971    65.207179205684539625   0.009294
 84.282910560397311883    79.206038013378076812    74.336414660868243232    69.671148299992523789    65.207181389809903749   0.005281
 84.282910540915565889    79.206041956987149888    74.336414297499999293    69.671149071166240674    65.207180421839609608   0.007390
 84.282910743275039067    79.206040560344519008    74.336414678793232724    69.67114867338887052     65.207180576669088623   0.004929
 84.282909775136772623    79.206038703975622184    74.336413398676000952    69.671147546261764205    65.207179057103843434   0.007143
 84.282911332672995286    79.206039233910573216    74.336414163357829921    69.671147565873837948    65.207181651496554764   0.002056
 84.28291197172168836     79.206039264160921221    74.33641384051678358     69.67114709555399088     65.207182865921012649   0.005127
 84.282912235126332234    79.206039915318797284    74.336415879594483158    69.671148533970452377    65.207182854797395066   0.008445
 84.282910390134162526    79.206039006811408854    74.336414018905628609    69.671147793188936248    65.207180006527238447   0.004027
 84.282911381760555969    79.206041003289641367    74.336414360617183661    69.671147577518240723    65.207179968778262946   0.004567
 84.282911454277012808    79.206038633501265167    74.33641421542179728     69.671146765773642073    65.207180538762770539   0.003935
 84.282910844798067274    79.206037242640803697    74.336414475519674738    69.671147536946449463    65.207181374647376515   0.004616
 84.282911247519933795    79.206040063127431949    74.33641438934280643     69.671147567375300014    65.207180320245541338   0.002610
 84.282911320902158536    79.206040433118630517    74.336415190715854351    69.67114672158754729     65.207181314288419571   0.004189
 84.282911241509552269    79.206039938778758369    74.336414857529405253    69.671147080445535948    65.207181013794070168   0.002357
 84.282912274649902429    79.206040254853292026    74.336415365229839836    69.671146800320713055    65.207181822978952823   0.006108
 84.282910861263104607    79.206039318821879647    74.336414355486681416    69.671147544971887555    65.207180460640159936   0.002166
 84.282911068916419595    79.206038590412291001    74.336412957768629894    69.671147105470282668    65.207180544509114384   0.004443
 84.28291130671456699     79.206039861235836952    74.336415115457242564    69.67114740459692257     65.2071809232271562     0.002374
 84.282910941595048371    79.206040732848549624    74.336414937047777585    69.671148099531762909    65.207181208998605371   0.003771
 84.282911069765532375    79.20604020801172851     74.336414756641289614    69.6711477660922327      65.207181041439639557   0.002348
 84.282911077250389553    79.206039361176095781    74.336414910046173077    69.671147377416900781    65.207181715993485227   0.002484
 84.282911119817782719    79.206039536663922718    74.33641477987032431     69.671147424906507695    65.20718136705650636    0.001605
 84.282910943297025597    79.206039433238913716    74.336414049696969641    69.671147548319112275    65.207181290543616115   0.000919
 84.2829107615882549      79.206039219240452098    74.33641351681683318     69.671147620180207127    65.207181474201846072   0.002565
 84.282910889217035333    79.206039153480077175    74.336413984491827023    69.671148059619923743    65.207181310676531893   0.002213
 84.282910988741633673    79.206038462434406711    74.336413776520174679    69.671147491384274986    65.20718139072570807    0.002645
 84.282911049509550594    79.20603977161739806     74.33641451161101088     69.671147697415250377    65.207181128761163791   0.001155
 84.28291123340717661     79.206039764221003452    74.336414759517310813    69.67114705297473165     65.207181048722645755   0.001957
 84.282911410218702031    79.206039777038867555    74.336414550134691126    69.671147370823888423    65.207182133992034778   0.002749
 84.282910998502003963    79.206039433376133729    74.336414404148683843    69.671147501434887772    65.207180878978135752   0.001241
 84.282910805140403454    79.206039941736364085    74.336414838579912612    69.671147324146375013    65.207180634128278029   0.002490
 84.282911200789840223    79.206039410867020933    74.336414332163343488    69.67114750544197932     65.20718139715448558    0.001424
 84.282910891359293259    79.206039270084346526    74.336414071478856158    69.671148018032369009    65.207181376274945706   0.001960
 84.282911147895205772    79.206039640686839221    74.336414587507704255    69.671147294239148096    65.207181130610720743   0.001067
 84.28291101617966774     79.206039539250610915    74.336413974180771902    69.671147593833637757    65.207180963362759485   0.000884
 84.282910964360610251    79.206039540543955013    74.336413571335995698    69.671147678297202788    65.207180761515886047   0.001898
 84.28291086136357535     79.206039716400937323    74.336414278694718405    69.671147548654829507    65.207180759748084142   0.001216
 84.28291100879603448     79.206039807101745964    74.336414156527780506    69.671147571549909117    65.207181230232436064   0.000601
 84.282911013943049738    79.206039993964552082    74.336414032717328837    69.671147606607419789    65.207181405859586221   0.001207
 84.282911204907435376    79.206039560357254459    74.3364142331149651      69.671147533487982173    65.20718153765621139    0.001318
 84.282910947249547462    79.206039677390009501    74.336414267299772973    69.671147544863117673    65.20718095422512306    0.000751
 84.282910975857447511    79.206039467449883773    74.336413902474205884    69.671147323706748011    65.207181098828698396   0.000804
 84.282910808656666291    79.20603952908564338     74.336413552564096108    69.671147738669901628    65.207181084266338189   0.001792
 84.282911063085578007    79.20603961278654026     74.336414328771809323    69.671147405346829373    65.207181119024625104   0.000490
 84.282911061170324274    79.206039808352613818    74.336414202004760909    69.671147427400995866    65.207180855725823676   0.000797
 84.282911006283939059    79.206039809981746203    74.336414368650565621    69.671147315313419313    65.207181139851940088   0.000688
 84.282911058776733171    79.206040018795206947    74.336414626827675534    69.671147582082994631    65.207181020795275117   0.001662
 84.282910996587276031    79.206039605286207461    74.336414083562573296    69.671147388300809666    65.207181079320349681   0.000270
 84.282910947630654164    79.206039596665902991    74.336414279920234094    69.671147462748649559    65.207181353335982976   0.000797
 84.282910976015571691    79.206039649587580698    74.336414260441358692    69.671147453911743241    65.207181228933450257   0.000471
 84.28291107305781793     79.206039716507547155    74.336414211881873371    69.671147308905972295    65.207181364720014471   0.000741
 84.282911041605757418    79.206039706728162741    74.336414225736348271    69.67114736789525864     65.207181262096298724   0.000478
 84.282911028152170729    79.206039542614348647    74.336414053365388099    69.671147559488389334    65.207181227990929528   0.000620
 84.282911022685112812    79.206039609456198036    74.336414132186689585    69.671147498444639723    65.207181205956175063   0.000346
 84.282911031195695273    79.20603946643612403     74.336414255751719793    69.671147274009825878    65.207181127899929152   0.000718
 84.282911014395949678    79.206039721935340481    74.336414181333765328    69.671147497164895412    65.207181204649316442   0.000379
 84.282910957430289045    79.206039704410855506    74.336414024532501799    69.671147476940120669    65.207181273357605278   0.000522
 84.282911036671748661    79.206039635692619072    74.336414252711989548    69.671147423245145092    65.207181157607863042   0.000325
 84.282910976936506131    79.206039582054998505    74.336414138358207992    69.671147536531634614    65.207181088490557386   0.000452
 84.282911042895094056    79.206039612182564724    74.336414054819954345    69.67114748356311793     65.207181065476248705   0.000412
 84.282911068357577733    79.206039691766179089    74.336414143487786532    69.671147379755808515    65.207181196713406734   0.000273
 84.282911012583994648    79.2060396934720643      74.33641426249317874     69.671147391201401433    65.207181272222612733   0.000452
 84.282911035317312098    79.206039632504939618    74.336414106738260443    69.671147460472695911    65.207181117162832606   0.000197
 84.282911049451655572    79.206039547947128199    74.33641410614114875     69.671147362922738466    65.207181098054917356   0.000360
 84.282911040687736204    79.206039591444181269    74.336414124939295789    69.671147396483277703    65.207181124703510022   0.000210
 84.282911048363558848    79.206039653221452568    74.336414152389266974    69.671147320858437979    65.207181064247038194   0.000362
 84.282911029104724321    79.206039620397518775    74.336414137237341038    69.671147454048082182    65.20718117052888374    0.000236
 84.282911031350096209    79.206039620867002782    74.336413985674113292    69.671147408379113131    65.207181117763724387   0.000311
 84.282911032680516428    79.206039624573406854    74.336414052433582356    69.671147412095621121    65.207181127724766156   0.000198
 84.282910985393471037    79.206039537916311133    74.336414058476634636    69.671147464804391802    65.20718105106271878    0.000496
 84.282911047616551059    79.206039653303719206    74.336414122234998558    69.671147401017947232    65.207181160300734746   0.000135
 84.282911077575448644    79.206039643603304512    74.336414133870846399    69.671147461346251362    65.207181200847941227   0.000319
 84.282911016834319184    79.206039614865488829    74.336414096139634466    69.67114740656217009     65.207181109702247568   0.000159
 84.282911040149855353    79.206039626279192589    74.336414063756961923    69.671147376604579904    65.207181085308775437   0.000296
 84.282911031866007079    79.206039621867944334    74.336414118867253364    69.671147434687213718    65.207181149223856664   0.000155
 84.282911025038174557    79.206039667402052373    74.336414073626201571    69.671147449450970157    65.207181140942282127   0.000140
 84.282911029988440532    79.206039651404267943    74.336414154608974059    69.67114744878080046     65.207181143208003959   0.000173
 84.282911025220101919    79.20603965103245514     74.336414119452570048    69.671147395726961804    65.207181164188028788   0.000116
 84.28291102017149683     79.206039660296212901    74.336414125809724851    69.67114736335409475     65.207181187700626879   0.000183
 84.282911028641620987    79.206039631984424432    74.336414057519277776    69.671147386197304741    65.207181146534850313   0.000206
 84.282911029651728541    79.20603964654929996     74.336414130336549988    69.671147433134933635    65.207181144039708443   0.000125
 84.282911046922706078    79.206039681196699576    74.336414129667389261    69.671147439045057581    65.207181193775625161   0.000200
 84.282911024356423013    79.206039631448291516    74.33641410452156606     69.671147414682891963    65.207181130720584861   0.000104
 84.282911028887184557    79.206039678026399997    74.336414101201512494    69.671147402918279568    65.20718114685269029    0.000073
 84.282911027397773296    79.206039706105627829    74.336414092368642059    69.671147387033812493    65.207181145667107103   0.000142
 84.282911037254621078    79.206039636742019638    74.336414157472688657    69.671147369541429839    65.207181157498439461   0.000233
 84.282911028092286188    79.20603965973704419     74.336414094587823342    69.671147429473592183    65.207181145081321461   0.000103
 84.282911006866527259    79.206039653413654378    74.336414097805032952    69.671147429356722114    65.207181132052227213   0.000088
 84.28291101571727495     79.206039662913838129    74.336414076690857655    69.671147395728439733    65.207181143518226918   0.000101
 84.282911016347810573    79.206039663183247512    74.336414070470141269    69.67114743313700842     65.207181115102002877   0.000143
 84.282911023002029083    79.206039654070153233    74.336414107206962854    69.671147405079466353    65.207181151916529416   0.000079
 84.282911016669686433    79.206039691816144455    74.336414086475343765    69.671147410339713701    65.207181157047813258   0.000099
 84.282911008364806094    79.206039676359054624    74.33641409316406623     69.671147387895445036    65.20718114747369043    0.000082
 84.282911017798824105    79.206039678560330231    74.336414117650321032    69.67114741850741666     65.207181150618936272   0.000050
 84.282911018839598682    79.206039686383576282    74.33641413813005272     69.671147429896905123    65.207181154169290949   0.000112
 84.282911017298062006    79.206039644355698215    74.336414120335831512    69.67114740716321819     65.207181134517810506   0.000069
 84.282911031273840763    79.206039679135017195    74.336414118018467434    69.671147379268830946    65.20718116049965829    0.000119
 84.282911012968355635    79.206039659843995082    74.336414102858384467    69.671147416834742216    65.207181139164077877   0.000045
 84.282911031616976061    79.206039649583587448    74.336414126537150082    69.671147432305815528    65.207181141754332998   0.000114
 84.28291101417784148     79.20603966966518783     74.336414101507330088    69.671147398998044764    65.207181146043851072   0.000054
 84.282911013450089399    79.206039678110514046    74.336414110214406037    69.671147412689208522    65.207181134962411306   0.000022
 84.282911008674119557    79.206039690130694453    74.336414111718127629    69.671147416494079607    65.207181126485352252   0.000053
 84.282911001390118599    79.206039654187890164    74.336414119825008129    69.671147418758778258    65.207181135270133154   0.000063
 84.282911006616046734    79.206039691791445989    74.336414100486365442    69.671147419152063662    65.20718114790597042    0.000075
 84.282911014627558188    79.206039656214642264    74.336414115373457889    69.671147410160429558    65.207181137864850484   0.000033
 84.282911027818954608    79.206039682769983301    74.336414099216540308    69.671147404117135693    65.207181148191523334   0.000081
 84.282911007997327602    79.206039661333420554    74.336414114672891174    69.671147415098374722    65.207181138500487805   0.000028
 84.282911012559026176    79.206039663959984409    74.336414122800476889    69.671147430318029592    65.207181134400471478   0.000059
 84.282911013773144759    79.206039668238886975    74.336414106830616788    69.671147406828040971    65.207181143132999068   0.000033
 84.282911007327783182    79.206039650936276075    74.336414102329570142    69.671147406136896052    65.207181126831017082   0.000074
 84.282911015181070979    79.206039671654309586    74.336414113820126204    69.671147415414793613    65.207181144671949369   0.000023
 84.282911013043332105    79.206039674376725657    74.336414121506209085    69.671147407241591054    65.207181140489012705   0.000025
 84.282911011946623603    79.206039668436957868    74.336414123404225052    69.671147417413706648    65.207181135462491284   0.000034
 84.282911013316521576    79.206039668288411804    74.336414110974018854    69.67114740947445739     65.207181141215372122   0.000020
 84.282911010567801213    79.20603968529070471     74.336414113101596968    69.671147413806934878    65.207181142070837154   0.000027
 84.28291101822621556     79.206039689754845767    74.336414113173674423    69.671147408352425145    65.207181142863362311   0.000044
 84.282911010554556697    79.206039668438776857    74.336414114298094091    69.671147413411887328    65.207181139591199326   0.000013
 84.282911015650427089    79.206039659056784785    74.336414115223533372    69.671147409485868707    65.207181138301152146   0.000031
 84.282911011838450577    79.206039678732224729    74.336414113632088174    69.671147412726668335    65.207181141128415902   0.000016
 84.282911012692949271    79.206039671712986205    74.336414103669284259    69.67114741824522639     65.207181140138715136   0.000030
 84.282911012955736396    79.206039673710790794    74.336414117046984984    69.671147409992499888    65.207181140401445418   0.000013
 84.2829110096650993      79.20603967525798339     74.336414112646139074    69.671147407903106341    65.207181134247605314   0.000016
 84.282911009882084841    79.206039667660789405    74.336414117224535403    69.671147408714233507    65.20718114367122098    0.000025
 84.28291101255808826     79.206039675498089991    74.336414111966945484    69.671147411695471874    65.207181137139613725   0.000010
 84.282911009712250916    79.206039680366757239    74.336414116862087553    69.671147412817418854    65.207181135787934068   0.000022
 84.282911012415453911    79.206039671307991057    74.336414112446036029    69.671147410310197756    65.207181139858505503   0.000009
 84.28291101446382072     79.206039671817194403    74.336414115109931799    69.671147415351583732    65.207181145000078004   0.000024
 84.282911010864779655    79.206039674397786143    74.336414113262094361    69.671147409765225689    65.207181136935730592   0.000006
 84.282911011901035181    79.206039666609143524    74.336414113975990858    69.67114740934343331     65.207181136442159186   0.000016
 84.28291101188538903     79.20603966963992093     74.336414113890015187    69.671147410189234961    65.207181137613730471   0.000008
 84.282911010355604731    79.206039670002240882    74.336414109298317499    69.671147412156329892    65.207181136054060744   0.000015
 84.28291101230570348     79.206039672783646211    74.336414115109818113    69.671147410533450284    65.20718113931459925    0.000007
 84.282911013457237459    79.206039677012185507    74.336414112371898       69.671147407585550582    65.207181136753689543   0.000018
 84.282911011280219782    79.20603967058212902     74.336414113816545068    69.671147411955303141    65.20718113888182188    0.000006
 84.282911010942541452    79.206039667986516406    74.336414115442863704    69.671147409405904227    65.207181139902147038   0.000015
 84.282911012154201558    79.206039673620196595    74.336414112835925039    69.671147411123087068    65.207181137830247053   0.000004
 84.282911010980697597    79.206039673101514609    74.336414115119723078    69.671147411116322701    65.207181136371929142   0.000005
 84.282911011148868852    79.206039676154205154    74.336414114167638445    69.671147411608131961    65.207181138120006381   0.000006
 84.282911010265820551    79.206039674358720504    74.336414112570935231    69.671147411693766571    65.207181135941311823   0.000008
 84.282911011795732747    79.206039673177414784    74.336414114475104498    69.67114741082352225     65.207181138471270287   0.000004
 84.282911011681406421    79.206039669797405622    74.336414113636124057    69.671147410305252379    65.207181137276421623   0.000008
 84.28291101128201035     79.206039674565005271    74.336414114034766953    69.671147411282419171    65.207181137909117297   0.000004
 84.282911011550737612    79.206039676962660678    74.336414114074500503    69.67114740968892761     65.207181136125512921   0.000012
 84.282911011347849239    79.20603967217726904     74.336414113881033927    69.671147411388716364    65.207181138192737535   0.000002
 84.282911012159445363    79.206039672258768292    74.336414114876532722    69.67114741252838428     65.207181138574384249   0.000007
 84.282911011188446082    79.20603967386303168     74.336414113665711056    69.671147410456015336    65.207181137345401112   0.000004
 84.2829110121266325      79.206039673859635286    74.336414112437282142    69.671147410913192743    65.20718113952759154    0.000007
 84.282911011267174217    79.206039673291044778    74.336414114449112844    69.671147411065533106    65.207181137160844742   0.000004
 84.282911011840155879    79.206039673670105117    74.336414113107892376    69.671147410963982338    65.207181138738675941   0.000004
 84.282911011696910464    79.206039673575332927    74.336414113443197493    69.671147410989362925    65.207181138344225246   0.000003
 84.282911012122241345    79.206039672983067135    74.33641411380227737     69.671147411786805037    65.20718113895364354    0.000004
 84.282911011888785424    79.206039673203065377    74.336414113768142897    69.671147411454114717    65.207181138551590038   0.000003
 84.282911012271398477    79.206039671736306218    74.336414113326611641    69.671147411029124896    65.207181138646916452   0.000005
 84.282911011529364487    79.206039673857830508    74.336414113857728125    69.671147411219095602    65.207181138093574191   0.000003
 84.28291101165112309     79.206039673396062994    74.336414112639317864    69.671147411646217051    65.207181137933702075   0.000004
 84.282911011687275504    79.206039673341393836    74.336414113098271628    69.671147411440543351    65.207181138068094128   0.000003
 84.282911011105895227    79.206039672841754395    74.336414114383430274    69.671147411473640432    65.207181138669852771   0.000003
 84.28291101136797181     79.206039673036372051    74.336414113996553965    69.671147411386002091    65.207181138459958447   0.000002
 84.282911011445065697    79.206039672998571177    74.336414114480390936    69.671147411134384697    65.207181138588751423   0.000003
 84.282911011505618148    79.206039673084276842    74.336414114134868214    69.671147411210924361    65.207181138458594205   0.000002
 84.282911011593483863    79.206039672172707355    74.336414113831807526    69.67114741135256395     65.207181138709273682   0.000003
 84.282911011577454019    79.206039672593988143    74.336414113838287676    69.671147411319196863    65.207181138555341704   0.000002
 84.282911011109547417    79.206039672583841593    74.336414113949444982    69.671147411063572008    65.207181138252735764   0.000002
 84.282911011066488527    79.20603967181497751     74.336414114476895065    69.671147411557996065    65.207181138423521816   0.000004
 84.282911011539312085    79.206039673135251178    74.336414113701621886    69.671147411131528315    65.207181138364049389   0.000002
 84.282911011224086906    79.206039672255059259    74.336414114218470672    69.671147411415830675    65.207181138403697673   0.000003
 84.282911011460498685    79.206039672915210303    74.336414113830841188    69.671147411202611011    65.207181138373954354   0.000001
 84.282911011794197975    79.206039672939027696    74.336414113923211744    69.671147411539408267    65.207181138563527156   0.000003
 84.282911011280702951    79.206039672672631013    74.336414113942879567    69.671147411182531073    65.207181138330440717   0.000002
 84.282911011285023051    79.206039672749525948    74.336414113890143085    69.671147411133091509    65.207181138313345059   0.000001
 84.282911011404166857    79.206039672546239672    74.336414113855937558    69.671147411295663687    65.207181138283345945   0.000002
 84.282911011414228142    79.206039672975791177    74.336414113913690471    69.671147411294299445    65.207181138416956401   0.000002
 84.282911011483065522    79.206039672999736467    74.336414113982854701    69.67114741120676058     65.20718113841627428    0.000002
 84.282911011518976352    79.206039672754599223    74.336414113834564432    69.671147411260903937    65.207181138464648029   0.000002
