 -1                        0                        0                      2502.152730
 -1                        0                        0.00025000000000000001 2501.831382
 -1                        0.00025000000000000001   0                      2501.683381
 -1.0333333333333301063    0.00016666666666999999   0.00016666666666999999 2501.135106
 -1.0555555555555500291    0.00027777777778000001  -0.00013888888889000001 2501.511342
 -1.0925925925925898952    0.0000462962963          0.00001851851852       2503.113888
 -1.0231481481481499163    0.00019907407408000001   0.00000462962963       2500.713669
 -1.0154320987654399389   -0.00003395061728         0.00025308641976       2497.342794
 -0.99537037037038000875  -0.00018981481481         0.00044907407407999999 2502.009681
 -1.0257201646090599034   -0.00005658436214         0.00000514403292       2502.178512
 -1.031430041152259891     0.00011085390947000001   0.00012628600822999999 2501.895501
 -1.0327160493827198806   -0.00001697530864         0.00012654320988       2501.787323
 -1.0243827160493850226    0.00006635802469499998   0.00020987654321500001 2501.324271
 -1.0192901234567948165    0.0000825617284          0.00012885802469500001 2498.326201
