  0.5                      1.5                      1                        0.01000000000000000021   0.02000000000000000042 16.158797
  0.5                      1.5                      1                        0.01000000000000000021   0.0210000000000000013  15.849064
  0.5                      1.5                      1                        0.01050000000000000065   0.02000000000000000042 15.648667
  0.5                      1.5                      1.0500000000000000444    0.01000000000000000021   0.02000000000000000042 16.865094
  0.5                      1.5750000000000001776    1                        0.01000000000000000021   0.02000000000000000042 17.576387
  0.5250000000000000222    1.5                      1                        0.01000000000000000021   0.02000000000000000042 17.030301
  0.51000000000000000888   1.4250000000000000444    1.0200000000000000178    0.01020000000000000073   0.02040000000000000147 15.079087
  0.51500000000000001332   1.3500000000000000888    1.0300000000000000266    0.01030000000000000013   0.02060000000000000026 13.906296
  0.48099999999999998312   1.4399999999999999467    1.0320000000000000284    0.01031999999999999931   0.02063999999999999863 14.430077
  0.49840000000000000968   1.4159999999999999254    0.97479999999999999982   0.01044800000000000069   0.02089600000000000138 13.638344
  0.49759999999999998677   1.3740000000000001101    0.93720000000000003304   0.0106719999999999992    0.02134399999999999839 12.185815
  0.49743999999999999329   1.365599999999999925     0.99968000000000001304   0.01071680000000000028   0.02143360000000000057 12.744780
  0.49641600000000002391   1.3118399999999998951    0.99955199999999999605   0.01100351999999999927   0.02060704000000000008 11.877920
  0.4946240000000000081    1.2177599999999999536    0.99932799999999999407   0.01150527999999999967   0.0204105600000000012  10.235959
  0.49426560000000002715   1.1989440000000000097    0.99928320000000003809   0.01090563200000000017   0.02177126399999999851 9.989267
  0.49139840000000001297   1.0484160000000000146    0.99892479999999994611   0.01110844799999999993   0.02265689599999999929 7.749932
  0.51742496000000004486   1.1023103999999999125    0.95405311999999997674   0.01140101120000000003   0.02193802239999999987 8.542327
  0.48439494399999999397   1.0932345599999999664    0.92567436800000002517   0.01186141567999999917   0.02251323136000000016 7.239412
  0.46909241600000001204   0.96485184000000001614   0.87351155199999996892   0.01264212351999999956   0.02346984703999999838 4.991751
  0.49061591040000002151   0.91733529599999996673   0.90552698880000004333   0.01221474508800000046   0.02249413017600000037 5.297054
  0.48766227455999999751   0.72626941440000003514   0.95533778432000004965   0.01287664312320000067   0.02304378224639999986 3.850850
  0.48269341183999997513   0.40240412159999999764   0.96440667648000000245   0.01397896468479999967   0.0238936733696000006  1.875448
  0.48586603929599997409   0.55636706304000005385   0.87924125491200000315   0.01303283699712000018   0.02537046759424000167 2.224526
  0.45044151101439999785   0.45343932825599997383   0.89459138887680000884   0.01378983611597000072   0.02521598327193999914 1.650329
  0.41694978652159997434   0.12900379238400000448   0.8648605233152000249    0.01498424857395000073   0.02685496370790000156 1.053040
  0.44668862562304001429   0.13956884520960000096   0.79609399820287995997   0.01563271954555000079   0.02617633675510000132 0.851946
  0.42433373843456001495  -0.31485473218560000586   0.69467859730432002241   0.01789485531832000001   0.02793605713263999993 1.865564
  0.42990020131225997746  -0.04045703110656000134   0.84571861316402996422   0.01589361224056999936   0.02781198521073999924 1.080872
  0.4357468098371600207   -0.49009712354918000266   0.86661687442963997174   0.0167668292968000017    0.0285731236150300015  2.120537
  0.39892549475762001387  -0.50019802122486001217   0.85583741932470003277   0.0178697127395500005    0.02795356546911000051 2.511306
  0.46413090316140998004   0.2922257919737900056    0.87339029601518003432   0.01424205593273000087   0.02601624206296000025 1.142960
  0.46039836154615998431   0.85919533157351002384   0.87117116844127995279   0.0131258110942400006    0.02372815682749000038 3.918995
  0.44190969776441002548  -0.15277400976850999403   0.86775544793254999476   0.01585657474616000012   0.02736188191815000156 1.113361
  0.39713827391308997861  -0.25537716612306998742   0.73472087497194005223   0.01666471973078000046   0.02979489049233999959 2.090819
  0.46130462735826999188   0.23795879966923000337   0.90698522610298004665   0.01465040344629999977   0.02536897765028999982 1.106178
  0.41457027227041998163  -0.16690563341868999703   0.83917522747188000309   0.01656496748827999965   0.02741341603390999929 1.370268
  0.45174074543865999631   0.17744293562567001188   0.86483652887935003051   0.0148227838216200003    0.02636553555569999888 0.950884
  0.44072389673711998004   0.41018094648128999857   0.84364250793323003474   0.01453693230503999914   0.02566923763373999898 1.335087
  0.44161324750759001212  -0.01203527070605999935   0.86172721293272003251   0.01552666413588000074   0.02693872084704999892 0.955463
  0.41345241520298997573  -0.08054949110657000366   0.78630952449469004861   0.0160936078807299987    0.02829003918030999903 1.307424
  0.44934157431944998784   0.15833172697528000161   0.87681630070090998963   0.01501120455491000011   0.02609924303279000102 0.952114
  0.4526333904518800022    0.27738184290195999626   0.86001521244838996516   0.01449743601218999971   0.02516193474868000032 1.070481
  0.44695009316696998614   0.19792212439983000727   0.85644106262730002044   0.01484648006928999953   0.02582444736419000145 0.958140
  0.47758392790067999423   0.13548835221773000703   0.83750551802205996932   0.01535169227694999951   0.02570674971402999928 0.822219
  0.50790099859022996842   0.13873063213458999843   0.82382801537549998905   0.01553541412844999976   0.02513264271710000108 0.802943
  0.47196398342461998165   0.04289342329580000251   0.83287975980924000563   0.0157650344052699988    0.02646054419890999862 0.790682
  0.48447092855343998341  -0.03462092725621000039   0.82109910840022004574   0.01622431157326999912   0.02677859261626000173 0.757752
  0.4944439015023400219    0.24381655578163000109   0.81134236769082002105   0.01536390931363999963   0.02528221942373000061 0.941882
  0.5047565055636300535    0.10764348962283000477   0.7700637067186000273    0.01602045079810000133   0.02579488779436999932 0.699698
  0.53246397118572996732   0.08229937094660999541   0.71668740972744005013   0.01652507391970000142   0.02564271017515000126 0.630498
  0.53464662474324997632   0.05047485510081999721   0.72278383087939002127   0.01688978757061999902   0.02523946511923999894 0.611528
  0.57609956439554999008  -0.01300918516160999919   0.65175748187941995315   0.0179232894451300008    0.02467642990100000003 0.579851
  0.52460573383686004423  -0.11862906143243999446   0.71244403774335995916   0.01737241413120000147   0.02608046544210999851 0.648507
  0.6035278530016799925   -0.11766051351721999729   0.69423242304749999132   0.01779948173355000093   0.02514799958555000159 0.648283
  0.58056622179907002579  -0.21937875870293999103   0.61466016894368002976   0.01880241419268999931   0.02619783637093000064 0.696813
  0.64243440913411997695  -0.11993033189082999423   0.53481350013633999207   0.01914475779564000016   0.02431958397364000074 0.742134
  0.60294353898895003407  -0.09860298073218000392   0.60638490220231000549   0.0184146462400500005    0.02493433613429000065 0.618874
  0.5552900427644400505    0.11313781074419999861   0.73794233289633004436   0.01641154799516000157   0.02439494012431000017 0.727020
  0.5742471770404099507   -0.13624961634114998721   0.64548070993184003541   0.01820469764331000134   0.02574711230928       0.607266
  0.63110710800807001686   0.00533989151022000019   0.61337313297203999163   0.0181744614615000008    0.02437896980000000061 0.777903
  0.55123107737966003938  -0.08763682319677999766   0.68767631155052999503   0.01757292596377000096   0.02565509153158000016 0.585574
  0.53126627859443997792   0.01638081972317999985   0.62896230306912004338   0.01765677155123000081   0.02551427243496999855 0.557882
  0.49513549139082002615   0.083401486343369996     0.59632724307992002188   0.01758541646008000142   0.02569740885967999877 0.602116
  0.60185108337387005495  -0.20994648523003001106   0.57141727372585005007   0.01938385841769999993   0.02496818674930000037 0.682841
  0.54981074923276995747   0.00923790690245000073   0.6803698757270399966    0.01723977004419999931   0.02547407931869000164 0.577305
  0.51011839966817995595   0.0140922215026199997    0.71131377066086998173   0.01702433561901000106   0.02589245806392000138 0.618031
  0.53332468449837000524  -0.01408157905608000034   0.68508155354623001543   0.01737191327426999832   0.02565292758150999886 0.578688
  0.52244576459990998973   0.10060607202561000495   0.68805830037710002944   0.01690117046813000012   0.02504200799781999831 0.600947
  0.53539611771003003948   0.04139214993391999997   0.67741390276577995166   0.01722705226193000164   0.02521828407568999994 0.572852
  0.53912788039280001851   0.10360486813352000335   0.64175773524450996366   0.0173945926669300012    0.02495930579316000056 0.573575
  0.49947071977580997926   0.07562285141640999464   0.67367666626165001453   0.01683275047429000013   0.02605111778060999889 0.620176
  0.55694235324062002501   0.00914882398289000066   0.65723727797497999426   0.0176506547024199989    0.02502010187090000087 0.564029
  0.55169266716988996091   0.08598740652646000293   0.6292148843663399882    0.01749562321640999937   0.0248214898158500008  0.568088
  0.53595936961033996404   0.09336772041754000384   0.61346456564124995925   0.01773010771537000124   0.02473930227753999914 0.543220
  0.52903367979912996333   0.13543262717508000592   0.58001191059835999209   0.01797527655094999927   0.02437191375696000015 0.530629
  0.54260455821284003797   0.0117318628030899999    0.62737837626532000357   0.01780755864624999907   0.02501911898859000144 0.543016
  0.54921969709674001159   0.06208046615036000304   0.57170799814386996651   0.01820730160496999983   0.02468047467122000058 0.523453
  0.55613148679008994613   0.07242462425857999764   0.51885504583290997793   0.01869742627649999961   0.02441156996898000142 0.510916
  0.53469867548495997323   0.01206009665066999983   0.57576308112994001309   0.01841945187453000038   0.02491330099231000086 0.539327
  0.52055151831196000423   0.09006318826134999955   0.51515100878328001777   0.01857193925736000048   0.02467196858581999913 0.525438
  0.54194168884515003803   0.11230413993632999692   0.49790146597480000601   0.01893188949101000038   0.02384087648209000029 0.491461
  0.54727939397050995307   0.16026580004290000292   0.43237104742764997933   0.01956944846088999948   0.02300417850566000011 0.472228
  0.53247334352982000905   0.17636667175233999849   0.42148246124353999642   0.01948585832184000083   0.02353005373530000013 0.478110
  0.5394890934756400025    0.24176106794543000822   0.41138550842436000243   0.01930052767248999906   0.02308257282877999861 0.474290
  0.54933625463208002326   0.16091991372916000791   0.33968611808634002758   0.02027480344467999865   0.02310822369285999919 0.486971
  0.569332310647300055     0.23463204283000999029   0.33436106362264000902   0.02035928641319999927   0.02218267090681000017 0.482926
  0.53903267171205004882   0.31715357426135998287   0.25685943368890001848   0.02089854344873999861   0.02155150989877999829 0.451896
  0.53048326417303004465   0.43951804926274001817   0.125861627616900007     0.02199910203485999985   0.02012147986368999913 0.465940
  0.54170647070205002471   0.29115174900365997646   0.40289768767650002701   0.01957066228218000067   0.02223217065727000133 0.489259
  0.54742880864956999787   0.19347787254778001098   0.3554890104838799858    0.02009876815406000036   0.02288921043395999999 0.469093
  0.51294901388773994633   0.20097795178990998655   0.41667392088469001887   0.01938197201001000056   0.02344033925418000097 0.491110
  0.55523648645740997232   0.22621852006998999229   0.3549392779381499996    0.02011495781240000072   0.0224970879936500015  0.467542
  0.55891323817625004899   0.27918406219463998141   0.30293524994164000574   0.02050703989759000007   0.02167977012902999948 0.463977
  0.55966714611068002494   0.22875886370123998947   0.26965209936772999155   0.02117497543697999945   0.02156612995564999996 0.472127
  0.55683194647186995407   0.33765135706709997754   0.18357898114046999893   0.02154826543902000138   0.02106930485877000006 0.466000
  0.5433101144761800505    0.31271529075511000917   0.31186868190949001978   0.02009205446373999934   0.02230862337002999934 0.459102
  0.55390097426792994639   0.39569124919150000519   0.2085836393635799868    0.02116557627053999857   0.02075330806614000129 0.460483
  0.54555909158430004879   0.43073969331789002668   0.15059111647948000834   0.02156963399545000146   0.02044791853544999927 0.454368
  0.53945448961481001771   0.35654219082110000238   0.30875626741277001353   0.02014487379140000173   0.02162714714099999921 0.463833
  0.5295896984858600165    0.4459527371441400212    0.19172840560005000032   0.021041232890360001     0.02099563267553000018 0.453802
  0.54510253059572000289   0.40435882704690001566   0.13909624340383000551   0.02176194263612999877   0.02079564987736999895 0.461824
  0.54369052035049003635   0.39240466799044998458   0.18151124940606999658   0.02135767542494999838   0.02100352419327999876 0.453313
  0.52657186437561998016   0.36389513619607999351   0.22843991547001998854   0.02081807981876000052   0.02176957540309000169 0.454697
  0.53046742412714997794   0.46734303280886002607   0.09178336634832000296   0.02218201176755999968   0.01999864091241999875 0.473112
  0.5400994418889200066    0.35137222626855002527   0.25684735301919997541   0.0206145437896999989    0.02173112775562999893 0.450788
  0.55261670523302997005   0.41115402339688000843   0.18657510780746000556   0.02137457200092000159   0.02052230982037999904 0.459099
  0.53308307458996995187   0.37570985799627998336   0.21797371355437999974   0.02095720286430000079   0.02145775900740999956 0.450344
  0.52863907122662001647   0.32229753214641998493   0.29137694562796001563   0.02037804537177000108   0.02224790287680000062 0.454911
  0.5413290864948799852    0.40362915302502000436   0.18578757376659998934   0.0212717368395300005    0.02089791462078999934 0.450722
  0.54930421952866004265   0.29015505467252000749   0.2478633237740099915    0.02099864805653000113   0.02166110151483000013 0.458303
  0.53451832874656002303   0.4070033165262399999    0.20576213514353999812   0.02103058668189999869   0.02116199988534999896 0.449978
  0.53153452102246001587   0.34954258324053000262   0.26778083426297999425   0.02055137002471999971   0.021716600273899999   0.449904
  0.52545652135845000164   0.32811154086556998388   0.31091562669143002484   0.02014821732459999917   0.02207313831421999981 0.455273
  0.53319310938507002984   0.43774928056128997733   0.19680121020978000312   0.02087163263132000082   0.02123465071845000163 0.452334
  0.53757278113030004807   0.34730250083634001124   0.2418448778191200077    0.02089181574438999864   0.02147229510369999886 0.449503
  0.53111567490474997921   0.40190273838120998962   0.19081230079944999645   0.02126654107223999862   0.02095149980083000144 0.451552
  0.53785350014288002551   0.36400485429672002624   0.24033858996425999655   0.02077754311033000109   0.02153622076693000043 0.449594
  0.52849579575798999453   0.33379609213341998597   0.28369248653111001079   0.02041167053073000143   0.02204003539412999896 0.452654
  0.53812076381065998554   0.38617088780211999977   0.21026380195773000659   0.02105672026232999899   0.02118344481411999977 0.449825
  0.53875688335117000172   0.36589979908449998813   0.24842238210466999204   0.02076601146517000063   0.02137046533018999855 0.450184
  0.53733843116086998926   0.36835231381244998294   0.24081021496710000585   0.0208138093149499992    0.02139228874949999915 0.449107
  0.53844967016030997886   0.31914593946901997912   0.27465319244494001971   0.02060591670079000085   0.02175833999790999923 0.450172
  0.53550116410000003775   0.38503897226194000458   0.22298489946888999658   0.02092441918662000036   0.02131108491348999989 0.449382
  0.54302013511542002178   0.39080522836330000569   0.19471611940785998884   0.02123435302272999939   0.0210415334652000012  0.451287
  0.53440592454570001735   0.35985824452122000539   0.2495146555491999929    0.0207221157742199999    0.02154783357172000008 0.449188
  0.53494795662123995061   0.34365186648934997748   0.26793349314969999719   0.02059516098986999971   0.02172044442801999986 0.449929
  0.53732756201331000057   0.37554113247393000607   0.2246812247557199993    0.02094133044421999865   0.02131769471758999945 0.449618
  0.53574115841859004661   0.35428162181754002669   0.25351607035170997673   0.02071055080798000006   0.02158619452455000018 0.449480
  0.5343702835993000555    0.361928607003079994     0.24312969729815001041   0.02084754122093000067   0.02138765797824999926 0.449406
  0.5333700035994799471    0.3844814029301499847    0.24213733723489999639   0.02071555877749000144   0.02141772879130000168 0.450860
  0.53652208674760004659   0.35659722635979002048   0.241917992673069987     0.0208477515026600016    0.0214586535255999987  0.449750
  0.53585435738008502238   0.36514046040776498847   0.24196995613262500813   0.02083067526793999993   0.0213899733638749992  0.449027
  0.5358721778532850033    0.36410527916683499416   0.24516243525815001325   0.02076796254458499955   0.02147006116060999961 0.449026
  0.5364197976304350135    0.37669564303719499376   0.23189755721799498733   0.02086911425078499804   0.02135168683149499952 0.449139
  0.53653979478973001793   0.36131696781499500482   0.24716314265940497741   0.02076218006146499789   0.0214892416370250014  0.449192
  0.53745560614558507417   0.35782740732439499709   0.24132754639310999289   0.02085281252967000065   0.02143229192659999727 0.449618
