 10                       10                       10                       10                       10                       10                       10                      1167710042.073637
 10                       10                       10                       10                       10                       10                       10.5                    1197358297.179997
 10                       10                       10                       10                       10                       10.5                     10                      1193137907.105057
 10                       10                       10                       10                       10.5                     10                       10                      1188924968.079970
 10                       10                       10                       10.5                     10                       10                       10                      1184719480.104734
 10                       10                       10.5                     10                       10                       10                       10                      1180521443.179350
 10                       10.5                     10                       10                       10                       10                       10                      1176330857.303818
 10.5                     10                       10                       10                       10                       10                       10                      1172147722.478138
 10.142857142857140573    10.142857142857140573    10.142857142857140573    10.142857142857140573    10.142857142857140573    10.142857142857140573     9.5                    1164099417.856263
 10.214285714285709972    10.214285714285709972    10.214285714285709972    10.214285714285709972    10.214285714285709972    10.214285714285709972     9                      1146771933.780708
 10.204081632653059231    10.204081632653059231    10.204081632653059231    10.204081632653059231    10.204081632653059231     9.5612244897959204337    9.7142857142857099717  1154746280.377653
 10.262390670553930505    10.262390670553930505    10.262390670553930505    10.262390670553930505     9.6195335276967899318    9.9358600583090392888    9.6326530612244898322  1149015239.695075
 10.337359433569339728    10.337359433569339728    10.337359433569339728     9.6945022907121991551   10.010828821324450288     9.9175343606830494991    9.5276967930029101694  1143761861.495169
 10.506039150354020251    10.506039150354020251    10.506039150354020251     9.2917534360682996208   10.016243231986669215     9.876301541024570696     9.2915451895043705832  1123790892.227906
 10.481942047956209763    10.481942047956209763     9.8390849050990603075    9.9921461295888605036   10.015469744749209369     9.8821919438329306473    9.325281132861299227   1131042895.172233
 10.619639775943689131     9.9767826330865503337   10.293109163698790809     9.9899021666142395759   10.019889671820410015     9.8485324992137606159    9.132504313678820651   1123190962.941423
 10.929459663915540801     9.7151739496298308296   10.439663745548189766     9.984853249921370022    10.029834507730610582     9.7727987488206391475    8.6987564705182300884  1097192927.535082
 10.242342537062420149    10.395403761552220345    10.418727376712560329     9.985574523734639385    10.028413816886299514     9.7836178560196600529    8.7607204481126004225  1106250583.151457
 10.811583261937389722    10.508376264852849147    10.538363770059000046     9.9814529590873899423   10.03653205028238915      9.7217943863109894664    8.4066405761447704492  1091685839.430040
 11.217374892906089912    10.762564397279270167    10.807545655088510728     9.9721794386310893543   10.054798075423580173     9.5826915794664895287    7.6099608642171601147  1055600890.668545
 10.897013989356629793    10.463861136378710626    10.506700429530360097     9.7111135567137694125    9.7897979727066193334   10.166703350706660203     8.0911191904109003303  1077789541.187096
 11.020025899685100157    10.463115088713490053    10.518194179908469721     9.4952967720014207487   10.422993061951409288     9.8580230085928608474    7.7323135946682404196  1062474941.408198
 11.298342337496009691    10.582314151961080384    10.653130126354620089     9.3379763161884206113    9.8878715461241206697    9.4778080081325306594    8.0027705400836595118  1039557466.212972
 11.840370649101160438    10.766328370798769143    10.872552332389080476     8.8998216171397697138    9.7246644620433198014    9.1095691550559294569    7.5041558101254803859  987163591.384960
 11.418808461295499868    10.395911053388449119    11.323607343338419895     9.2480231830426706807   10.003600292030359498     9.5891524103632992393    7.1571678864406900189  1014112386.063074
 11.655502590595249401    10.340348780429049924    10.890244010364719784     9.9359215185559097705    9.9992145362339606152    9.5130002044113002313    6.5810817432080002121  991203325.496485
 12.322959219181939261    10.435254174624230217    11.112274822192510726     9.2279138579813597687    9.9787012997193702546    9.528364560385249149     6.489152568912739838   977248132.283235
 13.363267560241709475    10.455179381160229823    11.459048544932489477     8.8490835251047208487    9.9538450411359100656    9.4007379125680401444    5.3533686293128104339  914234507.404353
 12.331215776993440514    11.326914109841020206    11.382591253180969204     8.9041294961327306368    9.9555693327051404395    9.432880571512100687     5.5952914490198502051  933734461.081847
 12.773433390877150018    10.824813486938509755    11.565809090241829793     8.9473023148885992839   10.242969113442999429     8.8293123184276307569    5.4898350887297402423  913084685.325786
 13.711643091637409242    11.005289662218409319    12.095363420597559312     8.5653966939760195487   10.469554683811200135     8.1606168022881195867    4.1891930378891499842  836357785.313075
 13.419454963963630689    10.9804665556051404      12.004935122917750334     8.8974333630222695035    9.623077344729580318     8.6530194587400703909    4.8363205253926597749  863998683.806606
 13.851271705330509221    10.743275006561029628    12.057694924260340841     8.1134803890757893896    9.8679235510591194469    8.6627302819446097004    4.166204587608169696   819024876.768845
 15.168220111542719764    10.733630311201910246    12.682769558846260338     7.1841308642981402954    9.7744862888768899722    8.2027496331836697863    2.4443264493036700458  712834016.710107
 14.721098608440300382    11.206419566969989532    11.929965297584100625     8.2479531250229207728    9.8536601906942102858    8.2601543718536198924    3.2724714404883501473  772940288.381588
 15.360289055667710301    11.509430636083939348    12.660391855477630685     7.0777781056431097184    9.8164589906221095816    7.9783506256462803918    2.9032403543725600059  733993117.220868
 16.181111970466531602    11.295765978652839934    13.188894825764279517     7.5932941466316297152   10.117236072978119665     8.0585763808846095912    0.66561901438282000676 671359796.453141
 18.351482631149220737    11.560484782579880658    14.347066072451880814     6.940030411377570374    10.313521878445520485     7.5330799937989603166   -2.7536493834885100718  536898071.409699
 17.410343086618759401    10.80191471753598087     13.525848710478369341     7.027815100565770301     9.9886033582421198673    7.1924647993675403512    0.18907170905748998946 609490557.785676
 17.534598596621069788    11.77271668518127079     14.039905751739960138     6.5624986645826499654   10.000258597555980344     6.5936722831114602528   -1.0445188770227100683  547348306.541933
 18.654166516515569896    11.473786690615259687    14.075439353418179422     5.8470246271109198588   10.438792366198429207     6.753005829616969713    -2.2077106023640897803  506677349.629048
 21.271522292791541275    11.72044675812031933     15.110691468668399295     4.3218202591552499214   10.84664987693284921      5.8029990150554198181   -5.729726166242460117   363643406.680605
 20.521943874885831605    11.653294182831100301    14.846533355187180092     4.9666108862083904185    9.7000565108658491908    6.5718034040024395637   -4.394560030326750244   408112218.255870
 21.169872719924509141    11.579842739754120373    15.845236637515800027     4.3465281012144698636   10.272064238317589968     5.9898798436223197328   -5.6684188531588404203  367086247.333235
 22.190563319627621297    11.296949414545940371    16.024765731633191734     4.7363459764718101042   10.439438366302690397     5.70354908067994959     -7.7482332549091603724  309188786.429224
 25.605700451607571466    11.190708803776940883    17.706952669710961601     3.565629911886170067    10.750928054142969259     4.5661483081967899622  -13.073970059550029887   164355719.463458
 25.36476950377113937     12.203343594449410858    17.437868917083040543     3.5961358028419398991   10.760394429552500029     4.4401211231463095785  -11.723118352369899853   196640872.704931
 25.395339790738628238    12.535467438662029949    17.712509824480829224     2.7719717672246400042   10.766789094847380781     4.664022049470659681   -12.871346486817259347   168532696.095881
 27.517010336198488574    11.782594257725529374    18.247768232573779557     2.1542805182483300008   10.974142569045350015     4.7114859275436495878  -15.016849503535500077   127389665.430938
 32.508216205987203296    11.787533043997660442    20.351699472990681272    -0.04982855491883000226  11.46108455479003041      3.7703927497597500285  -22.003014816791900188   27333120.879556
 30.744907323052611758    12.05969709216057062     19.656217454872951578    -0.22035379034555999112  10.988754338539960642     2.6970247185592399752  -18.80753769229923833    40871029.763022
 31.495292778792229882    12.083002808860630495    20.530945629190721746     0.27107582723676998393  11.970419085455089814     2.5512216839434098681  -21.284620663167419963   29483170.695095
 33.797483950572896561    12.300214271682330391    20.871016344483511062    -0.27325632319150000571  11.883655600042629885     2.1506714844152701183  -24.472533786052071747   6501712.138233
 40.111289565897081388    12.660400037646429183    23.383906197967359475    -2.5831485353944900751   12.689451280905160502     0.23106730481175000169 -33.874591252498689187   33029029.982874
 37.274680565643400598    12.325258114333839998    23.25136862070666055     -1.5614275046599299657   11.605357310887310263     1.2940301613706999273  -29.766314364342630228   4400516.122708
 45.27625970206931072     12.627663792440600332    27.321707196725789402    -4.5030513865675203533   11.984711027864539901    -0.96045426547166001807 -41.784608463392700628   161082306.437196
 36.584265086627297592    11.877193997971730255    22.585191087613051053    -2.3093325647757199093   11.933030724363320019     1.7580249213439200773  -28.928121038778819241   2704887.889946
 42.194012878055382032    11.714119199732889953    25.158852172878049203    -5.2620667485845498135   12.519348871768729126     0.41697682044272998958 -37.530622381983278046   89861730.527044
 39.750530598485141809    11.356992027847599758    23.702744826824478253    -2.9369697668728100837   12.259847953215860628     0.70383910126908000304 -32.367542776320476605   22970718.550072
 43.581549979581211574    12.749260155324309451    25.421385455055339975    -5.5885135340369096468   12.706828965083950322    -0.30180407372210998895 -37.677368551236412486   93127283.206563
 39.087587597587813093    12.359622317437469974    23.492777258719240052    -3.2999776725561398294   12.217853737348699283     0.91518402175761004447 -31.526518928314821721   16297230.439330
 40.825966043717663467    11.965964788448360423    24.568280613849431404    -2.6824223695796298728   12.820173937489450111     1.0582221739721100473  -35.57779555734880006    38623810.505428
 38.305701363551399652    11.989397864376410752    23.340264824105311448    -2.066905224771109939    12.362319037752079964     1.4679228101188999123  -31.385231091086410515   9381356.406332
 42.021411612194960128    11.915914801895659991    24.496215066650119496    -3.8418465734499198661   11.950480605516320409     0.8945112446380799609  -35.98660128017176163    58917432.215011
 34.126822487142909779    12.041230807119390533    21.522262988555571184    -0.75715477293489996669  11.965434465470400127     2.1370440741170799726  -24.960115817418511597   4632220.365665
 41.470947122473042157    12.283869641936270511    25.009907941582980584    -3.7230353964417699508   12.603915110661480625    -0.79133087136187996169 -36.11309312672629801    69763647.528268
 34.748898935108670116    11.911617193482319621    21.516251590138761429    -0.96813026529957002531  11.746792193757899625     2.6299618444793400052  -25.530534394275498755   3360838.573821
 32.799595111867532182    12.872874991124829691    21.034150234410411429    -0.27336861260972000753  11.658564352390529351     2.8255435609031498423  -23.795134200899170196   12710127.039636
 31.665968831130498984    12.016888322588490823    20.541652938427418462     0.95438473877258001021  11.540761601126780178     3.1600156515990600603  -22.427190983928920076   24777664.142254
 37.232182905973488118    12.273938818725229183    22.754996178646290872    -2.2363870697239600638   12.048580703293220395     1.4763919292179699116  -29.251686942218348975   3180473.551564
 39.220414972309626478    11.332511028215529691    23.491950232517918806    -2.6330867374921900215   12.211484229199999874     0.86418421768633002511 -31.717590780292908903   17219771.297344
 34.404800076978062862    12.487784000397509132    21.648600233937290938    -0.86329814383033998126  11.79679432159290009      2.3352037250989399197  -25.775748345747608425   2675696.945550
 32.599765495890522971    12.358384193827120612    20.702502902775009375    -0.49566238791915001594  11.346151053507249173     2.4695995156077299448  -22.524784534294589378   14569193.837466
 36.879217396636178705    12.081644446739090881    22.680824343772741258    -1.6740945155581199444   12.10827704169087049      1.7183419864911100294  -29.17011945188846056    1800865.958035
 37.98847817917282299     11.985119265108849618    23.688839382193748406    -2.689550773032079789    11.888992045973340694     1.6633281276187499298  -30.779649172425038728   8448225.182657
 34.845232507722883497    12.221440520038960642    21.575472103911071287    -0.87732993565164996141  11.884989711525310696     2.0288356452161400156  -26.049312632645310828   1407929.478208
 37.864399648482802263    12.295591219077369516    23.05279534250896134     -2.2399880840648997982   11.784228965132690803     1.6460388439452400267  -30.603266231123388508   7753731.096940
 35.061216777477881124    12.10482091010888972     21.904896077043918723    -1.1278631007174000356   11.920133090385979457     2.0142927665741199306  -26.370903420844740594   843441.876716
 34.084123344792168098    11.948581853512939333    20.938983269311371771    -1.3118398083562901046   12.234242056715400437     2.6948420724640298474  -24.826950271771309531   5414842.289818
 36.477041260430603131    12.231089049128609503    22.67327228285784102     -1.4990305805840200559   11.762578497344330586     1.6442331391440299093  -28.531473341199799165   984365.826475
 37.103659925418881471    12.45350044740625961     23.004677640656151283    -2.0568228520836298046   12.09731754629808087      1.0772736164024399041  -29.920141369531098263   5809329.266059
 35.33758918268623006     12.047088006963299733    21.888358102768108893    -1.2403034119955900216   11.834423531892950265     2.2417897874601098174  -26.62793613808939952    596249.865247
 34.079063462186262257    12.026364304517079162    21.518322173326279056    -0.50397071687970995679  11.73434127350554057      2.449528634018709905   -25.449345734694258425   3748730.789230
 36.443903045026679877    12.21204519017319079     22.445827677316291471    -1.8032829815128998963   11.970020845846299551     1.7196761054181499695  -28.301101640337329002   728927.014989
 34.686877841075130391    12.518780894470999954    21.648309147131868713    -0.2864396266099999977   11.860459858573440428     2.1569388373425399941  -25.5937632385790792     4096561.496894
 36.109918275239252239    12.037590722096549456    22.350970602492761685    -1.8036093302342899314   11.914888007915850565     1.8577534003435700605  -28.094531588728891336   529814.132559
 37.353519478799000808    11.779564241102089994    22.785577248966351505    -2.0011343865279398457   12.03043731457898069      1.443345655085980006   -29.408645429604941768   3731793.717230
 35.141979927433297348    12.310729060573649463    21.932844487694548974    -1.1477572045047399474   11.855205069839419352     2.1122392075956999413  -26.683972616711940873   552939.255947
 34.382748596511490291    12.251156541570379588    21.539644608822840155    -1.0399559259277599832   11.646648316809169899     2.1727494568665499663  -25.303946656270809967   2692935.735508
 36.255100196605006602    12.124022470446909949    22.395529410035269535    -1.5155598681505300096   11.992869860470449339     1.8319438540849699582  -28.203576252984049688   355380.946024
 36.819552825105382965    12.083526739815640738    22.879298936148579457    -2.019071915119630134    11.900758546673339211     1.8060010006754700917  -29.040257367039298941   1951836.076866
 35.33881258706851014     12.186962074983130222    21.901428811970450994    -1.1627654305186398975   11.888931920312320045     1.9731269840809699812  -26.797048816243808744   292059.945268
 34.862535880008486799    12.06127050382728072     21.560972051233971314    -1.3012955130257199965   12.059270738845180304     2.2845731767295700543  -26.062546794211669976   1488476.307082
 36.073414915325081154    12.188634412803279972    22.395197224951868264    -1.449596813694449926    11.836751557719539463     1.8043181485404100606  -27.914241704452770421   192718.884675
 36.567559830917559793    12.211485357902539306    22.469434299307309288    -1.7643869108857799244   11.877892850755969789     1.8545208012898499739  -28.664070509883309512   1162921.089785
 35.437802540837800791    12.131487022057299896    22.046030632609770805    -1.2869940532594998928   11.909573030478480149     1.9743497752530501099  -26.944195193104391706   175720.051528
 34.897416276457640549    12.081244458376559692    21.814274971975930129    -0.94145590773217002756  11.810734290904839838     2.2219013681129298199  -26.346184734038459396   1117149.110061
 36.057281352884416492    12.179345007224030795    22.287939500981199359    -1.5878262130677200936   11.930199207110939952     1.8452324210918500391  -27.812372413762609824   141404.245598
 36.209356473140452692    12.283989355946660638    22.485910660299278874    -1.6037277061272299239   11.973696083491899955     1.5864855813943199436  -28.357760600764450487   803667.337962
 35.555531005299791047    12.106313344209139515    22.037746242150898723    -1.3311594855285000527   11.869241669792689464     2.0779637359436597954  -27.060392253758159598   125774.687985
 36.523123179212376499    11.961943811946449401    22.471396205217509134    -1.7486745653391499999   11.956925002674939407     1.7062431693581499026  -28.409272589869388526   958351.522986
 35.487265740378070689    12.223532748416850779    22.067482417075289902    -1.2979865447133400735   11.88063505304829981      2.0107401980363102112  -27.115297610001309891   98034.859881
 35.377284107160370752    12.288208443657920199    21.972273466014311083    -0.94835878660362005199  11.887455506064920741     2.0044394902367801414  -26.718932481073139229   623230.838333
 35.926759733219526538    12.100245152486889921    22.256296318373149035    -1.5897966943266199635   11.908029882453119441     1.8944249228168699162  -27.750631811814958638   121324.350317
 35.138290624827327235    12.194983175890410365    21.887933775139771342    -1.2576187704519798949   11.785233659791089167     2.0481007704187801366  -26.480475119341079449   531530.083762
 35.97589780366058676     12.141762646807789494    22.26863050131138877     -1.4510745937258899829   11.940960810300609296     1.8859830831684198937  -27.772800969573310681   70296.755192
 36.236602581961562919    12.11912944901838074     22.486949141587700751    -1.6927872547145099702   11.904036997088729422     1.8820193830191900286  -28.165788885604051472   407425.281821
 35.563260085791768006    12.170003918491939743    22.047808894374760769    -1.2952708865676099137   11.892708189506420169     1.9503500838155301     -27.139233833583869426   60490.582962
 35.356241730981189164    12.112134112823559562    21.893926919869969083    -1.3618627495024600016   11.972204968763479727     2.0925516286383598619  -26.827165177146831354   288629.328298
 35.894121619239108156    12.169509337808349869    22.269879648681399686    -1.427663297646450058    11.870614910480529858     1.8763765185648999534  -27.642472572626289207   37991.691642
 36.122230985011711368    12.180145022355549855    22.307050373946818667    -1.564656722619389928    11.888252604576560856     1.8945276428719599604  -27.996719511215751197   246704.174065
 35.608909651881276659    12.143651522131859721    22.111285567944030106    -1.3564097205994700701   11.904242924003000326     1.954394242157780015   -27.207326272632229802   36236.663126
 35.374645972678479211    12.122088898591060868    22.014668953279059593    -1.1977055649631001      11.860210347056110436     2.0548340887662801535  -26.955671964520288242   212013.901530
 35.886622507832932172    12.165030980065790089    22.219621864055671523    -1.4902960510415699247   11.912701992097229464     1.8976328380104598992  -27.59819730145202854    27804.621270
 35.970993892415421556    12.211897028993570657    22.316826675510718303    -1.4998398826489101054   11.933585119318509626     1.7705796602192700462  -27.861310709580131117   176012.371185
 35.659396727078700451    12.132709265405249965    22.107516350490861612    -1.3733295848086000124   11.885327532174150278     2.0011177170125598046  -27.260621867713648925   26003.797055
 35.523375734169739815    12.227240681549629286    22.055768037036390439    -1.1793549282742199491   11.888310520864090236     1.984602128830549983   -27.031068310351528794   184270.097906
 35.825913733457078081    12.131994034752580092    22.206164248038959386    -1.4871862528135200154   11.903100042055859475     1.9169692243202900439  -27.570740936449098513   23687.677637
 36.059626296462340633    12.077799167429880356    22.284205318609579649    -1.5252221373446899211   11.922123918556779998     1.8414951468350999608  -27.796529176864538613   133505.117659
 35.630355879399139951    12.18709935317010995     22.121663142458871221    -1.3547954428711799224   11.891007269425420745     1.9684289352360100356  -27.285605501717121513   20586.771415
 35.472267969105139684    12.172522613713889328    22.041066560415618625    -1.3446257595165100884   11.8475257210544207       1.989808219436590031   -26.999827112190761369   108602.285697
 35.84999034502173032     12.14945263853432067     22.211739516087451562    -1.4244623851735400688   11.917602037989059482     1.9119393672354600966  -27.579557505227668912   13561.915221
 35.966828618182510979    12.13840954775612957     22.308725487841588375    -1.5373413234193400445   11.90289086998651058      1.9144667283380301104  -27.759201011507009582   81217.451279
 35.664152218889462631    12.162105325807990752    22.113038042741468558    -1.3557884957805399484   11.895253859626439663     1.9413792449461599876  -27.294225628064648248   12830.607651
 35.57026154177812316     12.136788696439619883    22.041842846123561372    -1.3844132546645300241   11.9320238487683703       2.0070125011261601422  -27.156463145446981144   59375.288124
 35.813156599873870789    12.161329177466170037    22.212870448041940108    -1.416850786900970105    11.885967145052489968     1.9090355142052199966  -27.520970215831461303   7267.041938
 35.913829779990976476    12.167697270783060404    22.229461178317460934    -1.4729357077976499291   11.893174184117189185     1.916035140975409945   -27.681222000640818948   48425.278171
 35.685139683908701613    12.14966295929466078     22.140829470537390478    -1.3855412173990200309   11.901475739031550205     1.9448044668621899955  -27.325800204634379753   7697.174138
 35.578550402918111217    12.141926949771660205    22.09861276977202138     -1.3091194248862501048   11.881507615147040013     1.9862741533660799309  -27.212523229873120556   43976.702190
 35.809604481604232262    12.159254972492259839    22.189369590484758987    -1.4450018945027400807   11.904903397859689207     1.9197931668493699586  -27.50177878355729888    5285.772103
 35.848692684965357103    12.181833152171339663    22.234104923335081594    -1.4465636938889701035   11.914475179551699213     1.8595536886030699097  -27.619000639566838373   34356.652073
 35.706720716550371719    12.144990237096779495    22.139163493701918384    -1.3916381120786900372   11.892614444018539288     1.9657267099101900509  -27.350216560676951616   5580.307865
 35.648120530899340963    12.186261583493790184    22.11631395311925985     -1.3054075571026699798   11.893706784516480113     1.9576328914638800871  -27.245874606325060086   38163.318695
 35.781465432817640249    12.145560921937880394    22.183701674309041607    -1.4417415788858098935   11.900751727671019964     1.9271351411061901082  -27.489524353918088906   4450.382329
 35.886852543076869893    12.119288141867050612    22.218540353513688501    -1.4626401201920500306   11.908583688074230622     1.8943749536539300493  -27.589272570257321604   26308.861910
 35.69448004531857066     12.170146550344350445    22.145882445222579094    -1.381756612201400003    11.895401374087619217     1.9499154398404900945  -27.361522268852169759   4499.158289
 35.622786563253370673    12.162847402734270119    22.109647673923721101    -1.3807715284690800228   11.875645872681609205     1.9617148281130600829  -27.2330247849251883     22533.349926
 35.793189399579638632    12.152801329584310253    22.186216555546518947    -1.4135396709974299423   11.907112996662199578     1.9243832324548599821  -27.492924325152049647   2487.543406
 35.845492455297112144    12.147536430825269349    22.229257293785440908    -1.465945753638330018    11.901382375911589762     1.927418946833409974   -27.575127718398899646   15879.174481
 35.709487277991371457    12.158463102062309957    22.142092855502461646    -1.3833278102449899638   11.896785988697729408     1.9378891704179699307  -27.364451150648211097   2858.725968
 35.831461445730070636    12.162493123843640674    22.201826833122378702    -1.4355606299758500999   11.893820567839679114     1.9220179259333201038  -27.554596269261690367   12184.629254
 35.721720124364040316    12.152870500431909306    22.156078811183640198    -1.3980460705432300461   11.899561946233580656     1.9391078316299699136  -27.382999220791209183   1465.039003
 35.677319822476370348    12.148410140805200541    22.113559673658318872    -1.3988782843716800475   11.913213390727619867     1.9663789692830799805  -27.320005973767390373   9579.386685
 35.779197405524499231    12.158099418300929884    22.188042754446041016    -1.4123576612686499221   11.892778706471270667     1.923371377974679941   -27.470729155315449788   1563.858229
 35.804463331221036526    12.168494561518629737    22.201232131068099562    -1.4300108303911001073   11.906613023890919578     1.8975862501679598981  -27.525191798818621436   8956.095345
 35.731156370218037921    12.150866318202249161    22.154680653043460126    -1.4012312916567899457   11.896114088986639246     1.9486915949746299592  -27.393960370212369071   1054.500740
 35.679165820056851999    12.151833067754580497    22.14111490930202919     -1.3641411614396299345   11.891812838943179642     1.9517764869788600812  -27.342824314982568268   6855.191440
 35.776994816217381867    12.157399496307839115    22.177305920189080979    -1.4247867112369601017   11.901630758130560039     1.9277889968817401023  -27.462040166413618891   1152.081443
 35.817865905170741314    12.137299474463489446    22.19358019026892137     -1.4396807577511299137   11.90309468672752935      1.9153323731423799181  -27.511800228990971107   7368.143483
 35.725326510281611547    12.161934781374139192    22.157806881484159334    -1.3962376485888299271   11.897324702247599859     1.9412696731659599969  -27.39909175888686832    839.395014
 35.714840825518521683    12.166563348423169444    22.148362448946780745    -1.366694668124730061    11.896765183023140011     1.9421511096080399383  -27.357960259630420552   5648.103806
 35.764809280992871265    12.15081152855920088     22.174866867968479056    -1.4229798511955400464   11.899755091509049976     1.9308891332316500122  -27.456633330346168265   981.137696
 35.802625266916649593    12.151475004440710492    22.199335271315071338    -1.4364375913228499826   11.901579237085380569     1.9293970696716000734  -27.50937122852828054    4777.703635
 35.732771775222687438    12.156716077656909647    22.156403459455610516    -1.396605255514449917    11.897984300794639978     1.9357661452313799089  -27.400681170118229346   527.372642
 35.701660966940671926    12.158255276368029385    22.146693543816468264    -1.4013873261467000297   11.888644030301609433     1.946155268427999907   -27.354542866871920381   3011.877627
 35.770307291419896956    12.154164816280239592    22.176335802614008941    -1.4105015847847499622   11.902495755072049377     1.9298262414481499594  -27.458328960582019107   567.055716
 35.713112928394508572    12.151833015645490121    22.141522501536371692    -1.4020390283086499039   11.905754620092759311     1.9490113696148900768  -27.37319512392755172    2408.446452
 35.762676286241998014    12.156532817637069499    22.176412691218619244    -1.4097780030286499731   11.896022684876639275     1.929781375884729977   -27.446345647468479712   309.283301
 35.782291970091520739    12.158108309858850049    22.179296124808761448    -1.419702599744190108    11.897960162799899209     1.930610214318100093   -27.479024037502441047   1988.998410
 35.736863085795910422    12.154179952788640051    22.161883139589921399    -1.4034602028434699506   11.899161500375159406     1.9369834273019999049  -27.40700542496902159    315.361123
 35.715551069546322083    12.152659444406010536    22.15366250706070872     -1.3868686709380300126   11.895185848687090058     1.9445560291863999147  -27.384258880038711226   1787.332819
 35.761633879549620474    12.156214483332380638    22.171395066906988802    -1.4153072011622300774   11.900019530769689879     1.9319807549579099959  -27.442594844819900857   228.351206
 35.770097375354701796    12.160720669691629681    22.181063321024488744    -1.4144457789483300125   11.901818358340449322     1.9188789053744499391  -27.466234240413541556   1410.357326
 35.740891621502200337    12.15332990607459962     22.161276320038719945    -1.4045349134796800694   11.897540156325090877     1.9412384225745900057  -27.41202883776265864    230.225782
 35.729610847582527811    12.161494995767650806    22.156994092405241759    -1.3874272372050500124   11.897544517194059921     1.9396383069297000734  -27.390817139541589142   1550.489721
 35.756009672640288954    12.153482395361310253    22.17039867407767062     -1.4140916976979200914   11.899202447930299797     1.933076426656159974   -27.440179282645029701   192.828281
 35.777860236110548442    12.147956775520469819    22.177651733916281529    -1.4192705967000700529   11.900511405221989136     1.9269168394211599882  -27.460098003503219388   1090.225503
 35.738459941738852876    12.158440279910719184    22.162768094592191659    -1.401995885616639903    11.898121377991200731     1.9376814647297599947  -27.41434332004095964    187.951967
 35.72378021220625044     12.156948301651649302    22.15524632478020095     -1.4025764607418300667   11.89409053037445041      1.9406046206480001004  -27.38829347593920005    918.042499
 35.758675521616481774    12.154860687623090243    22.171063433155559608    -1.4085203037740199328   11.900394448897650079     1.9325208362481101076  -27.440820089421318784   112.123231
 35.76871679880169097     12.153866928836750461    22.179367231852868514    -1.4198770895148700166   11.899290598395570129     1.9337374857266900197  -27.457409529061020947   667.408709
 35.741758031117441874    12.156003790451869406    22.162144402554918798    -1.4024232140145500569   11.898310875194869851     1.9352589803552100456  -27.414863259853930799   122.182082
 35.766024044034629981    12.156924150180229205    22.173962198279991043    -1.4127258596633001098   11.897870363049250386     1.9320275045284200921  -27.453330369891631335   508.790755
 35.744153325355590312    12.154866002136540004    22.164902904262440586    -1.4057766170484300439   11.898838716043680819     1.9357444466086100032  -27.418586661199679355   65.287825
 35.734918569049561654    12.154095052331649995    22.156144136092379426    -1.4052648063409101109   11.901813758881209182     1.9409332904382299301  -27.406059008458228732   392.434917
 35.7557368569438907      12.155923376310710182    22.171345552437060178    -1.408649703856720059    11.897470453377779975     1.9325693545230999693  -27.436273987715921407   74.153344
 35.760944729629862593    12.158038955390150448    22.17415743081465962     -1.4116835502833200433   11.900276372304960049     1.9269993671622300813  -27.447303003864991666   377.288673
 35.74590489853412123     12.15450716840349088     22.164496597732711081    -1.4063220726805900629   11.898224210320060834     1.9376786587215000246  -27.42084737928824012    48.848678
 35.735708477006568273    12.15466657386697058     22.162067692753740999    -1.398344083034589902    11.897284049160459674     1.9378850072827900064  -27.410523435227261757   282.947097
 35.755152528913860976    12.155827505966030344    22.169063223368681292    -1.4110664216303199225   11.899335660367379219     1.933456818039130054   -27.434576992421739305   57.116322
 35.741087785708351987    12.158068693439389563    22.16268252823763163     -1.3986952219081600912   11.898139192696159938     1.9368980188368198903  -27.411338343052619848   304.912579
 35.752279200907310042    12.154628969880830525    22.16846963761766176     -1.4102425787504799803   11.898936634121769274     1.9340318247013199571  -27.432969047746929903   43.010896
 35.762585876372199323    12.152021863167149718    22.171942120016101541    -1.4131472320276798893   11.899453192958279857     1.9312502264693800491  -27.442495942144120136   241.921696
 35.744491425397193041    12.156835675724829926    22.165061600948170906    -1.4047837222193999551   11.89845433173296918      1.9360736551646600123  -27.421381475566750652   47.124102
 35.760068756787831035    12.15469603413255939     22.173399297308588274    -1.4133943345454400564   11.899304683336929145     1.9339054750752000533  -27.443838349677658783   199.225107
 35.746335712535049822    12.155676851372039238    22.164958126243341496    -1.4051659941472700588   11.898559327230389115     1.9349206040352100455  -27.422107032309860131   29.004187
 35.739625606551250314    12.156072326603899469    22.162735893304461143    -1.4063388706068999934   11.896696789157779506     1.9373292671214699112  -27.41253493236413874    134.931153
 35.753913042850172133    12.155163597368289885    22.168981548192778774    -1.4079749454822398924   11.89947003396268066      1.9337229439664500585  -27.43374880015702999    31.687749
 35.742043181482770819    12.154792558218449727    22.161778344238879157    -1.4060166824172000144   11.900192093416199768     1.9376103458302900151  -27.416359551909849301   110.530704
 35.752313438078608954    12.155640671787649509    22.168953750387519364    -1.4079914484968401034   11.898150863387389364     1.9338296023498999787  -27.431295378764410486   20.992403
 35.755958173849080595    12.15607126657864967     22.169378377020660054    -1.40952257821075011     11.898627301419930191     1.9338881553851499095  -27.437677940587448688   84.415179
 35.747104537478961106    12.155167318247070085    22.16602177245200167     -1.4067131073390100049   11.898785862387740053     1.9352803738027499758  -27.423359481046631458   20.469243
 35.742659544166549779    12.154921137686599764    22.16434907193822923     -1.4029889695456299048   11.897973271959189745     1.9366967998871000844  -27.418482606115361477   85.746112
 35.75202928272703673     12.155600913896169146    22.167884685511069165    -1.4090470586091499161   11.898995063265330074     1.9342668135011200636  -27.430553395845148401   17.580486
 35.753656998601400119    12.156553973961329973    22.169883722653729308    -1.4085118859035199446   11.899304965705159276     1.9315001462846199676  -27.434985366836549758   60.785464
 35.747842923550940952    12.155018869792950653    22.165843378962968302    -1.4068695259863199798   11.89849439916634033      1.9361340306122800659  -27.424381876175321082   17.161480
 35.756028042639407261    12.153706379230879264    22.169542084585359021    -1.410646180298120056    11.89908629213035951      1.9331223999693500915  -27.43530852787477059    72.939159
 35.747375579707750148    12.15605335160134004     22.166181721857469711    -1.4062493367390800358   11.89861232183232076      1.9353358413658299231  -27.424863238643748531   15.463092
 35.746839232500832395    12.156320051280740557    22.165480357698658764    -1.4040463974780699186   11.898511329087430255     1.9355368066225500101  -27.421405010236540534   50.884048
 35.75091920880569063     12.155051740230810253    22.167722317637910123    -1.4086935334323800184   11.898830307863189404     1.9344080701816299683  -27.430078038369330784   16.104942
 35.744350009402403145    12.155753464611139592    22.164608666965008865    -1.4065193415891998896   11.897795150360940042     1.9360414377046100132  -27.419576468744249809   44.949481
 35.751522284488231662    12.155311064178999203    22.167888327885840738    -1.4076110445089800027   11.899051313062249946     1.9343025674009899362  -27.430205717303838497   12.808056
 35.753409217418429478    12.155135699980819552    22.169469289383741284    -1.4100268787417999938   11.898846424473770611     1.9346671957403600572  -27.433532146589691081   35.677806
 35.748104088755901842    12.155541563524229431    22.166085917028439667    -1.4063812152959001001   11.898631101541239374     1.9348572519614999354  -27.424963310879821421   12.795562
 35.746228820639821322    12.155143562918510725    22.164654284279830421    -1.4067413577633900434   11.899392099217870111     1.9360518116004099554  -27.422534637882399977   28.532351
 35.750792283718908493    12.155516394570369698    22.167878883860598904    -1.4076789258134800864   11.898461172345010439     1.9343851546625299154  -27.429105193543911412   10.746960
 35.752491363022322446    12.155716652551459944    22.168116865474939203    -1.4082956470567900009   11.898664331633890257     1.9343452632503599364  -27.432112167742261022   24.174090
 35.748451243864799665    12.155304651823170659    22.166545545707741383    -1.4071087422684500634   11.898755479699280713     1.9350465961646499125  -27.425547652720538849   10.985378
 35.746544320956452623    12.15519841059579953     22.165871341043491327    -1.4054078911178800038   11.89838667830884944      1.9355816185987100297  -27.423488040622419959   23.319060
 35.750658042284392479    12.155500288071079851    22.167381349394180035    -1.4081372667363301066   11.89884296702621036      1.9345955147755200532  -27.42878705703947162    10.084171
 35.751534999770683498    12.155918002778479448    22.168352067714799603    -1.4079476353835700397   11.898986933224950491     1.9332748255341900556  -27.430918183396300947   19.607241
 35.74876594260587126     12.155243653039329743    22.16647055115092968     -1.4071390533356300523   11.898617532680990649     1.9354192293427598948  -27.426015952980570489   10.294655
 35.747843495601699715    12.15593996457162973     22.166115481472150606    -1.4056794907670100425   11.898590231618889845     1.935289688582310097   -27.424061425376919487   21.216991
 35.750150280504691125    12.155273796316009793    22.167320608596469356    -1.4079400227660399114   11.898770288802120731     1.9346284747817998895  -27.428573885121231513   9.788305
 35.752179896355897881    12.154715623119569656    22.167981473463729714    -1.4086067406108699895   11.898853351069709205     1.9341598126598100738  -27.430336409810358589   17.136799
 35.748576658869787082    12.155718919480900553    22.166631659759040929    -1.4068386877070300223   11.898672579141669203     1.9350418341893300678  -27.426231531435398381   9.955136
 35.747191584255858743    12.155574440628170052    22.165915819399131692    -1.4070243594689799682   11.898306150148179938     1.9354043057070400291  -27.423858449473581089   16.040937
 35.750439609430138432    12.155376908291289695    22.1673952007641617      -1.4074643732489799941   11.898865022333740882     1.9345780019775000724  -27.428618900346268816   9.160103
 35.751277071609401048    12.155296896930670059    22.168092311323878363    -1.4085636623829400627   11.898793196181339127     1.934769835436809915   -27.430145310030869865   13.634517
 35.748897334469276643    12.155480396875839588    22.166587515602298453    -1.4069268270676600352   11.898671625201259872     1.9348353978303300948  -27.426258810667590637   9.382783
 35.751057370958932324    12.155584021503919701    22.167644674043021524    -1.4077841596387399292   11.898644859595290058     1.9345201488524299549  -27.42976415617501118    12.297769
 35.749102775638341711    12.155374494243359251    22.166820327791558753    -1.4072775966110200319   11.89872782467327994      1.9349149843365900381  -27.426601778584160485   8.888231
 35.748233614510368739    12.155331735806150562    22.166008891299011196    -1.4070993106072899881   11.899015353329069455     1.935332970261419927   -27.425491353934578598   11.688020
 35.750152616416770002    12.155470229879309585    22.167411385720200201    -1.4075340220119298973   11.89859971759102919      1.9346221085622499203  -27.428201733641579096   8.864468
 35.750656148140812718    12.155669213577180443    22.167686033885619423    -1.4077520312783700085   11.898853902967379881     1.9340711467867599538  -27.429205103258201603   11.269934
 35.749238493989608401    12.155350043173790198    22.166774421834599451    -1.4072922978213100453   11.89867662525258929      1.9350822087037600205  -27.426813240549979156   8.751261
 35.748358463235199167    12.155369651431920275    22.166601827768189992    -1.4065123981876599402   11.8985809424011304       1.9350339167620700387  -27.425870051630880653   10.748776
 35.750083147522090599    12.155467628911290845    22.167186468987679859    -1.4077310495991599559   11.89877746086994037      1.9347051152721599365  -27.428057805687330983   8.728777
 35.750870271979053427    12.155079222716500098    22.167510034325811574    -1.4080659377575699409   11.898781296493750048     1.9344913919433499583  -27.428947369878351026   10.787846
 35.749150062147101892    12.155558995289799995    22.166851253400729149    -1.4071455002196699979   11.898699758479690303     1.9349042236278399809  -27.426910491046140095   8.682008
 35.749010873670549415    12.155605831302469966    22.16668698400387072     -1.4067375962567401082   11.89866343531259929      1.9349835367354699667  -27.426129760742501418   10.309393
 35.749865428796162803    12.155356805062629277    22.167162202448320585    -1.4076394161387200121   11.898743575429740815     1.9347172402702199623  -27.427962854026549877   8.670411
 35.750540418085073213    12.155363918796009415    22.167584273239768322    -1.4079543888325700696   11.898782656121600354     1.9347428543840499149  -27.428931704727268936   9.922150
 35.749308105373231115    12.155451277355879824    22.166836705011668585    -1.4071837175088899308   11.898699382931349433     1.9348122619687599943  -27.426927034182508436   8.569952
 35.748674856250801213    12.155488655684729693    22.166617017862911609    -1.4073366552969299725   11.898541933445580199     1.9350671816629501087  -27.426088224716099973   9.426980
 35.749998421135302351    12.155404845139649694    22.167200655038850954    -1.4074324437609699867   11.898784250111699379     1.934700296898860028   -27.427986231438730158   8.541054
 35.750267588756003079    12.155499741417310489    22.167300555763318926    -1.4075676739777400748   11.898695252659869936     1.9346688600359400745  -27.428500904436649677   9.182349
 35.749393978917751724    12.155405806036849725    22.166940384784499685    -1.4073501159526999871   11.898719681669929216     1.9348534532614301007  -27.427076560047289888   8.472298
 35.749000994406451071    12.155385598969230543    22.166574926138761015    -1.4072587039884800753   11.898857635193239801     1.9350278342957600852  -27.426579471209429073   9.026202
 35.749864710914188493    12.15544907215178938     22.167202270824841293    -1.4074651925060699398   11.898664196991580511     1.9347235399956299595  -27.427796168033541591   8.478836
 35.750094035954901983    12.155534079668470326    22.16733413259299823     -1.4075498266604600239   11.89877717659996037      1.934465257380499903   -27.428248800724901457   8.974210
 35.749452379480928244    12.15539605229746023     22.166914349524198258    -1.407356680031099927    11.898701763089430727     1.9349279708729401062  -27.427172130593710619   8.445562
 35.74906916298210291     12.155396043469869127    22.166844337021771594    -1.4070041121488698899   11.898654713045319298     1.9349060238408899437  -27.426751185560799939   8.838966
 35.749829651387088347    12.155449732550939856    22.16710093599619924     -1.407549315236590104    11.898746773913790875     1.9347553424143399958  -27.427731150655699111   8.450601
 35.750196416711368386    12.155273459165970351    22.167250890493139792    -1.4077050372474799733   11.898745848416739435     1.9346643779956400611  -27.428132974376161712   8.873037
 35.749411650788168515    12.15548761125883992     22.166951162673829145    -1.4072853844766199938   11.898711280963949477     1.9348442622197898899  -27.42721611187864994    8.431729
 35.749351399202872415    12.155513022592060679    22.166879644367128321    -1.4071099694249800116   11.898692804476469931     1.9348876533388499332  -27.426867256496340275   8.754151
 35.749736921397840206    12.155395859444990236    22.167091562928021631    -1.407507054460279905    11.898730882691420874     1.934759843537380064   -27.427688954644001029   8.438909
 35.750031241489978129    12.155402716609989611    22.167277958351309763    -1.4076580500409199281   11.898745996906310296     1.9347776549456299211  -27.428120767900811217   8.697188
 35.749488889402421421    12.155439137169409491    22.166947018346579767    -1.4073023006419000946   11.898711036425089205     1.934803610212979974   -27.427225467612078802   8.410357
 35.749195345232791965    12.155458946549000387    22.166841540697770796    -1.4073721400405299065   11.898640211529780686     1.9349191381052799343  -27.426844209551259013   8.579501
 35.749797652159671202    12.155418370491990032    22.167110876453580914    -1.4074173678308599111   11.898748240466220594     1.9347550072004700006  -27.427700725966861484   8.411616
 35.749309895809773252    12.155405947634060126    22.166813812234281045    -1.4073257271025199078   11.898784277071230875     1.9349048856384600814  -27.427007003794528828   8.538185
 35.749726007138079353    12.155438291022360175    22.167105156177200342    -1.4074303261551799338   11.898694217011490437     1.934768876406339988   -27.427598876973789288   8.394323
 35.749875493012019945    12.155458495173430578    22.167122775815379043    -1.4074637208565901059   11.898721516776179286     1.9347508075569199715  -27.427875845188360415   8.504746
 35.749514357441320556    12.155418978321000267    22.166985982542218636    -1.4073785171786699078   11.898720140446490845     1.9348277918353000704  -27.427276381332561073   8.395240
 35.749349736558180268    12.155405781736499549    22.166929380759690105    -1.4072157221275800598   11.898686814970240277     1.9348696182385700659  -27.427091320487630099   8.495760
 35.749709672679863104    12.155438744847330668    22.167058047187069292    -1.4074659169593399799   11.898731784177899229     1.9347839113703999558  -27.427571193113678305   8.388771
 35.749800520806871873    12.15547165986136946     22.167157023706799635    -1.4074395678839999313   11.898740403248439179     1.9346558299221099375  -27.427764358412471069   8.467775
 35.749539414812417704    12.155414954188440646    22.166975018069848602    -1.407377401994319932    11.898711423129180176     1.934859935635230066   -27.427320187548399844   8.389690
 35.749459548436988143    12.155477308354830868    22.166946511772071204    -1.4072521498931200856   11.898705723771529463     1.9348525549999100459  -27.427142172334871617   8.478771
 35.74966757815762719     12.15541622167244995     22.167055300139029583    -1.4074433283184899501   11.898724592961450242     1.9347830214030099505  -27.427552259066718676   8.386433
 35.749857941152221485    12.155365159516300366    22.167116665587748514    -1.4075189466887398915   11.898729128926850862     1.9347506389412800765  -27.427711057153949525   8.447237
 35.749523223379192416    12.155456998323199258    22.166992538402311652    -1.4073437750296500237   11.898715742954680152     1.9348208564001601051  -27.427339848197480165   8.386958
 35.74939353155772892     12.155445436806349591    22.16692314093620908     -1.4073659368198701003   11.898682884421280193     1.9348587080176500308  -27.427123335131618376   8.436908
 35.749696622009182079    12.155425137070579922    22.167063942574241509    -1.4074045100781100714   11.898731901454990378     1.9347809324047700041  -27.427556378258060477   8.381144
 35.749761646488352085    12.155420670100690828    22.167120405965398788    -1.4075102067048899102   11.898726049899529755     1.9348036256313700942  -27.427693139385251442   8.418462
 35.749557078673902311    12.155434520402229381    22.16699036525129074     -1.4073542771576499355   11.898714789793700675     1.9348036140675799466  -27.427342385555370186   8.382441
 35.749748384515889654    12.155445269543740494    22.167082693972350427    -1.4074270644478299452   11.898715417120190097     1.9347725360754099988  -27.427661084014150816   8.407116
 35.749572864209973488    12.155425551126690209    22.167010160399751584    -1.4073906539959599726   11.898718959614919655     1.9348139778953299395  -27.427372557002961173   8.378364
 35.749492979696832151    12.155422316872190436    22.166936378686671105    -1.4073639205686800935   11.898748409870460563     1.9348443376440800368  -27.427273925524108478   8.400964
 35.749667750277772882    12.155434297484820405    22.167062961804571586    -1.4074137247585600807   11.898707765226230748     1.9347877417157799407  -27.42751763911137175    8.378628
 35.749716239298301446    12.155451180362220498    22.167091643575371762    -1.4074272226621800108   11.898730158637640386     1.9347326515810598924  -27.427609029681779163   8.398734
 35.749583620933890415    12.15542401073189005     22.16700417444623028     -1.4073898571612899477   11.898716107006299225     1.9348281146216899096  -27.427392398081750002   8.377276
 35.749509966646300541    12.155423179956059698    22.166993222246478723    -1.4073169763262900478   11.898705318397039932     1.9348213053462599564  -27.42730693982165846    8.393397
 35.749659746171481345    12.155434853624509373    22.167041840951920761    -1.4074286818010799394   11.898725167732679964     1.9347932598643700075  -27.427505129790681337   8.377467
 35.749735422459032463    12.15539859942341927     22.167072817473989943    -1.4074633773335301079   11.898724052413969687     1.9347764755919900637  -27.427585508050199792   8.394709
 35.749576273149152428    12.155442398598259146    22.16701260817022856     -1.4073736756056201003   11.89871782031950076      1.9348097611981200927  -27.42740126316066096    8.376736
 35.749564980535332381    12.155446855195830125    22.166997858031891155    -1.4073439232695899026   11.898713267366639812     1.93482195053059991    -27.427329955493529923   8.389822
 35.74964192875206237     12.155423880053300323    22.167040939612238759    -1.4074184770562601088   11.898721761562750743     1.9347927536849101049  -27.42749668317343037    8.377014
 35.749699722898526488    12.155425516366360483    22.167077242737050824    -1.4074513172586000653   11.898725062468409774     1.9347982548995499297  -27.427583914038599744   8.387524
 35.749592739730061908    12.155432269393260825    22.167012084622729873    -1.407378537182889966    11.898717357962379282     1.9348022742755699444  -27.427402767676181128   8.375882
 35.749530498912072574    12.155436937504489947    22.166988848856519212    -1.407393663510940085    11.898703795523509541     1.9348270342397400068  -27.427326032598230654   8.382776
 35.749655091234899373    12.155428087179059204    22.167045169144810046    -1.4074017984363200728   11.898724874972119281     1.9347924578635100623  -27.427498791843110126   8.375888
 35.749555753774082234    12.155426002717170775    22.166984746009109841    -1.4073810413098499783   11.898732820251099795     1.9348215723995099147  -27.427359386811140496   8.381070
 35.749639751151846667    12.155432223792910662    22.167043407855711479    -1.4074055538963798906   11.89871402898245023      1.9347961993867099917  -27.427478076036308607   8.375193
 35.749669750396698475    12.15543665555136954     22.167047046687059719    -1.4074083691868499724   11.89872021711027017      1.9347902566460599694  -27.427534617214778478   8.379656
 35.749597085756661841    12.155428327232860042    22.167019381971581282    -1.4073950827936800856   11.898719273988760392     1.93480804758301006    -27.42741307205591994    8.375236
 35.749564965459541099    12.155425488370219966    22.167008949283371066    -1.407360741665329984    11.898712325065680773     1.9348151997394900103  -27.427375742217130039   8.379361
 35.749636050993501613    12.155432512310939686    22.167033618034778897    -1.4074116967671399525   11.89872195706593061      1.9347987448331500637  -27.427472782897300618   8.374962
 35.749656070714159739    12.155438760285420585    22.167055028242941717    -1.4074058061925101004   11.898723057237669209     1.9347719536140199903  -27.427511441016228844   8.378179
 35.749601733378952417    12.155427698120279345    22.167016887895410804    -1.4073938444190901009   11.898717844564140833     1.9348140743697699317  -27.427422158815371489   8.375009
 35.749586278503670655    12.155439981840290287    22.167011391157839029    -1.4073701484012000051   11.898716283538760763     1.9348134061750399404  -27.42738586325080874    8.378629
 35.749628016189959112    12.15542790550004959     22.167033552498640603    -1.4074063948924999679   11.898720392056750583     1.9347979168074400658  -27.427468978192781179   8.374879
 35.74966671783253247     12.15541732241013051     22.16704570669368124     -1.4074242982195199758   11.898720959564080601     1.9347930145502099109  -27.427500630415611482   8.377351
 35.749598884320000991    12.155436129551230096    22.167020882801089954    -1.4073863312590999541   11.898718605130650161     1.9348055745361401048  -27.427426104974401255   8.374904
 35.749571840628242114    12.155433931649950452    22.167006206763751663    -1.4073917561953299682   11.898712113528180367     1.9348140655055698911  -27.427382334056389368   8.376956
 35.74963427858322973     12.15542954829678024     22.167035428549549891    -1.4073992878760699377   11.898721684611139437     1.934797859774030071   -27.427469677396430825   8.374655
 35.749646060376818468    12.155428971979610253    22.167045960979198327    -1.4074209462182400987   11.898720866723289546     1.9348029878073600418  -27.427497475286241269   8.376164
 35.749606069891761706    12.155431445039850402    22.167020553711850539    -1.4073891394417299416   11.898718235152610845     1.9348024526585199112  -27.427426444578699716   8.374727
 35.749644281245977595    12.155433804942010312    22.167038998413289619    -1.4074027025068900354   11.898718653886579233     1.9347956159500601103  -27.427490991627301753   8.375707
 35.749608884628990779    12.15542969666014983     22.167024286082011031    -1.407396987721980075    11.898719118963219543     1.9348049396747699635  -27.427432551948768946   8.374549
 35.7495927968442615      12.155429186344029802    22.167009509165239933    -1.407389783925790061    11.898725353173109198     1.9348099613715199485  -27.42741298076476042    8.375476
 35.749628012574952152    12.155431464430689559    22.167034933183089151    -1.4074016114037299907   11.898716860030109643     1.9347996398829099274  -27.427461802218420672   8.374557
 35.74963832295888011     12.155434788105349497    22.167041184922020136    -1.407403712541549945    11.898721256295980098     1.9347879622493600049  -27.427480224672290632   8.375374
 35.749610880773929011    12.155429470616549992    22.167022962152071131    -1.4073963114497098914   11.898718697497100649     1.9348075463396698925  -27.427436675279601275   8.374504
 35.749596813853017352    12.155429104859150513    22.167021410244739599    -1.4073814643885200759   11.898716212488810839     1.9348058065021300767  -27.427419284128170318   8.375175
 35.749626241708391206    12.155431660447989728    22.16703056608726996     -1.4074041386724900349   11.898720520921649779     1.9348005102504000075  -27.427459408205020708   8.374507
 35.749641796923221193    12.155424210732219237    22.167036912131621307    -1.4074119177289599047   11.898720111792940202     1.9347975298603599104  -27.42747547725980084    8.375212
 35.749609612470813147    12.155433149846480489    22.167024890133731674    -1.4073927278765701043   11.898718981796220007     1.9348035633671900602  -27.427438448045748487   8.374485
 35.749607406847786706    12.155433933168090732    22.167021767472668614    -1.4073879492338698949   11.89871792193527078      1.934806800891839984   -27.427423881142278361   8.375012
 35.749622863854412458    12.15542941241706032     22.16703060624215027     -1.4074017834778400626   11.898719774526380633     1.9348001378285399898  -27.427457703930159028   8.374495
 35.749634151421027184    12.155429812878919549    22.167037638410981515    -1.4074088172663798968   11.898720518660480749     1.9348016036607700308  -27.427475345999628331   8.374911
 35.749613090274081628    12.155431036999619465    22.167024824886631507    -1.4073940588978899324   11.898718806029579653     1.9348022404090801096  -27.42743866993394164    8.374452
 35.749599888926937297    12.15543213496565933     22.167019733955299898    -1.407397174838280085    11.898716246750080217     1.9348074481552699488  -27.427423253906898282   8.374736
 35.749625681169156621    12.155430194963999568    22.167031504900990058    -1.4073987596166199765   11.898720325145870191     1.934800256869340096   -27.427458071524050354   8.374445
 35.749605488819270249    12.155429856126980681    22.167019249812579318    -1.4073940365143000619   11.898722061364180647     1.9348058443282301067  -27.427430063172238306   8.374662
 35.7496223816360299      12.155431062354759675    22.167031012340459029    -1.407399717681369955    11.898718160363630503     1.9348011909942399722  -27.427453867456879522   8.374418
 35.749628473052950994    12.15543201409598062     22.167031818701790513    -1.4073994401844500679   11.898719528545470325     1.9347994734847899778  -27.427465403587060422   8.374598
 35.749613781734979057    12.155430276019110636    22.167026169236958566    -1.4073976008375999047   11.898719221358780018     1.9348035731272799076  -27.427440764858339151   8.374422
 35.749607555981150142    12.155429654757030633    22.167024282453578365    -1.4073904212811099157   11.898717755283369613     1.9348047780168400323  -27.427433220660329738   8.374595
 35.74962157027658094     12.155431159025249954    22.167028995178849726    -1.4074007093246498901   11.898719829512080182     1.9348015771920099581  -27.427452861318851518   8.374408
 35.749625971059217022    12.155432326990959879    22.167033610110731701    -1.4073995050395899931   11.898719902140770799     1.9347960364568099756  -27.427460578168378902   8.374541
 35.749614653345247461    12.155430184710150243    22.167025624141739826    -1.4073971098471800278   11.898718998658020851     1.9348046688689599648  -27.427442651001801011   8.374412
 35.749611642118978239    12.155432605845620131    22.167024542563378731    -1.4073926976884099105   11.898718603434810248     1.9348047395509200275  -27.42743524868114946    8.374558
 35.749620058420561008    12.155430210774200717    22.167029090322458273    -1.4073995120304800821   11.898719481753490257     1.9348012882591298922  -27.427452090117910188   8.374407
 35.749627878059648367    12.155428028681260599    22.167031458725730886    -1.4074036916193699565   11.898719539009910307     1.9348006639813899454  -27.4274584023004806     8.374505
 35.749614178868021952    12.155431869555179958    22.167026532281731477    -1.4073954688122700674   11.898719121099640361     1.934802838520740087   -27.427443436609429739   8.374409
 35.749624711283217948    12.155430379401130025    22.167032011799999935    -1.4074027634307300083   11.898719804796570543     1.9348021578285499178  -27.427459542319560626   8.374477
 35.749615995526369261    12.155430872600000214    22.167026621614969173    -1.4073962350311000069   11.898719055721329596     1.9348022197639500597  -27.427443888030349939   8.374400
 35.749609353061643446    12.155431415047049271    22.167023936561058406    -1.4073973414018499106   11.898717922987550821     1.9348047021953200808  -27.427436088302680872   8.374471
 35.749621599142280104    12.155430499984760218    22.167029612816008921    -1.4073984050629300135   11.898719724606289461     1.9348013682008400327  -27.427452575718710648   8.374398
 35.749623486040761122    12.155431397982120245    22.167030256104808927    -1.4073987299595400735   11.898719170559639124     1.9348007559583999537  -27.427456769499929834   8.374442
 35.749616207811428126    12.155430556509859485    22.167027190953930926    -1.4073978831180800064   11.898719208658999236     1.9348028688350600302  -27.427444766018741262   8.374393
 35.749613122189828118    12.15543046711935915     22.167024321176590718    -1.4073960889548300379   11.898720531067759509     1.934803617474530002   -27.427441066490491295   8.374430
 35.749620066774490112    12.155430913545909988    22.167029339549490174    -1.4073988104997299242   11.898718753039659646     1.9348017976143099261  -27.427450667215278912   8.374393
 35.749622397174682931    12.155431553002749467    22.167030770920391092    -1.4073991826897500612   11.898719622596690471     1.9347993192413399655  -27.427454573292269657   8.374429
 35.749616589302611658    12.155430526783300493    22.167026910836401754    -1.4073976280578199827   11.898719154642689588     1.93480333146205008    -27.427445631574421725   8.374391
 35.749623560347501439    12.155429484508619709    22.167029970938859407    -1.4074014406519599341   11.898719509738800326     1.9348012904299300985  -27.42745441481750035    8.374431
 35.749616524237900705    12.155431273293540784    22.167027391946021453    -1.4073969617721899805   11.898719218259429908     1.9348024514980399768  -27.427446181161450056   8.374390
 35.749614727213611332    12.155430227686629507    22.167027049975221331    -1.4073951294102999832   11.89871862668275071      1.9348028015603799812  -27.427443081491688304   8.374411
 35.749619859510836761    12.155430926190600616    22.167028508877940851    -1.4073993143460599153   11.898719528804749146     1.9348018832841000769  -27.427450416362059826   8.374392
 35.749616182238270312    12.15543138034236037     22.167026788704610851    -1.4073962702232098998   11.898718987884549847     1.9348032605003999684  -27.427443374476670357   8.374408
 35.749619089374988334    12.155430503166240186    22.167028514918001747    -1.407398701578659983    11.898719358286259151     1.9348017813194500203  -27.427449911207599342   8.374392
 35.749621129089213412    12.155430612964060799    22.16702979835583065     -1.407400251950460035    11.898719500363840851     1.9348022037257199823  -27.427453297472020211   8.374405
 35.749617278917078522    12.155430807691020689    22.167027415800191648    -1.4073972392609399584   11.898719166881960518     1.9348022157543900423  -27.427446240390768395   8.374389
 35.749614291123251064    12.155431073495369887    22.167026179435989519    -1.4073977488323499152   11.898718672129069418     1.9348032974469899781  -27.427442799689949027   8.374403
 35.749619772137521068    12.155430643362409526    22.167028754471008511    -1.407398241005290096    11.898719461486980009     1.9348018505123800725  -27.427450131711520243   8.374389
 35.749615739309028584    12.155430582738940615    22.167026285537218655    -1.4073971806828500242   11.898719846109219844     1.9348028831472499078  -27.427444555192298736   8.374397
 35.749618984908131836    12.155430830844169421    22.16702857604641963     -1.4073984030455100047   11.898719026307050584     1.9348020689975500286  -27.427449139209539197   8.374388
 35.749620391728299751    12.155431018156219736    22.167028829873490992    -1.4073982566151999052   11.898719338389319944     1.9348015834014999914  -27.427451705871931154   8.374397
 35.749617253790653137    12.15543067192145088     22.167027600683820054    -1.4073979764923600921   11.898719241091580301     1.9348025474766699094  -27.427446500982039623   8.374388
 35.749616985712073358    12.155431119715620625    22.167027244699649913    -1.4073972309870999009   11.898719155277870385     1.9348028898191700353  -27.427445586332911631   8.374392
 35.749617511627796773    12.15543096557827063     22.167027562254240536    -1.4073975986349900325   11.898719206029959139     1.9348026126942399205  -27.427446667551588888   8.374388
 35.749615544752501251    12.155430707944869795    22.167026980275799986    -1.4073961280165399046   11.898718892538010294     1.9348029962574200269  -27.42744401008974009    8.374402
 35.749618780821251107    12.155430871629169687    22.167028126727409187    -1.4073985177636800792   11.898719369738069318     1.9348021615274300089  -27.427448814793979892   8.374387
 35.749619441108912099    12.15543120587956949     22.167028925714770793    -1.4073980685064499951   11.898719328155889841     1.9348012138124399684  -27.427449704368690675   8.374389
 35.749620339565332472    12.155430440108190737    22.167028882824791225    -1.4073990510018699052   11.898719295938139595     1.9348017401519899128  -27.427450161412298968   8.374391
 35.749617478069758647    12.155431064997200608    22.167027764665711231    -1.4073974840796099617   11.898719237679109995     1.9348022736615300143  -27.427447176224170278   8.374387
 35.749616861825991521    12.155430467270059935    22.167027017327740168    -1.4073977772885200022   11.898719160191170374     1.9348032806516100024  -27.427445915878060134   8.374390
 35.749618796288181954    12.155431021227190769    22.167028448618008696    -1.4073979957019699949   11.89871928616470953      1.9348017305222300344  -27.427448757246040145   8.374387
 35.749616251983297843    12.155431137748580639    22.167027101184938687    -1.4073975347030101002   11.898718976768000388     1.9348026096687700459  -27.427445095830801591   8.374392
 35.749618892098972367    12.155430766958950528    22.167028341149489279    -1.4073980644297199305   11.898719340307239989     1.9348020403014800639  -27.42744887274134058    8.374387
 35.749619206112846825    12.155430961782240473    22.167028704241271697    -1.4073987722098699749   11.898719320923099474     1.9348021942973598897  -27.427449739251709815   8.374388
 35.749618724313911855    12.155430923259430642    22.167028382131000797    -1.4073983889726400243   11.898719282412820064     1.9348021996616200369  -27.427448864536469131   8.374386
 35.74961931988386965     12.155430791803890855    22.167028792037708484    -1.4073986386465799914   11.898719303598779717     1.9348016793481899178  -27.427449939800858658   8.374391
 35.749617963691818545    12.155430922134680571    22.167027869700110188    -1.4073978586378899092   11.898719230422159399     1.9348023793577300289  -27.427447485613910771   8.374386
 35.749619780549927839    12.155431156950200489    22.167028830469931222    -1.407398227116499978    11.898719265488750807     1.9348016965317800242  -27.427450387693788514   8.374390
 35.749617885480482471    12.155430793178640059    22.167027908130350511    -1.4073980391484000041   11.898719247190870263     1.9348023347404499361  -27.427447472659981287   8.374387
 35.749617735310259548    12.1554309872659001      22.167027664274169041    -1.4073976965927499361   11.898719543382940245     1.9348022509374400713  -27.427447273309290665   8.374387
 35.749618047709731172    12.155430948160470095    22.167027892217241458    -1.4073978732059400087   11.898719414113969606     1.9348022054524700586  -27.427447739784348357   8.374386
 35.749618881089119782    12.155431069211960704    22.167028327643638619    -1.4073980130777299369   11.898719370191439992     1.9348019482551199744  -27.427449016180080577   8.374387
 35.749618632186951572    12.15543100020362921     22.167028222765321033    -1.4073980195953998962   11.898719339441289122     1.9348020448764500223  -27.427448630300059307   8.374386
 35.749617800210060636    12.155431162072979134    22.167027860800448735    -1.4073979749865999089   11.898719276827650404     1.9348022440012200285  -27.427447546829800018   8.374386
 35.749617611427090935    12.155430948046399564    22.167027585384058597    -1.407398037795680068    11.898719328302460596     1.9348027004887600189  -27.427447316491889495   8.374386
 35.749618967747622378    12.155430870861870574    22.167028218113028259    -1.4073987076226299742   11.898719402680439927     1.9348022793000900776  -27.427448937590238387   8.374386
 35.74961771840364122     12.155431064010670639    22.167027882161509211    -1.4073977281839700204   11.898719280033580148     1.9348024250835200721  -27.427447334105078625   8.374386
 35.749617984008040139    12.155431015915299398    22.167027943302979764    -1.4073979255788999776   11.898719302459710434     1.9348023591945000543  -27.427447704277309271   8.374386
 35.749618167870501395    12.155430935652915991    22.16702798375752792     -1.4073982133841600461   11.898719305357641218     1.9348024500751899168  -27.427448090514179313   8.374386
 35.749618221358772985    12.15543099363505064     22.16702813214625678     -1.4073980585783050223   11.898719281223200994     1.9348023123725699435  -27.427448099320773878   8.374386
 35.749618262261989798    12.155431042666204888    22.167028121465726542    -1.4073981819796199666   11.898719279620234346     1.9348022218314200327  -27.427448205683134574   8.374386
 35.749618344002868753    12.155430922697055607    22.167028125915557268    -1.4073981238052648557   11.898719256417489731     1.9348022895096750329  -27.427448175075191728   8.374386
 35.749618386011817961    12.155430935709951257    22.167028137174121127    -1.4073981310892900165   11.898719348263394835     1.9348022025570450477  -27.427448302160406968   8.374386
 35.749618678250428161    12.155430961731529038    22.167028302448159138    -1.4073982042840200712   11.898719310927054593     1.9348021222690350296  -27.427448747418264219   8.374386
 35.749618846030770669    12.155430897060650608    22.167028300122012752    -1.4073985482976349992   11.898719342546630884     1.9348022394808550573  -27.427448901063353759   8.374386
