  0.5                      0.5                      0.5                      0.5                      0.5                      0.5                    70.562500
  0.5                      0.5                      0.5                      0.5                      0.5                      0.5250000000000000222  72.500000
  0.5                      0.5                      0.5                      0.5                      0.5250000000000000222    0.5                    71.061087
  0.5                      0.5                      0.5                      0.5250000000000000222    0.5                      0.5                    71.061087
  0.5                      0.5                      0.5250000000000000222    0.5                      0.5                      0.5                    71.061087
  0.5                      0.5250000000000000222    0.5                      0.5                      0.5                      0.5                    71.061087
  0.5250000000000000222    0.5                      0.5                      0.5                      0.5                      0.5                    69.099212
  0.50833333333332997306   0.50833333333332997306   0.50833333333332997306   0.50833333333332997306   0.50833333333332997306   0.4749999999999999778  68.896085
  0.51249999999999995559   0.51249999999999995559   0.51249999999999995559   0.51249999999999995559   0.51249999999999995559   0.4500000000000000111  67.304597
  0.51249999999999995559   0.51249999999999995559   0.51249999999999995559   0.51249999999999995559   0.47916666666667001584   0.48333333333333000637 68.885957
  0.51666666666667004915   0.51666666666667004915   0.51666666666667004915   0.48333333333333000637   0.49722222222222001164   0.47777777777778002166 68.215423
  0.52222222222222003385   0.52222222222222003385   0.48888888888888998308   0.50277777777777998836   0.4962962962963000102    0.47037037037036999454 67.301786
  0.53333333333332999526   0.53333333333332999526   0.47083333333332999526   0.50416666666666998253   0.49444444444444002329   0.45555555555555998781 65.567396
  0.53333333333332999526   0.5                      0.50416666666666998253   0.50416666666666998253   0.49444444444444002329   0.45555555555555998781 65.482204
  0.55000000000000004441   0.4874999999999999889    0.5062499999999999778    0.5062499999999999778    0.49166666666665997942   0.43333333333333001747 62.919147
  0.55000000000000004441   0.52083333333333003967   0.5062499999999999778    0.5062499999999999778    0.49166666666665997942   0.43333333333333001747 63.250394
  0.53333333333332999526   0.52777777777778001056   0.50833333333332997306   0.50833333333332997306   0.48888888888887999107   0.41111111111110998362 63.069531
  0.55277777777778003276   0.52037037037037003895   0.49444444444444002329   0.49444444444444002329   0.51296296296294996431   0.40370370370371000401 61.600762
  0.57291666666666996033   0.52430555555556002112   0.48541666666666999363   0.48541666666666000163   0.52986111111109002181   0.36388888888888998308 58.794403
  0.56736111111110998362   0.51875000000000004441   0.47986111111111001692   0.52430555555556002112   0.50578703703701999306   0.37129629629629001819 59.117930
  0.58981481481481001783   0.5250000000000000222    0.47314814814814998289   0.49907407407407000655   0.48827160493825000342   0.37283950617284000728 56.463465
  0.62847222222221998944   0.53125                  0.45347222222222000054   0.49236111111110997252   0.47615740740737999559   0.33425925925925997761 51.142312
  0.60069444444444997089   0.50347222222222998145   0.50902777777777996615   0.50347222222221998944   0.50023148148146001635   0.326851851851840014   54.685592
  0.60092592592592997125   0.51018518518518995997   0.47453703703703997707   0.50046296296296000072   0.50586419753083999851   0.31358024691357999636 53.795761
  0.64012345679013005206   0.49737654320988000656   0.46118827160494002548   0.49575617283951001202   0.51430041152259997617   0.30329218106994998427 51.103405
  0.69351851851852996944   0.48217592592593000456   0.43761574074074999219   0.48946759259258998398   0.52700617283946005198   0.24938271604937001236 47.204439
  0.67129629629630005461   0.53587962962963997526   0.44039351851851998854   0.49224537037036997233   0.52330246913575995116   0.2197530864197499989  47.222332
  0.68858024691358998837   0.51033950617284995488   0.45362654320987999546   0.46350308641973997359   0.5150205761316399844    0.23127572016461001025 45.619940
  0.74918981481483004625   0.50613425925927002513   0.44050925925926998072   0.43310185185182997758   0.51963734567895003558   0.16126543209875998652 41.806162
  0.74178240740741996362   0.49872685185185999801   0.43310185185186000911   0.4849537037037000009    0.48753858024685997608   0.17114197530863001218 40.991451
  0.82621527777779002477   0.48593750000001001421   0.40694444444444999309   0.48472222222222000054   0.46637731481473998496   0.07476851851849999897 39.090011
  0.7891782407407500477    0.51371527777778003276   0.37546296296296999273   0.46064814814813997979   0.50588348765424995257   0.124151234567900004   39.132288
  0.8516975308642099618    0.50817901234568996216   0.37692901234568998436   0.45038580246913001437   0.50025720164600995243   0.07427983539092999909 39.987094
  0.89855967078192000574   0.47942386831277000736   0.37247942386832999517   0.44449588477364998518   0.53799725651567997797  -0.03305898491085999813 52.205312
  0.69599408436214005302   0.51829346707819001772   0.43322402263374998332   0.48039480452674998556   0.49161736968445002294   0.24242969821672999409 43.969433
  0.86396819272977998239   0.46893218449932000391   0.38316829561044002395   0.44066143689984998977   0.48029049497018999615   0.08900605852765000603 41.362641
  0.8985625285779700322    0.51822130772748997707   0.36779692501144001238   0.42717049611337998272   0.46101489864340000624   0.00591754305745000042 39.300254
  0.96360977747297005269   0.48207971345833000587   0.35037961057766997541   0.41850184804142998019   0.48620287811806001121  -0.06596682416299999574 57.132758
  0.76289800763985005094   0.50924002867323003851   0.41251291961973002298   0.46492156540542001197   0.49026374679285000813   0.16533056762180001198 39.345503
  0.91498344462862002402   0.49527417774857002142   0.33376226073896997359   0.47640137190087999963   0.44839170249485998943   0.0165524871293200003  43.254980
  0.79063822226827995543   0.50341923888160000633   0.41382250962919997495   0.44392673186408998509   0.50182593488293003592   0.12508719585639999083 39.331009
  0.77576174322650004456   0.54397193730260995359   0.40132129572739000389   0.46993021850761002023   0.49491703317453999977   0.10083890647667999307 38.189035
  0.73165851847486995663   0.58149181370425995219   0.41039779578585999786   0.48456460931148997995   0.50223030227670995007   0.10675533045118999753 40.633660
  0.76272047587949998171   0.516656084441880048     0.41569134011936997863   0.46672065828448999758   0.47317027034156000642   0.124418153308649998   37.734095
  0.71823194838714998767   0.52089462048998003141   0.43507250400621000352   0.47488808619216998919   0.45962680468933997391   0.14948731226750999745 39.079804
  0.85146082185041005452   0.51806708670389001181   0.38116690634520999925   0.45278459297455997401   0.4774658997109599845    0.01972994964006000163 38.251025
  0.84399480708269003504   0.52877049243629004049   0.36897211524107997871   0.47673204688603998402   0.45778369989688999508   0.02485423933335000057 36.344724
  0.87067309948990001534   0.54144611921362995055   0.34654691804701998059   0.49313470439702000725   0.43576258240386001042  -0.02526223892818000097 36.479273
  0.7178812602745799909    0.51748481849332994553   0.41538942993537997239   0.51000879956097000534   0.49751766988758000521   0.15033612422425998711 42.518215
  0.85339221150211996836   0.51803718541895005245   0.37969505124243002614   0.44788007197528001413   0.47014059145444997423   0.04202218834915000256 37.186066
  0.84867020503224999128   0.52343148432343000742   0.40913408807701001635   0.47227512213526001705   0.44073478214346001325   0.00472608397423000034 36.062957
  0.87841618717800995508   0.52828958759625999075   0.42596965063401998064   0.47808860912882000793   0.40816042938807001184  -0.05498649132260999967 36.517414
  0.81911814374670000038   0.56370725687567002637   0.3783824878063800079    0.4440520146988600203    0.47169344409254998496   0.03076132184221000085 34.529689
  0.81556957673116003971   0.60259213531349997695   0.36410150948733999154   0.42371691093718000243   0.47435150873144998895   0.00875772350406000058 33.424954
  0.78190885130099996303   0.55975268637499997482   0.39847156028633001768   0.46630041660073001664   0.45956672886981997372   0.08214248200865000016 34.786713
  0.85965696594973994848   0.53910808546707000843   0.37736725909045998328   0.44794485709872000623   0.43033216063800000528  -0.00519861631731999979 33.666001
  0.9050103966534900346    0.57390793866953004887   0.35022252102217998893   0.44489581692657997891   0.43779955356979999292  -0.07198345302460999739 36.225164
  0.83154472274798996168   0.59115042210932000621   0.37639463315903998186   0.46274165155288998763   0.43004888649535999434  -0.02758936852303000078 31.801456
  0.82062097837092995434   0.6277070404545099791    0.37474442411733999148   0.47017244134169000613   0.41000303401581000839  -0.06239514695911999725 30.745993
  0.83315085093017005047   0.61339596443138999504   0.3890416721191399807    0.4317031414606800066    0.42647888942589001759  -0.03950454827139000119 29.898470
  0.82772887285389995515   0.65570870042894002783   0.3990764505581699817    0.40918868874800001789   0.41082648419038997334  -0.0716839420737599986  27.839866
  0.74637475342616999008   0.59552543878462005367   0.42407590951669998924   0.45163699536061002737   0.43747201262650997622   0.05743298107019000065 33.912439
  0.76861646117871995632   0.67003321128445003652   0.37014494960844002147   0.41737831456037999267   0.4334491942138700149   -0.0017075902300000001  32.347022
  0.830947018202540022     0.67047218420270005002   0.37136527383981998707   0.40704565274812998243   0.4059114026021899968   -0.10707401234397000145 28.597330
  0.89467187100282996592   0.65968168026577000962   0.32819071271715999361   0.40684529311742001489   0.41748591550406000117  -0.13720017587689001259 30.968286
  0.79306129349694998165   0.7562902318495500209    0.35850718101896000833   0.39683757671887998075   0.42034368578126002358  -0.11856909834256999792 36.049536
  0.84300804783654004204   0.59340362206269003931   0.37265223957259002718   0.43516803700375999986   0.42783504192380999998  -0.03354123682362999959 30.591610
  0.84629483975065999957   0.68974334425284999917   0.37462317398382999345   0.42488256490261000486   0.36081884875192998807  -0.14662509160652001383 26.620397
  0.86165747126041003501   0.73331894872253000628   0.37988400623208001816   0.42546539188533000209   0.30405251876216998763  -0.2243164991617999926  26.179744
  0.92426162533032996116   0.6433975140945999982    0.37182608607061001793   0.43391685372105998075   0.35858893811893999271  -0.21036274751639000291 32.130753
  0.88535033429243004122   0.65005643839205995427   0.37140580195507000294   0.42978221893089002537   0.37730400214267001413  -0.15819895819478999033 28.837443
  0.79509903660275005333   0.65054063115536997497   0.4281853527078600119    0.45209551710184997519   0.3611582457082900266   -0.08186975597546999883 27.409699
  0.86064261531192998156   0.69012646786692000145   0.39944528417119001817   0.38274272746429999215   0.3523595310940300096   -0.16316632123201998961 24.034017
  0.88065343378242999517   0.72133618157312995312   0.41179571419811999977   0.3390278705256000169    0.3235377796331400102   -0.21355190836846998925 21.760583
  0.85080400782828002892   0.76707407276221994952   0.41458529359112000767   0.38570040964284002527   0.29976176908913998442  -0.25202378854911999806 25.987818
  0.79694627921767002832   0.7494271345562399933    0.43022489508731998065   0.37639229128635998123   0.32444539785243997621  -0.15864101062940999531 25.842142
  0.84001601564593997296   0.75532970553011002934   0.44988529695174001022   0.38891107031520000259   0.268682662476329992    -0.2269549559087100099  22.049908
  0.8473298752585900484    0.80330019100425997802   0.43911040236457998809   0.38000882817106002021   0.21638630698344998859  -0.31410203079056997488 26.295659
  0.89736999106169001994   0.85938811356079003456   0.41364318343378997378   0.31307310350695000123   0.21779723255726998743  -0.38132697516056002218 31.479003
  0.82066677521748998547   0.70275250175672998587   0.42454981038933997661   0.41733991370312001346   0.32531799242052999999  -0.15673406077174001361 24.535899
  0.83625145239215004089   0.67311265729605995745   0.39786460311866000961   0.39760348761509001214   0.39887973309447000148  -0.09663871033918000619 26.721203
  0.84456026954198004653   0.77075330757720994512   0.42879895255310002122   0.38440749303207000231   0.26200966351119997499  -0.2597362006777200194  24.203601
  0.81622478915084994977   0.75557201919602001716   0.4733959813581700149    0.33846095761639999333   0.29719923623208999164  -0.19823080913992000007 21.813104
  0.81555184635717004049   0.71798287730093002246   0.45829825658813999611   0.36247945585008001235   0.30063580828609998141  -0.15259252661620001379 20.613151
  0.79792576562161998677   0.69343727957028000741   0.48015473808664999034   0.35086897895369001388   0.30107282788458000766  -0.1028768956497399939  19.743549
  0.86973607043576994791   0.71696653051158998338   0.4593019360917199867    0.36327980342900001443   0.26816132286685001596  -0.22738726620936000611 19.219831
  0.90613096604481002672   0.70073622848925998241   0.47384045659391998973   0.35672355950031997551   0.24001928537406000408  -0.26176039399932998775 19.529191
  0.86237200617537002056   0.76837917289604995563   0.47656106269048997826   0.30431214425420000103   0.24823650511420000675  -0.25284528454623000915 17.562656
  0.88322462165432003012   0.80119250846570999602   0.50256668884107003059   0.24779825952973999481   0.20969576146103000025  -0.30090089643348000292 16.146894
  0.85136662922165995404   0.71052476737173997368   0.49690116595605998695   0.291708153757810007     0.29410686667347002432  -0.16356470989217000711 16.485260
  0.85969442097628001598   0.71101339003271002426   0.49148677789218997436   0.25480360428887999236   0.29590860244071998109  -0.17521587265567001301 16.036709
  0.86953362364144004548   0.68885523228401002171   0.5122875183624200357    0.18774987127571998724   0.30952157242291999939  -0.14934633102914998681 16.216688
  0.89797552474650998988   0.6959181999790300388    0.47400635899709997467   0.27736793254517000396   0.26696181742116997793  -0.1962683739297099994  15.553704
  0.93885089254433995443   0.66609129037054004563   0.47431154781655998631   0.24682142000956000527   0.25184310801571002658  -0.19528715632460000307 17.840696
  0.83932091043628997973   0.72168137707056001506   0.55634350775680996293   0.2562477069758299919    0.22176461994946999878  -0.17518609655490999244 13.353148
  0.81865464876322002752   0.72185397481927005003   0.62861740453615000401   0.21485762520094001116   0.17087804010762999707  -0.15600319064813000791 14.702294
  0.93584696020198998578   0.75899497824017003733   0.51338074042500003724   0.21286617455511999686   0.21779350238632000369  -0.30996417624202998731 16.144492
  0.88607361864324996059   0.749475209875050008     0.55225981053102002338   0.15031747378852000629   0.23391573391053999131  -0.21297944235995999729 12.469877
  0.89424239274699002245   0.7657295495567799648    0.59873874775067004173   0.04383630896827000328   0.21679293943239000275  -0.20577553043526000676 14.788081
  0.9160120563312199593    0.76890045384934002648   0.5331134621916699956    0.17475889680327999498   0.18790647918295000363  -0.29327357616642002469 13.005488
  0.89508320879086000765   0.66746869454990997994   0.53763019709018999848   0.1943223367891900033    0.26505449030269001565  -0.15339494953609000838 15.782384
  0.82887295310614994559   0.67915746354535999618   0.53489929772799005292   0.22307314250849999415   0.27271041201619000693  -0.09214192749221999934 14.743101
  0.89475166970847996861   0.7165204095903699999    0.57126410020606999129   0.1705588921812800085    0.1868625818202800104   -0.19919891602410000342 11.714499
  0.91228029407458000044   0.71927391936920004323   0.61115276136300999976   0.12843653612747998882   0.13233957151007000319  -0.21119043770831999463 13.132174
  0.85925236886643996392   0.77641567675333000853   0.53633198204669996212   0.22311901147834001247   0.19165272446417999652  -0.23628782797302000374 12.157484
  0.84345233428410004706   0.77479866358230997658   0.62073102782298994473   0.12199044203341000148   0.16464236636002999026  -0.20675422159383000098 13.985608
  0.91741469965043997981   0.82343980002828998099   0.58844866579042998112   0.14259099857838999914   0.12287108987962999662  -0.34908476606519001084 14.490049
  0.89527926301436999701   0.7873692159075600383    0.57506132377481999907   0.1627115345609199959    0.16033092041377000614  -0.28484905642195001985 12.113724
  0.92011096138257997268   0.73198878409975998149   0.48739370101271001223   0.25724739656264999921   0.22950198688702999616  -0.26050408357296001016 15.079801
  0.86261699105872002846   0.76409619371167003532   0.58739669612042000324   0.15580468066572000785   0.18085727149177999173  -0.22019168708861000527 11.976351
  0.93200774543787001658   0.79924434282520995243   0.56213228386675995196   0.08950912285018999826   0.15874395047836001305  -0.30707407212310999789 13.231866
  0.90883603668748003113   0.7798536013865500216    0.56068508983927001221   0.13119376888160000361   0.17449911784614000054  -0.27410207823105997571 11.817015
  0.85292459299502998427   0.75567631522550005041   0.59455287198109996183   0.15647622371551000997   0.18813297079928001376  -0.18259609319980998898 11.773795
  0.87181335546691995919   0.77716859431661000635   0.58950421079176995587   0.18297056337260000913   0.12686279503459998996  -0.25276244395288999245 10.768982
  0.86468322387875995449   0.79101528653738995001   0.60812641092215002914   0.19929710816463999667   0.07333632559663000317  -0.2726539447493500079  11.336783
  0.90282160077722994895   0.75047909995941997074   0.62315611552445004939   0.09678620964754000577   0.14752916133776999841  -0.23494559699979000733 13.979643
  0.87014467684413998594   0.76993153255485002884   0.55803801541613995418   0.19153581102063998998   0.18062183368258000193  -0.23595227022970999275 11.177946
  0.85841651123922002586   0.73371299968762004884   0.57875233767677003449   0.16680177871820001112   0.18561460314444999664  -0.17008543982011001261 10.883441
  0.88967862325503999088   0.74685829054216001932   0.56353551251662004073   0.17737433196422000559   0.16667402928399999151  -0.21804072673061999921 9.906833
  0.90320943935318998008   0.73823933895741000732   0.55160492071472000397   0.18815915761346999058   0.1595824081801099914   -0.21696524655162000017 9.502792
  0.84158404518150997653   0.71722946205756998861   0.58722039575624995766   0.22097370665897000941   0.16805994637429000349  -0.14508472502834998674 11.009653
  0.89371530626946005249   0.72859113049598001055   0.55090845487281003834   0.21719041280620998702   0.14773508527949000269  -0.2240869206691200044  10.034535
  0.85154277507633002742   0.77177060976630995626   0.56741201153675002722   0.21865158454874999983   0.13596297541155999422  -0.21578009939316999954 10.033015
  0.86994913401806994724   0.7189725125389799798    0.583762761700220012     0.20671325688542999122   0.12731743745891999087  -0.17230268824204000855 9.333327
  0.86985136260504003491   0.69349300253104995129   0.59662513484224999338   0.21430197981782000971   0.10066523934708999921  -0.14047789724820999857 9.891423
  0.90796479529288998123   0.77225559986339997742   0.55342783667476003195   0.17252187798925000539   0.12629848846208999169  -0.2722428878479700165  9.917971
  0.90764842391972999636   0.76861959562528003875   0.55345439442024002563   0.22860050568703998985   0.08897179346446999759  -0.28129465573216000385 9.934165
  0.90619660250963995907   0.72231433476583994935   0.53068591584806001915   0.22764170180411999467   0.13509326771760998831  -0.20812838885914000664 8.989296
  0.92338822603099002251   0.69488720499045997236   0.5012767683762100468    0.24997727101987998743   0.13920850405911999736  -0.18581136131226000385 10.226200
  0.88845508378715998266   0.76879953334309003576   0.56254082542544003864   0.19690561536980999424   0.11000703828543000051  -0.2314844015395799981  8.141431
  0.88582497254601000325   0.78890373476664998886   0.56835701070175004279   0.18676321665160999785   0.09114301478840000637  -0.23518314197480999495 7.775617
  0.94205501413684999967   0.73133109573954002691   0.54635226848316997827   0.18481498766155998736   0.10683916127897000181  -0.24625890367607999876 10.690959
  0.87417083484145996497   0.76166073125961997192   0.56214707577334999122   0.21019243532695000565   0.12868202187840999118  -0.22339980046390001123 8.957484
  0.87479016893401995159   0.73216248842535003316   0.56320744605071004774   0.16873004306989999868   0.16706708603070999364  -0.16144606224766999691 8.725730
  0.86341558877457003085   0.71516211370787996504   0.56649387358818004135   0.22354472579458001258   0.14332992355595999823  -0.13356555493176000549 8.343056
  0.8549063278547299749    0.74148596619735995805   0.57327977383937001044   0.21970263556406000038   0.10462850896323000471  -0.16104329902149000509 7.737277
  0.83075477210550996432   0.74310927981733998493   0.58411720040170000967   0.23547437453934999541   0.07715155935478000548  -0.13308232525641999766 8.254942
  0.8831523644687400143    0.76825727716859004701   0.53762760356691996488   0.20547832918497999088   0.12933050351919000986  -0.20195272759088001013 7.226304
  0.88975397969407998833   0.7928996594833900291    0.51456002450027005235   0.20486086533475000859   0.1303370365493199956   -0.21677774726529999705 7.570139
  0.83922348329687002089   0.78022976907597996199   0.59301834532537001099   0.17716209339323998884   0.11963375186102000181  -0.16406847321769998937 9.145905
  0.88945332270644994477   0.73679319334337001202   0.54626902321739001511   0.21502179970140000709   0.13122838875345999021  -0.19711340994877998845 7.978543
  0.87634341358670997391   0.73259419327677999245   0.55626450121476000987   0.19622114799522999418   0.12689378665857001249  -0.14003493144122999836 6.530833
  0.87742970295933997438   0.71806092428535994721   0.55332321393546002319   0.18923550432936001031   0.12599966904865000927  -0.09835249692988999592 6.015736
  0.87660392416926002923   0.75739191473105005326   0.55190938689897994784   0.24451869400542999844   0.07481958351225000137  -0.18095748121819998921 6.332184
  0.89237461612694002344   0.78846888978957996308   0.54376146379844003675   0.19669533401770000758   0.07571996597242999782  -0.22463529729626000031 6.563173
  0.86731064666855994805   0.78406304230282997114   0.56315046102957999619   0.19910943821630999739   0.0693186931812599938   -0.17026140472840001205 5.738786
  0.85623930864960995368   0.80769796678255001421   0.57159117993567998273   0.19115325747376998855   0.03836384539516000253  -0.15683540211821000998 6.020297
  0.86476755486985001919   0.73033893672493999105   0.53932695698782995297   0.23148342845434000115   0.10212929327726999462  -0.11055109362022999542 5.568505
  0.85423884603176003516   0.70105653770408005165   0.52481193013087001908   0.25384353435570000679   0.10762243252170000662  -0.04823506944294000259 6.146526
  0.89897327523282999362   0.77404102880341996151   0.52308658823303000318   0.2024709405053100042    0.08781072720712000679  -0.16786020143979998864 4.412975
  0.9210067489218900505    0.79031856010645995525   0.49798999542986999156   0.19385509297594000211   0.07940183632906000488  -0.1712686526489499983  3.981920
  0.88334536676986996628   0.75462347881147995299   0.54552622245979998095   0.21282083481471000819   0.04646584358777999801  -0.11672274788976000348 3.536789
  0.88344186792043999379   0.74780657963292995749   0.54947553190623998898   0.21649208762957999896   0.00503351362208000024  -0.07410775803920000016 2.885067
  0.87114553237616998427   0.72085776280493996104   0.54129705159755003852   0.22820274785262001371   0.07651423035109000681  -0.04386433176535999706 4.251449
  0.88509676040282003751   0.73975668722143994582   0.52961168339652997528   0.17494073914728999752   0.07797949509088999975  -0.0418444313591399969  2.561635
  0.88934317851959998613   0.73093907346663000713   0.5184628316453000485    0.14015176171821999707   0.0795594508802          0.02771209357038000032 2.388981
  0.88824214013282998259   0.78338039406088000316   0.51657772892999997971   0.2138626812863100024    0.01131933683166999952  -0.08242788548069999999 2.080301
  0.89364835871958003821   0.81604012894864996763   0.49820498642726002148   0.22617626976478999445  -0.04602082927681999669  -0.07446557975610000601 3.199339
  0.90533836091169994642   0.71715072662943002424   0.49122623780267998805   0.20890649508935998924   0.04866719391586000337   0.01875886206704999865 2.576823
  0.92140505472435996204   0.76647876217548005506   0.49901616878271998212   0.16900686039633999735  -0.00196410596727999986   0.00215186952129999996 0.473700
  0.94972380465160999297   0.78454867490074997605   0.47886077468015997294   0.13776857636733000345  -0.05401080558956000005   0.05850335109206999951 1.266641
  0.93178025133410002923   0.79116693588566000539   0.48295244656804997563   0.15255557851262999125  -0.0025084884805599999   -0.04919615857134999881 0.456449
  0.9620976108130699922    0.82632152242601997205   0.45378014405330002745   0.11473199384262999789  -0.04201984789639000295  -0.05186207197434000021 2.136619
  0.88551020225912002726   0.7219889305105400279    0.52124698644846001461   0.17313672856820999657  -0.03269953606174000327   0.11889899367143999531 3.846408
  0.8943843389248099518    0.73907133790951995422   0.51543273869381001084   0.17831631967013999995  -0.00467419296404000036   0.04635708209134999785 1.712254
  0.92672257359536003296   0.76158916374293994522   0.45841385223461000864   0.13777447792809000005   0.03843288444987000285   0.06189304577187999812 0.833199
  0.91195415149865000082   0.80705782911761003717   0.50572568448215005077   0.12164939808121999487  -0.00861223233257000023  -0.01659551309943000166 0.328241
  0.91526204679212996851   0.85201138036168999612   0.51297540782188999486   0.07802084957714999769  -0.03725194545679000324  -0.03427270068267000008 2.432039
  0.93548632488377003735   0.81864240083073003262   0.47424337491848000958   0.18423667690668998898  -0.06889505036783999392  -0.04031794682603000168 1.884023
  0.95233542485418998247   0.77795508249309996973   0.46201702629661001165   0.10065042254539000033  -0.0273930653858099997    0.08385867844326999609 1.530204
  0.91070760676005002576   0.72913063627736995898   0.50027593076749998779   0.10241434213790999441   0.06665531680771000222   0.08314094821169999705 2.513918
  0.92929164535284003446   0.79626445969239001421   0.48075151388074000014   0.16378109321449998981  -0.03500745857394999688  -0.0094532230666        0.508539
  0.96344536152836002252   0.82776607312620997803   0.4475261587211499803    0.10348962388924999589  -0.00767662913272999965  -0.02213751575832999946 1.951655
  0.91164959457570005075   0.76124502171369001768   0.49845609370065002697   0.15960964572492000735  -0.0054248020062099998    0.02923343262892999853 0.560002
  0.89193233217280998293   0.78331230828281994683   0.51308822691970001895   0.20080859540717999057   0.02236499774891000103  -0.07784752738168999875 1.719497
  0.93723465168385000634   0.77929438894053004727   0.47478482645238001547   0.12568996576083998895  -0.01495354960213000038   0.04343212698703000085 0.449792
  0.92104920946113999491   0.80557996876550996834   0.52214839238762000839   0.15965636930206000832  -0.06125643010410000006  -0.06203553430525000217 0.903626
  0.92530423256181004721   0.77258686499857998076   0.47434748727286002445   0.14324495077158000411   0.01351055581138000013   0.03091090075260000125 0.301636
  0.94067373447616997595   0.80970472522306002894   0.4740699487789800104    0.13236630318744999069  -0.01108695770882999962  -0.02881676512108000132 0.545094
  0.9334176995010500244    0.79758979934572005188   0.48016648500940001254   0.13917713882182000673  -0.00967141878317000041  -0.01430421568358000023 0.219881
  0.92440703508177002323   0.77512706712879997362   0.49157951897510998585   0.11999353756698000195   0.02694104545584000143   0.00825289303546000025 0.165033
  0.92196472994623002162   0.76455837084700994932   0.4969935215222999747    0.09809975974321000214   0.05791529747073000112   0.01710595108649000037 0.707374
  0.93329428582938001036   0.80779553296349004832   0.47083598080393002094   0.09842999610868000127   0.00353274332353999999  -0.00131852504771999991 0.328187
  0.92342376738473996856   0.78865022494591996427   0.48286088109723002137   0.09683941719107999613   0.00609086977152000029   0.0659887142194700016  0.474792
  0.9296911303467599863    0.79053775815072002686   0.48292955520033997718   0.13862653818223999447  -0.00035864891754000002  -0.02039994037365000165 0.144364
  0.91545485992261999009   0.8042705616277799896    0.49374341079555000844   0.12801722074999999368   0.0234008977879599997   -0.04791692712580000041 0.495728
  0.93178970374353997652   0.78553843211233997934   0.47952447253816998796   0.12627177950813001095  -0.00536493775460999966   0.0205948634588200008  0.135941
  0.94734721085611994784   0.76933398911561001743   0.45406881545111998921   0.13359858223859000237   0.0181420120443799987    0.02450750514674000097 0.901769
  0.92080241633801995782   0.79762686911711000448   0.49281146722439000962   0.12463669412055999874  -0.00192367123832999989  -0.00631975853788999987 0.064216
  0.9218431200282699578    0.76520673065427002868   0.49628368126949001793   0.16555355021508999513   0.00417823153431999984   0.00756343926496999986 0.465073
  0.93043149437909999921   0.79714833238617999189   0.47719790592032002019   0.11521088463527999479   0.00369411537622999983   0.00090196603044999997 0.102731
  0.93154226056827005298   0.80860255441504003127   0.49372231434972002617   0.11139390684008999843  -0.00907172776523999976  -0.03466896477605999755 0.266141
  0.92998275356666004754   0.79959863206092995913   0.48887860758050000198   0.11935666782296000532  -0.00342615687109000013  -0.01827399839389999905 0.093735
  0.92228381165090000948   0.78426923097296996623   0.49080735747020998172   0.10885489512356000263   0.01619200079999999833   0.00922289075668000086 0.052633
  0.91671686772581995051   0.77760894678659997492   0.49612779370061999007   0.09369377327444000647   0.02912371059158999978   0.02098644397679999898 0.284209
  0.9305867349265599664    0.80977935113794996536   0.47913693633620002554   0.12432561556393000035  -0.02400347832428999933  -0.01301088538862000057 0.380023
  0.92595196004296997927   0.78379013813108999731   0.48846887331538002552   0.12107655706622000302   0.01420491451080999924   0.00293694842944000004 0.038915
  0.9240562495602999693    0.79211945344281997627   0.4896333394826499763    0.09984262124333000143   0.00815073719187999965   0.0234209109548500008  0.102918
  0.91937985810244005069   0.79931245325803002011   0.49640804445964997749   0.10338766049584000029   0.01766225101110999868  -0.01663187704561000166 0.167105
  0.92868724233327004658   0.78898193739875999153   0.48374536551854002697   0.12055074975505999935   0.00039185943681999997   0.01128817833270999958 0.043213
  0.92865697654334000699   0.79168559324619003359   0.4843365195271300272    0.13671952826454999985   0.0015602834796000001   -0.02350216874901999917 0.136326
  0.92520643130605995097   0.79201098839366002036   0.4883091344937700029    0.10906184799863999357   0.00650312376381000003   0.0116901410288800002  0.034639
  0.92054004403352995833   0.78494426630532998512   0.5004756959472800304    0.11930158599371999684   0.00695324142444000027   0.00261283450819000014 0.044176
  0.91784121500158999396   0.77760917804537998954   0.49266069040936000256   0.11513744219629000465   0.01753331310361000081   0.02875107656656999966 0.169342
  0.92694736892538998063   0.79410126855703999649   0.48982412828770999225   0.11830186141628999674   0.00181371062257999999  -0.00651772965377999964 0.022160
  0.92906986975935001993   0.77840574080251001554   0.48773205111991002614   0.10774580499727000327   0.01727662142447999871   0.01673084633859999934 0.146823
  0.92286927969334997535   0.79282158703845995174   0.49154161319826999987   0.12041397183973999441   0.00287640192737000002  -0.00055710731877000002 0.015662
  0.92778363046061995689   0.79461416430180997761   0.48998091278344002575   0.12738062956633000589  -0.00527758357139000017  -0.0020718023144599999  0.035941
  0.93194192688702004457   0.79716242830160999322   0.47681431325175999136   0.11962695322036999424  -0.00011576586111         0.00297670832647999994 0.121984
  0.9233905147469000374    0.78799880680440004266   0.49456035027340000676   0.11938292780037999818   0.00518598960304999992   0.00270380296276000014 0.010875
  0.9220291527251599506    0.79279704701006004086   0.49714963859877997487   0.1179885154741399933    0.00804365951525999948  -0.00856009395469000019 0.028025
  0.92345683257619004536   0.80099114923739000993   0.49531971922973999645   0.11643336096562000026  -0.00782314722391999964  -0.00404121151278999998 0.071668
  0.9253281781762799918    0.7880903909076599767    0.49018158479397000438   0.1199157580410700058    0.00869789907713000056   0.00119240844388000008 0.012856
  0.92080667806376004236   0.78799253193527996064   0.49387457043186000494   0.10764099795709000662   0.01631784507446000163   0.00205560948389000003 0.053207
  0.92603939236139998226   0.79295875621017997137   0.49095432719554998879   0.12244572166401999913   0.00012127359007        -0.00103994936486999996 0.013540
  0.92366153090342995036   0.79091163044893997291   0.49642807962211998873   0.13042107074657000032   0.00240985434801000006  -0.01594969732403999849 0.038918
  0.92482020620539995281   0.7917361489074800085    0.49033887077586002512   0.11440165368561999726   0.00547980640986000037   0.00478018144064999966 0.014347
  0.92776916064440995147   0.78977193913167997863   0.48531731957613999384   0.12029878267490000388   0.00001470089476         0.00874729612465000028 0.029840
  0.92346415470497000832   0.79204077004047002131   0.49419155884311999349   0.11856608227433000635   0.00603641986014000036  -0.00423324643485999998 0.012776
  0.92168987303738003636   0.78778088474583995993   0.49409864007234999272   0.12007351035209999635   0.00765221953328999987   0.00746642623004000004 0.020248
  0.92300424700937999667   0.78936098069864002458   0.49303001212619002036   0.11963059811814999445   0.00619259230562000003   0.00397038725909000002 0.010569
  0.92581295137476005142   0.78790703081781998662   0.49287728813775999459   0.11770027535478000402   0.00769492502125000005   0.00301496875431999994 0.015082
  0.92507703345440994713   0.78913566987298000566   0.49254336940289000779   0.11837869947602000509   0.00649029424778000026   0.00212194973605000017 0.009280
  0.9239476339457100007    0.78812564260396000826   0.49481486343585001642   0.12503827543904000308   0.00542834981806999961  -0.00320839723997000002 0.012355
  0.92203119498448005142   0.78529199743251998367   0.4954862524295899906    0.11785839205230999593   0.01255590804718999948   0.00188891760719000004 0.032563
  0.92503734301716999955   0.79104206651577002596   0.492087308504060017     0.1212988892610900038    0.00322993220435000006  -0.00030773262185999998 0.007165
  0.92264546411657000213   0.79114425460440995774   0.49689423606786997656   0.12084939941526999518   0.00215662693587000001  -0.00084348722347999999 0.009971
  0.92423659072508002055   0.78689503699291996064   0.4937851544269700188    0.12296018089565000087   0.00352484184476999996   0.00571208739239000007 0.014887
  0.92365726371000000938   0.79075433677857998038   0.49408995773907998794   0.11966460692965999457   0.00540852535629999989  -0.00174691297804999992 0.008355
  0.92365632140577003106   0.7916863958209700014    0.49292021460197998906   0.11469676489447999668   0.0041263037329200003    0.00517439961813999979 0.014190
  0.92387480581072001229   0.7890158309082100363    0.49434120122738001157   0.12245289780290000148   0.00510283829678000005  -0.00111269802544000001 0.008266
  0.92437487095918002833   0.79215223965513004156   0.49310167808242000298   0.12137543586731999734   0.00434094684585000033  -0.00200996758066000021 0.009106
  0.92521801334664000027   0.79172048541304995695   0.49465590488171001793   0.12170937813259999349   0.00271712899002000009  -0.00527000349024000017 0.008767
  0.92643431264946995984   0.79012928844350005519   0.49004557054463998567   0.12077723640793000537   0.00693992837781999983  -0.00193163442991999999 0.012983
  0.92359267624980001532   0.79089051306418001186   0.49518206968706002247   0.1208313586634300052    0.00335245229636000003  -0.00111552402509000007 0.007199
  0.92350795757675996356   0.79272282090532997234   0.49527600397101001484   0.1240654894096499955    0.00156031374877000002  -0.00597622930982999977 0.013521
  0.92468476448500003251   0.79003245763106999533   0.49322652804492000955   0.11980039695942999722   0.00525779912302999988   0.00009740497458       0.006968
  0.92431341791392995777   0.78899965711515995803   0.49475931194564998217   0.12054374004904999662   0.00401527857642999982  -0.00114185447470999991 0.007741
  0.923168743715570006     0.78852446859127001133   0.49323955416767001347   0.11982125175591999688   0.00607181296106000003   0.00349423110672000001 0.010206
  0.92470569593886997595   0.79092148120760996655   0.49430181720319998906   0.12123734653843000475   0.00355579998277999985  -0.0030789448409999998  0.006980
  0.92507897076182998841   0.78954633203542001763   0.4938761211316800015    0.12239026949511999653   0.00276284147028000009  -0.00047287002646000001 0.006823
  0.92578982428775002944   0.78894232966384003625   0.49376920282797998052   0.12375310077784999752   0.00143999952726999998   0.00016415144933999999 0.009459
  0.9252628169781500489    0.7914616716148600295    0.49346985094480999567   0.11958110251928000256   0.00228852958762999987  -0.00089380897940999999 0.006312
  0.92595682256185996017   0.79268459196817997459   0.49303417580352998373   0.1181452048774700031    0.00088137523304999998  -0.00078436445638999997 0.008592
  0.92514067122968002277   0.79229851690780994655   0.49262191989293002692   0.12116938109654000477   0.00280050631171000017  -0.00078197069836999995 0.008296
  0.92452023124286997202   0.78982437206332001267   0.49422496393247000723   0.12070015031092000413   0.00371158551025000012  -0.00105188353061999996 0.006435
  0.9261705978915000248    0.79005228062516996701   0.49188012689999000004   0.1208380263646599978    0.00358304366307999993  -0.00078708764983000004 0.008280
  0.92423715666021999393   0.7906809549544300264    0.49435658399028997723   0.12083302558873999788   0.00341010013804000011  -0.00103341493128000003 0.006258
  0.92445920233848000169   0.78978035665312995572   0.49573131324505997908   0.12021520787622000381   0.00376561973298999986  -0.00183677315620000008 0.007686
  0.9248928078475000536    0.79072663905010998064   0.4929983096893100214    0.12102796891486999886   0.00336385408651000001  -0.00068999275545000003 0.006304
  0.92485322005298997716   0.78983599457546005418   0.49308230204128999929   0.12020695805768999431   0.00337576998912999995   0.00173075642479000001 0.006392
  0.9249303033628499815    0.79065953046680004235   0.49410951586502999122   0.12177942800277999358   0.00104642780425000009  -0.00090114290739000001 0.005946
  0.92505307280177995199   0.79097306688465995883   0.49455100977507998605   0.12276894352445000269  -0.00105925785513999991  -0.00140041684837999996 0.007036
  0.92448654128635998628   0.79151672220624003096   0.49353772102271997735   0.11898594163631000253   0.00296924756831999995  -0.00047362553332999999 0.006782
  0.92463464865523004033   0.79102412466353999587   0.49362232104996001114   0.1198370236010100065    0.0029176460438100002   -0.00047343665661000003 0.006069
  0.9250834199427799831    0.79163859971174999064   0.49298799726108999408   0.12038835191720000106   0.00175585703953999995   0.00029820359549999998 0.006631
  0.9246610284178500283    0.79027792897543003292   0.49391572226462998607   0.12062220071248999642   0.00322265339257000018  -0.00071436174909000004 0.005966
  0.92468636725427999501   0.79177428866625998438   0.49440846589338999229   0.12101995838869999966   0.00204063369513999985  -0.00329947575119999984 0.007282
  0.92481150685331003913   0.79032056809815998122   0.49341384300431001542   0.12041020814043999765   0.00304198591562999986   0.00047319838078999999 0.005899
  0.92412633362083995703   0.78976824378795995596   0.49400224767637002099   0.12192218246750000099   0.00337902620596999999  -0.00021924122693       0.006420
  0.92497869613882000017   0.79103831465814000712   0.493602950127700002     0.12016637250632999923   0.00256115374221999991  -0.00072516704129000004 0.005954
  0.92452497218192997153   0.79060716822206000831   0.49467533574465999413   0.1201881172690599936    0.00203613492565999981  -0.00043478221284       0.005837
  0.92434105434914004551   0.79054743280802997063   0.49551384877234000426   0.1197681914461500019    0.00137227534524000006  -0.00030717694153999998 0.006377
  0.92527656187644002905   0.7906282567402800332    0.49342331202847000693   0.12016809115529999974   0.00153190047000999999   0.00010818420247       0.005888
  0.92509304095516997624   0.79015313105675000216   0.49409123862831000329   0.12127444899445999349   0.00156243937297000004  -0.00025792045250999998 0.005961
  0.92521066537165996824   0.79085772743863003154   0.49385634286820001559   0.12070668797696999797   0.00070402735101000001   0.00013515173883       0.005905
  0.92481786097316998063   0.7912173908179399584    0.49360252791781000781   0.11986518602250000043   0.00207810402996000008  -0.00019026549397       0.005985
  0.92502424595967003285   0.79041919599705001698   0.49396906095068998654   0.12092213325146999869   0.00169135553721999989  -0.00024100671287       0.005765
  0.92494738906313000992   0.79012583432951999374   0.49421285335942000128   0.12122518275900999452   0.00078945692570999999   0.00043836787095       0.006007
  0.92497086936990002837   0.79081019457598999978   0.49375542593562998794   0.12043107506950000152   0.00211822953809000019  -0.00043428331322999998 0.005759
  0.92500930384144997021   0.79055483989059005534   0.49358825764561997662   0.11916267628479999818   0.0026614501082899999    0.00076996360176999996 0.006005
  0.92495005348250003419   0.79063335782275001584   0.49397920131018002721   0.1211252400732899942    0.00145018338025999999  -0.00048336628009999999 0.005755
  0.92464207120291996844   0.79028185304679998691   0.49388238345645002481   0.12037493367604999717   0.00325256923794999984  -0.00047250371742000002 0.005946
  0.92506851682947999205   0.79071375884066996687   0.49386285301526000602   0.12062374940174000471   0.00134116282273999995  -0.00001676212523       0.005745
  0.9251268997133299532    0.79095007596810995576   0.49447455332398998484   0.12074259393300999788   0.00034766964235999998  -0.00097387052805999997 0.005984
  0.92489035506831995814   0.7904779450656499451    0.49367902058423002165   0.1204933045885799997    0.00236840684730999992   0.00011143115358000001 0.005739
  0.92453310908748997932   0.79059228343443999076   0.49455032048508001941   0.1210931153959100004    0.00213659054708000007  -0.00060777403269999999 0.005775
  0.92528741108386003411   0.79060841035678997013   0.49325662501570000096   0.12137475532444000348   0.00166584129857000004  -0.00012247155734       0.006107
  0.92471558190740998917   0.79060747875574000076   0.49432065806241998196   0.12048477678289999659   0.00194356151889000009  -0.00035670454897       0.005697
  0.92534009845160003493   0.790628360251509954     0.49330508613439000287   0.12026697765992000466   0.00150104266776000003   0.00013421009043       0.005958
  0.92473485642852004673   0.79060130263870997958   0.49423901189740998552   0.12088658096191000346   0.0019777035772499999   -0.00042227800192000002 0.005693
  0.92475249840236994903   0.79086214990279002368   0.49397632931768997722   0.12042610904117000137   0.00204172702428999982  -0.00029298099242       0.005727
  0.92473308466963000107   0.79048846976610998016   0.49426359879343001458   0.12091551188035999653   0.00158935218548999992  -0.00005260361846       0.005689
  0.92461419231950003894   0.79032760736118001788   0.4945176852223400199    0.12115773028578999404   0.00132491350919000011   0.00013823622893000001 0.005787
  0.92468157761940994455   0.79061701050046995221   0.49413462257996998428   0.12015143747893000659   0.00230378794506000016   0.00014006690229000001 0.005733
  0.92443413453573997085   0.79050436003582003064   0.49434156072979001939   0.12049549084287999867   0.00273368354336        -0.00027426091007000001 0.005862
  0.92490992125604998275   0.79066140913946003632   0.49398252994389002524   0.12059168476201999332   0.00168929300289        -0.00008113682144       0.005680
  0.92461881835948001029   0.7908013285021100458    0.49462656294737000762   0.12065872904718000225   0.00148006823730999996  -0.00046664351388999998 0.005736
  0.92468670253669005277   0.79072048264299998888   0.49438967735659000713   0.12061737293252999814   0.00170215288980999995  -0.00032212484702       0.005688
  0.92482930411414998595   0.79069675378146997424   0.49425597921051001027   0.12115590797469999451   0.00134414212114999996  -0.00064934317902999995 0.005740
  0.92471850924308995889   0.79063694632072001323   0.49416496173759999477   0.12040255510286999863   0.0020638764890800001   -0.00005728561804       0.005687
  0.92474705361142994775   0.7903765465184600103    0.49447714994608998884   0.12087338509969000611   0.00161358619685000003  -0.00013773015952999999 0.005739
  0.92475113720462998046   0.79074074905670999058   0.494101534474789994     0.12053792805580000602   0.00193469181743000009  -0.0002541682842        0.005684
  0.92479582187213005273   0.79067564109915999815   0.49405978000548000928   0.12083243444893000673   0.0017087951350900001   -0.00003982784806       0.005674
  0.924835941854490029     0.79070972227087998885   0.49392934097702001495   0.12100626328194000192   0.00159141194319999991   0.0001186105024        0.005709
  0.9247968691655500395    0.79070659670301002286   0.49408168220651998981   0.12041258143225999633   0.00158501692935000002   0.00015322898951       0.005677
  0.92481990242307998695   0.79089213855457995983   0.49399645644819001333   0.12021600703111000319   0.00197192323573000018  -0.00014783452462000001 0.005723
  0.9247547891079900273    0.79058938696323000084   0.49419681320712000039   0.12074063566805000314   0.00168499494805000004  -0.000076411345         0.005669
  0.92488898007979003513   0.79061642711776003445   0.49380608983521001587   0.12055523355745000058   0.00185340321748999996   0.00020359120460999999 0.005694
  0.92473727192247001661   0.79069446876169002802   0.49424378047624001331   0.12060183808876000222   0.0017399654717299999   -0.00019069583411000001 0.005671
  0.9248634275998499632    0.79071913758703005204   0.4940570783670800159    0.12083647904906999471   0.00138370927909999995  -0.00010571809639000001 0.005692
  0.92475473883227998773   0.79065749413730002093   0.49413799089497001393   0.12051103608942000112   0.00189383468658999997  -0.00006939373763       0.005671
  0.92483200018085998106   0.79058758321124000812   0.49413265776995002332   0.12069214210735000614   0.00149927490713999993   0.00015275608529000001 0.005678
  0.92464724243771001522   0.79064231448574995298   0.49430170490954000728   0.1206718711829000007    0.00168133435642999992   0.00005768892477       0.005681
  0.92484425155146998687   0.79065663547603004524   0.49406232368530000887   0.1206117313672400021    0.00168730334126999991  -0.00004643038489       0.005669
  0.9247292473031000215    0.7907391578355700279    0.49412813238858999121   0.1205446102575399997    0.00193402859689000006  -0.00024259947201999999 0.005685
  0.92480631196142004669   0.79062547686731998731   0.49413152642461000141   0.12065525914489999559   0.00160796332958000002   0.00005391719596       0.005668
  0.92476752591704003414   0.7905931043985700013    0.49419572269139000475   0.12090506350351000464   0.00185593537475000009  -0.00027617630741999999 0.005680
  0.9247895333534199569    0.79067822362689998972   0.49411019232774000542   0.12053570195007000387   0.00165274654070000004   0.00004587766528       0.005668
  0.9247664770375499943    0.79062492084500002321   0.494234428999849984     0.12038629965387999399   0.00171347430422000009  -0.0000545509654        0.005677
  0.92478848566349003413   0.7906629610356199489    0.49410344225406999108   0.12072090075017000155   0.00170996492737000003  -0.0000435086274        0.005667
  0.92481880902113999809   0.79064489010630001342   0.49414470189671999556   0.12077765290031000633   0.00146714483297999995  -0.00001635670576       0.005675
  0.92477075637949002207   0.79065434312954996354   0.49413966864540997959   0.12057769029213999401   0.00178716222319000003  -0.00005613447966       0.005666
  0.92484743741662001071   0.79059454027119002717   0.49400420837184000344   0.12067880163543000249   0.0016367462983199999    0.00014979917554000001 0.005677
  0.92476481329601001313   0.79066948663906999606   0.49418388745014002472   0.12062107897542999335   0.00171416067837999991  -0.00010557208169999999 0.005667
  0.92471397836914004387   0.79063665727787002524   0.4942261864177299735    0.12067202422634999703   0.00169836087449000005  -0.00001418017262       0.005669
  0.92474654666472000386   0.79064165182740997473   0.4941852207346200121    0.12065695101156999336   0.00169559649118000005  -0.00002224272569       0.005667
  0.92480069333153003264   0.7907213274120600266    0.49408783273841000439   0.12051522504004000269   0.00170420311542         0.00003385699393       0.005670
  0.92476626516386994936   0.79062237207543994977   0.49416956808994000339   0.12068428301104999756   0.00168979698988999997  -0.00004884426027       0.005666
  0.92475819302290995783   0.7906138735645700244    0.49419424553851998283   0.12076968577834999719   0.00174880167250000005  -0.00012000599153000001 0.005668
  0.92476602810553998335   0.79062996108015004548   0.49417323223582998448   0.12071118982127999886   0.00172478788955000004  -0.00007853507732999999 0.005666
  0.92472798646294995795   0.7906681150617600462    0.49418681337872999437   0.12066877214231000459   0.00183252640360999993  -0.00017219627997999999 0.005671
  0.92478673058680005425   0.79063613641593000203   0.49414534816313998578   0.12065863739425000678   0.0016641040980899999   -0.00000261117302       0.005666
  0.92480114640035004925   0.7906501016311799912    0.49411982821155997492   0.12066764240320000667   0.00173439577764000004  -0.00008949250744       0.005666
  0.924794990803839978     0.79061580515022000792   0.49409980841651002237   0.1207190355819300065    0.00172257662352999995  -0.00000080329334       0.005667
  0.92478744642688004429   0.7906292255224299792    0.49412082817491997933   0.12069454643030999574   0.00172047263723999993  -0.00002699549043       0.005666
  0.92477097202415003974   0.79061108558260995149   0.49418604891952999658   0.12061042903391000491   0.00173027494450000009  -0.00005736236865       0.005667
  0.92477535043398995107   0.79062405444586003611   0.49416539725316999121   0.12063804696296999419   0.00172519744021000011  -0.00005389893334       0.005666
  0.92478410725365001177   0.79064999217236997531   0.49412409392042999645   0.12069328282110999839   0.00171504243166000002  -0.00004697206271       0.005666
  0.9247819180487399926    0.79064350774073999251   0.49413441975361999114   0.12067947385657000481   0.00171758118379000007  -0.00004870378037       0.005666
  0.9247683922425149472    0.79064215210485000451   0.49415645044061995428   0.12064444005670998949   0.00175597505637000014  -0.00006733477849499999 0.005666
  0.92476851077167998572   0.79063835760249490114   0.49415461836767499149   0.12063098665159499578   0.00173847960653999989  -0.000052489369965      0.005666
  0.92477305340673998657   0.79063919878770505534   0.49415253294928995764   0.12060786862755498716   0.00175617983170000018  -0.0000550167065        0.005666
  0.92477874348314503816   0.79064523977273992728   0.49414250840427498268   0.1206181638431950004    0.00172563316063999985  -0.00002937282634       0.005665
  0.92477910140318497767   0.79064178432598997137   0.4941302484101649517    0.12063611836122499488   0.00175381743021499987  -0.000041564985045      0.005666
  0.92478595138992003566   0.79065222238036492186   0.49412974842848500501   0.1206226663476699934    0.00176077900041500014  -0.00007281349355       0.005666
  0.92477753963890996225   0.79063053887749001891   0.49415507141998998852   0.12065185592749999577   0.00172265868807000002  -0.00005216721568       0.005666
