  1                        1                        1                        1                        1                        1                        1                      11189.000000
  1                        1                        1                        1                        1                        1                        1.0500000000000000444  11189.000000
  1                        1                        1                        1                        1                        1.0500000000000000444    1                      11357.300000
  1                        1                        1                        1                        1.0500000000000000444    1                        1                      11329.250000
  1                        1                        1                        1.0500000000000000444    1                        1                        1                      11301.200000
  1                        1                        1.0500000000000000444    1                        1                        1                        1                      11273.150000
  1                        1.0500000000000000444    1                        1                        1                        1                        1                      11245.100000
  1.0500000000000000444    1                        1                        1                        1                        1                        1                      11189.000000
  1.0142857142857100161    1.0142857142857100161    1.0142857142857100161    1.0142857142857100161    1.0142857142857100161    0.94999999999999995559   1.0142857142857100161  11132.900000
  1.0214285714285700202    1.0214285714285700202    1.0214285714285700202    1.0214285714285700202    1.0214285714285700202    0.9000000000000000222    1.0214285714285700202  11020.700000
  1.0204081632653099199    1.0204081632653099199    1.0204081632653099199    1.0204081632653099199    0.95612244897958997836   0.97142857142856997577   1.0204081632653099199  11072.792857
  1.0262390670553900307    1.0262390670553900307    1.0262390670553900307    0.96195335276967997018   0.99358600583089995428   0.96326530612244998242   1.0262390670553900307  11035.583673
  1.033735943356929976     1.033735943356929976     0.96945022907122002653   1.0010828821324500026    0.99175343606830002052   0.95276967930028999554   1.033735943356929976   10995.757580
  1.0506039150354000711    1.0506039150354000711    0.92917534360682996208   1.0016243231986698969    0.98763015410245003078   0.92915451895043998931   1.0506039150354000711  10857.061370
  1.0481942047956200881    0.98390849050991002755   0.99921461295889002496   1.0015469744749199155    0.98821919438328997831   0.9325281132861299449    1.0481942047956200881  10912.939400
  1.0619639775943698901    1.0293109163698799247    0.99899021666142995279   1.0019889671820398913    0.98485324992137002198   0.91325043136787997788   0.99767826330864994855 10890.164943
  1.0153822569070500847    1.0376854639041299677    0.99870170713612005375   1.0025572435197700472    0.9805256070417599501    0.88846484033012995685   1.0470149099682699578  10804.783498
  0.99807338536056999789   1.0565281958562000586    0.99805256070418002512   1.0038358652796499637    0.97078841056263998066   0.83269726049519998679   1.0705223649524000518  10612.675248
  1.0648317955814901037    1.053836377005900049     0.99814529590874001563   1.0036532050282400697    0.97217943863109002045   0.84066405761448004252   1.0671641570975300972  10640.119283
  1.0571160986922401026    1.0429791319521899418    0.97137631339870000868   0.97845791083805000454   1.0206447009804999748    0.83187419652474003939   1.0601148492128500411  10632.705405
  1.0601072039412600123    1.0419311038469099007    0.94987033713528001844   1.0416283093532199278    0.99091219988622003534   0.80249714480293998786   1.0639627403248999027  10554.806512
  1.0770412723841900071    1.0497771222426699467    0.91168597217521996079   1.0814657876449900176    0.98957529691388002036   0.72211306414318998659   1.0828245769596600567  10314.417932
  1.0808070426982498979    1.0548411854206201088    0.92332580440400002786   0.99930658104187997104   0.95396869871292000465   0.81493761210916004778   1.086314951817749952   10367.895309
  1.0633593630176700895    1.1126277505994799366    0.92385724614371000918   1.0185480655860899013    0.97739221985238000645   0.74881221277247000945   1.0704409604570199743  10319.929025
  1.0499882717684299038    1.0910301345193900158    0.90261507943610996829   1.0228372438515500598    0.97862644143745003422   0.72110754652060005121   1.1417462439863799162  10179.778935
  1.0440004188554599107    1.1218897435941499463    0.85442751082345003155   1.0332613821863099179    0.97551303719548998483   0.62503610409695997685   1.2137802343252499515  9824.585930
  1.0594616211331300271    1.0901045154420900829    0.951073428838310031     1.0322410475456800238    0.97238750385437999757   0.6183124832656200498    1.1354423977710199622  9917.889525
  1.0436994050303700643    1.0972343787390699266    0.86865437165913994555   1.0383801207210900941    0.98789766653238997307   0.64327392335904998166   1.1383902244727399644  9928.480252
  1.0475817608733699604    1.1235931228747499944    0.86607422795787003533   1.0806960463064299027    0.93007610862638001592   0.59817799211572997287   1.1678039252888199329  9734.686944
  1.0428145919639399963    1.1639001183360300207    0.81342318523746004466   1.1318151140406200739    0.88479181244932003647   0.48132988991122999112   1.2216484633268001048  9285.677713
  1.1194076760917199831    1.1407217511078300287    0.78664673051904998591   1.0918835915108200396    0.95536194244043004531   0.49696425083556999835   1.2005752947990999679  9375.574948
  1.0477027711521700315    1.1669460660254700191    0.82232232285210005163   1.1228634501682899227    0.97257972392658997851   0.42387436742915002297   1.21742852021412995    9336.834784
  1.0606771388711799808    1.1246790195397500245    0.79278090302907000542   1.1334263612190000892    0.94778120395119003216   0.39716038238203998922   1.2752989572197499513  9103.916998
  1.0593360267979399225    1.1307046540098899534    0.72724273147175000354   1.1908655090354500761    0.93297569600059004902   0.22133446718682001086   1.3777279556011199357  8495.910985
  1.0419365879085900062    1.2106517998300498906    0.75225410822514005016   1.1017657024145099953    0.91942681234303003102   0.28077993188091998622   1.3471734489003899249  8589.854679
  1.074774793227619929     1.1955995207882199605    0.76202849061722000013   1.1629615355365299223    0.90154134152756004728   0.25604936081417001281   1.3512601512237800705  8593.327909
  1.0633877691518500708    1.2328708141840900581    0.62559659394630995344   1.2064493195664700576    0.89680974354077003241   0.17750705163575999923   1.4158701931977100141  8225.472461
  1.0653508431612099816    1.3042539635550900456    0.46285817650031002568   1.2935534555768699594    0.85902086338395999832  -0.0428956641791699983    1.5560840909110600361  7379.263929
  1.0849490926597400442    1.2531896488780200905    0.6103655592974199795    1.2797981487517200438    0.86040073196778998899  -0.02005421727448000041   1.435333458525140049   7620.112626
  0.99969652587147994627   1.2664913264415300631    0.62778029068134999502   1.2748658129246099868    0.85342005230210005173  -0.03970192633024000051   1.5156121591158799866  7567.562944
  1.057685360730840074     1.2687085144999099562    0.53652126058522997543   1.2873152007689399046    0.80215665035179994913  -0.09906241256936000605   1.583954259101350015   7100.796869
  1.0626766555201700992    1.3195897387371300358    0.39362072945178999683   1.3695410760692698915    0.71694511356440004946  -0.36053080256862002351   1.7672171285449600475  5982.777911
  1.0682484152208500117    1.316237210875379926     0.42547683940396002766   1.3462852403333700479    0.84198836214766004105  -0.39704956147426001545   1.7356110774795800999  6208.268283
  1.0344235345266599158    1.3190057198766600433    0.38071391939184001663   1.3675170202079800497    0.80822369610373001603  -0.35836872445960998856   1.7158139399414000792  6219.172478
  1.0651151531651399385    1.3349117037052899981    0.28433396211727002267   1.5046418012709998901    0.75856590636275000872  -0.56571319733794001028   1.8252264968479399165  5545.307937
  1.0767044357934099086    1.3970416556429099408    0.05037388906332999905   1.7060798506992400636    0.67813545337261005308  -0.98895976194737000853   2.0642530208217100274  4023.034566
  1.0526781168459200533    1.4909551357063199895    0.11595424103967999496   1.5627460922682800959    0.67220552481147999302  -0.85206608382503001842   1.9908220087816599353  4361.286940
  1.0178447721801699988    1.4364031370748400196    0.09157103656894000077   1.5546557221281700478    0.69101042965675996133  -0.84839507552102999544   2.0919275202166498495  4305.992246
  1.108282552199489901     1.4716476911208500322   -0.07904633884711000091   1.6395280320134399954    0.65158835999521003135  -1.0598025519483600387    2.1763103513689801005  3426.664585
  1.1625755653634899378    1.5742258734605099058   -0.43245965361133997806   1.8218591415578599957    0.55067251384176996165  -1.5698528647574199191    2.5066594474955299354  1356.215405
  1.0704067269675499041    1.5110198854088399134   -0.16992931898367999444   1.7717848710700399018    0.55788802047273000628  -1.4928822999789299608    2.407431378597939986   1894.092594
  1.1116149477280699021    1.5511293192393200702   -0.24511170141106999876   1.8133264066852299301    0.53716070900124002208  -1.5015559755611500581    2.4453065120408901123  1818.446934
  1.09018050489308993      1.621009859201729908    -0.48147134737035002239   1.9679985198032299287    0.41630242777261999843  -1.778448399714180006     2.6282794986630899636  575.116459
  1.1011465497292098892    1.7733961833648999029   -0.93494544075749996814   2.2788551595381600912    0.20345946058510000487  -2.469147818834149799     3.0746137092548400105  2245.459452
  1.1036105072717399267    1.7037773657584300846   -0.6996415450816400039    2.1157305251341700369    0.45544776612965998108  -2.2200864720899797788    2.8426912676314599615  748.439299
  1.1281611574962300271    1.5932183202326999361   -0.65500242413276998921   2.080521061182559972     0.43825656668777002167  -2.1194141589092700961    2.8624776042089901118  585.727253
  1.1945134693951400262    1.6925746569092900984   -0.8439259227196600488    2.2388586710524998047    0.34723627242277999017  -2.4862334767527700663    2.9815292596289499905  1926.923844
  1.1693135296681100854    1.8163741387030400976   -1.058243007152050108     2.2396570625823599698    0.26556862557840998917  -2.7734612802708298318    3.271282684397390117   3342.811424
  1.1461612561994301007    1.7115410179380099454   -0.78108878309819995689   2.1062627596115799378    0.36871033252696000515  -2.327335900689969872     2.9695252685034700946  1502.349926
  1.0376895780104600231    1.5262600977305800232   -0.14598972690577999289   1.6689936961031199836    0.60260325227228994649  -1.2307882580189200006    2.3505767338400098687  2728.453819
  1.1553074965489700254    1.6509960171146100816   -0.66944187376619002094   2.0963924273151501865    0.41107801738515997725  -2.1723721720693101034    2.823791128181719845   764.079428
  1.1860536831755998932    1.7478080497183900999   -0.96270420343676998964   2.2288125121556099373    0.35000578905446000366  -2.4182793982471499916    3.0436345433235301172  1850.897482
  1.1571419441235899495    1.6886110086409999997   -0.76451048232348994826   2.1145556018842199819    0.40197634690903000232  -2.186930123680100202     2.8845837521421300309  915.649963
  1.157853175670940038     1.7469790985741100453   -1.0359214726986401001    2.2733364608829900178    0.3321089970710400241   -2.6054269078417697791    3.1312671927666499982  2555.279507
  1.1231745047137899896    1.6000917640730198954   -0.44281414423296000527   1.928328920234670063     0.48589778101869002258  -1.7775237086313100399    2.6167966822223300838  726.015324
  1.1167392239179700919    1.5547247559139900641   -0.40329449419287000111   1.9295618681346700107    0.53404150168580999392  -1.6225577849819099452    2.5062688402237398577  1401.050282
  1.1240947319883300981    1.5939288214199900384   -0.49774306641920001981   1.973737091003890054     0.4927087093961000086   -1.7987523139089200974    2.6220829472936801885  676.200230
  1.0893303909324401069    1.697669314094200077    -0.77057602733912000659   2.2573591860301100986    0.33551823338651998174  -2.445440663529169889     3.0021128040311602092  1651.805099
  1.1442642717557300891    1.6050867336189300616   -0.51698874704328001695   1.9307341526759200789    0.49688394372796002019  -1.7887498144503599651    2.6305227866294398353  605.210279
  1.0910846772100899482    1.5594201003359700053   -0.36780470283262001185   1.9121423116442299861    0.51133085655323995411  -1.7145976019694200154    2.5515996520952097804  1053.448909
  1.1406276273952200562    1.6563132815647398921   -0.66533403745077002167   2.063952279324220207     0.42931497432007997839  -2.0688469932524298223    2.8013377271304000793  424.375245
  1.0887248764550701008    1.5985543102766899271   -0.46169964387123002547   1.9210368725016100377    0.50743974520138002138  -1.6995769310610999714    2.6059770186123900615  998.936713
  1.1386618415254901038    1.6378855904051299319   -0.6175063162924500082    2.0525535386117699232    0.43516844933921000615  -2.0541733618172601794    2.7693376007893899526  324.325393
  1.1504365326619399035    1.5269467401033500753   -0.40803276433030000181   1.8836482071047599973    0.45727590594532002699  -1.6044588852482299934    2.5661186886363500648  1104.471985
  1.1153170136192900319    1.6595697093446599713   -0.62673934989379997962   2.0577099456268199695    0.45590480108358000244  -2.066179575379540001     2.7735481228826799338  286.211478
  1.1286275377643200102    1.6476260404378000324   -0.71741022393922004863   2.1080158192591600397    0.41825646821769002504  -2.1294947534921098153    2.8367993999484300005  658.047438
  1.1290023978543499705    1.669131045667350044    -0.72524334675869994715   2.1009729994200201375    0.39017347093215998255  -2.2027639880954099638    2.892860692778440157   988.303107
  1.1253216484548300702    1.6127293774818300953   -0.55461813650406999177   2.0055460681079200214    0.46707489978011001996  -1.8997552324555400105    2.6897773836648699586  262.033133
  1.1235250522756499159    1.6054633515192600068   -0.45906416425720997232   1.9374171994072499903    0.47857383541412001904  -1.806381685358910083     2.6361379497569599195  607.407943
  1.1248006736478100009    1.6160040237488999537   -0.52365067917771002115   1.9800668543702300006    0.46349449361500999478  -1.8871599523922100161    2.6863033123048301043  292.892425
  1.1023272902534000384    1.6511218840895500737   -0.66138905033440997805   2.1287939236174397983    0.3904065170144300212   -2.1752438066697599162    2.8583518561260601309  745.325826
  1.1337800263801500744    1.6165955212365898941   -0.55308882286605998146   1.9802490954112998978    0.47026458704958001844  -1.8853733125052098973    2.6874800540035899132  269.508245
  1.1200357956225899247    1.6696694977626100886   -0.494257201454429973     1.9503578820332900801    0.45817904272942999722  -1.7777106489525500432    2.5763977384878198329  688.555564
  1.1261298170278200015    1.6123311146151799722   -0.6148161184631899534    2.047980266395240001     0.4432371856981799918   -2.0339882814200898054    2.7909576377787002066  268.156548
  1.1682876802642299108    1.6393983174831399108   -0.7058867842433800277    2.0857323510103400466    0.4878288267661700095   -2.191687802920760042     2.8570753123524701422  712.080436
  1.1097072987358700402    1.6256069737720799662   -0.53757520658861002172   1.9974319776050100117    0.43418402752100998532  -1.881758250515819908     2.6854784520854297902  255.300062
  1.1090061781451399092    1.5953216643222198901   -0.48552157105948001714   1.9707727909981500591    0.47620743827611000665  -1.8478352828863300328    2.65091443387230985    480.358158
  1.1327222650827000194    1.6410653772541099471   -0.6203809208529500463    2.04065740724269995      0.44103809030909002509  -2.0135940656609099264    2.7637319038158798534  199.236296
  1.1092749421740699667    1.6146578660101100766   -0.53417060780652003693   1.9787726370337199722    0.47203100353408999901  -1.8509148297054001109    2.6813129325066000774  416.277317
  1.1313151166876400655    1.6320786593063800751   -0.59667238917096998563   2.0341083132172599335    0.44438408788792999049  -2.0033587287892999917    2.7473314337186898193  140.276435
  1.1249973794917000891    1.6411321856827700838   -0.64888959063361995039   2.0666997380886997782    0.43824484333627000687  -2.0511278895296198854    2.7817838271094101898  322.876347
  1.124849850108780025     1.6222860642323699842   -0.55496040704169002922   2.0017250752998498875    0.45718208104532997993  -1.928151936676560041     2.7101734410059798996  141.670907
  1.1372047070886499576    1.586914030054920044    -0.52529265053120999251   1.9730609695958301053    0.44619947299962997578  -1.8326717983414400059    2.6764319645667900005  376.364754
  1.1207889369866299578    1.6414057895222300409   -0.60137767505314998484   2.036547701619070061     0.4534784690625899839   -2.0078026311200201093    2.749269083303710115   121.704839
  1.1150299545010700086    1.6369768662446000373   -0.61273999246955002107   2.0666071358707100991    0.4270436533230599907   -2.0484578665342900727    2.7801540418173398272  289.338682
  1.1290925084103800025    1.6216908574885899874   -0.56800161526693004888   2.0018386055261498946    0.45945935361794998375  -1.9261444510124801077    2.7106485509570301673  132.651583
  1.1235266471055600501    1.6439154851155599601   -0.53763712453062995067   1.98569263320989009      0.45870595979438999468  -1.8690303746457999079    2.6537310046646100936  360.644063
  1.1254790245472598986    1.6202272072402799097   -0.59552136998005000823   2.0324083580989000808    0.44710437922223000839  -1.992748804726520051     2.7566509795001801209  112.107877
  1.1243797802763899618    1.64565945932275004     -0.60952174462574004732   2.0358017714946301524    0.42916238269592998922  -2.0298330156877799624    2.7740180004456700402  274.673455
  1.1250861814102199876    1.620961897942059915    -0.56834403853449000366   2.0131099939545999966    0.4575967705090600024   -1.9322746782635999985    2.710837537860069979   130.733424
  1.1443880964737300765    1.6314546985096400888   -0.63535576938287996462   2.0483952952402799674    0.46874261009446999138  -2.0622632626982899673    2.7855623851035797856  303.967667
  1.1183774981703400453    1.6270689049564699413   -0.56202034728717997769   2.0101728070138298321    0.44282367316437998284  -1.9268845035614399208    2.7104994353399698426  118.607058
  1.1172746252948000389    1.6119973029425700428   -0.53587560552832003147   1.9964599798229198946    0.46239871383647002112  -1.9056532869533500119    2.6920996566657300342  239.556264
  1.1288603551357199173    1.6337983586762199195   -0.59925459202178998908   2.0296080503877500512    0.4463782461909400201   -1.9866088709840199478    2.7458238420283400671  90.817734
  1.1262928988478499992    1.6340658429482699532   -0.61395160076247001779   2.0433588760766001613    0.44316791314184000861  -2.0077973971684102139    2.7558439483391601321  164.721393
  1.1252106122935499055    1.6252310089113399805   -0.56970820547187994709   2.0121335254940397874    0.4536785390694599851   -1.9480633017995199197    2.7215910678392698507  69.208610
  1.1180834881563899152    1.6223167763328198987   -0.56453556614774003108   2.0046971273811200476    0.45862146377967000221  -1.916791911630010059     2.7113315653751901557  174.005023
  1.1280072095548299149    1.629638188562990031    -0.5886381834151600545    2.026755516758230069     0.44794343186086998942  -1.9817170244994799511    2.7383314666328097964  63.162814
  1.1199960110463500484    1.6349752441718599094   -0.59910250237983997401   2.0440859525671100094    0.44025593469049001394  -2.0098840675459799243    2.7559238526156399907  152.270285
  1.1268183840693699604    1.6250119541594099104   -0.57577683704516002816   2.0124004422863901453    0.45465849888608000917  -1.9470793551458500659    2.7219673763716798476  65.654884
  1.1244972530919798981    1.6368613626376400383   -0.60088373582961995822   2.0326118350905999499    0.4412790116213800018   -2.0079837479755000551    2.7589148195730599511  169.633589
  1.1249389493306600762    1.6249367641159500053   -0.57647896285827004981   2.0179854542385999849    0.45351733078714001612  -1.9512019456915798976    2.7228568582883201366  60.279033
  1.1299802153281499617    1.6117120352270999373   -0.56073618154099003075   2.0038706281745701787    0.44540841641771999893  -1.916284170710949919     2.7129369241250200773  132.033268
  1.1230867565720099588    1.633982350948449902    -0.59121730167510999632   2.0283784332579499754    0.45146095590136997577  -1.9849230160177500082    2.740186043509039937   59.912207
  1.1337371565449199107    1.6280241900762799645   -0.60843549627493997978   2.0354471302781300679    0.45853100738364999112  -2.0137847303999101278    2.7601884601370700878  157.030365
  1.1222174127639799046    1.6273077262364199491   -0.57362413453411997821   2.0164913878299102201    0.44675050671920002454  -1.9486095602710600261    2.7229216915392497889  54.610905
  1.1257037410870600613    1.6368888932199399111   -0.5686781205975199871    2.0086638734019199859    0.45414919489636002004  -1.935309216533269927     2.7043999765594501916  118.447987
  1.1255352036822099393    1.6243926287351999616   -0.58881055763442002871   2.026472236924659942     0.44886558314076002718  -1.9783889076782099625    2.7435882287650001921  56.185042
  1.1213723672261699527    1.6206303903722800719   -0.56196088873081995185   2.0105682344093298575    0.45558599562759999335  -1.9391005893312500685    2.7145883673846200601  107.368824
  1.1269883581583299836    1.6305063666002399536   -0.58993116619904995002   2.0248480963931498877    0.44868018355009997578  -1.974731800570830087     2.7380149733674099544  43.066207
  1.1255300374582799527    1.630704985191129941    -0.59728526405991999582   2.0316754938456398349    0.44685760117211997811  -1.9852657295932700787    2.7435136860103002121  80.469172
  1.1252904685847300303    1.6265995029812900796   -0.57660247011888998703   2.0170190175819397993    0.45197330459511997347  -1.9573639087479599574    2.7270717223820302166  37.467997
  1.1234857184011299847    1.6313776253207399325   -0.59145252765056000044   2.0327281699948800409    0.44511044298664997898  -1.9891881201332599627    2.7445957620522798415  85.639315
  1.1259852176523099665    1.6266033719497399179   -0.57969575969650999347   2.0174823742135101767    0.45227148491121998974  -1.957606546392699931     2.7276244727918301791  33.994966
  1.1217191809435200778    1.6258843004562399948   -0.5760362030752299578    2.0157236262245499248    0.45306209659767998632  -1.9476617427491200729    2.7251725306937299997  67.099257
  1.1264352024019999021    1.6286997165362999684   -0.58548768833017994506   2.023997544124810144     0.44922309804506999065  -1.9732032040618900925    2.7350417326480398472  32.855403
  1.1252149420452199902    1.6316608541662300791   -0.59076934519552004588   2.0262114287116701483    0.44626127403081000677  -1.9844628953771099589    2.7441285317124202159  79.662116
  1.1250079475092999992    1.6266177866285200793   -0.58005155844258005082   2.0200419478568698572    0.45170331659806001179  -1.9595171831129600815    2.7281747766443498193  31.692640
  1.1276160465002400546    1.6205111060994699113   -0.57284079402652998692   2.0134365967205800629    0.4483868948299200019   -1.9434830156495699338    2.7233675559589300974  62.629668
  1.1242190790540700362    1.6306145397361999638   -0.58662317476296998997   2.0246429741236098288    0.45069244063350999419  -1.9745630159256999381    2.7359814216215099236  31.625271
  1.12479156378200007      1.6318785171701499781   -0.57462257153252005448   2.0148201465392800991    0.45150422687418001466  -1.9489240120598199102    2.7177919972334101395  65.673276
  1.125349293707160081     1.6262641008439400192   -0.58526356110894994789   2.0235592143283200883    0.44952524407410998641  -1.971022683773610007     2.7371391708821000144  28.007419
  1.1290041778268500305    1.6286652409853599188   -0.59313454508276997057   2.026820374633580002     0.45441208539714000869  -1.9851071090391299023    2.7425206714142600362  64.942748
  1.1239141040297000451    1.6276471049236600486   -0.57850173717127995054   2.0190736345308302191    0.4486659013886900027   -1.9577339474630799376    2.7278214365080000192  30.947221
  1.1233548741100300994    1.6246496687139500015   -0.5735619622670500295    2.0168138198239597969    0.45247832794868997341  -1.9541283392799999596    2.7245149504834098586  50.412619
  1.1260799871462598976    1.6290421921286699636   -0.58583886521604999764   2.0228395272508499225    0.44962971964975001482  -1.9695809352481199461    2.7346399676464101525  22.327636
  1.1252783404155000113    1.6292544435178599738   -0.58952962837497002724   2.0263059013977198219    0.44851561120499999769  -1.9749868101029099954    2.7376205572586100878  41.843750
  1.1252874365424199166    1.6272632381154299441   -0.57983425968291002484   2.019340738535880142     0.45110888124759002116  -1.9617696340866999094    2.7297089311011801804  24.311867
  1.1243842253165199363    1.6294391077396099821   -0.58647591022204004219   2.026373506001109881     0.44788525841357001989  -1.9759336260850299816    2.7376633663657701234  41.300566
  1.1255849695683599609    1.6273123058972100985   -0.58139079732789000765   2.0197051571604101028    0.45117492828680999528  -1.9621883163157800567    2.7301341961853098361  22.294667
  1.1236913169000799506    1.6269463601133100639   -0.5795134413019999986    2.0186319398142700265    0.45149131106307999195  -1.957189857631240093     2.7288439532344899163  36.077053
  1.1257492310265200253    1.6282613774305501053   -0.58399412657313998221   2.0226561430471701186    0.44979015129957000685  -1.9691998674542299241    2.733492287794649922   18.777844
  1.1253303670834100547    1.6294978873931000862   -0.5860760192269000024    2.0233344489937201693    0.44846447385338000791  -1.9736423598205299346    2.7372301981382700653  38.044141
  1.1250885524028300111    1.627337811819659974    -0.58155767363865995545   2.0208650731410799928    0.45089360591188998306  -1.9630484772898499912    2.7304386320178299918  21.443661
  1.1263676564954299142    1.6245649263092600822   -0.57805711687100003182   2.0176540224462597983    0.44953282561175000875  -1.955306658826120092     2.7278398989886301074  34.758819
  1.1247562234144099502    1.6291021363794699894   -0.58448166028998005395   2.0228957362042701007    0.45040253687807002558  -1.969748926650799925     2.7339460409632900806  18.247776
  1.1269132370582899405    1.627948084394889916    -0.58788710392516996261   2.0243153910885900437    0.45205554642495998641  -1.9755685784852299314    2.737749771089359907   37.040535
  1.1246638872868499615    1.6277223497914699024   -0.58084807885974998332   2.0203840736702698422    0.44951331264776001051  -1.9621926052186200451    2.7303035201533401022  21.165539
  1.1252822169750300585    1.6297477310310499732   -0.57986371363058997197   2.018922628245949813     0.45119279476058998801  -1.9597569625875599364    2.7264789936498998735  30.950682
  1.1253325245241299069    1.6271350083907198947   -0.58391359923936003717   2.022400067807729851     0.44994213174573000069  -1.9682062534771000983    2.7344741265740499792  16.969630
  1.1253569564202499098    1.6287119566953600636   -0.58645854064418001528   2.0240151981160598993    0.44927580058658000972  -1.970849046386009995     2.7352707178516402209  26.364073
  1.1253048165118799684    1.6276254177604099205   -0.58149032992323002045   2.0205093534309201964    0.45065061108234000242  -1.9640394871615300953    2.7310993777888001866  18.869850
  1.1243429284923101008    1.6265282100054700987   -0.57921149645595004785   2.0198506454525397835    0.45104664545086997629  -1.9614544743427100304    2.7293280842042397794  25.939012
  1.1256457224827700614    1.6284136965978699418   -0.58418202302602995069   2.0220923068012699453    0.44998395110002997743  -1.9675493200217699652    2.7333119967858698907  15.744311
  1.1248553040457500707    1.6285727792942599201   -0.58445705740071995926   2.0236670582975100352    0.44916115761759001224  -1.9703788086196198925    2.7347417986940700807  22.671713
  1.1254025531877100974    1.6276274242464698894   -0.58215736234610004907   2.0206956324446800899    0.45067148561949998964  -1.9642359393917399046    2.7312860968125001193  18.197547
  1.1254414357212501052    1.6286300197794700839   -0.58446152072065005179   2.0224587306892898297    0.44937901705181998446  -1.9698579225318000319    2.7346794956600302129  22.962090
  1.1251767732324300386    1.6276608638096099479   -0.58228363540915994978   2.0212634875281301206    0.45051495869687002704  -1.9647508386003400549    2.7314988479283801581  17.686606
  1.1260126396788199266    1.6282279143842699476   -0.58558127451368002792   2.0231909912623500247    0.45104549490140999346  -1.9714447184263799162    2.7351561297459601185  24.321290
  1.1250010753848400658    1.6278487409396700247   -0.58203137777322999646   2.0210858030682898878    0.44989635821117002212  -1.9645056335205599574    2.7315166725514901103  17.380610
  1.1252849272746399123    1.6283886530379800828   -0.58509360855019998393   2.0232304113980901228    0.44969269564649999582  -1.9697310211574801109    2.734479499185550111   21.258037
  1.1252998442025698989    1.627816226579799963    -0.58239114957996995781   2.0211896179227100134    0.45041113222337997302  -1.9654623706605200972    2.7319444081379899991  16.502303
  1.124712116524579919     1.6276255074104799547   -0.5821318184736700152    2.0206646146034201728    0.45073057855035997266  -1.9635027846380099792    2.7316443378492301086  19.592215
  1.1254899524010399947    1.6281024099255299031   -0.58352854954827004796   2.0221582609362300786    0.45002525811227001018  -1.9677755967501699974    2.7330303003082900837  15.680786
  1.1259147609900199694    1.6264991123318599531   -0.5813719674020499939    2.0202143142268798037    0.4500103990387699926   -1.962389916898400033     2.7309289444934399249  20.010115
  1.1250458578083100125    1.6284513803675699783   -0.58370423706800000918   2.022225380709920195     0.45030450241824998558  -1.967909174212699952     2.7331917668458300952  15.550446
  1.1251665182511700891    1.62820924049945992     -0.58413822955218996924   2.0228514889193998094    0.44963659795413002396  -1.9689523998205900046    2.7341333657966098158  18.238252
  1.1253435444535799803    1.6277728783097200616   -0.58265257914762003111   2.0212345965633597977    0.45041276370316002398  -1.9654150544989499316    2.7319979140585299859  16.430081
  1.1254399471267799715    1.6282078050792099244   -0.58411736898582999888   2.0222753792745900014    0.44976392630713002418  -1.9686272765830199472    2.7340632050036299816  18.046023
  1.1252425667060199643    1.6277975991270099421   -0.58274206880333001557   2.0215164604647402058    0.45032720059942998869  -1.9657199480960099169    2.7321399371971901715  16.185958
  1.1256846424947100083    1.6280053160026799475   -0.58457268120178995652   2.0225761087048401698    0.45050562461804000147  -1.9692194286843600626    2.7342234559935798544  18.277390
  1.1251719671623099384    1.6278878847054198964   -0.58266670363036998648   2.0214583794774299008    0.45004867481289001496  -1.9656840823115100392    2.7321933684120098818  16.014476
  1.125307319823469987     1.6289341560701100509   -0.5823342038473799942    2.0209927901567401598    0.45049029195981998841  -1.964798188394790035     2.7306143567818699225  17.917294
  1.1253262233489700339    1.6275847953105699872   -0.58351875039137002243   2.0220482483949799857    0.45007917179924999962  -1.967354237206520029     2.733509184125999969   15.522168
  1.1253475370440000347    1.628186814661249926    -0.58417882516717001273   2.0224485630338397968    0.44992644564669997953  -1.9680826045102299826    2.7335911540716399948  16.273230
  1.1253049775331100957    1.6283484304603399462   -0.5843534658908200452    2.022750431956190198     0.44978586615079002575  -1.9688920778178800042    2.7339928595834201985  18.049354
  1.1253339027234599001    1.6279167663473799177   -0.58307780083341997912   2.0216135554115699513    0.45025603931507002242  -1.9662843103286800073    2.7324966504397498746  15.616240
  1.1252970894225400311    1.6278573374477101066   -0.58251264149019998939   2.0212978918793398364    0.45036635382677997486  -1.965710729469019924     2.7320869042469100307  16.219364
  1.1253097013279000915    1.6279397067510898989   -0.58292918740943999723   2.0215855596679701556    0.45025637678176000378  -1.9663036982293200516    2.7324629667031001823  15.642485
  1.1254212410810500167    1.6282871551602600135   -0.58400286031293002775   2.0222497370779399795    0.44994536349758001981  -1.9682401716356099364    2.7336304152659098854  16.540206
  1.1252872352997800309    1.6279199881353199064   -0.58305726668072999086   2.0216997796180398161    0.45023174132396998059  -1.9663500039809100883    2.732512556714369989   15.606072
  1.1255247743783300951    1.6282060419903900961   -0.58418981492885002638   2.0223767895339901379    0.45027619400156998486  -1.9684663007542200219    2.7336681807089098228  16.514714
  1.1252601689663099815    1.6279674240266599483   -0.5830474814549899687    2.0216879819915698491    0.45010555461006002131  -1.9663796369221899774    2.732562071486229982   15.533634
  1.124940860910309981     1.6275527236490199279   -0.5823503407986000413    2.0216273408359501929    0.45037566157443997827  -1.9662668678726600291    2.7323352879637199386  15.886565
  1.1254695070896501008    1.6281984533606599364   -0.58372410246916994758   2.0219760653099401182    0.45008187871862997964  -1.9672287069844900387    2.7330678195803299602  15.433526
  1.1250907894744999194    1.6278914513028299726   -0.58305968653948003766   2.0215093308077700662    0.45035053187829998667  -1.9658843369254899169    2.7326277042333098066  15.921380
  1.1253901616693999799    1.6280496702698499245   -0.58341133379607001963   2.0219960284041098575    0.4501065765537800023   -1.9673027817940000883    2.7329296512895497884  15.417940
  1.1252940292166400127    1.6280855726254799265   -0.58379680478877005179   2.0221993088577798758    0.45007661314366997907  -1.9676416878933900012    2.7333283762917699455  15.626362
  1.1252979472444499809    1.6280491061568900246   -0.58357990044394003615   2.0220458715603299993    0.45012155405318998724  -1.9673071904773700158    2.7331120238945998402  15.428042
  1.1252595548270700743    1.6281463244033400617   -0.58379164839636998874   2.0222948320138298683    0.45003852624981999231  -1.96795332726508998      2.7334705135422199263  15.868909
  1.1253153157493600567    1.6279741558613700647   -0.58325626272415997953   2.0217838745621299346    0.45020166104876002677  -1.9667015645627798914    2.732740116215369941   15.426267
  1.1253142452363500414    1.628158579108559989    -0.58386903856146998848   2.0222326349342401031    0.45005422987658000311  -1.9679880794933899413    2.7335196242678900802  15.983265
  1.1252939877839200911    1.6279796358786300381   -0.58326020965091995851   2.0218329934470902209    0.45018736346212001598  -1.9667595228590299961    2.7327643236027499007  15.413966
  1.1256265170065600234    1.6274924027366099999   -0.58309520319788998854   2.02159492319584011      0.44994800050911998301  -1.966100437446270055     2.7327182874955497915  15.486895
  1.125516876717209902     1.6278406387089299212   -0.58376559359459001541   2.0221057336868399901    0.45010193285990002243  -1.9675502034579399613    2.7333926160006698503  15.639762
  1.1253243459040300767    1.6279357276972299395   -0.58322700948989003589   2.0217924199153900489    0.45010464917252002159  -1.9666722785561299158    2.7327697076148398381  15.411732
  1.1254502859217099253    1.6283235338212100896   -0.58321097011492994966   2.0216723734321098149    0.45013559492020999153  -1.9663807578449299385    2.7322342243577097953  15.563611
  1.1253572389921500108    1.6277694799382300683   -0.58344180532225997649   2.0219542796542597785    0.45009327757949002535  -1.9671108673661199528    2.7331904441839300901  15.407558
  1.1250730556885699674    1.6284950913099200953   -0.58373354648679998125   2.022228371905089972     0.45030827394472999758  -1.9679232518679901087    2.7331600228991299595  15.555265
  1.1254881516770600669    1.6277430748799399662   -0.58325478902011995697   2.021753285373149911     0.45003806886802000253  -1.9665561410517000684    2.7328287213464399485  15.397363
  1.1252353926304599074    1.6276589325485200099   -0.58297055765865002375   2.021783578380480062     0.45016187863504997235  -1.966602820634689941     2.7327421770332400719  15.460314
  1.1254109784748500545    1.6280635731576300618   -0.58353571626653999438   2.0219279435775701081    0.4501018786977399877   -1.9670722353970400142    2.7329864089435598196  15.388998
  1.1254392471129099906    1.6278124131810800534   -0.58310213563319002184   2.0216800784207298314    0.4501165817703600136   -1.9664572071188599622    2.7326620827329501928  15.468312
  1.1253332722115700903    1.6279899329129399188   -0.58346045924125000681   2.0219544232754298463    0.45012031098248000971  -1.9670946946377398934    2.7329995386041900929  15.383467
  1.1254270090257800785    1.6278918712056200668   -0.58348411521499998766   2.0219908036227298709    0.45001323189871000885  -1.9671751559120100872    2.7331081110947001989  15.427916
  1.1253432390684598996    1.6279535846974300117   -0.58331322584686995381   2.0218356068272798076    0.45015455376125002029  -1.9668199624000899384    2.732832114935200174   15.388466
  1.1253387566483299409    1.6277889037764399216   -0.58330101330046002506   2.0217328150445101898    0.45012202416725000109  -1.9664359902825299109    2.732890708490709919   15.453011
  1.1253773104141300276    1.6279844786465000883   -0.58338375367216999123   2.0219302250642101626    0.45011043845714998612  -1.9670860839161299349    2.732919915589839821   15.378603
  1.1254587369995801005    1.627860321815630007    -0.58348743573739003665   2.021923630463560162     0.45001925868607001169  -1.9670725523766698917    2.7331004910309601996  15.416060
  1.1253351750878399784    1.6279498073628799748   -0.58331701617253994829   2.0218556527012099266    0.45014533726811001291  -1.9668377802384400255    2.732848365459799922   15.387641
  1.1254314729319900845    1.6279082527586399287   -0.58354635209347005542   2.0219822705055001677    0.45011359814583001837  -1.9672070828745200632    2.7331175806888601265  15.423151
  1.1253511276610199676    1.6279288589625799943   -0.58330684514078001701   2.0218398825629200211    0.45010688641585000491  -1.9668059796357300062    2.7328566758833501282  15.386957
  1.1253968337492599172    1.6281200373817399374   -0.58329299620925001424   2.0217877258833900633    0.45012885797781998498  -1.9666813832844098897    2.7326014817481798502  15.423739
  1.1253671376814300409    1.6278571192991100336   -0.58340460304400998393   2.0219126412115397962    0.4501021726790699895   -1.9670034963456899391    2.7330432035749900876  15.376006
  1.1252313456370299782    1.6281790265597899658   -0.58352281651821003017   2.0220342504040398346    0.45020238206388002444  -1.9673639253971200169    2.7330244852223999352  15.410556
  1.1254239501670499912    1.6278520627999000236   -0.58332179589463994951   2.0218235266308699494    0.45007914716698999014  -1.966758087138049893     2.7328776623154298342  15.385921
  1.1253122250370100055    1.6277980967513199229   -0.58318076916552996636   2.021829758786279907     0.45013207751109002297  -1.9667580744063499765    2.7328357271600998146  15.391667
  1.1253862901153899312    1.6279972040560499735   -0.58344697949128998538   2.0219033973797500003    0.45010942840107998064  -1.9669936951493700583    2.7329487384976900444  15.376668
  1.1253922647425200765    1.6279205478854199551   -0.58344147491218001367   2.0219414642658399828    0.45006650948753001984  -1.9670599853316699246    2.7330233421863101562  15.391049
  1.1253554954869700033    1.6279453254944300511   -0.58334528811319996677   2.0218620711869199624    0.45013254269281999242  -1.9668799681329800499    2.732879921747979779   15.384174
  1.1254061345514601022    1.6279230446861199244   -0.58344576228384004146   2.0219232522449699374    0.45007207038773000551  -1.9670542211774699748    2.7330161077440497941  15.391763
  1.1253529149537500054    1.6279431166936899622   -0.58334920270037005086   2.0218725525871499293    0.45012702054802000706  -1.9668918904732000108    2.7328903010308600585  15.383513
  1.1253906926333498983    1.6279480667238799274   -0.5834680354754899767    2.0219483566759000048    0.45011627384918001527  -1.9671105677337399342    2.7330174045055000143  15.393067
  1.1253610189040998968    1.6279336609029100291   -0.58334714272445997718   2.02186700109115991      0.4501092332741800095   -1.9668821266602301012    2.7328968580388899312  15.382926
  1.1252998897664800992    1.6280481766302798974   -0.58346032667299996266   2.0219771338823200324    0.45015260912867000043  -1.9671939000948999166    2.73300190256584008    15.392281
  1.1253929350669100717    1.6279010912575000436   -0.58335642858922998055   2.0218619284437298056    0.45009751265740999271  -1.9668670403772599009    2.7329087223780299531  15.382193
  1.1253790414694000432    1.6279422755823400593   -0.58344001744758999806   2.0219385485424998805    0.45008920502129001751  -1.967068325455479938     2.7330078718847299335  15.387164
  1.1253613819825800668    1.6279445630164099956   -0.58336897044680002811   2.021881190525820049     0.45012170827494002445  -1.9669270574636099624    2.7329119092821700931  15.381179
  1.1253840411537099353    1.6279448976181400965   -0.58344175078797999578   2.0219305351247500724    0.45009320937378000105  -1.9670664508268100867    2.7330036663879400116  15.387193
  1.1253606965037399323    1.6279435619247999423   -0.58337233972226998358   2.0218870482215498541    0.45011856775446001944  -1.9669355305616000873    2.7329186423701301578  15.380682
  1.1254115194079399309    1.6278848325451400481   -0.58330531724167000718   2.0218294144210697816    0.45009942087416998646  -1.966818171211939914     2.7328713156048798361  15.384835
  1.125352834010659997     1.6279636578209899511   -0.58342167374136000291   2.0219231710618399411    0.45011508845539999202  -1.9670255637812898986    2.7329674828543599752  15.375993
  1.1253814341744299288    1.6279496751031901081   -0.58343992833472002602   2.0219328851683902037    0.45011217149138998961  -1.9670717212240400595    2.7329941746888799514  15.383776
  1.1253661227216800178    1.6279376644529799378   -0.58337033912702995764   2.021883472110470148     0.45010996782848000652  -1.9669295253011800373    2.7329211872013901008  15.380438
  1.1253418573415499004    1.6279926942330300577   -0.58343461690931996966   2.0219441131491802111    0.45012745072846999106  -1.9671046603424200416    2.7329858717278501246  15.382776
  1.1253801656355699734    1.6279239920013799381   -0.58337597566925003534   2.0218824746200900755    0.45010499717516999629  -1.9669264453685499916    2.732928009715480222   15.379946
  1.1253787771838799081    1.627943345041249934    -0.58342407654387995475   2.021925217951169973     0.45009848051100997957  -1.9670444683717600576    2.7329872849475100871  15.379904
  1.1253846285713300368    1.6279442841661300179   -0.58343548921744003977   2.0219302658924700467    0.45009588181907000948  -1.9670671203623899537    2.7330001640245198402  15.386186
  1.1253666795206400675    1.6279437424851299632   -0.58338812709606002738   2.0218978526392801243    0.45011289627061001895  -1.9669684280118000519    2.7329390227837300209  15.378616
  1.1253793614388098998    1.6279519182185699933   -0.58344257208954997118   2.0219379507260701878    0.45010531844279999536  -1.9670842406829900373    2.7330027150739200081  15.387386
  1.1253694324009599903    1.6279412278943798942   -0.58338839736766001653   2.0218970917643699359    0.45010880548206000373  -1.9669682041466300948    2.7329415691695198021  15.378364
  1.1253622518864601076    1.6279705152110199862   -0.58344048460401998213   2.0219431245433798772    0.45011137718380000994  -1.9670992516950700502    2.7329997666895597952  15.387215
  1.1253756871982900645    1.6279356228037900056   -0.58339210290293996852   2.0218976371009098614    0.45010659217733001158  -1.9669696469501800618    2.7329459489589997823  15.378005
  1.1253627574851199356    1.6279489558175899155   -0.58338324840339994548   2.0218925009693697881    0.45012021146690001094  -1.96695985114284011      2.7329286811751001274  15.379441
  1.1253667624098100397    1.6279475531235099162   -0.5833934554385199478    2.0219006802148200563    0.45011477872792998722  -1.9669810054500700414    2.7329433321182001748  15.378048
  1.1253748788309800855    1.6279496471275400893   -0.583420720234779977     2.0219206741599902166    0.45010633355224999308  -1.9670394850565899869    2.7329781745772998569  15.377031
  1.1253635531994499175    1.6278989591036099327   -0.58343565553370002608   2.0218855729052798154    0.45010761853573999502  -1.9669085151923899613    2.7330139271961799707  15.379082
  1.1253738711104599446    1.6279630987607800474   -0.5833967291375500297    2.0219190620244797962    0.45010973347680000023  -1.9670416917352000485    2.7329434184914198624  15.375397
  1.1253726994153299135    1.6279484586746999497   -0.58343339234390001469   2.0219249834222998707    0.4501095166521900115   -1.9670473914157700079    2.7329928019941798212  15.379164
  1.1253702491545500841    1.6279430355894599636   -0.58339964611172001607   2.0219040646788499771    0.45010898327458997992  -1.9669880009639100216    2.7329543773756901359  15.377283
  1.1253763656192599107    1.627940842721550041    -0.58343010303680997719   2.0219223619615700471    0.45010188756250002484  -1.9670365888305700874    2.7329941948333598134  15.378742
  1.125369163212170065     1.6279458755230200584   -0.58340261733808995714   2.0219061006515102186    0.45011155593656998475  -1.9669949012951899459    2.7329560477969900845  15.377070
  1.1253655768347499144    1.6279557023896200629   -0.58343445969672003137   2.021927823232790189     0.45011149233003000525  -1.9670551628576000702    2.7329944633748399774  15.379714
  1.1253731596074099119    1.6279406427002500735   -0.58340269210137996048   2.0219051836338799433    0.45010781721551001988  -1.9669910259270400044    2.7329580775629600531  15.376982
  1.1253718464364499408    1.6279476059213200401   -0.58342778677069995208   2.0219217153562900613    0.4501087680730300189   -1.9670376731190499786    2.7329870921545098561  15.376956
  1.1253736990143399233    1.6279452603872799354   -0.5834320068107899937    2.0219241407278500944    0.45010539887861000796  -1.9670429933088799945    2.7329942915496499012  15.379156
  1.125370297162709976     1.6279457217390800317   -0.58340996470626005355   2.0219106106705999615    0.45011001667208000443  -1.9670069242986099045    2.7329656087351499316  15.376313
  1.125366674347449969     1.627940367243200015    -0.58341083090595002858   2.021906691936690148     0.45011167358288001195  -1.9669891064737698994    2.7329685745287202181  15.377089
  1.1253728277101000543    1.6279473271564499637   -0.58341824790257001965   2.0219171786041698624    0.45010766855991002355  -1.96702689041088008      2.7329757745651601653  15.375171
  1.1253682987432200857    1.62795128151512003     -0.58343330355397005071   2.0219256095971700482    0.4501101474465999952   -1.9670478125987000961    2.7329937278293998659  15.378811
  1.1253719443913599019    1.6279433024039700051   -0.58341034496453003655   2.021910290124699916     0.45010839977327998795  -1.9670052225949499203    2.7329669901295701173  15.376267
  1.1253696399013000118    1.6279430887176600251   -0.58340322551145995522   2.0219058135228800133    0.450109091360580027    -1.9669918938283799115    2.7329589698021599098  15.377045
  1.1253712948026599605    1.6279464766204099213   -0.58342164645589000838   2.0219177398979399918    0.45010884889491997729  -1.9670262282963799638    2.732980061566419927   15.375173
  1.1253509118472899697    1.6278789970298899181   -0.58337679478075998851   2.0219282293617601987    0.45010826545934001786  -1.9670451669829200902    2.733006272907189782   15.377177
  1.1253774455483700478    1.6279676522995099042   -0.58342943331366003967   2.0219096053752498854    0.45010913766563998006  -1.9670065631077600088    2.7329631221000600938  15.376126
  1.1253689471958701063    1.6279367452212700762   -0.58341937202505000926   2.0219207288436598091    0.45010742604364001318  -1.9670318346362900552    2.7329886922025599105  15.375868
  1.1253664436256500814    1.6279372910756100268   -0.58342157092692004117   2.0219240318806899204    0.45010876473396999042  -1.9670411397803300169    2.7329935114004197949  15.377484
  1.1253705691999300598    1.6279417995718798995   -0.58341315145512995244   2.0219137255636998596    0.45010849101345001833  -1.9670142018912999404    2.7329736204472800942  15.375807
  1.1253589777976600317    1.6279055546864600323   -0.58339783061821004484   2.0219258938268400705    0.45010784208384002625  -1.9670419817771100934    2.7330003789577101969  15.377268
  1.1253728286106901013    1.6279521278962501007   -0.58342153263980001121   2.0219136774881500962    0.45010881377019001937  -1.967015417775100028     2.7329724363144700661  15.375713
  1.1253709116443899596    1.6280432330003300478   -0.5834274979152299645    2.0219231540695901117    0.45011670452502000606  -1.9670484546618600685    2.7329000782654899737  15.376104
  1.1253680811721700206    1.6279036477244099856   -0.58341032676182003058   2.0219152694260498215    0.4501058056405600194   -1.9670147359247300844    2.7330074222476099521  15.375102
  1.1253895716470199151    1.6279195487365700767   -0.5834071852237300293    2.0219103666090600946    0.45010113651588001815  -1.9670232935529599061    2.7329872102413301782  15.376628
  1.125362018419749921     1.627952630549879931    -0.58341805161195003926   2.0219199699486498645    0.45011160047052001243  -1.9670249962242098984    2.7329724147010998614  15.375651
  1.1253714788114899115    1.6279510000015999793   -0.58340910967915005081   2.0219125920000902141    0.45010999162102999227  -1.9670150688659400195    2.7329613501784297824  15.376061
  1.1253695800997800536    1.6279403089163499985   -0.58341680643857996014   2.0219186946327698529    0.4501080674379899782   -1.9670276431936999373    2.732981856696529821   15.375115
  1.1253695742073899222    1.6279455197494099306   -0.58341637453006001124   2.0219210150140698445    0.45010880562965999152  -1.96703654198304001      2.7329787751477798707  15.375621
  1.1253663849671100561    1.6279333033830900579   -0.5834065195997499842    2.0219231595255999778    0.45010848054705998589  -1.9670413615872299751    2.7329817703758201297  15.376277
  1.125371217699800086     1.6279474217679599235   -0.58341777937979000246   2.0219160479975100131    0.45010873046441002288  -1.9670219037281300167    2.7329747698298101355  15.375461
  1.1253798235237799652    1.6279313125060499434   -0.58340992284698001136   2.0219157465076298408    0.4501048738449799913   -1.9670308995678100761    2.7329824648831100298  15.376242
  1.12536646969575993      1.6279473010389200471   -0.58341601942070997477   2.0219189140883999656    0.4501099188141399754   -1.9670264720601100539    2.732974927246599961   15.375417
  1.1253713807328200591    1.6279389322463799772   -0.58341149846906004139   2.0219141011777401751    0.45010798673855001439  -1.9670164766881399476    2.7329750050360899216  15.375668
  1.1253700258387500099    1.6279438728736499442   -0.58341515551481004653   2.0219192865549899807    0.45010860090687998536  -1.9670315256593200459    2.732977832619860159   15.375059
  1.1253693967086799699    1.627936016258030083    -0.58340934394361998461   2.0219199934964300347    0.45010802488736001425  -1.9670338640662499152    2.7329798854369298233  15.375224
  1.1253749810021300704    1.6279329127639599051   -0.58340919662352996866   2.0219174358078397802    0.45010629541569002754  -1.9670314077360200322    2.7329811446459499891  15.375611
  1.1253685975223499671    1.6279437039701800671   -0.58341431372140994949   2.0219185445182601413    0.45010901296452998643  -1.9670277059790899354    2.7329764815964399105  15.375277
  1.1253660728479699671    1.627911573673360035    -0.58343351107351004714   2.021917140012840175     0.45010627489239002363  -1.967012192130610071     2.733022100002569843   15.375674
  1.1253719215448398927    1.6279502174889199928   -0.58340592462153995079   2.0219185815215698909    0.45010886883070000408  -1.9670343168340500561    2.7329630888692100221  15.375259
  1.1253722961567900196    1.6279328294693100609   -0.5834135296039699714    2.0219176680914299205    0.45010695422356000739  -1.9670280667024300225    2.7329852104040499583  15.375178
  1.1253690791662800397    1.6279213479449698987   -0.58342409155595997827   2.0219173701080799255    0.45010655132678001333  -1.9670196700955799862    2.7330049235698101739  15.375469
  1.125371210950200096     1.6279430001029300268   -0.58341046635515003693   2.0219182786681999531    0.45010828945471997864  -1.9670306551494300962    2.7329735475443599491  15.375167
  1.1253721223571599985    1.6279375445601200756   -0.58342099292288995827   2.0219154681822999464    0.45010747086079000434  -1.9670192060300000225    2.7329863161756398071  15.375265
  1.1253700781208000326    1.6279363983335499722   -0.58341225618843994827   2.0219188621679000661    0.45010788638072002366  -1.9670301995571899401    2.7329814931216098728  15.375027
  1.1253685891844800171    1.6279417510243299194   -0.58341644342953002944   2.0219181347520001069    0.45010880785521001357  -1.9670256127808900537    2.7329799291278198403  15.375274
  1.1253713694137099655    1.6279350598580699661   -0.58341425806035995816   2.0219177847565701356    0.45010741763146999705  -1.9670274532220499708    2.7329838900849900973  15.375038
  1.1253696118560601036    1.6279248419411400661   -0.58340621560745997698   2.0219180757622501332    0.45010650425143999831  -1.967027801165710077     2.7329861718278998239  15.375021
  1.1253687703827599531    1.6279140246015000315   -0.5833985001832500128    2.0219182436944000969    0.45010533192969998106  -1.9670285876003699155    2.7329892269586402165  15.375234
  1.1253671601331800556    1.6279175670578600599   -0.58340617636217995123   2.0219188933868998959    0.45010735192688000605  -1.9670273992668700913    2.73299342947565993    15.375083
  1.1253676195167900964    1.6279146275270799382   -0.58341273219732003863   2.0219179689567798874    0.45010646316697999758  -1.9670227042761601055    2.7330013370482602042  15.375298
  1.1253703130918499831    1.6279359069589700582   -0.58341103281568995609   2.0219182012403398296    0.45010783288278000125  -1.967028667431109934     2.7329804949203300168  15.375108
  1.1253694597935099964    1.627916061011549953    -0.58340474250734997153   2.0219174120229399527    0.4501066181679300171   -1.967026008871149978     2.732992638817170139   15.375081
  1.1253684830019199392    1.6279147926982400207   -0.58340871889929002414   2.02191767992469007      0.45010650566176002574  -1.9670242250451799304    2.7329974702781800744  15.375208
  1.1253698555693700811    1.6279306283937899913   -0.58341045433659000086   2.0219180709114299432    0.45010750107752001137  -1.9670275568346300421    2.7329847387597898667  15.375069
  1.1253712218922200528    1.6279547606954800631   -0.58340946140309002388   2.0219214121633699577    0.45010901731454000529  -1.9670418196686800805    2.7329640619543797975  15.375223
  1.1253688663521799196    1.627916425967179892    -0.5834101104221399714    2.0219168051103801886    0.45010660855904999211  -1.9670215068607199704    2.73299658217429986    15.375064
  1.1253726304223599097    1.6279405153361199421   -0.58341473581986003083   2.0219171915520899319    0.45010725863741002373  -1.9670274727819199168    2.7329789554973697996  15.375093
  1.1253685277054699121    1.6279233041274299154   -0.5834083162266000544    2.0219184679282000694    0.45010732860451002635  -1.9670274176456299386    2.732989810981090173   15.375009
  1.125370064451159946     1.6279440908441100699   -0.58341719073733999679   2.0219189746032699695    0.4501081953782399836   -1.9670292656846399826    2.7329789382027001032  15.375101
  1.1253696109579200968    1.6279230684696899267   -0.5834078545648500036    2.0219178026680197924    0.45010701247050999285  -1.9670268230745200366    2.7329892136635498545  15.375011
  1.1253695987863099326    1.6279273634835600415   -0.58341073611617000338   2.0219182390738001942    0.45010717286664997383  -1.9670275080754100472    2.7329881168040102146  15.375015
  1.125370797270399903     1.6279446909148500566   -0.5834112588003399491    2.0219199145786901362    0.45010822661585997428  -1.9670352726820901079    2.7329738547122701675  15.375074
  1.1253693490817300304    1.6279234922040999312   -0.58341039751668999358   2.0219175824774597849    0.45010701307325001741  -1.9670249483160600068    2.7329909003087902164  15.375043
  1.1253694444246800099    1.6279114209599299112   -0.58340485427963995058   2.0219169462547799121    0.45010578060127998112  -1.9670233746425600518    2.7329963378921200423  15.375076
  1.1253698804852299009    1.6279357598952199915   -0.5834125802060200483    2.021918701479939795     0.45010789583047999818  -1.9670294879051299919    2.7329824589379301258  15.375040
  1.125370273011270017     1.6279353066840900333   -0.58341023590328000559   2.0219189700473099158    0.45010762065125997644  -1.9670312490112700221    2.7329808583829500179  15.375011
  1.1253698537580700823    1.627922909504069926    -0.58340738341316999982   2.0219179277783601023    0.4501066592713899861   -1.9670272125953800479    2.7329888424523800516  15.375049
  1.1253698738034398907    1.6279325472974299771   -0.58341128100781003418   2.0219185080545498678    0.45010758669070999316  -1.9670289190776899524    2.7329840548165398317  15.375027
  1.1253679375123699646    1.6279228916667600746   -0.5834048549723900301    2.0219190511582998404    0.45010718577303998611  -1.9670296660943600298    2.7329874583714799385  15.375051
  1.1253705114383700803    1.6279320178102401062   -0.5834119072883700019    2.0219181013570000083    0.45010735966685999632  -1.9670280064401299835    2.7329847821566097821  15.375025
  1.1253696153040499972    1.6279252529453400733   -0.5834080109622400423    2.0219182116610201483    0.45010695184985000106  -1.9670279394851299948    2.7329875014513800302  15.375009
  1.1253692787533300379    1.6279182175125899157   -0.58340582285983999533   2.0219176716885600698    0.45010638515102002755  -1.9670260132707499956    2.7329917798119600647  15.375046
  1.1253698782789300914    1.6279318531283100135   -0.5834106478562900433    2.0219185645480601821    0.45010751107329000087  -1.9670291529855798984    2.7329840647941998633  15.375018
  1.1253686645330600591    1.6279225509839199137   -0.58340581192217000339   2.0219185648397601796    0.45010695512386000861  -1.9670285339722299867    2.7329882858162699577  15.375046
  1.1253700497120400215    1.6279296511036600581   -0.58341038344681994676   2.0219182172276899401    0.45010725853110999939  -1.9670281383231500438    2.732985658071520163   15.375016
  1.125369689217079916     1.6279311008994499232   -0.58341269441432996867   2.0219186308532099972    0.45010802604775002056  -1.9670288355773399847    2.732986749357440015   15.375035
  1.1253696311963199417    1.6279264066807199729   -0.58340783530917994515   2.0219182145349900992    0.45010688470052001575  -1.9670280597686200519    2.7329863162102898677  15.375014
  1.1253693521991801063    1.6279225335844000888   -0.58340745858061004991   2.0219180420636599926    0.45010684026225999954  -1.9670271714097700144    2.7329894996528798501  15.375025
  1.1253697467589900416    1.6279295232423300899   -0.58340985053737004495   2.0219184339269600237    0.45010734337052998866  -1.9670286575916300364    2.732985423508869971   15.375012
  1.1253690942080500914    1.6279246990772400228   -0.58340757073022997403   2.0219184512981098756    0.45010711704426997759  -1.9670283344346199961    2.7329878393576598761  15.375023
  1.1253698108360399299    1.6279284130970599342   -0.58340968026767003884   2.0219182757452998089    0.45010722315939999394  -1.9670281873510200299    2.7329862033930600873  15.375011
  1.1253696057194200186    1.627927286586910105    -0.58340691638987995926   2.0219184399295699883    0.45010721707808998282  -1.9670291587611099526    2.7329848339363298493  15.375018
  1.1253696005195898966    1.6279273442593999999   -0.5834097811845999626    2.0219182892877398672    0.45010718391950998996  -1.967027920746839964     2.7329872960870900123  15.375002
  1.1253695645446299967    1.6279285112693799853   -0.58341037316127997148   2.0219184858263101745    0.45010759073535999697  -1.9670285673473899557    2.7329869144948499837  15.375011
  1.125369396920719911     1.6279251055726400299   -0.583408507254210007     2.0219182812627298773    0.45010720274101001515  -1.9670279437403099809    2.7329882331922599192  15.375020
  1.125369659299420011     1.6279284188249099063   -0.58340951471657997995   2.0219183957608999336    0.4501073082131499814   -1.9670284791287999671    2.7329861259297199005  15.375008
  1.1253696062078699658    1.6279260911328798933   -0.58340773936038003988   2.0219182036303999794    0.45010687465554999331  -1.9670280087792400003    2.732986516901959817   15.375013
  1.1253695749604399889    1.6279279062352600693   -0.58340971471105995683   2.0219184152773301832    0.45010741171541002181  -1.9670284277053500244    2.7329868150966301066  15.375001
  1.1253692925234299871    1.6279260444875500724   -0.58340844209496001138   2.0219184535777099399    0.45010729610465999295  -1.9670284574482799211    2.7329874027762000033  15.375014
  1.1253696812578899422    1.6279278209446799153   -0.58340937072448995071   2.0219183202034001212    0.45010724139571001157  -1.9670282548753299512    2.7329865032388398483  15.375007
  1.1253686612758100338    1.6279170121178299091   -0.58340763926540994966   2.0219175736060099879    0.45010679025407002163  -1.9670245403206199075    2.7329943606022801816  15.375013
  1.1253698700773999697    1.6279307330425198952   -0.58340958674381004911   2.0219186209369799379    0.45010741305196000361  -1.967029571838609936     2.7329842339377798943  15.375001
  1.1253693973633001058    1.6279314402101801029   -0.58341051551211997594   2.0219189747764301224    0.45010751288666001058  -1.967029751618529998     2.7329845825428900064  15.375015
  1.1253695575592599365    1.6279251614048100283   -0.58340851980166996693   2.0219180956951201544    0.45010713757455000916  -1.9670275552105200845    2.7329880558833798965  15.375008
  1.1253693765186600917    1.6279292295800900092   -0.58341050449742004602   2.0219185326503099631    0.4501076265715199809   -1.9670285254151800292    2.7329864531641998582  15.375013
  1.1253695556076999118    1.6279262471040301108   -0.58340863434602996396   2.0219182919083400485    0.45010712053027002177  -1.9670280859676398943    2.7329872393795899832  15.375002
  1.1253707578035900827    1.6279320192484600938   -0.58341029012432998879   2.0219182260917500926    0.45010719036708002339  -1.9670292382038199186    2.7329834088911999501  15.375003
  1.1253700708767500061    1.6279321213549799996   -0.58341059235573000663   2.0219186355810099265    0.45010739648061998119  -1.9670295814941600732    2.7329838362768601456  15.375006
  1.1253700867301099642    1.6279299218006100247   -0.58340990533771996951   2.0219184040352597975    0.45010725106130000661  -1.9670289725374099365    2.7329851120439898615  15.375020
  1.1253697661570900568    1.6279287945688400985   -0.58340961237185995358   2.0219183978294901216    0.45010729392518999958  -1.9670286024809500169    2.7329858724582898333  15.375005
  1.1253700890285600611    1.6279307978591699424   -0.58341011837192002787   2.0219185017716401198    0.45010733288715998324  -1.9670292961067799009    2.7329845545118600647  15.375021
  1.1253697832005600254    1.6279285651732999796   -0.58340955763635005127   2.0219183655954600098    0.45010726426857000648  -1.9670285151831901072    2.7329860160570897953  15.375004
  1.1253696172164999734    1.6279254813969699089   -0.5834086011065700017    2.0219181092552998003    0.45010714002738000383  -1.9670276648276701081    2.7329878442681900808  15.375006
  1.1253697306315599835    1.6279271413864699891   -0.58340909891885994742   2.0219182408367299963    0.45010720414068999817  -1.9670281439942900459    2.7329868422703600395  15.375004
  1.1253699117860100909    1.6279283358452900643   -0.58340943438958003942   2.0219183021517501686    0.45010721693008998168  -1.9670285128446900469    2.7329860851759200102  15.375003
  1.1253699990699499445    1.6279303303015999482   -0.58341004369135995855   2.0219184766630902139    0.45010731036870998967  -1.9670290767171800805    2.7329848990511500517  15.375005
  1.1253697977411600828    1.6279279386152500919   -0.58340933511198000971   2.0219182997933198287    0.45010723069768998617  -1.96702837717500989      2.732986356465560096   15.375003
  1.1253699506554100118    1.6279287274981899536   -0.58340952139547996858   2.0219183331037400286    0.45010724064914997555  -1.9670286660973699266    2.7329858225239900271  15.375009
  1.1253698250642700796    1.6279286057545199196   -0.58340954857613003259   2.0219183574725301256    0.45010725836371001662  -1.967028552911739947     2.7329859676738101903  15.375003
  1.1253699087916999577    1.6279286869169700136   -0.58340953045569998725   2.0219183412266699129    0.45010724655401002092  -1.9670286283688200868    2.7329858709072700762  15.375002
  1.1253699678435300502    1.6279295678567300421   -0.58340979973233997313   2.0219184107439800435    0.45010727875040001944  -1.9670288758752099145    2.7329853433845801014  15.375006
  1.1253698402667500211    1.6279283459256199684   -0.58340945126707000057   2.0219183275309902115    0.45010724271086999249  -1.9670285018500599516    2.7329861031953099904  15.375002
  1.1253698333646100505    1.627929173506780014    -0.58340970527687996405   2.0219184156367600025    0.45010729988393999301  -1.9670287370642101088    2.7329856198226099018  15.375003
  1.1253698529699600606    1.6279289640914100801   -0.5834096375550500424    2.0219183872655102086    0.45010727914547998818  -1.9670286810093300378    2.7329857361609399824  15.375002
  1.1253687288231399855    1.6279246172015999772   -0.58340866309376004928   2.0219185377464099496    0.45010735181221001033  -1.9670278525066500208    2.7329889610415500911  15.375003
  1.1253692360682499007    1.6279264677133100658   -0.58340906985139995289   2.0219184598327402114    0.45010731145093002548  -1.9670281989309399417    2.7329875730039598913  15.375002
  1.1253702505584799454    1.6279301687367500051   -0.58340988336668997416   2.0219183040054198308    0.45010723072836000824  -1.9670288917795299977    2.7329847969287901499  15.375000
  1.1253694055143448338    1.6279271869742850676   -0.58340939228123001037   2.0219184375550351973    0.45010736158316999589  -1.9670283133181449831    2.732987194050294999   15.375002
  1.1253695652840698394    1.627927076669644979    -0.5834091745285450159    2.0219183535928353379    0.45010726612284002179  -1.9670282568364949594    2.7329870272381100449  15.375002
  1.1253695877400149428    1.6279276252473300346   -0.58340974794782995971   2.0219183522825350252    0.45010729781746000588  -1.9670281742260948832    2.7329870555918600594  15.375002
  1.125369707613594894     1.6279281260804401299   -0.5834095829890649787    2.0219183714041601974    0.45010732721314000715  -1.967028464777704988     2.7329864591459700485  15.375002
  1.1253697139651999137    1.6279284351633349637   -0.5834096761330549441    2.0219184012714199739    0.450107345430445005    -1.9670285543573400311    2.7329862756287850445  15.375002
  1.1253697225189198683    1.6279293196388899823   -0.58340965072743500297   2.0219185181071548385    0.45010741238368501271  -1.9670289997719798691    2.7329855245172050004  15.375001
  1.1253697418760699733    1.6279282965761150415   -0.58340962258338002755   2.021918378251999826     0.45010732913471002137  -1.9670285280370851666    2.7329863430019498693  15.375000
  1.1253694896908099654    1.6279273929691699951   -0.5834092732302199602    2.0219184208759100052    0.45010729127028997754  -1.9670283721430898982    2.7329868789851698985  15.375002
