  0.2999999999999999889    0.4000000000000000222  120.588042
  0.2000000000000000111    0.5                    289.898623
  0.4000000000000000222    0.5                    411.453631
  0.2999999999999999889    0.2000000000000000111  33.924073
  0.2999999999999999889    0                      46.362351
  0.4000000000000000222    0                      77.770814
  0.2000000000000000111    0.2000000000000000111  59.507556
  0.4000000000000000222    0.10000000000000000555 80.548895
  0.28999999999999998002   0.10000000000000000555 43.720999
  0.28999999999999998002   0.2999999999999999889  44.014257
  0.29299999999999998268   0.2000000000000000111  33.228995
  0.30299999999999999156   0.2999999999999999889  48.548191
  0.29299999999999998268   0.2999999999999999889  44.782740
  0.19300000000000000488   0.2999999999999999889  33.877446
  0.19300000000000000488   0.10000000000000000555 78.388708
  0.49299999999999999378   0.2000000000000000111  268.913152
  0.27200000000000001954   0.2000000000000000111  36.347811
  0.30299999999999999156   0.153999999999999998   35.695719
  0.18599999999999999867   0.2999999999999999889  33.851517
  0.28599999999999997646   0.2000000000000000111  34.274595
  0.21599999999999999756   0.2750000000000000222  34.237083
  0.25900000000000000799   0.14999999999999999445 50.968388
  0.34300000000000002709   0.16600000000000000866 42.907661
  0.27700000000000002398   0.28399999999999997469 36.840000
  0.26800000000000001599   0.2750000000000000222  33.842748
  0.375                    0.1749999999999999889  62.966683
  0.23300000000000001266   0.26900000000000001688 33.160381
  0.25800000000000000711   0.19400000000000000577 42.572894
  0.26600000000000001421   0.25500000000000000444 32.584998
  0.20599999999999998868   0.32400000000000001021 38.147845
  0.27100000000000001865   0.23100000000000001088 33.112814
  0.30399999999999999245   0.21699999999999999845 34.571312
  0.25100000000000000089   0.25600000000000000533 32.706706
  0.24599999999999999645   0.28000000000000002665 33.131806
  0.26500000000000001332   0.24299999999999999378 32.502648
  0.28000000000000002665   0.24199999999999999289 32.986172
  0.25800000000000000711   0.25300000000000000266 32.178930
  0.25700000000000000622   0.24099999999999999201 33.839861
  0.26400000000000001243   0.25200000000000000178 32.336645
  0.25700000000000000622   0.26200000000000001066 32.457053
  0.25900000000000000799   0.25700000000000000622 32.301255
  0.25300000000000000266   0.25800000000000000711 32.178930
  0.25200000000000000178   0.25400000000000000355 32.841170
  0.25700000000000000622   0.25600000000000000533 32.154669
  0.26200000000000001066   0.25100000000000000089 32.184430
  0.25500000000000000444   0.25600000000000000533 32.182745
  0.25400000000000000355   0.26500000000000001332 32.481785
  0.27700000000000002398   0.24599999999999999645 32.912837
  0.23999999999999999112   0.30599999999999999423 36.140357
  0.27700000000000002398   0.29899999999999998801 40.686339
  0.25800000000000000711   0.25100000000000000089 32.439649
  0.25900000000000000799   0.25400000000000000355 32.160620
  0.25800000000000000711   0.25700000000000000622 32.251386
  0.25800000000000000711   0.25400000000000000355 32.110751
  0.25600000000000000533   0.25600000000000000533 32.106809
  0.25500000000000000444   0.25700000000000000622 32.107795
  0.25700000000000000622   0.25400000000000000355 32.181473
  0.25                     0.26200000000000001066 32.142300
  0.25900000000000000799   0.26000000000000000888 32.450873
  0.25400000000000000355   0.25700000000000000622 32.181473
  0.27600000000000002309   0.24499999999999999556 32.804749
  0.2670000000000000151    0.27600000000000002309 33.852327
  0.25500000000000000444   0.25900000000000000799 32.206521
  0.25500000000000000444   0.26600000000000001421 32.584998
  0.26600000000000001421   0.25700000000000000622 32.679732
  0.25596999999999997533   0.25741000000000002768 32.173159
  0.2562499999999999778    0.2562499999999999778  32.130553
  0.25474999999999997646   0.25674999999999997824 32.115942
  0.25513000000000002343   0.25663000000000002476 32.096009
  0.25613000000000002432   0.25563000000000002387 32.095517
  0.25669999999999998375   0.25495000000000000995 32.096178
  0.25525999999999998691   0.2562599999999999878  32.113764
  0.25581999999999999185   0.25607000000000001982 32.101618
  0.25544000000000000039   0.2561899999999999733  32.099231
  0.25553999999999998938   0.25615999999999999881 32.092717
  0.25653999999999999027   0.25515999999999999792 32.093090
  0.2535399999999999876    0.25816000000000000059 32.097871
  0.25253999999999998671   0.26216000000000000414 32.259699
  0.24754000000000001003   0.26616000000000000769 32.274470
  0.26553999999999999826   0.26416000000000000592 33.025834
  0.25376999999999999558   0.25774999999999997913 32.111403
  0.25414999999999998703   0.26000000000000000888 32.218335
  0.25595000000000001084   0.25568999999999997286 32.097982
  0.25608999999999998431   0.25564999999999998836 32.094559
  0.25485999999999997545   0.26116000000000000325 32.311262
  0.26053999999999999382   0.25684000000000001274 32.372334
  0.25550000000000000488   0.25609999999999999432 32.103246
  0.25414999999999998703   0.25816000000000000059 32.125486
  0.25598999999999999533   0.25567000000000000837 32.095321
  0.25607000000000001982   0.25565999999999999837 32.094080
  0.25753999999999999115   0.25552999999999997938 32.158775
  0.25617000000000000881   0.25816000000000000059 32.219504
  0.25551000000000001489   0.25614999999999998881 32.095272
  0.25653999999999999027   0.2553400000000000114  32.101484
  0.25601000000000001533   0.25565999999999999837 32.093990
  0.25602999999999997982   0.25565999999999999837 32.092184
  0.25750000000000000666   0.25415999999999999703 32.093562
  0.25647999999999998577   0.25559999999999999387 32.110791
  0.25502999999999997893   0.25665999999999999925 32.092803
  0.2554100000000000259    0.2562900000000000178  32.092812
  0.25579000000000001736   0.25766000000000000014 32.176877
  0.2580299999999999816    0.25590000000000001634 32.200276
  0.25601000000000001533   0.25563999999999997836 32.096643
  0.25640000000000001679   0.25495000000000000995 32.136150
  0.25658999999999998476   0.25665999999999999925 32.166403
  0.25702999999999998071   0.25509999999999999343 32.113889
  0.2556114895305899859    0.25606366798899998782 32.093292
  0.25540750000000000952   0.25628499999999998504 32.092457
  0.25552999999999997938   0.25590800000000002434 32.124784
  0.2562780000000000058    0.25615999999999999881 32.127606
  0.2562820000000000098    0.25491200000000002746 32.156881
  0.25607561951284002477   0.25563000000000002387 32.092936
  0.25589749999999999996   0.2557849999999999846  32.092348
  0.25652000000000002577   0.25515999999999999792 32.092387
  0.25624187500000000783   0.25544125000000000858 32.092165
  0.25637437499999998769   0.25531625000000002235 32.092455
  0.25601671874999998302   0.25566781249999998016 32.092060
  0.25622859375000001103   0.25544906249999999037 32.092896
  0.25607964843749997375   0.25560726562500002412 32.092059
  0.25585449218750000444   0.2558338281249999957  32.092071
  0.25595133789062002316   0.25573568359374998504 32.092021
  0.25556640624998000488   0.25612093749999997883 32.092100
  0.25574887104729998599   0.25615999999999999881 32.102537
  0.25601426757812001389   0.2556751367187499735  32.092150
  0.25601610595703000461   0.25566964355469001813 32.091979
  0.25620610595702997259   0.25546964355468998464 32.093160
  0.25604610595702997911   0.2558996435546900261  32.104246
  0.25588610595702998562   0.25579964355468998161 32.091951
  0.25579610595703000664   0.2558896435546900161  32.091951
  0.25549610595702998417   0.25618964355468998306 32.092067
  0.25526610595702997619   0.25688964355469001699 32.114842
  0.25572610595702999214   0.2559496435546900206  32.093238
  0.25589610595702999563   0.25578964355469002712 32.091952
  0.2543661059570300198    0.25779964355468998338 32.117574
  0.2578861059570299874    0.25731964355469000294 32.261279
  0.25588610595702998562   0.25575964355468999711 32.097227
  0.25544610595702998967   0.25665964355469000902 32.112184
  0.25688610595702998651   0.25528964355469002667 32.115770
  0.25639610595702999607   0.25679964355468998249 32.163839
  0.25586610595703002113   0.25579964355468998161 32.094573
  0.25623815036385000354   0.25531625000000002235 32.109222
  0.25566610595702998765   0.25601964355468997958 32.091980
  0.2559286059570299865    0.25575714355468998074 32.091956
  0.2556791059570299729    0.25629964355468998205 32.105898
  0.25638610595702998607   0.25600664355468999434 32.125485
  0.25588317595702997354   0.25579257355468998369 32.093245
  0.25585503127360997855   0.2559496435546900206  32.097569
  0.25578610595702999664   0.2558996435546900261  32.091952
  0.25581360595703001026   0.25587214355469001248 32.091950
  0.25559610595702997315   0.25608964355468999408 32.092009
  0.2562780000000000058    0.2554457005419999982  32.093912
  0.25603360595703000824   0.2556521435546900145  32.091985
  0.25575798095703000667   0.25592776855469001607 32.091956
  0.25577770595702997714   0.25637214355469001292 32.114000
  0.25631360595703001071   0.2559080435546899901  32.117360
  0.25580896495702998283   0.2558667845546899744  32.093245
  0.25600000000000000533   0.25578503271433000732 32.096650
  0.25580360595703000026   0.25588214355469002248 32.091951
  0.25582673095703001298   0.25585901855469000976 32.091949
  0.25586610595703002113   0.25581964355469000161 32.091950
  0.25566610595702998765   0.25595963055469000969 32.099873
  0.25568899902344000008   0.25599547851562998169 32.092072
  0.25588575317382999952   0.25580063232422001196 32.091981
  0.25581053095702999123   0.25605901855468998773 32.100650
  0.25602673095702999095   0.255875218554689976   32.102173
  0.25582489295702998122   0.25585685655468998201 32.092449
  0.25578058259352998149   0.2559496435546900206  32.094057
  0.25575458374023002373   0.25593052978516001028 32.091998
  0.25585296081543001945   0.25583310668946002142 32.091964
  0.25592673095703000197   0.25583501855468998576 32.095541
  0.25585073095702998147   0.25595901855468999875 32.097810
  0.25582549095702999953   0.25585825855469002121 32.092183
  0.25586610595703002113   0.2558996435546900261  32.095728
  0.25575423095702998211   0.25593151855468998512 32.091957
  0.2558531372070300125    0.25583261230469001024 32.091949
  0.25587673095703000747   0.25583209755468999669 32.093039
  0.25585365195703002605   0.25590901855469000425 32.095583
  0.25582596174702998404   0.25585878776469000995 32.092051
  0.25582673095703001298   0.25587214355469001248 32.092569
  0.25579376220702998435   0.25589198730468998289 32.091952
  0.2558630200195299853    0.25582272949218998193 32.091950
  0.2558095569570300043    0.25587901855468997425 32.092084
  0.25584673095702997747   0.25587619255469001844 32.093705
  0.25584370495703001591   0.25583884681468999078 32.092343
  0.25584673095702997747   0.25585685655468998201 32.092791
  0.25581684814452998467   0.25586890136718998257 32.091950
  0.25582839111327998483   0.25585735839843998241 32.091949
  0.25583673095703002298   0.25585896355469001096 32.092419
  0.25582667595703001417   0.25584901855468999976 32.093253
  0.25582364541768998212   0.25586903582766001852 32.092277
  0.25582374502077998013   0.25586890136718998257 32.092275
  0.25585147705077998515   0.25583427246093998209 32.091949
  0.25584570556640001682   0.25584004394532000592 32.091949
  0.25583173095702999023   0.25586154761468998808 32.092305
  0.2558292600170299913    0.25585401855468997701 32.092246
  0.255826584907400012     0.25585918315604000428 32.091950
  0.25582797036364002263   0.25585685655468998201 32.092040
  0.25584151611327998754   0.25584423339843997969 32.091949
  0.2558345385742200051    0.25585121093750001764 32.091949
  0.25582850017703001599   0.25586101855469001176 32.092127
  0.25582873095703001498   0.25585724933469000675 32.091960
  0.25582669326482998517   0.25585901624689000311 32.091948
  0.25582658018823001278   0.25585900932348998316 32.091942
  0.25582624095842998457   0.25585898855328997881 32.091987
  0.25582677553874999532   0.25585735839843998241 32.092132
  0.25582654249602998497   0.25585900701568997651 32.091944
  0.25582858018823001478   0.25585988116349001054 32.092078
  0.25582745202822998465   0.25585700932348998116 32.092089
  0.25582655146983002137   0.2558590206050900262  32.091941
  0.25582646531462999162   0.2558590544498899888  32.091948
  0.25582850017703001599   0.2558586516516199727  32.092016
  0.25582658916202999366   0.25585902291288997734 32.091943
  0.25582657749553000537   0.25585901893858997713 32.091942
  0.25582455146983001937   0.25586073382509000318 32.091979
  0.25582826468982999835   0.25586102060508997269 32.092116
  0.25582655433763001884   0.25585898347288998922 32.091946
  0.25582671672126999773   0.25585913715334002161 32.091954
  0.25582655416252997327   0.25585901098998997671 32.091942
  0.25582655999578002293   0.25585901297713997682 32.091941
  0.25582729667983000743   0.25586002060508999945 32.092024
  0.25582755146982999461   0.25585827539508998463 32.091953
  0.25582600695611001917   0.2558583107912900112  32.092108
  0.25582657982089002102   0.25585904892957000989 32.091944
  0.255826531277379976     0.25585902425874001986 32.091944
  0.25582656796052000159   0.25585901305730002209 32.091942
  0.25582705146982998023   0.25585894266358999438 32.091961
  0.25582662941132999768   0.25585952060508998507 32.091968
  0.25582654569042001524   0.25585901638450997408 32.091943
  0.25582658570362998285   0.25585904269736997607 32.091944
  0.2558267029554299743    0.25585882060509002045 32.091948
  0.25582675146983002712   0.25585917209068997913 32.091958
  0.25582654795497000721   0.25585902109023000994 32.091942
  0.25582658916202999366   0.2558589866836100124  32.091941
  0.25582652230357999512   0.25585904689861999062 32.091942
  0.25582657244742001978   0.2558590017373599812  32.091941
  0.25582665146983002424   0.25585901311259001689 32.091945
  0.25582654397733001206   0.25585892060509002333 32.091956
  0.25582645896232997229   0.25585912809758998288 32.091942
  0.25582654443281999113   0.25585904892957000989 32.091942
  0.25582660146982999505   0.25585901186996001799 32.091943
  0.25582656020495997407   0.25585907060508999988 32.091944
  0.2558265508824800194    0.25585902019244000094 32.091942
  0.25582656343194998261   0.25585902109023000994 32.091942
  0.25582655224683997774   0.25585904060509001567 32.091942
  0.25582657146983001084   0.25585901982808001431 32.091942
  0.25582655126205999796   0.25585902041286001651 32.091941
  0.25582655999578002293   0.25585902109023000994 32.091942
  0.2558265614698300161    0.25585902714010000381 32.091942
  0.25582655800483999897   0.25585901060508997595 32.091942
  0.25582654483481997998   0.25585903053974001775 32.091941
  0.2558265495663299971    0.25585903053974001775 32.091941
  0.2558265489744199761    0.25585902560508999581 32.091941
  0.25582655646982999098   0.25585902310050001596 32.091941
  0.255826548965239986     0.25585901310968001132 32.091943
  0.25582655464229997477   0.25585902560508999581 32.091942
  0.25582656020354999082   0.25585901316936998651 32.091941
  0.25582655796817999061   0.25585901498023999601 32.091941
  0.25582655283980998417   0.25585902260509002515 32.091941
  0.25582655346983002032   0.25585901923511000788 32.091941
  0.25582654970562002106   0.25585902062055998485 32.091942
  0.25582654626205997284   0.25585901791745002676 32.091942
  0.25582655391788999832   0.25585902180474001666 32.091941
  0.25582655046982999414   0.25585902086506001618 32.091942
  0.25582655120985997588   0.25585901960508999897 32.091942
  0.25582655272979998307   0.25585902134512000794 32.091941
  0.25582654989207997964   0.25585901841286001757 32.091942
  0.25582655210288002268   0.2558590215570299975  32.091941
  0.25582655167605999891   0.25585902110509001206 32.091941
  0.25582655096982998      0.25585902081132000374 32.091941
  0.25582655176359997418   0.25585901989886000729 32.091941
  0.25582655000208998075   0.25585901967282997926 32.091942
  0.25582655204787002612   0.25585902092704998489 32.091941
  0.2558265516698299824    0.25585902066729998561 32.091941
  0.25582655153203998077   0.25585902040509000965 32.091941
  0.2558265512076199899    0.25585902074287997232 32.091941
  0.25582655105583002042   0.25585901991285997514 32.091942
  0.25582655152099997853   0.25585902080702999095 32.091941
  0.25582655136983001309   0.2558590205253399863  32.091941
  0.25582655139007998146   0.25585902070508997896 32.091941
  0.25582655164958001404   0.25585902058484000232 32.091941
  0.25582655106205998141   0.2558590203506500016  32.091942
  0.25582655151789002179   0.25585902058813997373 32.091941
  0.25582655151983002551   0.25585902062833998372 32.091941
  0.25582655149307997888   0.25585902055509002206 32.091941
  0.25582655139658000421   0.25585902063184001731 32.091941
  0.25582655144957999749   0.25585902042533997802 32.091941
  0.25582655143471000336   0.25585902049527997626 32.091941
  0.25582655147528998718   0.25585902058509002455 32.091941
  0.25582655144983001971   0.25585902059963000488 32.091941
  0.2558265514843700017    0.25585902063054999367 32.091941
  0.25582655146789001765   0.25585902056489001621 32.091941
  0.25582655148088001562   0.25585902058074999621 32.091941
  0.2558265514798300222    0.25585902059560000632 32.091941
  0.25582655146034000149   0.25585902059509002537 32.091941
  0.25582655146931998491   0.2558590206245799914  32.091941
  0.25582655149528998884   0.25585902059054999036 32.091941
  0.2558265514839199728    0.25585902059282000787 32.091941
  0.25582655147483002178   0.25585902060878001896 32.091941
  0.25582655147352001412   0.25585902060009002579 32.091941
  0.25582655146113997269   0.25585902060639997835 32.091941
  0.25582655148931998657   0.25585902060560000715 32.091941
  0.25582655148208000018   0.25585902060296999982 32.091941
  0.2558265514690800102    0.25585902060309001493 32.091941
  0.2558265514678300101    0.25585902060583998185 32.091941
  0.25582655147257998829   0.2558590206063400263  32.091941
  0.25582655147113997351   0.25585902061378001937 32.091941
  0.25582655147173999355   0.25585902061035997734 32.091941
  0.25582655147082999925   0.25585902060457998974 32.091941
  0.25582655146931998491   0.25585902060408999281 32.091941
  0.25582655146934002444   0.25585902060659998503 32.091941
  0.25582655147108002147   0.25585902060234000377 32.091941
  0.25582655147027000275   0.25585902060322002205 32.091941
  0.25582655146992000494   0.25585902060559001514 32.091941
  0.25582655147033001031   0.25585902060499998711 32.091941
  0.25582655146923999334   0.25585902060468002084 32.091941
  0.25582655147133998019   0.25585902060558002313 32.091941
  0.25582655147083999125   0.2558590206052099858  32.091941
  0.25582655146978000582   0.25585902060489001952 32.091941
  0.25582655146963001469   0.25585902060514997824 32.091941
  0.25582655147007998808   0.25585902060523002532 32.091941
  0.25582655146942001601   0.25585902060567999872 32.091941
  0.2558265514696499987    0.25585902060551002357 32.091941
  0.25582655146972999027   0.25585902060505999467 32.091941
  0.25582655146985999739   0.25585902060498999511 32.091941
  0.25582655146990002093   0.25585902060521997781 32.091941
  0.25582655147010002761   0.25585902060517001777 32.091941
