 30                      -10                        0                       10                      1615246.130664
 30                      -10                        0                       10.5                    1461134.144791
 30                      -10                        0.00025000000000000001  10                      1615214.784524
 31.5                    -10                        0                       10                      2150328.179714
 28.5                    -10.25                     0.000125                10.25                   1125419.236996
 27                      -10.375                    0.0001875               10.375                  781674.093436
 28.5                     -9.6875                   0.00021875              10.4375                 1077387.031740
 27.75                   -10.03125                  0.00032812500000000002  10.65625                868963.934176
 26.625                  -10.046875                 0.0001171875            10.984375               614567.780491
 24.9375                 -10.0703125                0.00005078125           11.4765625              345269.393022
 24.09375                -10.08203125               0.00039257812500000002  10.97265625             313008.040529
 21.140625               -10.123046875              0.00058886718749999998  11.208984375            114788.675916
 21.9140625              -10.6123046875             0.00035888671874999999  11.4208984375           141654.938490
 19.74609375             -10.55908203125            0.00026489257811999998  11.58447265625          64808.488197
 15.744140625            -10.822998046875           0.00023327636719000001  12.048583984375         24846.116156
 14.8681640625           -10.4393310546875          0.00042840576171999998  12.7025146484375        20917.595080
  8.80224609375          -10.47149658203125         0.00054885864258        13.86627197265625       28767.852395
 11.89599609375          -10.92852783203125         0.00075393676757999997  12.21392822265625       24480.364484
  9.910400390625         -10.544647216796880329     0.00064335632323999996  12.666107177734380329   22897.813764
  5.0687255859375        -11.244705200195319605     0.00044062042237        13.606582641601569605   81641.469990
  9.0867004394531303291  -10.964290618896489704     0.00047768211365        13.007183074951180757   27766.594743
 17.122650146484371447   -10.403461456298829901     0.00055180549622000003  11.808383941650390625   27963.982012
 11.095687866210939276   -10.824083328247070312     0.00049621295928999997  12.707483291625980115   24039.918382
  8.1409835815429705264  -10.545296669006349433     0.00092767953873        13.096432685852059663   28717.299332
 13.843351364135740411   -10.753572702407840467     0.00040687716006999999  12.310546159744269801   22986.110158
 12.962805747985839844   -10.352289319038399995     0.00023348933457999999  12.979397416114819563   20511.345251
 13.496210575103759766   -10.064170062541970552    -0.00002673438192        13.362132012844099904   18760.792821
 14.963375329971309924   -10.076777189970020032     0.00022973947226        12.813166707754149343   18707.331469
 16.897219061851501465    -9.7031241208315002211    0.00009650272874999999  12.866008415818230404   18736.689412
 12.775723814964299763    -9.8088900595903503188    0.00023050642758        13.461414113640799428   17449.668276
 12.241910040378579438    -9.3365487381815999157    0.00014232106134        14.036848090589060689   15255.233483
 17.874429613351829005    -9.4137663058936702498   -0.00025649036654000002  13.791223552078029968   17404.850967
 14.419798716902739955    -9.0063000936061303747   -0.00038398786914999999  14.299170533195169952   13334.721175
 14.195616044104109932    -8.289784613065450003    -0.00079018468459000001  15.097498475574010257   10592.789287
 16.141454938799160601    -8.4942683610134004368   -0.00031057287685000001  14.507236400153519895   11064.896579
 15.263329988345530452    -7.6904068191070402705   -0.00083720290557999998  15.903236551443159286   8555.208660
 15.413307317532639829    -6.4972216336755597155   -0.00137067409449999995  17.448271473287668698   5930.005015
 11.121714557055419448    -6.8951453670743401148   -0.00090806493075999998  16.753703667724099802   17082.836898
 12.809893321129520061    -7.5248006017791704281   -0.00074517128971000001  16.013083638812581455   9440.286031
 17.038225770404139325    -6.0664888665851899319   -0.00175062253416999997  17.496196903324829464   4788.643526
 19.436383635416920157    -4.4314589307869898249   -0.00269709433191999987  19.225871309692720956   2849.805327
 14.786145220292439717    -4.8773645286401796639   -0.00249098932350999992  19.385126048529969012   8067.112275
 17.02724870308164995     -3.3756382343754998132   -0.0028617798352299998   20.938677759587459803   4942.945975
 20.521649117032310983    -2.0660410619599400839   -0.00396509750286999987  22.485889656736329556   2693.525843
 24.37752701498369845      0.66333870794966998119  -0.00557506060944999975  25.722292665698198277   4305.512762
 21.41314916623932163     -3.3078154017588201619   -0.00295633355875000005  20.664229051122120495   2392.329272
 24.726651139212769692    -2.5230408383181299747   -0.0031890056763699999   21.30378055241819979    3682.660981
 23.785907993352459755    -0.09325518076507000043  -0.00486947851988000016  24.20906241528165026    3456.175930
 25.551296252938861642    -1.5736470532599100558   -0.00438222212148000039  22.353848456828949054   3646.357911
 23.420284365474561383    -2.0241448485388100487   -0.0040021115499200002   22.000055782518579406   2487.843921
 18.609825148729100874    -5.8214749407572101703   -0.00194083995185000005  17.978960484753219617   4331.581404
 22.491887282196618258    -1.5253101207631099001   -0.00413731887786999986  22.651536932649541711   2624.560123
 24.487101330054478865    -0.03019678572335000172  -0.00483333641278999981  24.674984401820569957   3631.405799
 20.699063059076308946    -3.3311433945210802143   -0.00323115485214000003  20.588149582724678766   2402.326886
 23.490542819461090573    -3.0281658208309698566   -0.00319836191646999998  20.466096017771128857   3064.084059
 21.263872542639511209    -2.3065722516777000806   -0.00377341360627000012  21.980941246995030269   2449.264471
 20.906297284518238655    -3.9595278274851000155   -0.00284418790567000012  19.965150899030671638   2595.368372
 21.302694783937830891    -3.3509734008045999332   -0.00316747064871999995  20.636747407435390045   2408.277560
 18.919105410471928508    -4.1241073758422901463   -0.00256207478302000009  19.93497786162004104    2785.435567
 22.294989626723911158    -2.5491354803646801841   -0.00364210235819999997  21.483786302293939485   2362.635664
 21.591075775349178656    -3.9629615870468901662   -0.00272511710262999998  19.705514924793039455   2641.788113
 21.345673350816930736    -2.7206695855200000445   -0.00351133948036000008  21.412084666444531678   2382.365785
 21.573742817490408896    -2.6034085302776901472   -0.00350299447600999981  21.437377393857239838   2364.282498
 22.614714421558968382    -2.2593711044395199394   -0.00357523008451999993  21.910589124134240535   2431.692495
 21.177975899696978246    -3.0632003220006898125   -0.00331717366023999991  20.918759468077070096   2366.218877
 21.783041681124789335    -2.1603915573227099323   -0.00403047142864999992  21.961774864214270053   2433.888451
 21.505622294960691221    -3.0209594406497899399   -0.00322486802623000004  20.988615504395159661   2362.380330
 21.930491968619069354    -2.8976823011264198904   -0.00333222977998000021  21.00218466786716931    2331.496744
 22.222901277520129781    -2.9861886589296400274   -0.00324267492978999984  20.797234668578489902   2343.510766
 22.47444745420007095     -2.4723925542086000462   -0.0035339236599700001   21.537222466129680498   2367.739532
 21.502093788322749646    -2.9154983800526701465   -0.0033713611601699999   21.073375217590218256   2350.847591
 22.042856021822800017    -3.0882292708190899333   -0.00328228618627999982  20.836603452215999965   2362.689933
 21.925577720739699572    -2.9670240856837399868   -0.00333746325871000019  20.986796937626309045   2348.425424
 21.136903259597190186    -3.3514466233916300197   -0.00299085875434999988  20.541699861445490427   2388.500832
 22.005468034942229139    -2.7497132661214198635   -0.00347929145724000001  21.248264692081828997   2346.891670
 22.17619346135118974     -2.7439995758423298966   -0.00353530480182000012  21.166695253187608472   2336.369827
 22.516771804503338927    -2.7637112343342797871   -0.00347078348870999984  21.128595557791239656   2351.835761
 21.755763292367898742    -2.8775515936230697811   -0.00339621674230000019  21.087180302640479823   2342.723632
 22.008380657900488586    -2.6674492826728801731   -0.00353405813195999986  21.265365520262239585   2337.156363
 21.929946655177101178    -2.8436281105109300071   -0.00341961327078999996  21.012448179896921374   2323.050853
 21.892185965294530092    -2.890585532705689964    -0.00338977417756999985  20.894539923804458681   2312.575111
 22.247862734214738367    -2.7223067525505899589   -0.00349946670336999995  21.077212379920261753   2321.627687
 22.114986406839271638    -2.9598377984396297968   -0.00334432959940999999  20.8049505921275113     2327.720223
 21.916570076132618539    -2.9912066165688298014   -0.00324759532834999979  20.722748528672088497   2309.296334
 21.786758383523331162    -3.1148101369320899678   -0.00310374059160999994  20.50077516641432851    2310.157161
 22.155310622621509964    -2.8842860490059498701   -0.00340835312436999979  20.747541044394989029   2304.120142
 22.267719949622730269    -2.8775879229457101971   -0.00344641479655999989  20.620219232658911324   2312.090585
 21.99097829229242862     -2.7843546769758997783   -0.00342826506741999992  20.916070346268391233   2296.724632
 21.928974235018998229    -2.6966131162440398761   -0.00347023280141999999  20.971630223338820542   2286.233961
 21.698657715319090045    -3.009038904711660134    -0.00325851101248000007  20.591017480184920174   2287.289170
 21.957570359251580072    -2.8999868105595498768   -0.00330257195573999997  20.621928714490948664   2276.509524
 21.990262556230099733    -2.9046874494864800553   -0.00325897084483000015  20.485623109834190103   2270.702094
 21.970032488462241105    -2.7561061431552400514   -0.00345043856320000021  20.675157400204369651   2252.397626
 21.99676369462704173     -2.6385559064484400693   -0.00355186018063000011  20.65136183597051911    2234.987512
 21.652018477976099575    -2.7401616394393601972   -0.00336143429530999993  20.602275280269239488   2226.079554
 21.40037240565339971     -2.6680994346560700237   -0.00333797488078000021  20.529642398206359388   2189.711552
 21.959528730445679656    -2.4449390487058502153   -0.00355100834134999994  20.728111303490031503   2215.469283
 21.744489458459121067    -2.6315278034043800837   -0.00337967432237999991  20.22573910041172951    2169.738866
 21.652247070179168276    -2.5989851469845501875   -0.00333439508284999984  19.852793538948191099   2140.102558
 21.514193394222548505    -2.2706023189109800775   -0.00362864839797000021  20.39533142847335867    2125.195369
 21.276158813218781773    -1.9535597536232200966   -0.00381348717454999984  20.350185587792939401   2094.051813
 21.147389815121471202    -2.1942357855364100772   -0.00346657255914000016  20.079004578248248691   2055.008535
 20.72270287536868949     -1.9720757250803899741   -0.00342392874838999984  19.792825949387111706   1981.489018
 20.566211851764339968    -2.1514209814662601516   -0.00340388460193000002  19.534612433677271071   1942.342765
 19.869553412423670125    -2.0046619478464697828   -0.00333032273222999987  18.937862998770889078   1818.017273
 20.359958679941758675    -1.5965418521112499928   -0.00361309198823000013  18.937191639243209806   1862.178488
 19.461939820297281756    -1.1644344923461100727   -0.00375602023885000021  19.156239548648891002   1898.966368
 18.930918580796920025    -1.4152972550688900366   -0.00324819467930000019  18.061874480232109619   1665.019855
 17.758298464585990928    -1.1461660057917200106   -0.00296554843168000005  16.91771892645169828    1479.340545
 18.002172313255659475    -0.98382642396738995139  -0.0034085629471100002   17.181680607170228825   1549.176035
 18.533051614806261398    -1.7011636225123099031   -0.00290274281077999982  16.83098753716911844    1511.989515
 16.72157922259404117     -1.3213671479476900572   -0.00269049647267000005  15.996933395537759282   1299.200004
 14.902389493920169983    -1.1837797958659199704   -0.00222919871489000001  14.526804273685039348   1066.056080
 14.728402530860369879    -0.50280597622220002396  -0.00242270372000000017  13.790732673467159586   1052.279033
 12.157827090078720644     0.24812200958993999023  -0.00196889421389000001  11.217167510815290399   851.719612
 13.673611018439920883    -0.9076672833226200332   -0.00162462913850999996  12.564658516890350626   826.880981
 11.509330371032039153    -0.86958771300022996709  -0.00073266223421000005  10.25614747175040975    558.719189
  9.6308710950022007324    0.22545786997833999754  -0.00104540898655999998   9.6279315541820995605  604.969747
  6.3419105604305698876    0.35627219114279001788  -0.00002253364309         5.8963064787647203602  272.195898
  0.63371660835286003355   1.1074912896100399529    0.00144897375120000009   0.38560025492123001234 139.217531
  2.0634830883127399659    1.5395215239549699948    0.00108020287315999997   1.2166191221494699892  323.233884
 -0.23912650872880000796   0.75331947568162005435   0.00234444691568999998  -0.47401830931367999744 54.640973
 -6.4376033081325596541    1.0059182087274600725    0.00450111748047000038  -6.3196112193781699418  214.243171
 -2.6471693155177797863    1.0399144181448600754    0.00311588963947999993  -3.9357572844283899016  166.537292
-11.603878434822529897     3.0897110666959801684    0.00472741882398000027 -11.659925580086099473   1142.670364
  5.7310281695684004433    0.12023698192381999938   0.00063235803034000001   4.7771292087912797797  170.320563
 -0.32425861147540002705  -0.0290404412747999989    0.00269063129520000005  -0.84014218716425004274 4.639050
 -1.5181294613694700235   -0.81332142388968997615   0.00349584550621000016  -1.8685228418211099477  111.289006
 -7.0194470832529596294    1.3156053891570400616    0.00416761277044000022  -7.2092879717838300735  300.840712
  2.543409356363059981     0.41907908373212998665   0.00151617171536999997   1.7805249136475000959  64.597772
  3.9540397377736398177    0.08551028572963000063   0.00088422219925000001   4.3617396204737897136  118.491622
  2.3333153786133897789   -0.4930570876757500165    0.0022687623115499999    2.0284517639004500111  27.393361
 -1.7973699303875099176    0.2396402295019700035    0.00352578391965999985  -3.11433152993877993    79.111398
 -0.35951751334722997777   0.20110774355888999532   0.00286539348954999986  -1.2453137423356399616  16.689920
 -1.8382029838320799175   -0.20291423858714999207   0.0035684452906199998   -2.046036151104059897   36.014828
  0.14479464370813999174  -1.0152714876710300373    0.00335216927777000004  -0.57750184903807000314 105.761086
 -0.1431462206195699971    0.31117173484346000167   0.00259637750621000011  -0.49988919424478001075 10.250730
  2.5913995004176801906    0.19800521331304998807   0.00164213701064000006   1.7675894711819499783  41.111891
 -0.73080236276963994602  -0.10268437561210000397   0.00308686822062000012  -1.0926297455325599817  9.256806
 -3.1121777327193100859    0.68333441843347997313   0.00335087294423999996  -3.8674391985390701443  92.236613
  0.97194210078022003074  -0.19895921114844000721   0.00253928996972000018   0.55447902329056997228 2.863858
  0.24638496630503001206  -0.21086389015483000819   0.00259119000633000005   0.3062226905101300134  3.928184
  0.22477926703967998634  -0.58194569393855000161   0.00285761223973        -0.03614591520326999874 31.467594
 -0.05116484870475999924   0.08789237764795999885   0.00266168618958999986  -0.38395337448439997852 1.553797
  1.1522541662221899017   -0.07280120685294999561   0.00215453050979999994   0.91093282160858002339 4.344329
  1.4839668037767399511   -0.16832552397933001065   0.00228271704252000019   1.533982767626689947   11.763269
  0.12779774233762999924  -0.06386171195093000297   0.00258865273202999987  -0.24661094846652001356 0.767576
 -0.50477418586313005378  -0.12009501095017000027   0.00303587893903999994  -0.79586412618368995719 6.166714
  0.73799707820086002386  -0.08462465787726000666   0.00237486761710999994   0.48423358466050997473 1.213884
  0.64690107000194996267   0.0810872884904900032    0.00249105824789000018  -0.10214854801004999429 5.330640
  0.34651399222925999277  -0.13787609549349999494   0.00256615706672000008   0.20412988088008998666 1.272836
 -0.39137011874873001149   0.09972416731158000036   0.00255639183300000001  -0.52557945199572997375 1.766807
 -0.05054206386649000293   0.025053322696569999     0.00255211636718000005  -0.255564833174160011   0.390767
  0.63204822315538999877  -0.21854694896051998776   0.00237921070192999989   0.47704721643435998857 3.546632
  0.11963841926028000173   0.01128254599584000047   0.00259106731768000021  -0.16870322675471000062 0.269610
  0.1209315957368800043    0.08180084492561000287   0.00248719495027999995  -0.29745259274752999801 1.637413
  0.29011839310616999166  -0.08295686038871999402   0.00254641653761000005   0.07873426247317999449 0.340386
 -0.49449083278206001912   0.02938330605364000009   0.00276425886013999993  -0.78030595762162002771 3.171974
  0.42987510045512999923  -0.05612266689453999924   0.00247221542787000011   0.16809869908998001375 0.201252
  0.26674718213991999161   0.01248988265550999947   0.00249225509314000013   0.15789339928366999399 0.275461
  0.60373161134723996035  -0.08270687201253000553   0.0024988608209700002    0.37357640022021998405 0.765737
  0.11302635493693999336  -0.00188672598070000006   0.00253880248062999993  -0.09827952482556999436 0.079577
  0.17452513528996999037   0.06583837827676999876   0.00250075362205000014  -0.04922958907648999904 0.732257
  0.26122007865211999134  -0.04575805072235000076   0.00253500080872000018   0.0467432995857599981  0.069556
  0.19513279451230999828  -0.05873233145639000091   0.00257628792431000009  -0.18396377573593999943 0.534139
  0.24884358523301999822  -0.00531567087245999985   0.00251326330093000006   0.07242910552876999364 0.072472
  0.40684414037832999922  -0.06582410323086999859   0.00243857369138999981   0.26319901644417997844 0.407790
  0.19143984953979001351  -0.00799411631084000034   0.00255294391111000017  -0.06072766595498999692 0.072895
 -0.02261016627419000155   0.02564538495136000143   0.00259778982282999997  -0.18801609192300000606 0.243970
  0.31675378377280000164  -0.035680653933059997     0.00250360902661000018   0.07907000133673999787 0.062892
  0.39610229366192001299  -0.04548751993866000098   0.00251360604305999984   0.16703689507371000111 0.166178
  0.18379533961819000121  -0.01278692447018999964   0.00253250337123999986  -0.03195041985074999896 0.030766
  0.31386654409826997281  -0.04177653368819000262   0.00248924434263999997   0.14387365925525000265 0.119085
  0.22204652317941001027  -0.01643972065517999848   0.00253701901898999984  -0.0095773346524300005  0.032825
  0.24306427737823999014  -0.05001700401793000156   0.00254080281184999998  -0.03028633231911000145 0.127226
  0.24739875826932999914  -0.01649100415883000131   0.00252014817865999982   0.04675024606679999833 0.032793
  0.22377712376774999692   0.00505889911371999994   0.00251163898902999989  -0.00459705313557999973 0.102775
  0.25185933993102999073  -0.03305381326332999803   0.00252916035380000006   0.03390821140543000267 0.033655
  0.13579619672618001291  -0.00370507734070999991   0.00255580643473000014  -0.05950464985220999675 0.043514
  0.18103559348784001304  -0.01169897148879000051   0.00254275708270000015  -0.02486098705498000078 0.025822
  0.16527876734635998934   0.00434550287683000032   0.0025370534719999999   -0.04372745915111000276 0.073385
  0.23021419678485999238  -0.02370398422828999888   0.00253113363335000013   0.01449929376630000079 0.022436
  0.19917542090070000649  -0.01590072151786999996   0.00252625211398999983   0.01179640111612000053 0.014381
  0.18773986976134998672  -0.01563122194921999844   0.00252086866148000001   0.0224832690003900007  0.010449
  0.14399374155679001142  -0.01541954690942000036   0.00254348319572999994  -0.05666466813631999833 0.033837
  0.22154750409119999821  -0.01622313984648000168   0.00252598193292999981   0.0208965175160200009  0.021434
  0.22647324244444000385  -0.02084173428619999838   0.00252786728398999997   0.04845946646462000185 0.020911
  0.2519518130530900013   -0.02650106866630000044   0.0025101686731699999    0.07803026042864999456 0.037855
  0.19876464837915000516  -0.01539949578317000023   0.00253460998031999982   0.00086182481592999996 0.017348
  0.18704843555320999071  -0.01034381170424999996   0.00252353029600999989   0.03185124513218000331 0.017104
  0.17846559397788000489  -0.01488499201494000029   0.00252745617796999982   0.03093138519053999919 0.009655
  0.15692463892121000235  -0.0142159180991699996    0.00252819330048999983   0.03594881902779999833 0.007951
  0.1387655538630200025   -0.0069534894817000004    0.00252573383515999981  -0.00288688747647000005 0.008960
  0.13647460067024999586  -0.00817272483400000027   0.00251455306624999994   0.04283639802602000335 0.011890
  0.12290389605470999901  -0.01214286547780000017   0.00252114413568000012   0.01733955415669000133 0.002340
  0.09083162630544999727  -0.0130423923645700008    0.00251995105551000012   0.01008370866894999981 0.002278
  0.15065624375525998868  -0.01674878611332999978   0.00253282036007000015  -0.01002194341568999995 0.007730
  0.0808491616611199948   -0.00984907108017000002   0.00253248061413999985  -0.00592142059810000024 0.001235
  0.02740380761100999832  -0.0069579956456399996    0.00253828659046000018  -0.0201237653973399995  0.004393
  0.10086528145850000293  -0.01997459434692000144   0.00253098882994999986   0.01793146931795000162 0.011447
  0.12929048576189000608  -0.01020876569801000035   0.00252704758385999999   0.00231770172213000003 0.003340
  0.06888911982065000494  -0.01070858952886999914   0.00252795650629999979  -0.03771979583915999884 0.010859
  0.13491575914607001341  -0.01333908595659999939   0.00252813410193999987   0.01753166531105999904 0.003029
  0.06728727268200999923  -0.00647087143634999997   0.00252098631764999985   0.02202777096771000101 0.001952
  0.05765142413543999922  -0.01114194472083999965   0.00252372846075999985   0.01954316045268000152 0.004357
  0.11138072035528000236  -0.01044206045372000034   0.00252621780309000019   0.00662406640477000014 0.001336
  0.0402586313558599973   -0.00656311171081000021   0.00252168379326000005  -0.0011246025894000001  0.000739
 -0.00706993253924999981  -0.00317512458790999985   0.00251845863890999989  -0.01045273653962000039 0.002346
  0.05905626672169000252  -0.00362016497595999982   0.00253073320855999985   0.00071919842354000005 0.000654
  0.04316858692980000273   0.00109094871834999993   0.00253612428507999981  -0.00396305669916000025 0.003182
  0.07848511736497000568  -0.00876633267398000023   0.00253457139188000002  -0.02187915014729999857 0.004078
  0.0700867338527499939   -0.00704473674575999999   0.00252438258621000017   0.01105104068895999998 0.000485
  0.01374467644043000057  -0.00309648180263000011   0.00252842229799000008  -0.00426195844226999986 0.000528
  0.01072399252424000027  -0.00031317653740999999   0.00252013032887000001   0.00911325963851999932 0.000275
 -0.02433859204419000152   0.00445477073396999962   0.00251395518623999999   0.01663059975681999841 0.001432
  0.03654720341368999925  -0.00047416832006999998   0.00253015041754999989   0.00943537274376999961 0.001255
  0.03933077437032000273  -0.00504087586312999998   0.00252380044932999995   0.00151539124389000004 0.000148
  0.00788682187218000055  -0.00412747049851000004   0.00251763462263999982   0.00798966814101000067 0.001263
  0.04626390550930999795  -0.00374699135659999983   0.00252745856207999995   0.00253681585291       0.000114
  0.06945802668787999512  -0.00497640844882000014   0.00251946366525000005   0.01637021215441000072 0.001426
  0.02767301400229000077  -0.00356646346418000018   0.0025261826398100002    0.00089608420689999996 0.000082
 -0.00809089064966999998   0.00071098313509999997   0.00252440340383999979  -0.00402026521784999962 0.000215
  0.04186440909189000081  -0.00550849723698999989   0.00253079219865999993  -0.0086492465955999992  0.000864
  0.01850909666614999893  -0.00161200671231000008   0.00252279579631999994   0.00467263307998999969 0.000029
  0.07397928592371000311  -0.0076941518332099999    0.00252571531993000002   0.00883072740969999964 0.000388
  0.01242665349367000002  -0.00139030060698000003   0.00252473138285999989  -0.00080751706095999996 0.000058
  0.01310556046538999958  -0.0001170052069          0.00252678374120999995   0.00213361679553000002 0.000143
  0.0196618639416199989   -0.0013479728709600001    0.00252603791824000017   0.00197906040762000019 0.000041
 -0.00712859145744999985  -0.00021138047062         0.00252241530654000005   0.00083331446386000004 0.000100
  0.00621953278424000004  -0.00109528319211000006   0.0025236761204199998    0.00125918981112999994 0.000030
  0.00073555944055000001   0.00084368177300000004   0.00252243796910999992   0.00265559891198999991 0.000084
  0.02093865036185999992  -0.00246392715489         0.00252524647213999993   0.00133596288317000002 0.000022
  0.02023791838326999964  -0.00186929435816         0.00252414677070000003   0.00543094015191999957 0.000045
  0.01828510216086999887  -0.00174954592035999994   0.00252429292373999989   0.00387132584870000015 0.000010
  0.01231432704493999955  -0.00211240861887999985   0.00252196773807000004   0.00359049540388000016 0.000083
  0.01782497971744999993  -0.00153908180793999993   0.0025250203732000002    0.00238191915667999984 0.000007
  0.03155938166892999913  -0.00258699760564000012   0.00252500166228000018   0.0048717306731399998  0.000065
  0.01255449500540999942  -0.00146821179548999991   0.0025240075058800002    0.00216232502662999995 0.000005
  0.01629251695664999874  -0.00199837662703000003   0.00252648784116000016   0.0002031333776        0.000041
  0.01795495173877000028  -0.00170859919098999996   0.00252371880753000022   0.00355525815438999986 0.000007
  0.0123711139493900002   -0.00076879220249999997   0.00252327333304000001   0.00464945121003000009 0.000045
  0.01879676625874000112  -0.00204014341678999999   0.00252475318736000015   0.00216433496488999989 0.000004
  0.01528049419930999943  -0.00162847218523999994   0.00252445701324999997   0.00126059280258999993 0.000009
  0.01603164618969999886  -0.0016587406190200001    0.00252441599087000011   0.0019132760641200001  0.000003
  0.01464899184688000025  -0.0016444896286299999    0.0025253797211299998    0.00075566945177000004 0.000019
  0.01712846176580000088  -0.0016925718004000001    0.00252413403592999979   0.00285536097873000019 0.000001
  0.01443070489238000055  -0.00189075200791000001   0.00252363498682000014   0.00216572936050999981 0.000021
  0.01697641101118000165  -0.00162699935792999994   0.00252467402660999998   0.00232787170764       0.000001
  0.02191214760729999836  -0.00204101580158000005   0.00252498111450000012   0.00246809683105999982 0.000004
  0.01957273445682999879  -0.00189781480006000008   0.00252473771235000016   0.00239165387995000011 0.000001
  0.01605786045302000017  -0.00139791987192000003   0.00252422769552000008   0.0025797463503300002  0.000005
  0.01811203980731000002  -0.0018795875305700001    0.00252462181440000002   0.00226818781124999997 0.000001
  0.01986317733085999834  -0.0018897461254599999    0.00252466780377999999   0.00300826112466000013 0.000003
  0.01890529454556999847  -0.00183199474885000001   0.00252460485054999996   0.00273451485953000008 0.000001
  0.01698952897498999873  -0.00171649199563         0.00252447894410000014   0.00218702232924999993 0.000001
  0.01746847036764000161  -0.00174536768393999996   0.00252451042071000003   0.00232389546182000008 0.000001
  0.01705243638849000126  -0.00165978557916500002   0.00252440403126999967   0.00259161634318500009 0.000001
  0.01762025078655499871  -0.0017860796654850001    0.00252437792516499969   0.00256177439499000008 0.000001
  0.01801687815568499967  -0.00176228327462500016   0.00252436944323999966   0.00279493791913000035 0.000001
  0.01835059811131500157  -0.0017951933002300002    0.00252443587414000019   0.00262350742933999993 0.000001
  0.01842635315291999906  -0.00180311906055000007   0.00252457337394000007   0.00259764172695999994 0.000001
