 10                       10                       10                      1305.790420
  9                       11                       11                      1039.136510
  6                       14                       14                      426.847388
 -3                       23                       23                      229.887910
-30                       50                       50                      14258.193245
  4                       13                       16                      172.020225
 25                      -17                       -5                      8689.598075
 -3                       10                       23                      226.166306
 -1                       -7                       16                      41.977210
-16                      -67                       16                      4295.248463
 25                      -67                       50                      8674.816818
  3                      -12                       14                      174.146291
  7                      -14                        8                      539.735258
 -1                        4                       19                      57.133973
 -2                       19                       20                      129.873419
 -7                       -2                       21                      899.657245
  1                        9                       17                      14.099761
  1                      -15                       15                      
  7                       57                       20                      591.522637
  1                      -28                        8                      24.134925
  2                      -21                        8                      42.246502
  1                      -15                       11                      65.476852
  0                       25                       37                      25.112072
-14                      109                       14                      3310.567744
-49                      -21                       18                      38573.588331
  3                       -8                       -3                      85.909409
  1                      -28                       10                      24.943686
  2                      -56                      -14                      38.122867
  1                        5                       24                      14.473179
-12                      -41                       13                      2532.140196
-14                       13                       27                      3289.693726
-19                       59                        9                      5903.484124
  1                       23                        8                      14.584495
  2                        0                       -4                      62.265171
  1                       19                       27                      15.590288
  1                        9                       12                      13.316536
  1                        9                       -3                      7.940182
  1                        9                      -48                      20.705932
  2                       -8                       17                      34.405037
  2                      -10                      -15                      39.288281
  1                       16                       24                      15.294166
  2                       29                       -1                      36.745521
  4                        7                       17                      172.988153
 11                        7                       -9                      
  1                        7                       -3                      9.459085
  1                       29                       10                      15.178978
  2                       -8                      -33                      38.431693
  1                       17                       20                      15.074026
  0                       14                      -13                      154.626483
 -2                       -1                       -7                      187.450163
 -4                       13                        0                      333.163615
  1                        8                       -2                      7.977944
 -0                       29                       17                      24.130494
  2                      -13                      -22                      38.736646
  1                       19                        7                      14.028788
  0                        7                        2                      11.127034
  2                       14                        1                      36.717452
  3                        5                       -1                      117.073939
  1                       12                        5                      12.414811
  2                        9                       -7                      95.742927
  1                        8                        0                      8.877949
  1                       11                       -3                      8.798780
  1                        9                       -1                      8.842807
  0                        9                       -3                      5.623822
 -3                        9                       -3                      178.753029
 -0                        5                       -1                      0.920431
  0                       -7                        5                      199.204220
 -1                       14                       -7                      37.326294
  0                        7                       -3                      0.956763
 -1                        5                       -2                      15.860376
  1                        8                       -3                      8.026721
  1                       10                        0                      9.869959
 -0                        5                        4                      11.107156
  2                        3                       -1                      97.771167
  0                        4                       -6                      202.155343
 -0                        7                       -2                      3.223305
 -1                        4                       -1                      15.652575
 -1                        3                        1                      21.866583
  1                        4                       -1                      15.535537
 -0                        4                       -3                      154.460810
 -0                        7                       -0                      7.735009
  1                        7                        1                      8.909174
  0.5                      8                       -3                      1.880410
  0.33000000000000001554   6                       -3                      2.152330
  0.25                     7                       -3                      0.267539
 -0.33000000000000001554   5                       -2                      2.324809
  0.28999999999999998002   7                       -3                      0.330942
  1.25                    13                       -9                      15.936861
  0.25                     6                       -3                      1.486177
  0.25                     7                       -2                      1.623189
  0.25                     9                       -5                      0.260362
  0.25                    15                      -11                      0.252021
  0.25                    33                      -29                      0.250754
  0.25                    87                      -83                      0.255301
  2.25                    33                      -48                      50.585571
  0.25                    31                      -26                      1.611493
  0.25                    12                       -9                      1.458369
  0.25                    25                      -20                      1.608519
  0.25                    15                      -12                      1.454286
  0.25                    22                      -17                      1.611179
  0.25                    17                      -13                      0.251437
  0.25                    13                      -23                      43.329859
 -0.75                    27                      -19                      30.105785
  0.25                    23                      -49                      29.980700
  1.25                    49                      -19                      17.180679
 -0.75                    13                      -49                      62.472701
  0.28000000000000002665  23                      -18                      1.530371
  0.26000000000000000888  17                      -14                      1.520448
  0.35999999999999998668  43                      -32                      8.968987
 -0.25                    34                      -33                      143.880902
  0.07000000000000000666  37                      -19                      17.220906
  0.68000000000000004885  25                      -23                      27.485732
  0.6500000000000000222   13                      -11                      26.671056
  0.28999999999999998002  33                      -24                      7.528285
  0.4500000000000000111   33                      -30                      3.310258
  0.25                    38                      -29                      7.878394
  0.58999999999999996891  17                      -33                      28.693036
  0.23000000000000000999  22                      -19                      1.328187
  0.23000000000000000999  31                      -27                      0.248801
  0.20999999999999999223  38                      -33                      1.763186
  0.26000000000000000888  32                      -27                      1.580837
  0.23999999999999999112  25                      -21                      0.247459
  0.27000000000000001776   7                       -3                      0.293354
  0.4500000000000000111   20                      -11                      6.587883
  0.25                    37                      -32                      1.609130
  0.23999999999999999112  26                      -22                      0.247662
  0.22000000000000000111  29                      -26                      1.274623
  0.04000000000000000083  22                      -23                      521.908955
  0.42999999999999999334  20                      -25                      65.627787
  0.30999999999999999778  27                      -14                      10.939773
  0.32000000000000000666  17                      -29                      39.528787
  0.25                    26                      -21                      1.609902
  0.23000000000000000999  28                      -25                      1.332298
  0.34000000000000002442  25                      -20                      1.450427
  0.28000000000000002665  25                      -23                      17.403434
  0.23999999999999999112  23                      -21                      16.660771
  0.34000000000000002442  28                      -20                      5.934636
  0.25330000000000002514  26                      -21                      1.599234
  0.22830000000000000293  28                      -25                      1.322522
  0.22670000000000001261  25                      -22                      1.312595
  0.28679999999999999938  26                      -21                      1.515204
  0.28999999999999998002  24                      -21                      1.732518
  0.23919999999999999596  25                      -21                      0.247385
  0.29920000000000002149  25                      -20                      1.492237
  0.25919999999999998597  22                      -17                      1.583985
  0.22919999999999998708  27                      -24                      1.326715
  0.25919999999999998597  26                      -21                      1.581200
  0.25919999999999998597  25                      -20                      1.580987
  0.33920000000000000151  25                      -21                      0.408461
  0.22919999999999998708  25                      -21                      0.247776
  0.23680000000000001048  25                      -21                      0.247247
  0.22959999999999999853  25                      -21                      0.247705
  0.22700000000000000733  25.5                    -21.579999999999998295   0.188987
  0.19700000000000000844  27.5                    -23.579999999999998295   0.200655
  0.22700000000000000733  26.5                    -21.579999999999998295   1.549625
  0.19700000000000000844  24.5                    -20.579999999999998295   0.198712
  0.15700000000000000067  26.5                    -21.579999999999998295   1.875874
  0.12700000000000000178  25.5                    -22.579999999999998295   1.209275
  0.19759999999999999787  27                      -23.320000000000000284   0.084166
  0.1076000000000000012   32                      -28.320000000000000284   0.177958
  0.12759999999999999121  25                      -21.320000000000000284   0.127159
  0.05759999999999999842  31                      -27.320000000000000284   0.332120
  0.18759999999999998899  27                      -23.320000000000000284   0.081725
  0.1575999999999999901   27                      -23.320000000000000284   0.092586
  0.17760000000000000786  25                      -21.320000000000000284   0.080473
  0.14760000000000000897  19                      -15.320000000000000284   0.090020
  0.12759999999999999121  27                      -23.320000000000000284   0.130309
  0.14760000000000000897  27                      -23.320000000000000284   0.102201
  0.16759999999999999898  27                      -23.320000000000000284   0.085945
  0.22759999999999999676  27                      -19.320000000000000284   6.304631
  0.31759999999999999343  27                      -23.320000000000000284   0.346941
  0.6775999999999999801   25                      -21.320000000000000284   3.738399
 -0.46239999999999997771  23                      -19.320000000000000284   6.329049
  0.33760000000000001119  26                      -22.320000000000000284   0.433733
  0.20760000000000000675  26                      -22.320000000000000284   0.088976
 -0.02239999999999999977  25                      -21.320000000000000284   0.717978
  0.1575999999999999901   26                      -22.320000000000000284   0.091447
  0.23760000000000000564  26                      -20.320000000000000284   2.876148
  0.13760000000000000009  26                      -22.320000000000000284   0.113291
  0.14760000000000000897  27.170000000000001705   -23.730000000000000426   0.113814
  0.16759999999999999898  26.75                   -23.190000000000008384   0.076244
  0.1575999999999999901   25.5                    -21.900000000000009237   0.074440
  0.13760000000000000009  24.75                   -21.190000000000008384   0.082385
  0.14760000000000000897  24.5                    -20.949999999999999289   0.076884
  0.13760000000000000009  26.170000000000001705   -22.710000000000000853   0.102612
  0.16759999999999999898  25.289999999999999147   -21.670000000000001705   0.073030
  0.17760000000000000786  27.190000000000001279   -23.559999999999998721   0.074987
  0.16759999999999999898  25.239999999999998437   -21.559999999999998721   0.084118
  0.16759999999999999898  26.370000000000000995   -22.780000000000001137   0.073257
  0.14760000000000000897  24.25                   -20.670000000000001705   0.076153
  0.16759999999999999898  26.460000000000000853   -22.839999999999999858   0.074123
  0.17760000000000000786  26.579999999999998295   -22.959999999999990195   0.073950
  0.17760000000000000786  25.699999999999999289   -22.100000000000001421   0.073417
  0.16759999999999999898  24.989999999999998437   -21.410000000000000142   0.072291
  0.1575999999999999901   24.199999999999999289   -20.63000000000003098    0.072491
  0.1575999999999999901   25.399999999999998579   -21.809999999999998721   0.073801
  0.17760000000000000786  25.629999999999999005   -22.030000000000001137   0.073206
  0.17760000000000000786  24.239999999999998437   -20.629999999999999005   0.071666
  0.17760000000000000786  23.169999999999991047   -19.550000000000000711   0.070694
  0.16759999999999999898  23.339999999999999858   -19.719999999999998863   0.070742
  0.17760000000000000786  22.379999999999999005   -18.780000000000001137   0.070070
  0.17760000000000000786  20.919999999999991047   -17.3399999999999892     0.070056
  0.17760000000000000786  19.960000000000000853   -16.329999999999991189   0.067638
  0.18759999999999998899  17.449999999999981526   -13.789999999999979607   0.070079
  0.18759999999999998899  19.359999999999988773   -15.759999999999989129   0.071491
  0.17760000000000000786  22.350000000000001421   -18.730000000000000426   0.069806
  0.17760000000000000786  16.960000000000000853   -13.329999999999989413   0.063909
  0.17760000000000000786   7.9599999999999999645   -4.329999999999979643   0.050920
  0.17760000000000000786 -19.039999999999999147    22.670000000000051443   0.677578
 -0.00239999999999999979   9.9600000000000008527   -9.3299999999999805311  519.875272
  0.16759999999999999898  13.960000000000000853   -10.329999999999980531   0.057981
  0.39760000000000000897   5.9599999999999999645    0.67000000000002002398 3.896181
  0.6775999999999999801   10.960000000000000853    -5.329999999999979643   3.562534
 -0.02239999999999999977  12.960000000000000853    -1.329999999999980087   14.702191
  0.49759999999999998677   3.9599999999999999645   -1.329999999999980087   7.713221
  0.16759999999999999898   3.9599999999999999645   -0.32999999999997997602 0.043203
  0.16759999999999999898  -6.0400000000000000355    9.6700000000000194689  7.524693
  0.13760000000000000009  -8.0399999999999991473   11.670000000000019469   1.057632
 -0.33239999999999997327   3.9599999999999999645    3.670000000000019913   15.528168
  0.16759999999999999898  -5.0400000000000000355    8.6700000000000194689  13.097242
  0.17760000000000000786  15.960000000000000853   -12.329999999999980531   0.062431
  0.66759999999999997122   3.9599999999999999645   -0.32999999999997997602 4.165114
  0.18759999999999998899   8.9600000000000008527   -1.329999999999980087   6.585445
  0.19759999999999999787   4.9599999999999999645    4.670000000000020357   9.156679
  0.1575999999999999901    3.9599999999999999645   -0.32999999999997997602 0.037289
  1.1575999999999999623    3.9599999999999999645    3.670000000000019913   11.607034
  0.1575999999999999901  -12.039999999999999147    15.670000000000019469   25.966599
  0.1575999999999999901   13.960000000000000853   -10.329999999999980531   0.059389
 -0.84240000000000003766   6.9599999999999999645   -1.329999999999980087   25.297999
 -0.84240000000000003766   1.9599999999999999645    4.670000000000020357   28.678701
  1.1575999999999999623    8.9600000000000008527    3.670000000000019913   13.162379
  0.12759999999999999121   3.9599999999999999645   -0.32999999999997997602 0.037711
  0.48759999999999997788   4.9599999999999999645    0.67000000000002002398 2.605230
  0.1175999999999999962   -7.0400000000000000355   10.670000000000019469   1.718599
  0.16759999999999999898  10.960000000000000853    -7.329999999999979643   0.052361
  0.25759999999999999565   5.9599999999999999645   -0.32999999999997997602 2.703993
  0.61760000000000003784   2.9599999999999999645    1.670000000000019913   2.707319
 -0.34239999999999998215   3.9599999999999999645    1.670000000000019913   10.392872
 -0.40239999999999997993   2.9599999999999999645   -2.329999999999980087   486.154934
 -0.40239999999999997993   6.9599999999999999645   -0.32999999999997997602 14.931229
  0.05759999999999999842   1.9599999999999999645    1.670000000000019913   0.104413
  0.1076000000000000012    2.9599999999999999645   -0.32999999999997997602 2.858503
  0.25759999999999999565   3.9599999999999999645    0.67000000000002002398 1.030706
  0.16759999999999999898   4.9599999999999999645   -0.32999999999997997602 1.240385
 -0.04240000000000000019   3.9599999999999999645   -0.32999999999997997602 0.550599
  0.05759999999999999842   3.9599999999999999645   -1.329999999999980087   2.569619
 -0.04240000000000000019   2.4900000000000002132    1.670000000000019913   1.473229
  0.05759999999999999842   3.5899999999999998579   -0.33000000000000001554 0.143481
  0.1076000000000000012    4.4400000000000003908   -1                      0.039597
  0.08759999999999999731   0.28000000000000002665   3.2200000000000001954  0.046659
  0.1076000000000000012    2.2000000000000001776    1.3400000000000000799  0.013958
  0.1575999999999999901    2.3100000000000000533    1.4499999999999999556  0.091847
  0.1175999999999999962    3.9100000000000001421   -0.39000000000000001332 0.022252
  0.12759999999999999121   2.75                     0.73999999999999999112 0.022677
  0.07760000000000000231   1.9499999999999999556    1.4599999999999999645  0.024238
  0.0976000000000000062    2.4500000000000001776    1.0099999999999900169  0.017794
  0.08759999999999999731   2.9599999999999999645    0.56999999999999995115 0.029648
  0.1175999999999999962    2.7999999999999998224    0.69999999999999995559 0.017026
  0.0976000000000000062    1.0600000000000000533    2.4199999999999999289  0.012212
  0.08759999999999999731  -0.36999999999999999556   3.829999999999989857   1.087237
  0.1175999999999999962    1.5900000000000000799    1.9599999999999999645  0.016034
  0.0976000000000000062    0.42999999999999999334   3.1099999999999998757  0.039874
  0.1175999999999999962    2.2099999999999999645    1.3000000000000000444  0.014336
  0.0976000000000000062    2.0600000000000000533    1.4099999999999999201  0.013309
  0.08759999999999999731   1.3400000000000000799    2.1499999999999999112  0.008568
  0.06759999999999999343   0.9000000000000000222    2.5699999999999998401  0.009612
  0.07760000000000000231   0.77000000000000001776   2.6499999999999999112  0.016231
  0.0976000000000000062    1.8400000000000000799    1.6699999999999999289  0.010748
  0.08759999999999999731   0.77000000000000001776   2.75                   0.015243
  0.0976000000000000062    1.7399999999999999911    1.75                   0.010003
  0.08759999999999999731   2.2200000000000001954    1.2900000000000000355  0.017453
  0.0976000000000000062    1.3500000000000000888    2.1400000000000001243  0.009503
  0.08759999999999999731   1.1100000000000000977    2.3599999999999998757  0.009020
  0.08759999999999999731   0.79000000000000003553   2.6800000000000001599  0.013038
  0.0976000000000000062    1.5                      1.9799999999999999822  0.009917
  0.08759999999999999731   1.0300000000000000266    2.4500000000000001776  0.009078
  0.07760000000000000231   0.96999999999999997335   2.5                    0.008439
  0.06759999999999999343   0.78000000000000002665   2.6800000000000001599  0.009558
  0.07760000000000000231   1.25                     2.2200000000000001954  0.009005
  0.07760000000000000231   1.2600000000000000089    2.2200000000000001954  0.009307
  0.08759999999999999731   1.1499999999999999112    2.3300000000000000711  0.008484
  0.04760000000000000342  -0.02999999999999999889   3.5                    0.127577
  0.1175999999999999962    1.9699999999999999734    1.5                    0.020357
  0.08759999999999999731   0.96999999999999997335   2.5                    0.010071
 -0.02239999999999999977   0.96999999999999997335   2.5                    0.157261
  0.12759999999999999121   0.96999999999999997335   3.5                    1.101982
  0.07760000000000000231   1.9699999999999999734    2.5                    1.327002
  0.0976000000000000062    0.96999999999999997335   2.5                    0.014703
  0.04760000000000000342  -0.14000000000000001332   3.5499999999999998224  0.483218
  0.08240000000000000102   1.1399999999999999023    2.3399999999999998579  0.008242
  0.09679999999999999716   2.1400000000000001243    2.3399999999999998579  1.251483
  0.08500000000000000611   1.1399999999999999023    2.3399999999999998579  0.008277
  0.0757000000000000034    1.1399999999999999023    2.3399999999999998579  0.009087
  0.08459999999999999465   1.1399999999999999023    2.3399999999999998579  0.008259
  0.03490000000000000047   2.1400000000000001243    1.3400000000000000799  0.074650
  0.13239999999999998992   2.1400000000000001243    2.3399999999999998579  1.096339
  0.06489999999999999936   2.1400000000000001243    3.3399999999999998579  3.642141
  0.1469000000000000028   -0.85999999999999998668   2.3399999999999998579  73.376992
  0.09679999999999999716   1.6499999999999999112    1.8600000000000000977  0.009933
  0.08260000000000000675   1.1499999999999999112    2.3300000000000000711  0.008240
  0.08319999999999999618   1.1799999999999999378    2.2999999999999998224  0.008237
  0.08500000000000000611   1.2700000000000000178    2.2099999999999999645  0.008361
  0.08480000000000000038   1.1899999999999999467    2.2900000000000000355  0.008238
  0.08949999999999999623   1.3799999999999998934    2.1099999999999998757  0.008600
  0.08060000000000000497   1.0700000000000000622    2.3999999999999999112  0.008288
  0.06320000000000000617   1.1200000000000001066    2.2099999999999999645  0.045395
  0.08530000000000000082   0.68000000000000004885   2.3599999999999998757  0.566553
  0.08709999999999999687   1.1299999999999998934    1.8000000000000000444  0.931343
  0.10240000000000000491   1.4299999999999999378    2.3700000000000001066  0.163847
  0.08260000000000000675   1.1399999999999999023    2.3300000000000000711  0.008327
  0.08649999999999999356   1.2800000000000000266    2.2099999999999999645  0.008488
  0.08210000000000000631   1.1200000000000001066    2.3500000000000000888  0.008301
  0.07320000000000000118   1.0100000000000000089    2.4700000000000001954  0.009194
  0.07320000000000000118   1.3200000000000000622    2.2099999999999999645  0.020131
  0.08459999999999999465   1.3500000000000000888    2.5                    0.249183
  0.08329999999999999905   1.1699999999999999289    2.2799999999999998046  0.009926
  0.08271900000000000086   1.1499999999999999112    2.3300000000000000711  0.008237
  0.08654599999999999793   1.2800000000000000266    2.2099999999999999645  0.008485
  0.0820869999999999933    1.1200000000000001066    2.3500000000000000888  0.008300
  0.07820000000000000562   1.1100000000000000977    2.3500000000000000888  0.008596
  0.08098099999999999743   1.1699999999999999289    2.2000000000000001776  0.033291
  0.08624600000000000322   1.0800000000000000711    2.2900000000000000355  0.037456
  0.08322499999999999343   1.1799999999999999378    2.2999999999999998224  0.008237
  0.08332399999999999529   1.1899999999999999467    2.3399999999999998579  0.013908
  0.08549600000000000255   1.2700000000000000178    2.2200000000000001954  0.008520
  0.08182399999999999396   1.1200000000000001066    2.3549999999999999822  0.008210
  0.07769600000000000117   0.93999999999999994671   2.5249999999999999112  0.008628
  0.08311100000000000432   1.1399999999999999023    2.3349999999999999645  0.008242
  0.08193699999999999595   1.1200000000000001066    2.3549999999999999822  0.008211
  0.0868239999999999984    1.1499999999999999112    2.3349999999999999645  0.008390
  0.08020700000000000052   1.2199999999999999734    2.3250000000000001776  0.019172
  0.08223800000000000554   1.1499999999999999112    2.4550000000000000711  0.041257
  0.08164599999999999635   1.1200000000000001066    2.3549999999999999822  0.008210
  0.07769600000000000117   0.93999999999999994671   2.5200000000000000178  0.008803
  0.08206499999999999906   1.1313999999999999613    2.3443999999999998174  0.008212
  0.08049000000000000599   1.0676000000000001044    2.4028999999999998138  0.008279
  0.08252299999999999913   1.151899999999999924     2.3256999999999998785  0.008222
  0.08382399999999999574   1.1130999999999999783    2.3812000000000002053  0.008770
  0.0806049999999999961    1.089299999999999935     2.4049999999999998046  0.009086
  0.08154599999999999349   1.1699999999999999289    2.3814999999999999503  0.020230
  0.08302600000000000258   1.1503000000000001002    2.3044999999999999929  0.009352
  0.08164599999999999635   1.1130999999999999783    2.3622999999999998444  0.008211
  0.08134600000000000164   1.1040000000000000924    2.3704999999999998295  0.008223
  0.08188499999999999945   1.1246000000000000441    2.3509000000000002117  0.008209
  0.08192399999999999682   1.1299999999999998934    2.3450000000000001954  0.008215
  0.08171599999999999697   1.1172999999999999599    2.3580000000000000959  0.008209
  0.08197100000000000219   1.1212999999999999634    2.3542999999999998373  0.008208
  0.08213299999999999768   1.1218999999999998973    2.3538999999999998813  0.008208
  0.08189100000000000545   1.1221000000000000973    2.3538000000000001144  0.008208
  0.08211499999999999355   1.1279999999999998916    2.347999999999999865   0.008208
  0.08210000000000000631   1.1229999999999999982    2.3532000000000001805  0.008208
  0.08204599999999999393   1.1233999999999999542    2.3525999999999998025  0.008208
  0.08222899999999999654   1.1113999999999999435    2.3645000000000000462  0.008214
  0.08195199999999999707   1.1209999999999999964    2.3553999999999999382  0.008208
  0.08188199999999999645   1.1154999999999999361    2.3599999999999998757  0.008210
  0.08205700000000000494   1.124900000000000011     2.3509999999999999787  0.008208
  0.0825629999999999975    1.1033999999999999364    2.4043000000000001037  0.010214
  0.08097100000000000131   1.1311999999999999833    2.3873999999999999666  0.012289
  0.08228299999999999503   1.1713000000000000078    2.3628999999999997783  0.015180
  0.08198500000000000232   1.1208000000000000185    2.3530000000000002025  0.008220
  0.08240000000000000102   1.1246000000000000441    2.3517000000000001236  0.008208
  0.08188166666667000271   1.1154999999999999361    2.3599999999999998757  0.008210
  0.08205666666666999731   1.124900000000000011     2.3509999999999999787  0.008208
  0.08247100000000000264   1.1254999999999999449    2.3536999999999999034  0.008222
  0.08186306000000000138   1.1412999999999999812    2.3488999999999999879  0.008650
  0.08195703999999999489   1.1266000000000000458    2.374299999999999855   0.009521
  0.08194226969814999428   1.1208000000000000185    2.3542000000000000703  0.008210
  0.08213299999999999768   1.125199999999999978     2.3506999999999997897  0.008208
  0.08207125999999999311   1.1312999999999999723    2.3473999999999999311  0.008221
  0.08213141000000000191   1.1242000000000000881    2.3643000000000000682  0.008521
  0.08177099999999999647   1.1301000000000001044    2.3597999999999998977  0.008634
  0.08197179714419999819   1.1209999999999999964    2.3542000000000000703  0.008210
  0.08200206969100000409   1.124900000000000011     2.3540510000000001156  0.008226
  0.08188166666667000271   1.1155330000000001078    2.3599999999999998757  0.008209
  0.08205666666666999731   1.1248830000000000773    2.3509999999999999787  0.008208
  0.08187099999999999933   1.122336999999999918     2.3538579999999997838  0.008208
  0.08194258999999999571   1.1165810000000000457    2.3593000000000001748  0.008209
  0.08198310000000000319   1.1263000000000000789    2.3591899999999998983  0.008398
  0.08197192516696999443   1.1211889999999999912    2.354108999999999785   0.008209
  0.08196718390299999324   1.1235331039500000561    2.3525000000000000355  0.008208
  0.08192099999999999382   1.1217150000000000176    2.3536609999999997811  0.008209
  0.08195348399999999311   1.121002000000000054     2.3563000000000000611  0.008212
  0.08197817799999999877   1.1232999999999999652    2.3546990000000000975  0.008216
  0.08203844422000000636   1.1211629999999999097    2.3529350099999999379  0.008218
  0.08195192367100000153   1.1221039999999999903    2.3540030000000000676  0.008208
  0.08188466666667000571   1.1246000000000000441    2.35086700000000004    0.008209
  0.08204616666667000069   1.1233999999999999542    2.3526169999999999582  0.008208
  0.08199099999999999444   1.1219060000000000699    2.354700999999999933   0.008208
  0.08195969940000000231   1.1223000000000000753    2.3541989999999999306  0.008208
  0.08196411500000000405   1.1212070000000000647    2.3553000000000001712  0.008208
  0.08196903454680000423   1.1210750000000000437    2.3542130000000001111  0.008209
  0.08199099999999999444   1.1222630389999999068    2.3538668535400000259  0.008208
  0.08198666666666999669   1.1235333333333299421    2.3517333333333301226  0.008209
  0.08196066666666999845   1.1216333333333299294    2.3544833333333299308  0.008208
  0.08198099999999999832   1.1217883799999999184    2.3540789000000001963  0.008208
  0.08196575990000000422   1.1217946000000000861    2.3548000000000000043  0.008209
  0.0819804214999999975    1.1210440800000001094    2.3548000000000000043  0.008208
  0.08196921174910999641   1.1209242424335799093    2.3539647726386001558  0.008211
  0.08196066666666999845   1.121098202416789924     2.3548000000000000043  0.008208
  0.08192561578066999417   1.1210299999999999709    2.3544343333333301871  0.008209
  0.08197465394517000625   1.1216870000000001006    2.3546343333333301651  0.008208
  0.08196711119499999754   1.1214999999999999414    2.3543088199999999688  0.008208
  0.08197599999999999332   1.1214470500000000008    2.3544928800000000102  0.008208
  0.08196803532200000464   1.1211989499999999165    2.3544999999999998153  0.008208
  0.08196982343974000551   1.1212098341576000049    2.3539051722863502114  0.008210
  0.08196711119499999754   1.1214168640167900826    2.3545394097333298689  0.008208
  0.08196039211111000311   1.1208632288888900064    2.3549766555555500247  0.008208
  0.08196554408332999697   1.1210945166666599349    2.3547522166666601251  0.008208
  0.08197092203299999325   1.1213999999999999524    2.3542937199999998121  0.008208
  0.08197000562999999518   1.1213043499999999497    2.3544000000000000483  0.008208
  0.08196900000000000019   1.1212930000000000952    2.3542505899999999208  0.008208
  0.08197103072337000307   1.1212990265000000178    2.3542995569000000344  0.008208
  0.08197599999999999332   1.1216870000000001006    2.3542940028098398031  0.008208
  0.08197973397478000579   1.1217570833333299074    2.3544514755555501218  0.008208
  0.08197680931159000151   1.1216175500000000742    2.3544636066666702057  0.008208
  0.08197000000000000119   1.1213391705999999903    2.3543240145999999591  0.008208
  0.08197189113000000193   1.1213500000000000689    2.3543112138999999772  0.008208
  0.08197117936900000235   1.1212807941000000334    2.3543500000000001648  0.008208
  0.0819709295010000033    1.1212300352999999831    2.3542147715000001362  0.008209
  0.08196792289500000328   1.1213527649999999181    2.3544341397333301558  0.008208
  0.08197228510866999551   1.1213765666666699605    2.3544118900000001737  0.008208
  0.08197146383150000215   1.1213556749999999962    2.3543715650000001105  0.008208
  0.08197150000000000269   1.1212822602000001027    2.3542958432000000712  0.008208
  0.08197150000000000269   1.1213197870000000123    2.3543117838000000575  0.008208
  0.08197108446714999885   1.1213084955999998993    2.3542800000000001504  0.008208
  0.08197045234409000569   1.1212946758860000696    2.3543062483649999095  0.008208
  0.08197261456891000164   1.1212935137333299718    2.3542831659333298688  0.008208
  0.08197196092667999312   1.1213049279500000299    2.3542933780999999449  0.008208
  0.08197119999999999407   1.1212965056999999458    2.3542982622999999442  0.008208
  0.08197091546073000112   1.121292876200000066     2.3542900000000002159  0.008208
  0.08197095795940000096   1.1212899999999998979    2.3543080123000001969  0.008208
  0.08197092657986999875   1.121320618099999944     2.3543037253999998804  0.008208
  0.08197085381558000261   1.121267737466669967     2.3542851495999999045  0.008208
  0.08197101536167999969   1.1212807498499999248    2.3542918081500001648  0.008208
  0.08197110000000000507   1.1212954824840000168    2.3543002587739998432  0.008208
  0.08197090895028999458   1.1212949999999999307    2.3543006756869999663  0.008208
  0.08197100385937000633   1.1213004999900000325    2.3543050000000000921  0.008208
  0.0819709871903400028    1.1213090175260000958    2.3542940655389998916  0.008208
  0.08197123835484999843   1.1213041452666701048    2.3543085461333301822  0.008208
  0.0819711576313199991    1.1213013279999999305    2.3543039096000000221  0.008208
  0.08197095000000000076   1.1212991388819999461    2.3542991364959999778  0.008208
  0.0819709801741899946    1.1213020000000000209    2.3542998423050001122  0.008208
  0.08197098011056000444   1.1212998422360000994    2.3543020000000001168  0.008208
  0.0819710897152499951    1.1212990188820000093    2.3542990211990000304  0.008208
  0.0819711781986200011    1.1213013393226700654    2.3542992014289998437  0.008208
  0.081971110886539994     1.1212997544920000337    2.3542995699935000964  0.008208
  0.08197102000000000555   1.1212999241849999077    2.3543000512429999027  0.008208
  0.08197099836927999872   1.1212996004439998998    2.3543009999999999771  0.008208
  0.08197100110220000013   1.1213010000000001032    2.3543004040499999618  0.008208
  0.08197098052852000438   1.1212994753709999429    2.3542985447069999516  0.008208
  0.08197100697471999819   1.1212967769213300073    2.3542992866256700069  0.008208
  0.08197100027459000571   1.1212980826909999532    2.3542994255454998687  0.008208
  0.08197100027421999613   1.1212994999999998935    2.3543002314696299671  0.008208
  0.08197098999999999358   1.1213000859805299925    2.3543002153451499936  0.008208
  0.08197100512716000431   1.1213002384995700567    2.3543004999999999072  0.008208
  0.08197100459862000088   1.121300175519899911     2.3542990531852199254  0.008208
  0.08197103544629999461   1.1212997000126700975    2.3542987387620000206  0.008208
  0.08197102617703999616   1.1212996751204999946    2.3542993040715001207  0.008208
  0.08197099720705000592   1.1213001047097599372    2.3542998000000001646  0.008208
  0.08197100236120999361   1.1213002000000000802    2.3543000519517698343  0.008208
  0.08197099500000000483   1.1213000575959899408    2.3543001418722400153  0.008208
  0.08197100543174000442   1.1212996376942498955    2.354300006175989779   0.008208
  0.08197098838899000151   1.121299485487450065     2.3542997978765201061  0.008208
  0.0819709925735299938    1.1212996737404798964    2.3542999734073899454  0.008208
  0.08197100200000000114   1.1213000380269899647    2.3542999953117198508  0.008208
  0.08197100078487999653   1.121299899999999905     2.3543000259540800556  0.008208
  0.08197099990983000573   1.1213000241847899119    2.3543001000000001177  0.008208
  0.08197099730529000539   1.121300037788220072     2.3542998787342002132  0.008208
  0.08197100471217000361   1.1213001455438500464    2.3542997594289398755  0.008208
  0.08197100228412999845   1.121300123556880024     2.3542998550397600255  0.008208
  0.08197100040601000559   1.1213000500000001036    2.3543000084764900137  0.008208
  0.08197100100000000167   1.1212999817925899393    2.35429998765261983    0.008208
  0.081971000161359997     1.1212999882478600355    2.3543000499999999775  0.008208
  0.08197099843263000452   1.1212999799595499972    2.3542999538708899721  0.008208
  0.0819710019467600054    1.1212999344998699769    2.3542999141771998595  0.008208
  0.08197100143751999413   1.1212999569210999606    2.3542999606329000351  0.008208
  0.08197100050000000193   1.1213000004495798922    2.3542999994719702173  0.008208
  0.08197100001137999636   1.1213000032367399506    2.3543000200000001598  0.008208
  0.08197099998663000264   1.1213000200000000639    2.3542999967754298929  0.008208
  0.08197099950198999396   1.1212999763136799469    2.3542999837525999673  0.008208
  0.08197100077598000467   1.1213000329472000427    2.3542999474194101772  0.008208
  0.08197100062232999529   1.1213000217723700924    2.3542999730645499668  0.008208
  0.08197100014022999648   1.1212999900000000242    2.3543000038407702057  0.008208
  0.08197099979999999952   1.1212999955355400505    2.3543000066320001196  0.008208
  0.08197100007490000506   1.1213000064666300837    2.3543000100000002206  0.008208
  0.08197099998486999384   1.1213000079978299173    2.3542999795272301355  0.008208
  0.08197100035429000231   1.1212999824575500263    2.3543000162058800306  0.008208
  0.08197100026237999493   1.1212999918431600932    2.3543000113482701607  0.008208
  0.08197100002912000027   1.1212999949999999938    2.3542999954745700286  0.008208
  0.08197099989999999392   1.1213000023064298993    2.3542999958431298779  0.008208
  0.08197099989999999392   1.1212999954072200293    2.3543000034658398967  0.008208
  0.08197100017088000679   1.1213000072863499312    2.35430000521645999    0.008208
  0.08197099988525000103   1.1212999838904000871    2.3542999969818501071  0.008208
  0.08197099993265999363   1.1212999895344599732    2.354300000236389856   0.008208
  0.08197100005000000633   1.1212999986365499439    2.3543000013857500186  0.008208
  0.08197099997152999806   1.121300000362049909     2.3543000020000000028  0.008208
  0.08197100002894000537   1.1213000019999999068    2.3543000002971501416  0.008208
  0.08197099994952999902   1.1212999990014000939    2.3542999963171000744  0.008208
  0.08197100005275000101   1.1213000027970700945    2.3542999907459600806  0.008208
  0.0819710000145599943    1.1213000009496099096    2.3542999939259301456  0.008208
  0.08197100002000000385   1.1212999997420098897    2.3542999998343798751  0.008208
  0.08197099999444999729   1.121299999566790051     2.3542999990000001986  0.008208
  0.08197099999644000268   1.1212999990000001027    2.3543000004826000193  0.008208
  0.08197099998911000496   1.1213000016912000323    2.3543000006830201443  0.008208
  0.08197099998541000632   1.1212999973324000447    2.3543000019600199835  0.008208
  0.08197099999628999767   1.1212999984992999547    2.3543000015443000805  0.008208
  0.08197100001000000302   1.1212999996734500652    2.3542999995920199652  0.008208
  0.08197099999453000274   1.1213000002057600391    2.3542999994999997959  0.008208
  0.08197099999316000141   1.121299999499999922     2.3542999999812801448  0.008208
  0.08197100000231000161   1.1213000006207900494    2.3543000009266998873  0.008208
  0.08197100001319000684   1.1213000005391999814    2.3542999987403199214  0.008208
  0.08197100000899999739   1.1213000001544000117    2.3542999991758901679  0.008208
  0.08197099999764000111   1.121299999960960081     2.3542999997999998207  0.008208
  0.08197099999911000578   1.12130000019999998      2.3542999999777300957  0.008208
  0.08197099999500000178   1.1212999999755199898    2.3543000000991800569  0.008208
  0.0819710000082500001    1.1212999998635200249    2.3543000001230898199  0.008208
  0.0819710000098600039    1.1213000004194699777    2.3542999994134001795  0.008208
  0.08197100000569000622   1.1213000001896100688    2.3542999995553701709  0.008208
  0.08197100000199999958   1.1212999999990100886    2.3542999999978801995  0.008208
  0.08197099999996999842   1.1213000000841200077    2.354299999899999829   0.008208
  0.08197099999993999464   1.1212999998999999551    2.3542999999159199831  0.008208
  0.08197099999809000226   1.1213000000168700243    2.3543000001861997816  0.008208
  0.08197100000283000232   1.1213000001317900978    2.354299999752639927   0.008208
  0.08197100000087000071   1.1213000000927200173    2.3542999998392701855  0.008208
  0.08197100000021000088   1.1213000000499999675    2.3543000000071900857  0.008208
  0.08197100000099999395   1.1212999999906398951    2.3542999999912299636  0.008208
  0.08197100000014000132   1.1212999999913000337    2.3543000000499998414  0.008208
  0.08197099999864999875   1.1212999999680599572    2.3542999999515799026  0.008208
  0.08197100000137000353   1.1213000001554200846    2.3543000000159999274  0.008208
  0.08197100000100999984   1.1213000000915700483    2.3542999999909799413  0.008208
  0.08197100000026999456   1.1212999999974400112    2.3542999999799998356  0.008208
  0.08197099999993999464   1.1213000000199999651    2.35429999999620021    0.008208
  0.08197099999949999938   1.1212999999957600217    2.3542999999897897823  0.008208
  0.08197100000029000633   1.1212999999868000778    2.3543000000340099653  0.008208
  0.08197100000066999403   1.121300000035790001     2.3542999999489500063  0.008208
  0.0819710000005400008    1.1213000000246700072    2.3542999999742098005  0.008208
  0.08197100000010000553   1.1213000000099999642    2.3542999999951601531  0.008208
  0.08197100000019999499   1.121299999998389918     2.3543000000066500732  0.008208
  0.08197099999989000685   1.121300000007469988     2.3543000000099998381  0.008208
  0.0819709999998100014    1.1212999999841399834    2.3542999999881901729  0.008208
  0.08197100000064000414   1.1213000000158699354    2.3542999999943399203  0.008208
  0.08197100000035         1.121300000010839959     2.3542999999931999433  0.008208
  0.08197099999996000641   1.1213000000023400915    2.3543000000049998377  0.008208
  0.08197100000003999798   1.1213000000049999638    2.3542999999986000681  0.008208
  0.08197100000010000553   1.1212999999985400201    2.3543000000027700658  0.008208
  0.08197099999989999886   1.1212999999941200002    2.3542999999936298217  0.008208
  0.08197100000031000422   1.1212999999981199117    2.3542999999912099796  0.008208
  0.08197100000019999499   1.1213000000004600398    2.3542999999959102198  0.008208
  0.08197100000005000386   1.1212999999996100531    2.3542999999992400006  0.008208
  0.08197099999998999631   1.1213000000015600488    2.3542999999980001036  0.008208
  0.08197100000007000176   1.1212999999954900154    2.3543000000091698354  0.008208
  0.08197100000005999587   1.1212999999978698895    2.3543000000065199551  0.008208
  0.0819709999999800043    1.1213000000005199919    2.3543000000009999262  0.008208
  0.0819710000000099942    1.1213000000010000523    2.3542999999998102112  0.008208
  0.08197100000010999754   1.1212999999972099729    2.3543000000033398322  0.008208
  0.08197100000007999376   1.1212999999982899979    2.354300000002009785   0.008208
  0.0819710000000099942    1.1213000000001100975    2.3542999999994997928  0.008208
  0.08197100000000000219   1.1213000000005000079    2.3543000000001801375  0.008208
  0.0819710000000099942    1.1212999999990900246    2.3543000000003497796  0.008208
  0.0819710000000099942    1.1212999999995700851    2.3543000000002201055  0.008208
  0.0819710000000099942    1.1212999999999899714    2.3543000000001201855  0.008208
  0.08197100000000000219   1.1213000000002000256    2.3543000000000198213  0.008208
  0.08197100000003999798   1.1212999999993100708    2.3542999999989802085  0.008208
  0.08197100000000000219   1.1213000000000099554    2.3543000000001002014  0.008208
  0.08197100000000000219   1.1213000000000299394    2.3543000000000700034  0.008208
