 -1                        0                        0                      50.000000
 -1.1000000000000000888    1                        1                      34.123377
 -1.3999999999999999112    4                        4                      46.020894
 -1.1999999999999999556    3                        2                      35.366936
 -1                        3                        0                      51.743596
 -0.9000000000000000222    1                        3                      13.116739
 -0.2999999999999999889    1                        9                      69.801628
 -0.69999999999999995559  -1                        0                      67.486550
 -1.1999999999999999556    3                        3                      26.366936
 -0.9000000000000000222   -0                        3                      24.000000
 -0.9000000000000000222    2                        5                      35.201783
 -1.1000000000000000888    1                        2                      25.123377
 -0.69999999999999995559  -2                        2                      62.831274
 -1.1000000000000000888    2                        3                      18.828423
 -0.80000000000000004441   1                        4                      11.067413
 -0.69999999999999995559   1                        5                      22.486550
 -1                        3                        4                      35.501957
 -0.5                      1                        7                      45.801159
 -0.2999999999999999889    1                        3                      3.801628
  1.1999999999999999556    1                        0                      16.677602
  1.1999999999999999556   -1                        6                      82.677602
 -0.2000000000000000111    0                        4                      22.000000
 -0.9000000000000000222    2                        3                      16.661641
 -0.4000000000000000222    0                        4                      20.000000
 -0.80000000000000004441   2                        3                      15.596606
 -0.5                      0                        4                      19.000000
 -0.69999999999999995559   2                        3                      14.547966
 -0.5999999999999999778    0                        4                      18.000000
 -0.9000000000000000222    3                        1                      41.959598
  1.1000000000000000888    2                       13                      138.828423
  1.6999999999999999556    1                       -5                      73.185734
 -3.1000000000000000888   -2                        3                      59.010773
 -0.2000000000000000111    2                        0                      36.686027
  0.69999999999999995559   1                        5                      41.926561
 -0.2000000000000000111    2                        5                      38.513475
 -0.80000000000000004441   1                        8                      55.067413
 -0.4000000000000000222    1                        2                      13.826277
 -0.4000000000000000222    0.94999999999999995559   3                      4.650446
 -0.10000000000000000555   0.96999999999999997335   4                      17.613593
 -0.69999999999999995559   0.98999999999999999112   3                      9.920049
 -0.10000000000000000555   0.95999999999999996447   2                      8.999964
  0.2000000000000000111    0.94999999999999995559   2                      3.989351
 -0.2000000000000000111    0.96999999999999997335   3                      4.859766
  0.2000000000000000111    0.96999999999999997335   2                      3.859766
 -0.5                      1.5                      2                      17.932207
 -0.69999999999999995559   0.57999999999999996003   1                      30.897075
  0.10000000000000000555   1.4199999999999999289    5                      35.354130
  0.2000000000000000111    1.5                      1                      19.023123
  0.5                      1                        2                      5.559521
 -0.2000000000000000111    0.95999999999999996447   3                      4.924910
 -0.2999999999999999889    1.1999999999999999556    3                      6.470360
 -0.2000000000000000111    0.98999999999999999112   2                      10.272552
 -0.5                      1.0200000000000000178    2                      15.613442
 -0.2000000000000000111    0.98999999999999999112   5                      26.927448
 -0.5                      1.1399999999999999023    3.3500000000000000888  7.719935
  0.5                      1                        1.6699999999999999289  3.771159
  0.9000000000000000222    1.0200000000000000178    1                      8.096367
  0.10000000000000000555   1.0300000000000000266    2.4500000000000001776  3.838796
  0                        1.0500000000000000444    2.75                   5.750000
  0.2000000000000000111    0.98999999999999999112   2.1899999999999999467  2.362552
  0.2000000000000000111    0.95999999999999996447   2.1200000000000001066  2.844910
  0.9000000000000000222    0.96999999999999997335   0.98999999999999999112 7.417647
  0                        0.98999999999999999112   2.5                    2.600000
 -0.2000000000000000111    0.95999999999999996447   2.8700000000000001066  3.494910
 -0.10000000000000000555   0.96999999999999997335   2.5699999999999998401  3.753586
  0                        0.96999999999999997335   2.5699999999999998401  3.570000
 -0.69999999999999995559   0.95999999999999996447   4.1900000000000003908  12.943776
  0.2999999999999999889    1.0500000000000000444    2.1899999999999999467  4.439441
  0.5                      1                        1.1899999999999999467  8.091159
  0                        0.96999999999999997335   2.1899999999999999467  5.590000
  0.4000000000000000222    0.9000000000000000222    2.1899999999999999467  5.897389
  0.2000000000000000111    0.89000000000000001332   3.1899999999999999467  14.486122
  0.2999999999999999889    1.1899999999999999467    3.1899999999999999467  16.292737
 -0.69999999999999995559   0.95999999999999996447   3.75                   8.103776
  0.4000000000000000222    1.0400000000000000355    3.1899999999999999467  17.076464
  0.2999999999999999889    0.97999999999999998224   1.7099999999999999645  5.130979
  0.2999999999999999889    1.0900000000000000799    2.5400000000000000355  8.519883
  0.2999999999999999889    0.89000000000000001332   2.5699999999999998401  9.052389
  0.2000000000000000111    0.97999999999999998224   2.1600000000000001421  2.357939
  0.2000000000000000111    0.94999999999999995559   2.1600000000000001421  2.549351
  0.10000000000000000555   0.94999999999999995559   2.1600000000000001421  4.338345
  0.4000000000000000222    0.95999999999999996447   2.1600000000000001421  5.443296
  0.10000000000000000555   0.97999999999999998224   2.1600000000000001421  4.090683
  0.2000000000000000111    0.78000000000000002665   1.1599999999999999201  12.512839
  0.10000000000000000555   0.81000000000000005329   3.1600000000000001421  13.553489
  0.2999999999999999889    0.86999999999999999556   3.1600000000000001421  15.842174
  0.2000000000000000111    0.94999999999999995559   2.0699999999999998401  3.359351
  0.18099999999999999423   1.0300000000000000266    2.1000000000000000888  3.789291
  0.4000000000000000222    0.95999999999999996447   1.8400000000000000799  2.556704
  0.2999999999999999889    0.96999999999999997335   2.0099999999999997868  2.289517
  0.2670000000000000151    1.0100000000000000089    2.0800000000000000711  2.613688
  0.21699999999999999845   0.96999999999999997335   2.1400000000000001243  2.297434
  0.27800000000000002487   0.95999999999999996447   2.0200000000000000178  2.339433
  0.33000000000000001554   0.94999999999999995559   1.9499999999999999556  2.185835
  0.39500000000000001776   0.93999999999999994671   1.8500000000000000888  2.214876
  0.28699999999999997735   0.96999999999999997335   2.0499999999999998224  2.244075
  0.39400000000000001688   0.95999999999999996447   1.8700000000000001066  2.348720
  0.26100000000000000977   0.96999999999999997335   2.0699999999999998401  2.231666
  0.28499999999999997558   0.95999999999999996447   2.0400000000000000355  2.061105
  0.27800000000000002487   0.94999999999999995559   2.0499999999999998224  2.182469
  0.29699999999999998623   0.94999999999999995559   1.9899999999999999911  2.314093
  0.28999999999999998002   0.96999999999999997335   2.0400000000000000355  2.187850
  0.3420000000000000262    0.94999999999999995559   1.9499999999999999556  2.047163
  0.38300000000000000711   0.93999999999999994671   1.8899999999999999023  2.098171
  0.34799999999999997602   0.93999999999999994671   1.9199999999999999289  2.100383
  0.32000000000000000666   0.94999999999999995559   1.9899999999999999911  2.085496
  0.2829999999999999738    0.96999999999999997335   2.0699999999999998401  2.392384
  0.33200000000000001732   0.94999999999999995559   1.9599999999999999645  2.072536
  0.31900000000000000577   0.95999999999999996447   1.9799999999999999822  2.190237
  0.5420000000000000373    0.92000000000000003997   1.9499999999999999556  5.601078
  0.24199999999999999289   0.95999999999999996447   1.9499999999999999556  3.619529
  0.3420000000000000262    0.95999999999999996447   1.9499999999999999556  2.194207
  0.3420000000000000262    0.8499999999999999778    1.9499999999999999556  3.375977
  0.24199999999999999289   0.96999999999999997335   1.9499999999999999556  3.561446
  0.24199999999999999289   0.9000000000000000222    0.94999999999999995559 12.949705
  0.51300000000000001155   0.92000000000000003997   1.6799999999999999378  2.317937
  0.38300000000000000711   0.93999999999999994671   2.0099999999999997868  3.418171
  0.31900000000000000577   0.95669999999999999485   1.9799999999999999822  2.142503
  0.32000000000000000666   0.95169999999999999041   1.9899999999999999911  2.093006
  0.34499999999999997335   0.9000000000000000222    2.2299999999999999822  5.717376
  0.3920000000000000151    0.93920000000000003482   1.6899999999999999467  3.674313
  0.30999999999999999778   0.92039999999999999591   1.4499999999999999556  7.067398
  0.32100000000000000755   1.0403999999999999915    2.4300000000000001599  7.380953
  0.2670000000000000151    0.96140000000000003233   2.1400000000000001243  2.873529
  0.32200000000000000844   0.95150000000000001243   2.0600000000000000533  2.898549
  0.34000000000000002442   0.93000000000000004885   1.9399999999999999467  2.059653
  0.33100000000000001643   0.95250000000000001332   1.75                   4.010770
  0.37299999999999999822   0.94620000000000004103   2.0400000000000000355  3.586988
  0.37299999999999999822   0.95999999999999996447   1.75                   3.651052
  0.31300000000000000044   0.94330000000000002736   1.9899999999999999911  2.052224
  0.37800000000000000266   0.92220000000000001972   1.8799999999999998934  1.922204
  0.4249999999999999889    0.90329999999999999183   1.8000000000000000444  1.818011
  0.38000000000000000444   0.93440000000000000835   1.8899999999999999023  2.024498
  0.45200000000000001288   0.9152000000000000135    1.7700000000000000178  1.978408
  0.49599999999999999645   0.88529999999999997584   1.6899999999999999467  1.865617
  0.53500000000000003109   0.86809999999999998277   1.6200000000000001066  1.826878
  0.51900000000000001688   0.85589999999999999414   1.6399999999999999023  1.725111
  0.55200000000000004619   0.82630000000000003446   1.5700000000000000622  1.706274
  0.51200000000000001066   0.8465000000000000302    1.6399999999999999023  1.804645
  0.65100000000000002309   0.73750000000000004441   1.3600000000000000977  1.632574
  0.94799999999999995381   0.47110000000000001874   0.72999999999999998224 1.356209
  1.848000000000000087    -0.32890000000000002567  -1.2700000000000000178  19.937173
  1.7479999999999999982    0.47110000000000001874  -2.2700000000000000178  37.263504
  0.54800000000000004263   0.7911000000000000254    1.7299999999999999822  4.048198
  0.94799999999999995381   0.47110000000000001874   1.7299999999999999822  12.275841
  1.0480000000000000426    0.48110000000000002762   0.72999999999999998224 2.712029
  0.94799999999999995381   0.57110000000000005205   0.72999999999999998224 3.126741
  1.838999999999999968    -0.32810000000000000275  -1.1599999999999999201  18.630440
  0.39100000000000001421   1.0835999999999998966    0.64000000000000001332 15.248413
  0.81699999999999994849   0.5554000000000000048    1.1499999999999999112  3.268710
  0.91500000000000003553   0.56720000000000003748   0.83999999999999996891 2.037186
  0.62800000000000000266   0.70279999999999998028   1.2199999999999999734  2.988589
  0.94299999999999994937   0.53649999999999997691   0.8499999999999999778  1.966893
  0.78000000000000002665   0.59619999999999995222   1.1200000000000001066  2.115499
  0.88100000000000000533   0.57450000000000001066   0.91000000000000003109 1.524426
  0.70999999999999996447   0.65220000000000000195   1.1499999999999999112  1.834213
  0.76900000000000001688   0.62329999999999996518   1.0800000000000000711  1.221724
  1.0809999999999999609    0.37509999999999998899   0.4500000000000000111  2.707973
  0.75900000000000000799   0.64690000000000003055   1.1299999999999998934  1.223583
  0.77000000000000001776   0.58640000000000003233   1.0500000000000000444  1.512618
  0.79800000000000004263   0.58340000000000002967   1.0200000000000000178  1.287722
  0.60299999999999998046   0.76459999999999994635   1.4199999999999999289  1.854276
  0.86199999999999998845   0.54449999999999998401   0.9000000000000000222  1.129207
  0.79500000000000003997   0.62639999999999995683   1.0500000000000000444  1.292231
  0.79700000000000004174   0.59419999999999995044   1.0300000000000000266  1.192588
  0.85999999999999998668   0.5278000000000000469    0.88000000000000000444 1.009813
  0.91000000000000003109   0.46820000000000000506   0.75                   1.046620
  0.91000000000000003109   0.48770000000000002238   0.79000000000000003553 1.184388
  0.9579999999999999627    0.44579999999999997407   0.68000000000000004885 1.378312
  0.83699999999999996625   0.55710000000000003961   0.93999999999999994671 1.048000
  0.85399999999999998135   0.47780000000000000249   0.81999999999999995115 1.115821
  0.76900000000000001688   0.55779999999999996252   0.68000000000000004885 4.367640
  0.88400000000000000799   0.55779999999999996252   0.89000000000000001332 1.401552
  0.86199999999999998845   0.49780000000000002025   0.83999999999999996891 0.950810
  0.86799999999999999378   0.40779999999999999583   0.71999999999999997335 1.339529
  0.81699999999999994849   0.40779999999999999583   0.93000000000000004885 3.730523
  0.91800000000000003819   0.43780000000000002247   0.70999999999999996447 0.898075
  0.9579999999999999627    0.37780000000000002469   0.58999999999999996891 0.966502
  1.1180000000000001048    0.25779999999999997362   0.70999999999999996447 5.676469
  0.91800000000000003819   0.37780000000000002469   0.70999999999999996447 1.669243
  0.91800000000000003819   0.34779999999999999805   0.70999999999999996447 2.229332
  0.91800000000000003819   0.48780000000000001137   0.70999999999999996447 1.779139
  1.018000000000000016     0.20780000000000001248   0.70999999999999996447 4.995187
  0.91800000000000003819  -0.06219999999999999835   0.70999999999999996447 9.685676
  0.91800000000000003819   0.53779999999999994476  -0.28999999999999998002 12.263612
  0.81799999999999994937   0.67779999999999995808   1.7099999999999999645  8.420661
  1.0860000000000000764    0.25779999999999997362   0.32000000000000000666 1.991233
  0.86799999999999999378   0.48780000000000001137   0.91000000000000003109 1.904567
  0.96499999999999996891   0.34779999999999999805   0.55000000000000004441 0.813158
  1.018000000000000016     0.25779999999999997362   0.38000000000000000444 1.028833
  1.0649999999999999467    0.07779999999999999416   0.55000000000000004441 5.567788
  0.86499999999999999112  -0.06219999999999999835  -0.4500000000000000111  5.135188
  0.86499999999999999112   0.47780000000000000249   0.55000000000000004441 3.200036
  0.96499999999999996891   0.40779999999999999583   0.55000000000000004441 1.889750
  0.96499999999999996891   0.25779999999999997362  -0.4500000000000000111  9.116378
  0.86499999999999999112   0.84779999999999999805   0.55000000000000004441 9.502117
  1.0649999999999999467    0.61780000000000001581  -0.4500000000000000111  15.628241
  0.96499999999999996891  -0.39219999999999999307   1.5500000000000000444  23.610456
  1.1060000000000000941    0.07779999999999999416   0.07000000000000000666 1.575042
  0.92700000000000004619   0.34779999999999999805   0.5999999999999999778  0.986375
  0.87199999999999999734   0.47780000000000000249   0.81000000000000005329 0.989024
  0.93700000000000005507   0.40779999999999999583   0.6500000000000000222  0.902169
  0.91500000000000003553   0.45779999999999998472   0.60999999999999998668 2.124708
  0.9829999999999999849    0.43780000000000002247   1.0500000000000000444  5.642284
  0.98999999999999999112   0.54779999999999995364   0.23999999999999999112 7.198197
  1.0069999999999998952    0.20780000000000001248   0.23999999999999999112 1.360957
  1.018000000000000016     0.29780000000000000915   0.42999999999999999334 1.266091
  0.90100000000000002309   0.44779999999999997584   0.73999999999999999112 0.860460
  0.98499999999999998668   0.34779999999999999805   0.55000000000000004441 1.093796
  0.96499999999999996891   0.44779999999999997584   0.64000000000000001332 1.793166
  0.96399999999999996803   0.39779999999999998694   0.3499999999999999778  3.507346
  0.9659999999999999698    0.1978000000000000036    0.66000000000000003109 4.185116
  0.92700000000000004619   0.32050000000000000711   0.8499999999999999778  4.243739
  0.91900000000000003908   0.41449999999999997957   0.68000000000000004885 0.817918
  0.96399999999999996803   0.39779999999999998694   0.52000000000000001776 1.977346
  0.95499999999999996003   0.34039999999999998037   0.53000000000000002665 0.817996
  0.96799999999999997158   0.33510000000000000897   0.4500000000000000111  1.497699
  0.96499999999999996891   0.30059999999999997833   0.5999999999999999778  1.901254
  0.92700000000000004619   0.29280000000000000471   0.3499999999999999778  1.997775
  0.94667000000000001148   0.35289999999999999147   0.56330000000000002292 0.712400
  0.9409999999999999476    0.34039999999999998037   0.55000000000000004441 0.580993
  0.97033000000000002583   0.27789999999999998037   0.43669999999999997708 0.602434
  0.9625500000000000167    0.30370000000000002549   0.49449999999999999512 0.668490
  0.95091999999999998749   0.26690000000000002611   0.4375                 0.580801
  0.9438800000000000523    0.22639999999999999014   0.3811999999999999833  0.739951
  0.94562000000000001609   0.28639999999999998792   0.45500000000000001554 0.705157
  0.95831999999999994966   0.29939999999999999947   0.48459999999999997522 0.551180
  0.92983000000000004537   0.32660000000000000142   0.54469999999999996199 0.760471
  0.96021000000000000796   0.29010000000000002451   0.46370000000000000107 0.527095
  0.97197000000000000064   0.23050000000000001044   0.37390000000000001013 0.417769
  0.98745000000000004992   0.17560000000000000608   0.28579999999999999849 0.372222
  0.98640000000000005453   0.24319999999999999951   0.38519999999999998685 0.549303
  0.99772000000000005127   0.17319999999999999285   0.27189999999999997504 0.414919
  0.97719000000000000306   0.18270000000000000129   0.29570000000000001839 0.369802
  0.97258000000000000007   0.15249999999999999667   0.25100000000000000089 0.440981
  1.0146999999999999353    0.06419999999999999318   0.10520000000000000184 0.318858
  1.0419400000000000883   -0.04870000000000000023  -0.07399999999999999634 0.508120
  0.98850999999999999979   0.10849999999999999922   0.18590000000000000968 0.360495
  0.99948000000000003507   0.06130000000000000032   0.10539999999999999369 0.198074
  1.0055000000000000604    0.00419999999999999974   0.01519999999999999997 0.155809
  1.0286200000000000898   -0.06479999999999999649  -0.091499999999999998   0.484396
  0.99004999999999998561   0.1208000000000000046    0.19889999999999999347 0.281614
  1.0183199999999998919    0.01760000000000000106   0.02699999999999999969 0.216767
  0.99455000000000004512   0.03090000000000000038   0.05550000000000000072 0.165876
  1.0221999999999999975   -0.0856999999999999984   -0.13380000000000000226 0.398440
  0.99809000000000003272   0.06919999999999999762   0.11569999999999999729 0.175863
  0.98043999999999997819   0.05190000000000000169   0.0972999999999999976  0.410465
  1.0088500000000000245    0.02620000000000000107   0.04460000000000000075 0.169266
  1.0078400000000000691   -0.02829999999999999877  -0.03880000000000000115 0.179960
  1.0005299999999999194    0.04479999999999999954   0.07710000000000000187 0.151264
  0.99153999999999997694   0.02709999999999999909   0.05390000000000000346 0.238916
  1.0045200000000000795    0.02639999999999999986   0.04689999999999999725 0.146386
  1.0124800000000000466    0.01940000000000000058   0.03729999999999999982 0.232041
  0.9990299999999999736    0.02800000000000000058   0.05099999999999999672 0.120827
  0.99721999999999999531   0.06189999999999999669   0.10150000000000000688 0.138457
  0.99997999999999998      0.0326999999999999999    0.05580000000000000238 0.098683
  0.99970999999999998753   0.02670000000000000151   0.04519999999999999712 0.072899
  0.9927899999999999503    0.05129999999999999838   0.08490000000000000324 0.171091
  1.0015899999999999803    0.03259999999999999704   0.05639999999999999875 0.123765
  1.0029999999999998916   -0.00370000000000000016   0.00020000000000000001 0.090979
  0.99956999999999995854   0.00139999999999999999   0.00790000000000000077 0.068899
  0.99856000000000000316  -0.01420000000000000082  -0.01640000000000000138 0.092101
  1.0024900000000001032   -0.01170000000000000033  -0.01549999999999999989 0.071823
  0.9981799999999999562    0.01460000000000000013   0.02489999999999999852 0.058259
  0.99577000000000004398   0.02380000000000000171   0.03719999999999999696 0.084982
  1.0004500000000000615   -0.02380000000000000171  -0.03370000000000000079 0.082578
  0.99990000000000001101   0.01409999999999999969   0.02549999999999999836 0.056090
  0.99594000000000004746   0.03180000000000000188   0.05439999999999999697 0.125921
  1.0008500000000000174   -0.00080000000000000004   0.00200000000000000004 0.043225
  0.99972000000000005304   0.01720000000000000001   0.02699999999999999969 0.032117
  0.99978999999999995651   0.02510000000000000078   0.03660000000000000059 0.071129
  1.0021299999999999653    0.00570000000000000021   0.01140000000000000041 0.056338
  1.0011499999999999844    0.00800000000000000017   0.01480000000000000066 0.047445
  1.0012499999999999734    0.00220000000000000013   0.00370000000000000016 0.018254
  1.0019199999999999218   -0.00379999999999999999  -0.0071999999999999998  0.038109
  1.000059999999999949     0.00440000000000000027   0.00700000000000000015 0.007720
  0.99951999999999996405   0.00259999999999999988   0.00309999999999999989 0.018266
  0.99983999999999995101   0.01669999999999999957   0.02309999999999999901 0.058112
  1.0005999999999999339    0.0035999999999999999    0.00730000000000000007 0.029104
  1.0015499999999999403   -0.01039999999999999952  -0.01499999999999999944 0.046299
  1.000180000000000069     0.01030000000000000013   0.01650000000000000078 0.019936
  1.0003899999999998904    0.00770000000000000025   0.01080000000000000057 0.029495
  1.0005500000000000504    0.00459999999999999992   0.00820000000000000069 0.022635
  1.0004399999999999959    0.00670000000000000023   0.00990000000000000081 0.022110
  1.0004699999999999704    0.00619999999999999978   0.00949999999999999976 0.018021
  0.99605999999999994543   0.01099999999999999936   0.01689999999999999836 0.062448
  1.0010600000000000609    0.00029999999999999997  -0.00110000000000000007 0.027470
  1.0020599999999999508    0.00589999999999999986   0.01039999999999999952 0.041466
  1.000059999999999949     0.00339999999999999981   0.00489999999999999984 0.010667
  1.0100599999999999579    0.04159999999999999809   0.03549999999999999684 0.444783
  1.0060599999999999543   -0.00100000000000000002  -0.04299999999999999656 0.517785
  0.99505999999999994454   0.05439999999999999697  -0.01460000000000000013 1.064377
  1.000059999999999949     0.00350000000000000007   0.00730000000000000007 0.025261
  0.99648999999999998689   0.01099999999999999936   0.01689999999999999836 0.058073
  0.99944999999999994955  -0.00379999999999999999  -0.00640000000000000031 0.015316
  0.99924000000000001709  -0.00350000000000000007  -0.0057999999999999996  0.015592
  0.99955000000000004956  -0.00110000000000000007  -0.00200000000000000004 0.008979
  1.0050600000000000644    0.01340000000000000045   0.01830000000000000029 0.098975
  0.99644999999999994689   0.02440000000000000155   0.01669999999999999957 0.271857
  1.0013700000000000934    0.01779999999999999985  -0.0129999999999999994  0.441160
  0.99995999999999996      0.00379999999999999999   0.00679999999999999962 0.014647
  0.99951999999999996405  -0.00110000000000000007  -0.00059999999999999995 0.016909
  0.99982000000000004203   0.00069999999999999999  -0.00020000000000000001 0.015140
  0.9999299999999999855    0.00300000000000000006   0.00510000000000000037 0.009005
  0.99963000000000001855   0.00080000000000000004   0.00179999999999999995 0.010760
  0.99995000000000000551   0.00279999999999999997   0.00410000000000000035 0.008126
  0.99978000000000000203   0.00110000000000000007   0.00100000000000000002 0.010705
  0.9998899999999999455    0.00250000000000000005   0.00410000000000000035 0.006376
  0.99938000000000004608  -0.00320000000000000015  -0.00459999999999999992 0.015710
  0.99924000000000001709   0.0001                  -0.01499999999999999944 0.174193
  1.000380000000000047     0.00759999999999999998   0.01209999999999999964 0.016279
  0.99975999999999998202   0.00110000000000000007   0.00150000000000000003 0.006405
  0.99997999999999998      0.01750000000000000167   0.02409999999999999989 0.062929
  0.99789000000000005475   0.01490000000000000005  -0.0043                 0.304912
  1.0018000000000000238    0.02249999999999999917  -0.01170000000000000033 0.506622
  0.99995999999999996     -0.00510000000000000037  -0.00389999999999999982 0.046342
  1.0008500000000000174   -0.00279999999999999997  -0.0057999999999999996  0.027814
  0.99985999999999997101   0.00250000000000000005   0.0043                 0.008875
  0.9999299999999999855    0.00270000000000000014   0.00419999999999999974 0.005838
  0.99965999999999999304  -0.00020000000000000001  -0.00050000000000000001 0.005716
  0.99946000000000001506  -0.00250000000000000005  -0.00419999999999999974 0.011759
  0.9998899999999999455    0.00220000000000000013   0.00370000000000000016 0.006758
  0.99978999999999995651   0.00139999999999999999   0.00209999999999999987 0.005477
  1.000180000000000069     0.00619999999999999978   0.00990000000000000081 0.012235
  1.0015499999999999403    0.01779999999999999985   0.01280000000000000061 0.184709
  0.99970000000000003304   0.0001                  -0.00020000000000000001 0.006792
  0.99983999999999995101   0.0019                   0.00300000000000000006 0.004826
  0.99999000000000004551   0.00339999999999999981   0.00570000000000000021 0.008629
  0.99789000000000005475   0.00559999999999999994   0.01650000000000000078 0.113129
  0.99960000000000004405  -0.00059999999999999995  -0.00110000000000000007 0.006545
  0.99985000000000001652   0.0019                   0.0028999999999999998  0.005626
  1.0018400000000000638   -0.00770000000000000025   0.00740000000000000033 0.222418
  0.9990299999999999736   -0.0181000000000000015   -0.00379999999999999999 0.262179
  0.99919999999999997708  -0.00229999999999999996   0.02299999999999999961 0.297608
  0.99968000000000001304   0.00350000000000000007   0.00100000000000000002 0.049861
  0.99985999999999997101  -0.00020000000000000001  -0.00029999999999999997 0.001883
  0.99992000000000003102  -0.0064999999999999997   -0.01020000000000000073 0.012246
  1.0008500000000000174    0.01030000000000000013   0.00979999999999999968 0.084615
  0.99980999999999997652   0.00020000000000000001   0.00029999999999999997 0.002384
  1.0008600000000000829    0.00459999999999999992   0.00899999999999999932 0.034558
  0.99931999999999998607   0.01980000000000000163   0.01250000000000000069 0.207639
  1.000140000000000029     0.01559999999999999928  -0.0202999999999999986  0.474143
  0.99985000000000001652  -0.00059999999999999995  -0.00029999999999999997 0.008349
  0.99976755838199005133  -0.00169999999999999991  -0.00259999999999999988 0.005973
  0.99988333333333001551  -0.0001                  -0.0001                 0.001858
  0.9999299999999999855   -0.00089999999999999998  -0.00119999999999999989 0.004221
  0.999953333333320038     0.00020000000000000001   0.00050000000000000001 0.002783
  1.0000733115906799142   -0.00350000000000000007  -0.00640000000000000031 0.015494
  0.99977222222221995285   0.00080000000000000004   0.00110000000000000007 0.005110
  0.99989055555555994559  -0.00050000000000000001  -0.00059999999999999995 0.003652
  1.0003833333333300715    0.00059999999999999995   0.00040000000000000002 0.009781
  0.99984813333333000251   0.00379999999999999999   0.00990000000000000081 0.049859
  0.99990743333332998688  -0.0100999999999999996    0.00379999999999999999 0.202971
  0.99987867957485998538   0.00050000000000000001  -0.00110000000000000007 0.021271
  1.000059999999999949    -0.00206799999999999996  -0.00279299999999999991 0.008396
  0.99981166666665999276   0.00043300000000000001   0.00053300000000000005 0.003978
  0.99987083333334003665  -0.00026699999999999998  -0.00031700000000000001 0.002688
  1.0000007333333300608    0.00149500000000000002  -0.00510000000000000037 0.079912
  0.99999123333332995411   0.00489999999999999984   0.00307800000000000001 0.050316
  1.0000833333333301045   -0.00389500000000000002   0.00162600000000000006 0.080781
  0.99945803333333005369  -0.0028999999999999998   -0.000004               0.051521
  0.999953333333320038     0.00069999999999999999  -0.000339               0.015335
  0.99983138888888001272   0.00020000000000000001   0.00025000000000000001 0.002620
  0.9998412499999900227    0.000084                 0.00010900000000000001 0.001944
  0.99978333333333002653  -0.00048999999999999998  -0.00035100000000000002 0.006807
  0.99986743333332994688   0.00023800000000000001   0.0019                 0.018437
  0.99990033333332994925  -0.00209999999999999987   0.000292               0.037612
  0.99999906333332999608  -0.000028                -0.00185300000000000005 0.019947
  0.999953333333320038    -0.00063599999999999996  -0.000115               0.009552
  0.99991305555554998996  -0.00034400000000000001  -0.00049399999999999997 0.001898
  0.99992967592592996162  -0.000513                -0.00070500000000000001 0.002522
  0.99986335648147994792  -0.00006499999999999999  -0.00009500000000000001 0.001546
  0.99982473765432000601   0.000101                 0.000164               0.001949
  0.99989097608024002373  -0.000233                -0.00033                0.001829
  0.9998984439300300231   -0.00006499999999999999  -0.00005                0.001600
  0.99988518432784001533  -0.00014200000000000001  -0.00021699999999999999 0.001455
  0.99988610982508996372  -0.000163                -0.00027500000000000002 0.001569
  0.99987368041266000418   0.000052                 0.00008899999999999999 0.001414
  0.99986503257887004992   0.000194                 0.00029799999999999998 0.001756
  0.9998497035512899922   -0.000038                -0.00009899999999999999 0.001987
  0.99988625883534998362  -0.000058                -0.000062               0.001503
  0.99983916866711997073   0.00063400000000000001   0.00100700000000000008 0.002635
  0.999953333333320038    -0.00038000000000000002  -0.00094499999999999998 0.004813
  0.99990005923574998281  -0.000034                -0.000032               0.001253
  0.99991841061288999626  -0.000018                 0                      0.001102
  0.9999734647443100366    0.00003                  0.000096               0.000844
  1.0001386271385699356    0.000174                 0.00038400000000000001 0.002842
  0.99998668805150003891   0.00040700000000000003   0.00055900000000000004 0.001579
  0.99995851951873004904   0.000185                 0.00034000000000000002 0.001210
  0.99986086474431001836   0.00056300000000000002   0.00209600000000000021 0.015484
  0.99987446474430996535  -0.00196999999999999996   0.00054000000000000001 0.038533
  1.0004734647443100926   -0.00025000000000000001   0.00062100000000000002 0.015543
  0.99996514623778998132   0.000051                 0.000061               0.000611
  0.99994019071823003753   0.00011400000000000001  -0.000044               0.002897
  0.99998676449799994703   0.00040200000000000001   0.000553               0.001553
  0.99994616154460003177  -0.00014300000000000001  -0.00023499999999999999 0.000847
  1.0000047710715800342   -0.000023                -0.000052               0.000254
  1.0000479513009199461   -0.000026                -0.000078               0.000924
  1.0000160931578498946    0.00018200000000000001   0.00030499999999999999 0.000620
  1.0000172089004999432    0.00011                  0.000113               0.000906
  0.999984400783360039     0.00005                  0.0001                 0.000460
  1.0001236455729500818   -0.00024499999999999999  -0.00039100000000000002 0.001639
  0.99998378480693994597  -0.00023800000000000001  -0.000102               0.003032
  0.99995345223730003337  -0.00012999999999999999  -0.000232               0.000948
  1.0000004329277099036    0.00010399999999999999   0.00017100000000000001 0.000230
  0.99998741849609995569   0.00048500000000000003   0.00084000000000000003 0.001646
  1.0000388782369900031    0.00040900000000000002   0.00060300000000000002 0.001472
  1.0000279236173099662    0.000036                 0.00008500000000000001 0.000641
  0.99998084058267000529   0.000047                 0.000067               0.000337
  0.99997793292770997819  -0.0018959999999999999   -0.00187199999999999997 0.013531
  1.0005004329277100705    0.00018900000000000001  -0.00090200000000000002 0.017933
  0.99988413292770994545   0.00094200000000000002  -0.00482899999999999996 0.069267
  0.99954169624560995633   0.00084699999999999999   0.00357800000000000002 0.030451
  0.99999480837234999697   0.000058                 0.000017               0.000822
  1.0000062956046100737    0.000035                 0.000024               0.000404
  1.000000821899299952     0.000039                 0.000043               0.000242
  0.99985793292770996921   0.00110399999999999995   0.00115599999999999991 0.008584
  1.0002004329277101036    0.00093499999999999996  -0.00031300000000000002 0.020330
  0.99991863292770999383   0.00030499999999999999  -0.0018289999999999999  0.025787
  0.9999960096543200061    0.000064                 0.00019699999999999999 0.001188
  1.0000101828409100335   -0.00012676000000000001  -0.00017000000000000001 0.000589
  1.0000231766830600666    0.000033                 0.000041               0.000388
  0.99999142460777001862   0.0000435                0.000061               0.000229
  0.99996439964795003075  -0.00013850000000000001  -0.00026899999999999998 0.001111
  0.9998984439300300231   -0.0002765               -0.00076599999999999997 0.005040
  0.99999034855160995328   0.00014750000000000001   0.00023499999999999999 0.000334
  1.000001165441589901     0.0000195                0.00002                0.000142
  1.0000303879430501031   -0.0000525               -0.000103               0.000601
  0.99991305555554998996  -0.00025450000000000001  -0.00068999999999999997 0.004408
  0.99999452675208000407   0.0000725                0.000125               0.000276
  0.99999924811249996104   0.0000475                0.000064               0.000187
  1.0001011654415898899   -0.00056249999999999996   0.00169100000000000001 0.028566
  1.0000212654415900904    0.00101950000000000001   0.00093099999999999997 0.008064
  0.99990266544159001061  -0.0002375                0.00202000000000000009 0.026973
  1.0000009341126800955    0.0000175               -0.000027               0.000585
  1.000003463585299901    -0.0000261               -0.000033               0.000153
  1.0000111601518200111   -0.00001623              -0.000027               0.000150
  1.0000276114415900253    0.0005195                0.000272               0.006097
  0.99997201744159003312   0.00004787               0.00102000000000000007 0.010738
  1.0000511654415900065   -0.00032318000000000001   0.00064199999999999999 0.012717
  1.000000678144240096     0.00001774               0.000001               0.000280
  1.0000133410573399662    0.00002105               0.00004829             0.000330
  1.0000112780066399143   -0.00006272              -0.00009067             0.000295
  1.0000022555860299533    0.00001995               0.00002533             0.000112
  1.0000055260193501105    0.0000213                0.00004132             0.000171
  1.0000020398162801083    0.00003694               0.0000613              0.000107
  1.000001392507029907     0.00008791               0.00016920999999999999 0.000476
  1.000001632250210104     0.00002778               0.00004566             0.000076
  1.0000004095520000913    0.0000003               -0.00000126             0.000023
  0.99999674145737005304  -0.00008214              -0.00014202             0.000287
  0.99998948199768999956  -0.00015535000000000001  -0.00017000000000000001 0.001048
  1.0000016994839000528    0.00001252               0.00002649             0.000109
  0.99998040955199996027  -0.00006579000000000001  -0.00019406             0.001283
  1.0000083595519999591   -0.0000448               -0.00050126000000000001 0.004884
  0.99999872055200000887   0.00050029999999999996  -0.00006315             0.008669
  1.0000044332047799411    0.00001575               0.00009626934071999999 0.000853
  0.99999556001778999725  -0.00007836              -0.00008812             0.000498
  1.00000023860470999      0.00000712               0.00002193             0.000130
  1.000001751340700018     0.00001674               0.00002448             0.000064
  1.0000008292780400154    0.00001736               0.00001943             0.000110
  1.000001481932440095     0.00001373               0.00002473             0.000068
  1.0000104095519999348    0.00011243000000000001   0.00015348             0.000512
  1.0000090955520000158   -0.0001997               -0.00008087             0.002542
  0.99999670655200001423  -0.00014363000000000001   0.00019874000000000001 0.004505
  0.99999873151905005475   0.00026470743236999998  -0.00015441000000000001 0.005924
  1.0000014934896899188    0.0000475                0.00009626934071999999 0.000318
  1.0000007962998800348   -0.00000727              -0.00001369             0.000043
  1.0000004895292800011   -0.00000722              -0.00001838             0.000092
  1.0000012338316499605    0.00000849               0.00001395             0.000031
  0.99999987511499000004  -0.00001573              -0.00002515             0.000028
  1.0000002160325500711    0.00000264               0.00000538             0.000019
  0.99999992589887998218   0.0000076                0.00001492             0.000044
  0.99999909996804003942  -0.00001702              -0.00002797             0.000046
  1.0000007003657500615    0.00000211               0.00000347             0.000012
  1.0000010088518800355    0.0000191                0.00003021             0.000042
  1.0000001585492099831   -0.00000702              -0.00001131             0.000014
  1.0000003070796699145   -0.00000181              -0.00000038             0.000028
  1.0000003839339199896   -0.00000023              -0.00000104             0.000012
  1.0000021533653500327    0.00000052              -0.00000226             0.000055
  0.99999909996804003942  -0.00000623              -0.0000075              0.000041
  1.0000006125333700258   -0.00000607              -0.0000113              0.000034
  1.0000003151577598892    0.00000046               0.00000121             0.000009
  0.99999915953379003852  -0.00000449              -0.00000557             0.000030
  0.99999556001778999725  -0.00001231              -0.00002346             0.000107
  1.000000774422409977     0.00000858               0.00001374             0.000022
  1.0000003125175100926   -0.00000312              -0.00000505             0.000009
  1.000005315157759922     0.0000108                0.00005694             0.000508
  0.99999731421775994722   0.00004199               0.00010121             0.000472
  0.99999983552775995044  -0.00009954               0.00003698             0.001993
  1.0000002318157699133    0.0000008               -0.00000146             0.000031
  0.999999810474110018    -0.00001702              -0.0000214470356        0.000080
  1.0000005014267598913   -0.00000013666667         0.00000079333333       0.000016
  1.000000413307130076    -0.00000020666667        -0.00000058166667       0.000007
  1.0000007077552399704   -0.00000220666668        -0.00000595666668       0.000037
  1.0000001718640501025   -0.0000104654835         -0.0000198997735        0.000054
  0.99999999362252001145  -0.00000402111111        -0.00000641777778       0.000007
  1.0000024133071299115    0.00000272973333         0.00001312953333       0.000125
  0.99999985960713000388   0.00000203013333         0.00004941833333       0.000513
  1.0000004996771298948   -0.00005020666667         0.00000225283333       0.000829
  1.0000003612049899182    0.00000018760762        -0.00000149924141       0.000023
  1.0000012338316499605    0.00001660022076         0.00001492             0.000142
  1.0000001688741000372    0.00000060814815         0.00000119037037       0.000005
  1.0000000970523899024    0.00000247222222         0.00000431055555       0.000009
  1.0000000687114098952   -0.00000287308642        -0.00000508271605       0.000011
  1.0000002535461700592   -0.00000037327161        -0.00000036317901       0.000005
  0.99999943557501003166   0.00000305259261         0.00000650648149       0.000029
  1.0000021533653500327   -0.00000727               0.0000127691769        0.000278
  1.0000005635290800665    0.00000403991769         0.00000658146091       0.000014
  1.0000001360991599419   -0.00000200585391        -0.00000316796811       0.000005
  0.99999816887409997967   0.00000544414815         0.00000589407037       0.000052
  0.99999956970409997759  -0.00001939185185        -0.00000372382963       0.000279
  0.99999984108410000516   0.00000650444815        -0.00001880962963       0.000312
  1.0000001981436998921    0.00000070082515         0.00000139247537       0.000006
  0.9999999249388099587   -0.00000271372371        -0.00000391421          0.000009
  1.0000001742025899087   -0.00000188147673        -0.0000029529932        0.000005
  1.0000001801878699581   -0.00000123590126        -0.00000186662606       0.000005
  1.000000959044099913    -0.00000705395185        -0.00000880962963       0.000043
  0.99999925930410005215  -0.00000939185185         0.00000166527037       0.000175
  1.000000865794099969    -0.00000525595185         0.00001119037037       0.000215
  1.000000169304400055     0.00000091163464         0.00000118238139       0.000006
  1.0000000970523899024    0.00000090799769         0.00000100730976       0.000006
  0.9999996688740999673   -0.00000324763685        -0.00000032497463       0.000052
  1.0000000484852000771    0.00000020426715         0.00000619037037       0.000065
  1.0000005396375000188   -0.00000439185185         0.00000167920537       0.000094
  1.0000007855553700864    0.00000491781415        -0.00000229917298       0.000111
  1.000000240903220039    -0.00000116808784        -0.00000186662606       0.000004
  1.0000004569905800444   -0.00000649679581        -0.00001103761535       0.000023
  0.9999999249388099587    0.00000091163464         0.00000049651379       0.000011
  1.0000003061164999263    0.00000138371304         0.00000247501164       0.000008
  1.0000001786034999895   -0.00000115846217        -0.00000175722317       0.000004
  1.0000001387077099846   -0.00000077232963        -0.00000125914023       0.000003
  1.0000000812884799473   -0.00000097185864        -0.00000170712084       0.000004
  1.0000002032688499742   -0.00000267406791        -0.00000444569668       0.000008
  1.0000001774727900195   -0.00000021240586        -0.00000021864639       0.000003
  1.0000001927856501105   -0.00000027675338        -0.00000047238528       0.000003
  1.0000000984075501087    0.00000032709526         0.00000056651146       0.000002
  1.0000000271597100365    0.00000107468681         0.00000178308022       0.000003
  1.0000000836063800413   -0.00000016167344        -0.00000013513149       0.000002
  1.0000000363416399196   -0.00000019219935        -0.00000033319378       0.000001
  0.99999996577605998471  -0.00000018209609        -0.00000039046748       0.000002
  1.0000000068626699878    0.00000075447794         0.00000132459769       0.000003
  1.0000000398239299315    0.00000037277605         0.00000067866321       0.000002
  1.0000001057464500409   -0.00000039062774        -0.00000061320575       0.000002
  1.0000000892658200691   -0.00000019977679        -0.00000029023851       0.000001
  0.99999985014391001847  -0.00000175008318        -0.0000030323095        0.000007
  0.99999982306654999764  -0.00000939185185        -0.00000880962963       0.000072
  1.0000000657369600976    0.00000011841952         0.00000009718427       0.000002
  1.000000070204309921     0.00000004839628         0.00000003910533       0.000001
  0.99999903634164000188   0.00000028110065        -0.00000783229378       0.000100
  1.0000000552716399316    0.00000980780065         0.00000004550622       0.000156
  1.0000007873716401097    0.00000004430065        -0.00001033319378       0.000122
  1.0000000378323901096   -0.00000029955231        -0.00000015120919       0.000004
  0.99999968775581005165   0.00000087210153         0.00000271256987       0.000019
  1.0000000321336299791   -0.0000005561485         -0.00000095606277       0.000002
  1.0000000487021099005   -0.00000033533756        -0.00000057541921       0.000001
  0.9999999132257400003    0.00000322077465         0.00000466680622       0.000010
  0.99999953634163996075  -0.00000364204935         0.00000079049622       0.000071
  0.99999958995194004885   0.00000480780065        -0.00000484532178       0.000134
  1.0000000470367000904   -0.00000024183059        -0.0000003493094        0.000001
  1.0000002318157699133   -0.00000069898431        -0.00000186662606       0.000012
  1.0000000818390699653    0.00000010628432         0.0000001858679        0.000001
  1.0000000735548300046   -0.00000000412115        -0.00000000445387       0.000001
  1.0000001131911400165    0.00000023206165         0.00000166680622       0.000016
  1.0000002363416400364   -0.00000155553535        -0.00000081248378       0.000020
  0.99999992081344002415  -0.00000219219935         0.00000053498122       0.000042
  1.0000000350997499954   -0.00000015638025        -0.0000003598731        0.000002
  1.0000001057464500409   -0.00000002283008        -0.00000018124813       0.000003
  1.0000000569863500832   -0.00000022493209        -0.00000038509743       0.000001
  1.000000136341639978    -0.00000066268635        -0.00000037724078       0.000009
  1.0000000322921400731   -0.00000037188935         0.00000066680622       0.000014
  0.99999998841593995547  -0.00000119219935        -0.00000053229178       0.000014
  1.000000021695309993    -0.00000000384659        -0.0000003156189        0.000004
  1.0000000836063800413    0.00000011841952        -0.00000057541921       0.000009
  0.99999998634164000144  -0.00000015109564         0.00000008005611       0.000003
  1.0000000778255300204   -0.00000017286958         0.00000016680622       0.000005
  1.0000000348510300618   -0.00000069219935        -0.00000030149674       0.000009
  0.99999999537266004435  -0.00000020694016        -0.00000083764325       0.000006
  0.99999997095605996922  -0.00000069219935        -0.00000095606277       0.000003
  1.0000000216845199574   -0.00000013055815        -0.00000053319378       0.000004
  1.0000000347366500009   -0.00000039219935        -0.0000003830727        0.000003
  1.0000000163416400412   -0.00000021123996        -0.00000019249097       0.000002
  1.0000000710148100325   -0.00000023279994        -0.0000002733978        0.000002
  1.0000000474353401003    0.00000002537258         0.00000003910533       0.000001
  1.0000000366027899101   -0.00000029219935        -0.00000035900435       0.000002
  1.0000000263416399804   -0.00000018819521        -0.00000035882525       0.000001
  1.0000000336723500194   -0.00000021870701        -0.00000023319378       0.000002
  1.0000000490083200688   -0.00000016869583        -0.0000004073042        0.000002
  1.0000000163416400412   -0.00000037250421        -0.00000043028602       0.000002
  1.0000000564620099563   -0.0000000775965         -0.00000023036237       0.000002
  1.0000000493930301104   -0.00000020077207        -0.00000031957264       0.000001
  1.0000000413416398892   -0.00000022918891        -0.00000032952343       0.000001
  1.0000000366414600883   -0.00000018318519        -0.00000028319378       0.000001
  1.0000000325598699114   -0.00000024219935        -0.00000032191188       0.000001
  1.0000000400704101011   -0.0000001419196         -0.00000034501238       0.000002
  1.0000000237536199599   -0.0000002140447         -0.00000037464631       0.000001
  1.000000030163469944    -0.00000021072654        -0.00000036087789       0.000001
  1.0000000343416399762   -0.00000019491253        -0.00000033308952       0.000001
  1.0000000366137600238   -0.00000021219935        -0.00000033164736       0.000001
  1.0000000363312799845   -0.00000019066703        -0.00000031319378       0.000001
  1.000000038079879916    -0.00000017101849        -0.00000035484446       0.000002
  1.0000000368539700979   -0.00000025920655        -0.00000037322561       0.000001
  1.000000036800839931    -0.00000024020121        -0.00000035071765       0.000001
  1.0000000363914700596   -0.0000001940289         -0.00000034319378       0.000001
  1.0000000357471900969   -0.00000018219935        -0.00000033531954       0.000001
  1.0000000353416400589   -0.00000019802325        -0.00000033262656       0.000001
  1.0000000378862599071   -0.0000001945459         -0.00000032163524       0.000001
  1.0000000352000799619   -0.00000020887379        -0.00000035209333       0.000001
  1.0000000354828799676   -0.0000002043221         -0.00000034236844       0.000001
  1.0000000367796499923   -0.00000019719935        -0.0000003350395        0.000001
  1.000000036393019931    -0.000000193595          -0.00000032819378       0.000001
  1.0000000358416401003   -0.00000019634223        -0.00000033383642       0.000001
  1.000000036352250099    -0.00000018166082        -0.00000033570542       0.000001
  1.0000000352288400673   -0.00000018758573        -0.00000032423281       0.000001
  1.0000000355195000079   -0.00000018919652        -0.00000032897305       0.000001
  1.0000000361416399031   -0.00000019237329        -0.00000033201702       0.000001
  1.0000000363266499104   -0.00000019019935        -0.000000333153         0.000001
  1.0000000364589098911   -0.00000019215221        -0.00000033119378       0.000001
  1.0000000364393599739   -0.00000019407255        -0.00000033641132       0.000001
  1.0000000362489300798   -0.00000019689895        -0.00000033985269       0.000001
  1.0000000362849499336   -0.00000019607296        -0.00000033693796       0.000001
  1.0000000363615000332   -0.00000019243049        -0.00000033419378       0.000001
  1.0000000363181100749   -0.00000019119935        -0.00000033347167       0.000001
  1.0000000362416399113   -0.00000019247232        -0.00000033332932       0.000001
  1.0000000364453101032   -0.00000019269524        -0.00000033178035       0.000001
  1.0000000360810399336   -0.00000019102912        -0.00000033438209       0.000001
  1.000000036175509921    -0.00000019130989        -0.00000033358501       0.000001
  1.0000000363221499544   -0.00000019169935        -0.00000033272151       0.000001
  1.0000000363916399237   -0.00000019175926        -0.00000033345332       0.000001
  1.0000000363916399237   -0.00000019247413        -0.00000033269647       0.000001
  1.0000000362611300986   -0.00000019286466        -0.00000033390382       0.000001
  1.0000000364391901098   -0.00000019141381        -0.00000033391017       0.000001
  1.0000000363898000622   -0.00000019167844        -0.00000033376495       0.000001
  1.000000036347699961    -0.00000019239935        -0.00000033310757       0.000001
  1.000000036321639918    -0.00000019221501        -0.00000033308959       0.000001
  1.000000036351160082    -0.00000019208431        -0.00000033299378       0.000001
  1.0000000363460599395   -0.00000019209873        -0.00000033358418       0.000001
  1.0000000363119800895   -0.00000019129784        -0.00000033354927       0.000001
  1.000000036331889941    -0.00000019159192        -0.00000033333607       0.000001
  1.0000000363516399204   -0.00000019221837        -0.00000033322356       0.000001
  1.0000000363396099878   -0.00000019214975        -0.00000033329378       0.000001
  1.0000000363384500268   -0.00000019229935        -0.0000003332369        0.000001
  1.0000000363368599654   -0.00000019212993        -0.00000033302088       0.000001
  1.000000036322830077    -0.00000019245816        -0.00000033326685       0.000001
  1.0000000363299099693   -0.0000001923647         -0.00000033319858       0.000001
  1.0000000363373300338   -0.0000001921654         -0.00000033314378       0.000001
  1.00000003634428003     -0.00000019214935        -0.00000033320502       0.000001
  1.0000000363463699138   -0.00000019221302        -0.00000033314378       0.000001
  1.0000000363385799229   -0.00000019226963        -0.00000033328254       0.000001
  1.0000000363501400091   -0.00000019207896        -0.00000033323718       0.000001
  1.0000000363472199005   -0.00000019213406        -0.00000033323711       0.000001
  1.0000000363436400974   -0.00000019219482        -0.00000033320098       0.000001
  1.00000003634211998     -0.00000019218884        -0.00000033317378       0.000001
  1.000000036340870091    -0.00000019217935        -0.00000033320245       0.000001
  1.0000000363399299541   -0.00000019223439        -0.00000033319791       0.000001
  1.0000000363357999245   -0.00000019212971        -0.00000033321794       0.000001
  1.0000000363384400348   -0.00000019215054        -0.0000003331994        0.000001
  1.0000000363423300342   -0.00000019219144        -0.00000033320378       0.000001
  1.0000000363423999783   -0.00000019219331        -0.00000033318378       0.000001
  1.0000000363406800208   -0.00000019218935        -0.00000033319248       0.000001
  1.0000000363411500892   -0.0000001922233         -0.00000033319508       0.000001
  1.0000000363440599838   -0.00000019220932        -0.00000033317658       0.000001
  1.0000000363432599571   -0.00000019220183        -0.00000033318304       0.000001
  1.0000000363412400173   -0.00000019219435        -0.00000033319176       0.000001
  1.0000000363421399641   -0.00000019219495        -0.00000033319472       0.000001
  1.0000000363418000138   -0.00000019220009        -0.00000033318878       0.000001
  1.0000000363413799054   -0.00000019220801        -0.00000033319986       0.000001
  1.0000000363435699313   -0.00000019220005        -0.00000033319508       0.000001
  1.0000000363428500627   -0.00000019219738        -0.00000033319443       0.000001
  1.0000000363414400795   -0.00000019220001        -0.00000033319532       0.000001
  1.0000000363415899596   -0.00000019219735        -0.00000033319396       0.000001
  1.0000000363414900395   -0.00000019219956        -0.00000033319178       0.000001
  1.000000036342040044    -0.00000019220048        -0.00000033319406       0.000001
  1.0000000363415499915   -0.00000019219234        -0.00000033319806       0.000001
  1.0000000363416099436   -0.00000019219428        -0.00000033319574       0.000001
  1.0000000363416099436   -0.00000019219903        -0.00000033319478       0.000001
  1.0000000363416698956   -0.00000019219835        -0.00000033319357       0.000001
  1.0000000363415399995   -0.00000019219913        -0.00000033319336       0.000001
  1.0000000363417400617   -0.00000019220089        -0.00000033319341       0.000001
  1.0000000363416199356   -0.00000019219825        -0.00000033319693       0.000001
  1.0000000363415899596   -0.00000019219858        -0.00000033319564       0.000001
  1.0000000363415899596   -0.00000019219924        -0.00000033319399       0.000001
  1.0000000363416499116   -0.00000019219885        -0.00000033319376       0.000001
  1.0000000363414600635   -0.00000019220058        -0.00000033319568       0.000001
  1.0000000363415100235   -0.00000019220002        -0.00000033319515       0.000001
  1.0000000363416299276   -0.00000019219929        -0.00000033319398       0.000001
  1.0000000363416299276   -0.00000019219915        -0.00000033319368       0.000001
  1.0000000363415300075   -0.00000019219963        -0.00000033319366       0.000001
  1.0000000363415599836   -0.00000019219943        -0.00000033319369       0.000001
  1.0000000363416499116   -0.00000019219925        -0.00000033319376       0.000001
  1.0000000363415499915   -0.00000019219919        -0.00000033319344       0.000001
  1.0000000363415699756   -0.00000019219921        -0.00000033319357       0.000001
