-12                       10                      1794074.994850
-12                       10.5                    1780671.085948
-11.400000000000000355    10.5                    1426579.756206
-10.800000000000000711    10.75                   1121986.511745
-10.800000000000000711    11.25                   1111925.537726
-10.199999999999999289    11.875                  848890.923797
 -9                       12.125                  474278.325806
 -7.5                     12.9375                 187517.667840
 -6.9000000000000003553   14.0625                 112704.035103
 -4.9500000000000001776   15.71875                7755.122931
 -2.25                    16.78125                13757.155963
  0.2999999999999999889   19.5625                 37946.857594
 -1.6499999999999999112   17.90625                23077.119470
 -5.5499999999999998224   14.59375                26318.810205
 -2.625                   17.078125               10396.474541
 -5.3250000000000001776   16.015625               15281.651301
 -3.0187499999999998224   16.58984375             5601.498580
 -5.34375                 15.23046875             17811.115432
 -3.3046875               16.6162109375           3264.734692
 -1.3734375000000000888   17.4873046875           24364.616750
 -4.0558593749999998224   16.160888671875         33.946129
 -4.341796875             16.187255859375         737.478566
 -5.0929687499999998224   15.73193359375          10462.781481
 -3.7517578125000001776   16.3951416015625        560.959157
 -3.4658203125            16.3687744140625        1917.099793
 -4.122802734375          16.232635498046878553   84.730280
 -4.4269042968749996447   15.998382568359380329   1326.004069
 -3.9205444335937498224   16.29595184326171875    109.716992
 -4.25811767578125        16.097572326660159803   441.502335
 -4.0049377441406202038   16.246356964111331678   29.335792
 -3.9379943847656200262   16.174610137939449572   68.915508
 -3.9841964721679699046   16.189116477966308594   34.808134
 -4.0766006469726496775   16.218129158020019531   41.821659
 -4.0072975158691397368   16.196369647979739881   26.983458
 -3.9563758850097601183   16.281837940216071559   64.069022
 -4.0309885025024403404   16.191125988960269666   25.628483
 -4.0333482742309598734   16.141138672828681422   26.919643
 -4.0570392608642595889   16.135895013809218312   36.032467
 -4.0197329521179199219   16.181250989437110377   25.251298
 -4.0173731803894003889   16.231238305568698621   26.045458
 -4.0213669538497898159   16.208713397383700539   25.368500
 -4.0101114034652702856   16.198838397860541249   26.511668
 -4.0257692277431500472   16.19305409118533845    25.269505
 -4.0241352260112801531   16.165591683238748288   25.336534
 -4.0234431579709095672   16.17637211177499168    25.257012
 -4.0174068823456803301   16.164569010026760054   25.248025
 -4.0132257096469396984   16.150326469447470856   25.354392
 -4.0136966764926897966   16.169447887688878751   25.518396
 -4.0210065376013597316   16.174641055753461671   25.238795
 -4.0186804678291201398   16.157959076343111349   25.175526
 -4.0181542256847198047   16.146313119796108282   25.206767
 -4.0222801230848004295   16.168031122069809413   25.258373
 -4.0186251925304601329   16.165434538037519729   25.228725
 -4.016299122758219653    16.148752558627169407   25.219945
 -4.0163543980568796599   16.141277096932771684   25.191705
 -4.0187357431277801467   16.150483614648720732   25.190919
 -4.0210618129000197385   16.167165594059060396   25.233955
 -4.0175312517676600166   16.147749221214350968   25.204243
 -4.0187081054784501433   16.15422134549591604    25.173958
 -4.0175174329430003439   16.149618086637943293   25.199786
