 25                        5                       -5                       -1                      11303.800557
 24                        6                       -4                       -1.1000000000000000888  11720.568238
 26                        6                       -5                       -1                      13723.840449
 27                        5                       -4                       -1                      12854.542376
 23                        5                       -5                       -0.9000000000000000222  9716.613856
 17                        5                       -5                       -0.5999999999999999778  5916.141698
 -1                        5                       -5                        0.2999999999999999889  3164.516730
-55                        5                       -5                        3                      72757.765393
  8                        5                       -4                       -0.2000000000000000111  2748.800621
 -2                        4                       -4                        0.2000000000000000111  4246.159100
 -3                        6                       -5                        0.2000000000000000111  2810.392759
-14                        5                       -6                        1                      9438.232167
 -4                        5                       -5                        0.4000000000000000222  3971.052309
-17                        6                       -5                        1                      9576.653220
  9                        5                       -5                       -0.2000000000000000111  3091.384025
 11                        6                       -5                       -0.4000000000000000222  3877.535301
  7                        5                       -5                       -0.2000000000000000111  2794.114156
 12                        6                       -5                       -0.5                    4259.180446
  2                        5                       -5                        0.10000000000000000555 2726.084741
 -2                        6                       -5                        0.2000000000000000111  2623.027693
 -8                        6                       -4                        0.2999999999999999889  4173.390912
 11                        5                       -5                       -0.2999999999999999889  3557.301457
 -0                        6                       -5                        0.10000000000000000555 2376.219828
 -3                        6                       -5                        0.2999999999999999889  2802.651817
  5                        5                       -5                       -0.10000000000000000555 2648.378049
 -6                        6                       -6                        0.4000000000000000222  3801.701181
  6                        6                       -5                       -0.2000000000000000111  2596.884178
-10                        6                       -6                        1                      5380.176862
 -2                        6                       -6                        0.2000000000000000111  2830.686373
  6                        5                       -5                       -0.10000000000000000555 2697.012983
 -5                        7                       -5                        0.2999999999999999889  2494.386905
 14                        6                       -6                        0.9000000000000000222  5211.459411
 16                        6                       -4                        0.69999999999999995559 5893.768608
 19                        6                       -5                       -0.9000000000000000222  8025.479075
 -1                        6                       -5                        0.10000000000000000555 2483.584894
 -0                        7                       -4                        1                      1773.372965
  0                       10                       -1                        3.7000000000000001776  1840.380278
 -9                        9                       -3                        2.7999999999999998224  1690.513822
-17                       11                       -1                        4.2000000000000001776  2527.280569
  0                        9                       -2                        3.5                    1521.096812
  3                       10                       -0                        5.0999999999999996447  2920.709580
 -4                       12                        0                        5.4000000000000003553  1976.237471
 -3                       10                       -1                        4.0999999999999996447  1295.144203
 -6                        8                       -4                        2                      1817.148900
 -5                        8                       -3                        2.3999999999999999112  1574.188314
 -9                       11                       -1                        5.4000000000000003553  1109.949249
-13                       13                        1                        7.5999999999999996447  1589.819764
  1                       10                       -1                        4.9000000000000003553  2179.724963
 -7                        9                       -2                        3.2999999999999998224  1343.276043
 -5                       12                        0                        5.7999999999999998224  1778.891103
 -5                        9                       -2                        3.2000000000000001776  1190.129784
-12                       11                       -1                        4.5                    1308.404666
 -8                       12                       -1                        5.2999999999999998224  1187.792757
 -1                       10                       -2                        4.5                    1636.027425
 -9                       11                       -1                        4.5                    1046.309470
-13                       12                       -2                        5.0999999999999996447  1160.178040
-15                       14                       -1                        7                      1347.356740
 -7                       10                       -2                        4.0999999999999996447  1086.937691
-11                       10                       -2                        4.2999999999999998224  1540.675367
 -9                       12                       -1                        5                      1088.856617
 -4                       10                       -1                        4.4000000000000003553  1203.914720
-11                       12                       -2                        4.9000000000000003553  1022.269307
 -9                       12                       -2                        3.8999999999999999112  1010.525617
 -9                       12                       -3                        3.1000000000000000888  1029.627814
 -9                       11                       -3                        3.7000000000000001776  1027.316855
-12                       13                       -2                        4.4000000000000003553  1027.465996
-12                       13                       -4                        4                      1106.722513
-10                       12                       -2                        4.4000000000000003553  994.130909
-13                       12                       -2                        5.9000000000000003553  1212.145418
-10                       12                       -1                        3.1000000000000000888  948.877477
-10                       12                        2                       -0.80000000000000004441 991.678116
 -7                       11                        0                        0.5999999999999999778  964.157534
 -9                       13                        3                       -0.2999999999999999889  1380.475077
 -9                       11                       -2                        2.7000000000000001776  971.439185
 -9                       11                        2                       -1.1000000000000000888  1016.037192
 -9                       12                       -1                        2.7000000000000001776  972.096651
 -8                       11                       -4                        5.4000000000000003553  1120.258406
 -9                       12                        1                        0.69999999999999995559 988.942772
 -9                       11                       -3                        3.8999999999999999112  1030.998781
 -9                       12                        0                        1.5                    962.039630
 -9                       11                       -1                        1.3000000000000000444  938.983381
 -8                       11                        0                        0.5                    930.857331
 -8                       12                        2                        0.2000000000000000111  1127.637066
 -9                       11                       -1                        2.1000000000000000888  948.407779
 -5                       11                        3                       -1.8999999999999999112  1305.152712
-10                       12                        0                        0.5999999999999999778  911.257687
-16                       15                        0                        0.9000000000000000222  1175.146701
 -8                       11                        0                       -0.9000000000000000222  940.582610
-20                       13                       -5                        4.2000000000000001776  2328.028791
-16                       12                       -1                       -9.4000000000000003553  2521.089697
-21                       10                       -2                        1.6999999999999999556  5403.292782
-30                       13                        4                        2.6000000000000000888  7624.867658
 -9                       12                       -0                        0.5999999999999999778  947.892621
 -9                       11                       -1                        0.2000000000000000111  944.973215
 -9                       11                        0                        0.2999999999999999889  937.435831
-10                       12                       -1                        2.2999999999999998224  924.947142
-10                       12                        1                        0.5999999999999999778  949.888797
 -9                       11                       -1                        1.1000000000000000888  938.440524
-10                       12                        1                        0.80000000000000004441 954.908202
 -9                       11                       -1                        1                      938.441082
-12                       11                        1                        2.5                    1316.582182
-15                       12                       -1                        5.5999999999999996447  1515.281338
-17                       12                        2                        0.5999999999999999778  1892.075365
-20                       12                       -1                       -3.2000000000000001776  2908.220945
 -9                       12                        0                        0.5                    947.227353
-10                       11.910000000000000142     0                        0.5999999999999999778  908.605121
-10                       12.910000000000000142    -1                        1.6999999999999999556  1045.903399
 -9                       10.910000000000000142     0                        0.69999999999999995559 950.185692
 -9                       11.910000000000000142     0                       -1.3999999999999999112  958.826280
-11                       10.910000000000000142     0                        0.5                    1098.523961
-15                       11.910000000000000142    -1                        0.9000000000000000222  1362.965747
-15                       11.910000000000000142     1                       -0.4000000000000000222  1387.643984
-10                       11.910000000000000142     0                        0.69999999999999995559 909.451714
-10                       11.640000000000000568     0                        0.5999999999999999778  911.805982
-10                       11.910000000000000142    -0.46000000000000001998   0.5999999999999999778  904.266810
-10                       11.910000000000000142    -1.4599999999999999645    0.5999999999999999778  924.035700
 -8                       11.910000000000000142    -1.4599999999999999645    1.3999999999999999112  1015.669204
-12                       12.910000000000000142    -0.46000000000000001998   0.80000000000000004441 932.485756
 -9                       11.910000000000000142    -0.46000000000000001998   0.5999999999999999778  933.341745
-11                       11.910000000000000142    -1.4599999999999999645    1.3000000000000000444  928.624311
-12                       11.910000000000000142    -0.46000000000000001998  -0.2999999999999999889  973.167126
-10                       10.910000000000000142    -0.46000000000000001998   0.80000000000000004441 1000.353712
-12                       11.910000000000000142     0.54000000000000003553   1.5                    1008.137155
-10                       11.910000000000000142    -1.8400000000000000799    0.5999999999999999778  942.035878
 -9                       11.960000000000000853     1.2299999999999999822   -0.10000000000000000555 981.910522
-11                       11.919999999999999929    -0.79000000000000003553   1                      916.161882
 -9                       11.949999999999999289     0.56000000000000005329   0.2999999999999999889  954.601250
-11                       11.929999999999999716    -0.4500000000000000111    0.80000000000000004441 914.404233
 -9                       11.939999999999999503     0.22000000000000000111   0.5                    944.933241
-11                       11.929999999999999716    -0.28000000000000002665   0.69999999999999995559 915.036522
-10                       11.859999999999999432    -0.46999999999999997335   1.1000000000000000888  905.947407
-11                       12.070000000000000284    -0.42999999999999999334   0.5999999999999999778  907.778242
-10                       11.740000000000000213     0.04000000000000000083   0.5999999999999999778  909.446122
-10                       11.410000000000000142    -0.64000000000000001332   0.5                    924.343829
-10                       11.919999999999999929    -0.46000000000000001998   0.5999999999999999778  904.469700
-10.220000000000000639    11.910000000000000142    -0.46000000000000001998   0.5999999999999999778  903.238324
-11.220000000000000639    11.910000000000000142    -0.46000000000000001998   0.5999999999999999778  922.963390
 -9.2200000000000006395   11.730000000000000426    -0.5                      0.9000000000000000222  912.741643
-10.220000000000000639    11.990000000000000213    -0.4500000000000000111    0.69999999999999995559 904.169224
-10.220000000000000639    11.900000000000000355    -0.95999999999999996447   0.5999999999999999778  908.127640
 -9.2200000000000006395   11.410000000000000142    -0.46999999999999997335   0.5                    909.956251
-10.220000000000000639    11.539999999999999147    -0.4500000000000000111    0.80000000000000004441 919.173509
-11.220000000000000639    11.630000000000000782    -0.4500000000000000111    0.5                    955.345286
-10.220000000000000639    11.919999999999999929    -0.46000000000000001998   0.5999999999999999778  903.256414
-10.880000000000000782    11.910000000000000142    -0.46000000000000001998   0.5999999999999999778  911.768868
-10.330000000000000071    12.009999999999999787    -0.4500000000000000111    0.2000000000000000111  905.001764
-10.25                    11.970000000000000639    -0.4500000000000000111    0.4000000000000000222  903.820114
-10.359999999999999432    11.75                    -0.3499999999999999778    0.5                    908.459070
 -9.9900000000000002132   11.710000000000000853    -0.64000000000000001332   0.5999999999999999778  905.561768
-10.720000000000000639    11.869999999999999218    -0.5                      0.5999999999999999778  909.960854
-10.359999999999999432    12.029999999999999361    -0.66000000000000003109   0.5                    905.039393
-10.210000000000000853    11.910000000000000142    -0.4500000000000000111    0.5999999999999999778  903.247385
-10.220000000000000639    11.910000000000000142    -0.46000000000000001998   0.57999999999999996003 903.235430
-10.220000000000000639    11.910000000000000142    -0.46000000000000001998   0.47999999999999998224 903.329752
-10.189999999999999503    11.859999999999999432    -0.46999999999999997335   0.78000000000000002665 903.716344
-10.199999999999999289    11.880000000000000782    -0.46000000000000001998   0.68000000000000004885 903.369022
-10.240000000000000213    11.949999999999999289    -0.46000000000000001998   0.47999999999999998224 903.475171
-10.210000000000000853    11.900000000000000355    -0.46000000000000001998   0.68000000000000004885 903.323652
-10.330000000000000071    11.960000000000000853    -0.35999999999999998668   0.47999999999999998224 903.433974
-10.25                    11.919999999999999929    -0.39000000000000001332   0.68000000000000004885 903.527308
-10.419999999999999929    11.900000000000000355    -0.5                      0.57999999999999996003 904.188649
-10.240000000000000213    11.810000000000000497    -0.41999999999999998446   0.57999999999999996003 904.516500
-10.210000000000000853    11.910000000000000142    -0.46000000000000001998   0.57999999999999996003 903.240179
-10.220000000000000639    11.910000000000000142    -0.46000000000000001998   0.52000000000000001776 903.270264
-10.220000000000000639    11.908400000000000318    -0.45800000000000001821   0.57999999999999996003 903.234579
-10.220000000000000639    11.908400000000000318    -0.44800000000000000933   0.57999999999999996003 903.236546
-10.230000000000000426    11.908400000000000318    -0.45800000000000001821   0.58999999999999996891 903.236029
-10.230000000000000426    11.908400000000000318    -0.44800000000000000933   0.56499999999999994671 903.236899
-10.220000000000000639    11.908400000000000318    -0.45800000000000001821   0.5739999999999999547  903.234937
-10.230000000000000426    11.908400000000000318    -0.46800000000000002709   0.58199999999999996181 903.236919
-10.220000000000000639    11.908400000000000318    -0.45800000000000001821   0.58099999999999996092 903.234583
-10.210000000000000853    11.898400000000000531    -0.47799999999999998046   0.63000000000000000444 903.252880
-10.320000000000000284    11.888400000000000745    -0.50800000000000000711   0.57599999999999995648 903.682054
-10.160000000000000142    11.808400000000000674    -0.53800000000000003375   0.56299999999999994493 904.082015
-10.25                    11.808400000000000674    -0.3579999999999999849    0.58699999999999996625 904.830081
-10.220000000000000639    11.903600000000000847    -0.45200000000000001288   0.57999999999999996003 903.236515
-10.223599999999999355    11.908400000000000318    -0.45800000000000001821   0.57999999999999996003 903.234333
-10.233599999999999142    11.908400000000000318    -0.45800000000000001821   0.57999999999999996003 903.236367
-10.223599999999999355    11.908400000000000318    -0.46800000000000002709   0.58099999999999996092 903.236213
-10.223599999999999355    11.908400000000000318    -0.46800000000000002709   0.57999999999999996003 903.236367
-10.233599999999999142    11.928399999999999892    -0.4079999999999999738    0.56000000000000005329 903.303147
-10.12359999999999971     11.928399999999999892    -0.41799999999999998268   0.58199999999999996181 903.680879
-10.273600000000000065    12.008399999999999963    -0.38800000000000001155   0.59199999999999997069 904.123841
-10.203599999999999781    12.008399999999999963    -0.55800000000000005151   0.5739999999999999547  904.767513
-10.23440000000000083     11.908400000000000318    -0.45800000000000001821   0.57999999999999996003 903.236703
-10.218199999999999505    11.90920000000000023     -0.44900000000000001021   0.57999999999999996003 903.236916
-10.222300000000000608    11.908599999999999852    -0.46329999999999998961   0.58099999999999996092 903.234887
-10.223000000000000753    11.906900000000000261    -0.45869999999999999662   0.58099999999999996092 903.234539
-10.221000000000000085    11.907500000000000639    -0.45310000000000000275   0.57999999999999996003 903.234827
-10.221299999999999386    11.907700000000000173    -0.45560000000000000497   0.57999999999999996003 903.234465
-10.224000000000000199    11.907299999999999329    -0.45719999999999999529   0.57999999999999996003 903.234533
-10.226000000000000867    11.906800000000000495    -0.45679999999999998384   0.58099999999999996092 903.235134
-10.221500000000000696    11.907999999999999474    -0.45769999999999999574   0.57999999999999996003 903.234366
-10.222200000000000841    11.908799999999999386    -0.45560000000000000497   0.57899999999999995914 903.234513
-10.22029999999999994     11.90920000000000023     -0.45629999999999998339   0.57999999999999996003 903.234879
-10.22310000000000052     11.90779999999999994     -0.45700000000000001732   0.57999999999999996003 903.234374
-10.198100000000000165    11.912599999999999412    -0.45779999999999998472   0.58999999999999996891 903.259121
-10.173600000000000421    11.906299999999999883    -0.42949999999999999289   0.57499999999999995559 903.290025
-10.246299999999999741    11.90470000000000006     -0.4079999999999999738    0.58199999999999996181 903.304806
-10.225300000000000722    11.958399999999999253    -0.45429999999999998161   0.57899999999999995914 903.514034
-10.224099999999999966    11.907899999999999707    -0.45879999999999998561   0.57999999999999996003 903.234409
-10.223599999999999355    11.908400000000000318    -0.45810000000000000719   0.580359999999999987   903.234332
-10.223599999999999355    11.908400000000000318    -0.45839999999999997415   0.58143999999999995687 903.234340
-10.223599999999999355    11.908400000000000318    -0.45800000000000001821   0.58031999999999994699 903.234332
-10.22310000000000052     11.908799999999999386    -0.4588999999999999746    0.580339999999999967   903.234381
-10.22310000000000052     11.908099999999999241    -0.45750000000000001776   0.58008999999999999453 903.234340
-10.234700000000000131    11.919999999999999929    -0.46000000000000001998   0.57535999999999998256 903.241817
-10.222099999999999298    11.909599999999999298    -0.43809999999999998943   0.57986000000000004206 903.242489
-10.237600000000000477    11.928399999999999892    -0.45629999999999998339   0.58516000000000001346 903.260930
-10.203599999999999781    11.924300000000000566    -0.4606999999999999984    0.57992999999999994554 903.298016
-10.223599999999999355    11.907899999999999707    -0.45829999999999998517   0.58037000000000005251 903.234366
-10.223599999999999355    11.908400000000000318    -0.45800000000000001821   0.58033000000000001251 903.234332
-10.225500000000000256    11.908699999999999619    -0.45810000000000000719   0.58055000000000001048 903.234371
-10.222500000000000142    11.908200000000000784    -0.45779999999999998472   0.58013999999999998902 903.234341
-10.232400000000000162    11.915100000000000691    -0.46810000000000001608   0.57898000000000005016 903.238305
-10.232900000000000773    11.918100000000000804    -0.44809999999999999831   0.58174000000000003485 903.241449
-10.218199999999999505    11.914400000000000546    -0.45200000000000001288   0.57835999999999998522 903.242277
-10.214499999999999247    11.918400000000000105    -0.4642999999999999905    0.58177999999999996383 903.255652
-10.223599999999999355    11.908099999999999241    -0.45810000000000000719   0.58037000000000005251 903.234345
-10.223559988919999952    11.90842108670999977     -0.45816200000000001369   0.58055999999999996497 903.234332
-10.224079994460000265    11.908710543354999345    -0.45863100000000001089   0.58069999999999999396 903.234339
-10.22383499584499944     11.908557907516250651    -0.45834799999999997766   0.58053999999999994497 903.234334
-10.223789000000000016    11.909150000000000347    -0.45993800000000001349   0.57935999999999998611 903.234488
-10.21860000000000035     11.908749000000000251    -0.45895700000000000385   0.580400000000000027   903.234988
-10.224859000000000364    11.913399999999999324    -0.4628809999999999869    0.58086999999999999744 903.237095
-10.223128000000000881    11.913399999999999324    -0.45350600000000002021   0.58016999999999996351 903.237760
-10.223640239999999935    11.908289010000000729    -0.45807100000000000595   0.58037000000000005251 903.234335
-10.222794076790009399    11.908158207999999689    -0.45853699999999997239   0.58069999999999999396 903.234338
-10.223344998614999568    11.908252635838749711    -0.45778299999999999548   0.58024500000000001076 903.234334
-10.223467497922500868    11.908328953758129387    -0.45792399999999999771   0.58031874999999999432 903.234333
-10.221600000000000463    11.908236000000000487    -0.45810899999999998844   0.58034589999999997012 903.234382
-10.223608999999999725    11.908198000000000505    -0.45610000000000000542   0.58034269999999998912 903.234415
-10.223528999999999201    11.909947000000000727    -0.45801300000000000345   0.57986000000000004206 903.234604
-10.2233900000000002      11.91039999999999921     -0.45784299999999999997   0.58075140000000002871 903.234813
-10.223622719999999831    11.908368189999999132    -0.45812300000000000244   0.58036140000000002725 903.234333
-10.223531624370000515    11.908410535710020284    -0.45806099999999999595   0.58034331968899999232 903.234332
-10.22364837009000027     11.908400007644980079    -0.45806999999999997719   0.58044168031099996341 903.234332
-10.223619183660000331    11.90840263966124013     -0.45806799999999997519   0.58041709015550002615 903.234332
-10.22433200000000042     11.90916099999999922     -0.45774500000000001299   0.58016000000000000902 903.234359
-10.224019999999999442    11.908836000000000865    -0.45910000000000000808   0.58041699999999996074 903.234360
-10.222599999999999909    11.908696000000000836    -0.45858399999999999164   0.58022419999999996776 903.234388
-10.22322699999999962     11.909399999999999764    -0.45763399999999998524   0.58049059999999996773 903.234475
-10.223867529999999704    11.907328639999999353    -0.4579659999999999842    0.58069392399999997245 903.234501
-10.222599999999999909    11.907939198364939415    -0.45892304961000002228   0.58016000000000000902 903.234356
-10.223560810800000453    11.908407903693760232    -0.45806324999999997738   0.58036790984450004061 903.234332
-10.223567940000000576    11.908482669999999715    -0.45760000000000000675   0.58035340000000001925 903.234336
-10.224099999999999966    11.908779859999999218    -0.45814079000000001995   0.580329600000000001   903.234336
-10.223445209999999506    11.908799099999999527    -0.45814284999999999037   0.58045999999999997598 903.234352
-10.223115079999999466    11.908823919999999674    -0.45823424000000001488   0.58025999999999999801 903.234370
-10.22324535592333028     11.907653619150140756    -0.45852784665488000027   0.58032793945130001223 903.234386
-10.223598979760000205    11.908450651485070537    -0.45810303004000002547   0.58016000000000000902 903.234332
-10.223399999999999821    11.908365489999999554    -0.45812868000000001034   0.58037622700000002229 903.234332
-10.223563529999999844    11.908393710000000354    -0.45789999999999997371   0.58035315700000000838 903.234332
-10.223548510000000533    11.908354010000000045    -0.45813820999999999017   0.5803099999999999925  903.234332
-10.22355557999999931     11.908599999999999852    -0.45810636999999998498   0.58035166599999998827 903.234335
-10.223690404199999193    11.908450625100000408    -0.45826143949999997851   0.58041676406999997972 903.234333
-10.223558334099999811    11.908581836999999837    -0.45826143949999997851   0.5803099999999999925  903.234336
-10.223517442094999907    11.908405260210029653    -0.45801049999999998708   0.580234979533500006   903.234332
-10.223550174093750442    11.908403947068769924    -0.45802537500000001236   0.58028665472787999136 903.234332
-10.223652350000000055    11.908500000000000085    -0.45811521999999998966   0.58037120900000005452 903.234332
-10.223499999999999588    11.90845146000000021     -0.45807090999999999781   0.58036189699999995995 903.234332
-10.223575000000000301    11.908412869999999373    -0.45819999999999999618   0.58035464599999997404 903.234332
-10.223623149999999882    11.908448059999999558    -0.45807282999999998641   0.580339999999999967   903.234332
-10.223545058377879968    11.908291381392910324    -0.45808857962021998222   0.58035214446600003058 903.234334
-10.223399999999999821    11.908289010000000729    -0.45789999999999997371   0.58037622700000002229 903.234333
-10.223546628524999846    11.908402628193769601    -0.45801249999999998908   0.58025956968900005428 903.234332
-10.223564767308749524    11.908402631060640786    -0.4580263749999999856    0.5802989498056300155  903.234332
-10.223589690800000795    11.908450000000000202    -0.45805207380000001471   0.5803666440000000426  903.234332
-10.223589690800000795    11.908450000000000202    -0.45812368749999998752   0.58035114300000001375 903.234332
-10.223549999999999471    11.908392250800000411    -0.45810742780000002217   0.58036137300000001371 903.234332
-10.223610755299999298    11.908419450000000239    -0.45815000000000000169   0.58036924000000000845 903.234332
-10.223600598631000125    11.908398882991999557    -0.45809966810899999112   0.58035991600000003121 903.234332
-10.223499999999999588    11.908455835899999897    -0.45819999999999999618   0.58037120900000005452 903.234333
-10.223605001384999724    11.908397364161249499    -0.45801724999999998689   0.58030875000000003983 903.234332
-10.223593953738749462    11.908399999044380735    -0.45802874999999998451   0.58032353996111996075 903.234332
-10.223595344399999618    11.908419999999999561    -0.45809855789999998077   0.58036003793000001671 903.234332
-10.223598826299999942    11.908399852300000532    -0.45809963640000000984   0.58035499999999995424 903.234332
-10.223620000000000374    11.908405673800000812    -0.4581139663000000084    0.58035963262000000995 903.234332
-10.223586546199999958    11.908398307000000571    -0.4581200000000000272    0.58036010961999995317 903.234332
-10.223593512093000157    11.908395820677000643    -0.45806605175699999233   0.58036030738069999124 903.234332
-10.223499999999999588    11.908359755000130775    -0.45800000000000001821   0.5803569273599999967  903.234332
-10.223571092249999381    11.908359802246879511    -0.45808665139999998894   0.58037811842224995562 903.234332
-10.223575741887499291    11.908382351685160572    -0.45809591042499997471   0.58037137456668996816 903.234332
-10.223598446300000475    11.908404017500000549    -0.45809108580000001965   0.58035800000000004051 903.234332
-10.223596857000000426    11.90840999999999994     -0.45810223810000000322   0.58036050215000001273 903.234332
-10.223589999999999733    11.908396790599999449    -0.4580913349999999884    0.58036159767999995207 903.234332
-10.223610000000000753    11.908403209399999412    -0.45809287900000000837   0.58036121668999995915 903.234332
-10.223604696700000716    11.908385982500000466    -0.45812246210000001634   0.58035868347999997052 903.234332
-10.223595360315499647    11.908386230242879122    -0.45808988430449998353   0.58036369130224996216 903.234332
-10.223595356336630857    11.90839467268216012     -0.45809205270337999272   0.58036277795919000155 903.234332
-10.223594999999999544    11.908403099327999897    -0.45809896490000001634   0.58035906875999998533 903.234332
-10.22359723651100083     11.908403424649000257    -0.45810111152799998235   0.58036100000000001575 903.234332
-10.223599276875999564    11.908399129115000648    -0.45809499999999997444   0.58036026166999998832 903.234332
-10.223604151662000206    11.908405000000000129    -0.45809833012200001923   0.58035984823999997584 903.234332
-10.223604334951000183    11.908389346908000661    -0.4581065934499999881    0.58035982132999996974 903.234332
-10.223607950965499569    11.908409659646000733    -0.45810516100449999444   0.58035761139499997263 903.234332
-10.223603463224129939    11.908406442384499968    -0.4581017045033700108    0.58035860796625005076 903.234332
-10.223599989626999118    11.908399982362999125    -0.45810035700800000313   0.58035950000000002813 903.234332
-10.223600017362999282    11.908402000000000598    -0.45810000306699999451   0.58035999570499996469 903.234332
-10.223600362691000143    11.908399996834999612    -0.45809800000000000519   0.58035991028459998908 903.234332
-10.223601999999999634    11.908399982548999674    -0.45810035323900000215   0.58036001320880004073 903.234332
-10.223597630319000373    11.908398038253000806    -0.45810128668599997548   0.58036058080160002337 903.234332
-10.223597140695000363    11.908403574369499367    -0.45810487226849999631   0.58035973071000002133 903.234332
-10.223597674740249275    11.90840246305588046     -0.45810240420137998685   0.58035986345000001307 903.234332
-10.223600233158000705    11.90840099999999957     -0.45809961701800000489   0.58035994030240001251 903.234332
-10.223599000000000103    11.90840040537900002     -0.45810027975399997269   0.58036004360680004677 903.234332
-10.223599627703000792    11.90839972805100011     -0.45809899999999997844   0.58036001623470001576 903.234332
-10.223600278762999594    11.908400203624999847    -0.45809992201499999398   0.58036019999999999275 903.234332
-10.223600860375999133    11.908398662945000268    -0.45810118121299997496   0.58035979985609997822 903.234332
-10.223599940119500573    11.908400435842500187    -0.45810201409200002054   0.58035979556789996092 903.234332
-10.223600045762369248    11.908400326090630372    -0.45810101056899998895   0.58035982424707999172 903.234332
-10.223599500000000617    11.908399720077429862    -0.45810015725774000384   0.58036004362430004822 903.234332
-10.223600304830069874    11.908400047635579355    -0.45810036048212998683   0.58036010000000004538 903.234332
-10.223600175898779341    11.908399629733320779    -0.45809949999999999282   0.5803600577038999786  903.234332
-10.223599762470149344    11.908400500000000832    -0.45809971910493002545   0.58036005993840000805 903.234332
-10.223600256800999375    11.908400102553670763    -0.45810026315520002704   0.58035973873339996576 903.234332
-10.22360028819150024     11.908400416134499622    -0.45810078244050000951   0.58035993371990002299 903.234332
-10.223600123069379819    11.908400244113629185    -0.45810033683037998387   0.58035995434859999342 903.234332
-10.223599913687209551    11.908399799999999757    -0.45810014168141000024   0.58036002523013996424 903.234332
-10.223600199999999916    11.908400070915799773    -0.45810014723999997743   0.58036002622000004703 903.234332
-10.223600162426009774    11.908399831201530006    -0.45809980000000000144   0.58036002129404995475 903.234332
-10.223599910626360199    11.90840009288002932     -0.45809993420312999923   0.58036005000000001619 903.234332
-10.223599813260420888    11.908400205002639183    -0.45809997687546000211   0.58035987725580995278 903.234332
-10.223600227894280579    11.908399198723170542    -0.45810028976500000164   0.58036004072570002155 903.234332
-10.223600111538239332    11.908399524042369677    -0.45810014709998997384   0.58036004552887998642 903.234332
-10.223599899999999963    11.908399979717449568    -0.45810008992866002586   0.58035998082733997183 903.234332
-10.223600012660579495    11.908400099999999711    -0.45810001714732001554   0.58035999634421997495 903.234332
-10.223600069263289569    11.90839997884222079     -0.45809996564904997829   0.58035997999999999752 903.234332
-10.223600073834159474    11.908399977445959905    -0.45810010000000001007   0.58036000431219003648 903.234332
-10.22359994424197005     11.908399963994369841    -0.45809982727497000621   0.5803600385162499542  903.234332
-10.223599955952289875    11.90840022631318007     -0.45810051287589997893   0.58035998160531998558 903.234332
-10.223600007570720294    11.908400127535269775    -0.45810033465692001631   0.58035999152749995211 903.234332
-10.223599953835179832    11.908400049999999126    -0.45810001174004999491   0.58035999315334996229 903.234332
-10.22359995485000006     11.908399996572599733    -0.45809998285287001352   0.58036001000000003724 903.234332
-10.223600008083339574    11.908400013074480484    -0.458099949999999978     0.58035999820966999163 903.234332
-10.223600030912649572    11.908400049999999126    -0.45810001174004999491   0.58036000707353996297 903.234332
-10.223600052318829512    11.90839989035291957     -0.45810004366702999912   0.58035999156343998084 903.234332
-10.223599917127780046    11.908400051833879729    -0.45809993636251000737   0.58035997427358998468 903.234332
-10.22359995630436913     11.908400033236899773    -0.45809997727189000205   0.58035998178323999763 903.234332
-10.223599979999999476    11.908400000606750524    -0.45810000118098997968   0.58036000006207000279 903.234332
-10.223599999228419222    11.908400015216189516    -0.45809998000000001772   0.58035999894877998706 903.234332
-10.223600001501839785    11.908400020000000197    -0.45810001343749001679   0.58036000204614002218 903.234332
-10.223599999734329202    11.908399996462110337    -0.45809999311371002451   0.58036000499999995661 903.234332
-10.223600019535410866    11.908399967714949241    -0.45810001226780999728   0.58035999394300996634 903.234332
-10.223599927471610727    11.908399979823540704    -0.4580999605564100019    0.5803599936079699706  903.234332
-10.223599953331870438    11.908399997367659751    -0.45809997335232000015   0.5803599969743600262  903.234332
-10.223600002012069865    11.908399998003160292    -0.45810001000000000193   0.58036000133990994776 903.234332
-10.223600001651819369    11.908400009999999369    -0.4581000011488399748    0.58036000015392996687 903.234332
-10.223600010000000182    11.908399998611200132    -0.45809999458893002622   0.58036000093190998061 903.234332
-10.223599992752840038    11.908400001006489433    -0.45809999495960002092   0.58036000200000004146 903.234332
-10.223599993583270873    11.908399992379150589    -0.45809999930263001211   0.58035999557424999828 903.234332
-10.223599990630800605    11.90840002144935994     -0.45810000419552998618   0.58035999552850003891 903.234332
-10.223599992906679645    11.908400015202550648    -0.45810000142507001364   0.58035999789637005009 903.234332
-10.223599995000000717    11.908400001116449474    -0.45810000052297000783   0.58036000016505995269 903.234332
-10.223599998694629321    11.908399999334140063    -0.45809999683168001194   0.58035999900000001528 903.234332
-10.223600000662630194    11.908400003433449399    -0.45809999499999998207   0.5803600005076200441  903.234332
-10.223599999035039687    11.908399994999999905    -0.45809999765790998527   0.58036000048037994503 903.234332
-10.223600006607700408    11.908400001115959199    -0.45810000998743999334   0.58035999984693997789 903.234332
-10.223600014079099907    11.908400002300689735    -0.45810000790929000791   0.58035999921286995917 903.234332
-10.223600008747540713    11.908400001977140548    -0.45810000467186001716   0.58035999990966002926 903.234332
-10.223599997999999189    11.908400000472829205    -0.45809999976427001611   0.58035999996219000963 903.234332
-10.223599999371069558    11.908399998747229986    -0.45810000200000000614   0.58036000032077994515 903.234332
-10.22359999968644928     11.908399998000000153    -0.45809999823822999954   0.58036000015991995316 903.234332
-10.223600000171309432    11.908400001092719123    -0.45809999945523000031   0.58036000050000002837 903.234332
-10.223600002771169315    11.908400001687219572    -0.45810000054227001387   0.58035999905710999869 903.234332
-10.223599998143589218    11.90840000694202061     -0.45809999851942001525   0.5803599993559600545  903.234332
-10.223599998366449171    11.908400003956510105    -0.45809999830404002363   0.58035999963706996763 903.234332
-10.223599998999999272    11.908400000223450022    -0.458099999862140006     0.58035999995759002257 903.234332
-10.22359999973865996     11.908400000180529688    -0.4581000006501599886    0.58036000020000000355 903.234332
-10.223599999806490146    11.908399999219700049    -0.45809999899999997997   0.58036000014808997172 903.234332
-10.223600000247989428    11.908400001000000401    -0.45809999938304002409   0.58036000005707999438 903.234332
-10.223600001206859744    11.908399999376319656    -0.4581000011046599818    0.58035999963724005379 903.234332
-10.223599998357450147    11.908399997517310709    -0.45810000054602001418   0.58035999972144003412 903.234332
-10.223599998810920297    11.90839999841115926     -0.45810000027331998496   0.58035999991608000492 903.234332
-10.223599999499999313    11.908399999985689988    -0.45809999965297998337   0.5803600000952799931  903.234332
-10.223600000009270161    11.90840000050000036     -0.45809999998821998579   0.58036000000322995884 903.234332
-10.223599999713439246    11.908400000015019415    -0.45809999972586001871   0.58035999989999997872 903.234332
-10.223599999606600264    11.90840000002062915     -0.45810000049999999305   0.58035999999039000752 903.234332
-10.223600001170689566    11.908399999478659126    -0.45810000013293999954   0.5803600000110999968  903.234332
-10.223599999024580498    11.908399998811839637    -0.45810000037310999454   0.58036000009576005354 903.234332
-10.223599999330440724    11.908399999358879384    -0.45810000012558999005   0.580360000086090011   903.234332
-10.223599999799999338    11.908399999992770546    -0.45810000004755002667   0.58036000000723997339 903.234332
-10.223600000007200705    11.908400000200000335    -0.45810000004429002329   0.58036000000674003996 903.234332
-10.223600000053410852    11.908399999950020742    -0.45810000009530998932   0.58036000004999999113 903.234332
-10.223599999967490248    11.908400000030420429    -0.45809999979999999065   0.58036000002790000263 903.234332
-10.223600000171899183    11.908399999826789539    -0.45810000001285000604   0.5803599999081200389  903.234332
-10.223600000004759991    11.908400000229729443    -0.45809999918353000448   0.58036000000886001082 903.234332
-10.223599999905220059    11.908400000177449485    -0.4580999995126500135    0.58036000000425003176 903.234332
-10.223600000099999363    11.908399999913889644    -0.45810000003216999609   0.58035999998914999942 903.234332
-10.22360000007413916     11.908400000100000327    -0.45810000000967998623   0.58035999999673004712 903.234332
-10.223600000022640799    11.908399999992079543    -0.45809999989999999892   0.58035999999900000912 903.234332
-10.223600000040379499    11.908399999985880058    -0.45810000000528000585   0.58036000001999998865 903.234332
-10.22359999976283973     11.908400000008150244    -0.45810000005286999336   0.58035999999512000169 903.234332
-10.223599999962820206    11.908400000040980871    -0.45810000029358000084   0.58036000000409004862 903.234332
-10.223599999963980167    11.908400000038339428    -0.45810000017017998841   0.58036000001003995585 903.234332
-10.223599999950000239    11.908400000014230713    -0.45809999999528999703   0.58036000000140997024 903.234332
-10.223599999981040298    11.908399999969180527    -0.4581000000334299882    0.58035999998999998617 903.234332
-10.223599999994689824    11.908399999971740257    -0.45809999995000000306   0.58035999999720000453 903.234332
-10.223599999990620191    11.908399999949999426    -0.4581000000165499908    0.58036000000909004903 903.234332
-10.223600000083649775    11.908400000094850668    -0.45810000000473000137   0.58036000000230003604 903.234332
-10.22360000005800984     11.908400000017110187    -0.45809999996563999236   0.58035999997244003268 903.234332
-10.223600000053599146    11.908400000009299546    -0.45809999997555000961   0.58035999998432996616 903.234332
-10.223599999984880782    11.908400000019399911    -0.45810000000744999227   0.58035999999499998658 903.234332
-10.22359999998256086     11.908400000009889297    -0.45809999999255002212   0.58036000000499998741 903.234332
-10.223600000005070854    11.908400000005640251    -0.45809999998000000554   0.58035999999855003573 903.234332
-10.223600000017990297    11.90840000002000032     -0.45810000000767997497   0.58036000000217002892 903.234332
-10.223600000009490429    11.908399999945070036    -0.45810000001231998557   0.58035999999928000737 903.234332
-10.223599999972250885    11.908400000027580035    -0.45809999997280997919   0.58035999998521003995 903.234332
-10.223599999976839214    11.908400000008189323    -0.45809999998374001384   0.58035999999118004222 903.234332
-10.22360000000083069     11.908400000007029362    -0.45810000001000000802   0.58035999999889997802 903.234332
-10.223599999992950771    11.908400000009999431    -0.45809999999506001434   0.58036000000054999148 903.234332
-10.223600000010000244    11.908400000004929709    -0.45809999999357997602   0.58035999999923004733 903.234332
-10.223600000004880783    11.908400000002410835    -0.45810000000341999371   0.58036000000200005378 903.234332
-10.223599999991330733    11.908399999975630479    -0.45809999999793998837   0.58035999999931997539 903.234332
-10.223599999968270069    11.908399999997470786    -0.45809999998231998308   0.58035999999710996544 903.234332
-10.223599999980699238    11.908400000003100061    -0.45809999998866002269   0.58035999999836995755 903.234332
-10.223599999996730858    11.908399999994999874    -0.45810000000243999985   0.58036000000098997287 903.234332
-10.223600000004919863    11.908400000002920649    -0.45810000000246997587   0.58036000000099996488 903.234332
-10.223600000001770383    11.908399999998179553    -0.45809999999500000678   0.58036000000036003232 903.234332
-10.223599999995149901    11.908400000005000763    -0.45809999999756001454   0.58036000000061005455 903.234332
-10.223600000001429322    11.908399999998900753    -0.45810000000252998342   0.58035999999704002139 903.234332
-10.223599999997009746    11.908400000008569464    -0.45809999999590000908   0.58035999999734000365 903.234332
-10.223599999998979726    11.908400000007029362    -0.45809999999778000523   0.58035999999849996467 903.234332
-10.223599999997999177    11.908399999999330632    -0.458100000000340013     0.58035999999997001098 903.234332
-10.22360000000085023     11.908399999998659169    -0.45810000000200001846   0.58035999999979004382 903.234332
-10.223600000000420351    11.908399999998000141    -0.45809999999831002571   0.5803599999998999559  903.234332
-10.223600000000139687    11.908399999999339514    -0.45810000000033002099   0.58036000000050003145 903.234332
-10.223600000000590882    11.90840000000467036     -0.45809999999902001333   0.58035999999984000386 903.234332
-10.223600000006559441    11.908399999993049434    -0.4581000000023899843    0.58036000000055998349 903.234332
-10.223600000003710164    11.908399999996040819    -0.45810000000118999974   0.58036000000057996751 903.234332
-10.223599999998999266    11.908400000000000318    -0.45809999999980999252   0.580359999999999987   903.234332
-10.223599999999999355    11.908400000001000407    -0.45809999999999001519   0.580359999999999987   903.234332
-10.223599999999809285    11.9084000000000092      -0.45810000000099998507   0.58035999999998000298 903.234332
-10.223599999999990473    11.908400000000000318    -0.45810000000007999876   0.58036000000020004919 903.234332
-10.223600000001200172    11.908399999998989571    -0.45809999999911998891   0.58035999999982001984 903.234332
-10.22359999999948954     11.908399999998659169    -0.45810000000000000719   0.5803599999993299674  903.234332
-10.223599999999660071    11.908399999998829699    -0.45810000000007999876   0.58035999999961995766 903.234332
-10.223599999999500199    11.908400000000069596    -0.45810000000014999832   0.58035999999995002696 903.234332
-10.223599999999930077    11.908400000000499475    -0.45809999999986000807   0.58036000000003995503 903.234332
-10.223600000000169885    11.90840000000016019     -0.45809999999973000095   0.5803599999998999559  903.234332
-10.223600000000239163    11.908400000000229468    -0.45810000000049999613   0.58035999999998000298 903.234332
-10.223600000000159227    11.908399999999039309    -0.45809999999975997698   0.58036000000012999411 903.234332
-10.223599999999420262    11.908400000000510133    -0.45810000000031997347   0.58035999999979004382 903.234332
-10.223599999999560595    11.908400000000380459    -0.45810000000026002143   0.5803599999998899639  903.234332
-10.223599999999800403    11.908400000000170849    -0.45809999999998002318   0.58036000000002996302 903.234332
-10.223599999999850141    11.90839999999995058     -0.45810000000003997522   0.58035999999995002696 903.234332
-10.223599999999990473    11.90839999999997012     -0.45809999999980000052   0.580359999999999987   903.234332
-10.223599999999539278    11.908400000000129992    -0.45810000000031997347   0.58036000000020004919 903.234332
-10.223599999999699151    11.908400000000129992    -0.45810000000016998234   0.58036000000012000211 903.234332
-10.223600000000100607    11.908399999999959462    -0.45809999999995998365   0.580359999999999987   903.234332
-10.223599999999960275    11.9084000000000092      -0.4580999999998999761    0.580360000000009979   903.234332
-10.223599999999560595    11.908400000000129992    -0.45809999999937001114   0.58035999999996001897 903.234332
-10.223599999999729349    11.90840000000016019     -0.45809999999965000939   0.58035999999997001098 903.234332
