  0.5                     -2                      24.000000
  0.5250000000000000222   -2                      24.000000
  0.5250000000000000222   -1.8999999999999999112  21.358000
  0.5374999999999999778   -1.8000000000000000444  19.024000
  0.51249999999999995559  -1.8000000000000000444  19.024000
  0.55000000000000004441  -1.6000000000000000888  15.232000
  0.57499999999999995559  -1.3999999999999999112  12.528000
  0.5999999999999999778   -1.3999999999999999112  12.528000
  0.63749999999999995559  -1                      18.725000
  0.61250000000000004441  -1.1999999999999999556  12.935000
  0.5625                  -1.6000000000000000888  15.232000
  0.5999999999999999778   -1.3000000000000000444  11.554000
  0.57499999999999995559  -1.3000000000000000444  11.554000
  0.5999999999999999778   -1.1999999999999999556  12.960000
  0.58125000000000004441  -1.3500000000000000888  12.010750
  0.59375                 -1.25                   11.437500
  0.58749999999999991118  -1.3000000000000000444  11.554000
  0.59062499999999995559  -1.3250000000000001776  11.774906
  0.5843749999999999778   -1.3249999999999999556  11.774906
  0.59062499999999995559  -1.2749999999999999112  11.347844
  0.5921874999999999778   -1.3125                 11.662598
  0.5859375               -1.3125                 11.662598
  0.58906250000000004441  -1.2875000000000000888  11.449090
  0.59296875000000004441  -1.3062499999999999112  11.607836
  0.58671874999999995559  -1.3062499999999999112  11.607836
  0.5882812499999999778   -1.2937499999999999556  11.501085
  0.59335937499999991118  -1.3031250000000000888  11.580803
  0.58710937500000004441  -1.3031250000000000888  11.580803
  0.587890625             -1.296875               11.527428
  0.59355468749999995559  -1.3015625000000001776  11.567373
  0.5873046874999999778   -1.3015624999999999556  11.567373
  0.58769531249999995559  -1.2984374999999999112  11.540685
  0.5936523437499999778   -1.30078125             11.560679
  0.58740234375           -1.30078125             11.560679
  0.58759765625000004441  -1.2992187500000000888  11.547335
  0.59370117187500004441  -1.3003906249999999112  11.557338
  0.58745117187499995559  -1.3003906249999999112  11.557338
  0.5875488281249999778   -1.2996093749999999556  11.550666
  0.59372558593749991118  -1.3001953125000000888  11.555668
  0.58747558593750004441  -1.3001953125000000888  11.555668
  0.5875244140625         -1.2998046875           11.552332
  0.59373779296874995559  -1.3000976562500001776  11.554834
  0.5874877929687499778   -1.3000976562499999556  11.554834
  0.58751220703124995559  -1.2999023437499999112  11.553166
  0.5937438964843749778   -1.300048828125         11.554417
  0.587493896484379996    -1.300048828125         11.554417
  0.58750610351562004841  -1.2999511718750000888  11.553583
  0.5937469482421899869   -1.3000244140624999112  11.554209
  0.5874969482421900091   -1.3000244140624999112  11.554209
  0.5875030517578100353   -1.2999755859374999556  11.553792
  0.59374847412109499345  -1.3000122070312500888  11.554104
  0.58749847412109001965  -1.3000122070312500888  11.554104
  0.58750152587891002476  -1.29998779296875       11.553896
  0.59374923706054505423  -1.3000061035156251776  11.554052
  0.58749923706054996142  -1.3000061035156300626  11.554052
  0.58750076293944997197  -1.2999938964843700262  11.553948
  0.59374961853027496961  -1.3000030517578151645  11.554026
  0.58749961853027998782  -1.3000030517578200495  11.554026
  0.58750038146971994557  -1.2999969482421800393  11.553974
  0.59374980926513998281  -1.300001525878910158   11.554013
  0.58749980926514000501  -1.3000015258789099359  11.554013
  0.5875001907348600394   -1.2999984741210899308  11.553987
  0.59374990463257004691  -1.3000007629394549902  11.554007
  0.5874999046325699581   -1.3000007629394600972  11.554007
  0.58750009536742997529  -1.2999992370605399916  11.553993
  0.59374995231628502346  -1.3000003814697300708  11.554003
  0.58749995231628004966  -1.3000003814697300708  11.554003
  0.58750004768371999475  -1.299999618530270018   11.553997
  0.59374997615813995822  -1.3000001907348650576  11.554002
  0.58749997615813998042  -1.3000001907348699426  11.554002
  0.58750002384185995297  -1.2999998092651299242  11.553998
  0.59374998807906997911  -1.3000000953674351045  11.554001
  0.58749998807907000131  -1.3000000953674399895  11.554001
  0.5875000119209300431   -1.2999999046325600993  11.553999
  0.59374999403953498955  -1.3000000476837199059  11.554000
  0.58749999403953001575  -1.3000000476837199059  11.554000
  0.58750000596047002865  -1.2999999523162799608  11.554000
  0.58750000298022997391  -1.2999999761581400026  11.554000
  0.59374999701976505229  -1.3000000238418598641  11.554000
  0.58749999701976995947  -1.3000000238418600862  11.554000
