  0.5                      0.5                      0.5                      0.5                      0.5                      0.5                    16.433786
  0.5                      0.5                      0.5                      0.5                      0.5                      0.5250000000000000222  16.533154
  0.5                      0.5                      0.5                      0.5                      0.5250000000000000222    0.5                    16.810936
  0.5                      0.5                      0.5                      0.5250000000000000222    0.5                      0.5                    17.101954
  0.5                      0.5                      0.5250000000000000222    0.5                      0.5                      0.5                    17.395390
  0.5                      0.5250000000000000222    0.5                      0.5                      0.5                      0.5                    17.645474
  0.5250000000000000222    0.5                      0.5                      0.5                      0.5                      0.5                    19.015261
  0.4749999999999999778    0.50833333333332997306   0.50833333333332997306   0.50833333333332997306   0.50833333333332997306   0.50833333333332997306 15.188205
  0.4500000000000000111    0.51249999999999995559   0.51249999999999995559   0.51249999999999995559   0.51249999999999995559   0.51249999999999995559 13.685926
  0.48333333333333000637   0.47916666666667001584   0.51249999999999995559   0.51249999999999995559   0.51249999999999995559   0.51249999999999995559 15.039080
  0.47777777777778002166   0.49722222222222001164   0.48333333333333000637   0.51666666666667004915   0.51666666666667004915   0.51666666666667004915 14.481960
  0.47037037037036999454   0.4962962962963000102    0.50277777777777998836   0.48888888888888998308   0.52222222222222003385   0.52222222222222003385 13.914798
  0.46049382716048997688   0.49506172839506001893   0.5037037037036999898    0.51018518518518995997   0.4962962962963000102    0.52962962962963000546 13.322478
  0.44074074074073998908   0.4925925925926000204    0.50555555555555997671   0.51527777777778005497   0.48194444444444001219   0.54444444444443995668 11.950836
  0.44074074074073998908   0.4925925925926000204    0.50555555555555997671   0.51527777777778005497   0.51527777777778005497   0.51111111111110996141 12.225254
  0.42098765432099000128   0.49012345679012997435   0.50740740740740997161   0.52037037037037003895   0.52037037037037003895   0.53981481481480997342 11.406714
  0.38148148148147997816   0.48518518518518999327   0.51111111111110996141   0.53055555555555999891   0.53055555555555000691   0.55972222222222001164 10.197851
  0.40370370370371000401   0.51296296296296994832   0.4944444444444500153    0.51388888888888994977   0.51388888888888994977   0.5430555555555499625  10.557026
  0.38456790123457001984   0.50015432098766998692   0.52731481481482000984   0.50879629629629996579   0.50879629629628997378   0.54768518518517994575 10.097527
  0.33796296296296002293   0.50162037037038997855   0.54930555555557003533   0.50486111111110998362   0.50486111111109999161   0.56319444444443000908 9.186561
  0.34783950617283998508   0.50285493827161997782   0.52337962962964001967   0.54189814814814996069   0.49745370370370001201   0.55578703703703002947 9.428863
  0.33415637860081998101   0.48343621399178998699   0.51728395061730003679   0.52808641975309000838   0.50216049382715000071   0.57993827160492994466 8.924240
  0.27623456790123002147   0.46890432098769002645   0.51967592592594002987   0.53587962962962998326   0.49699074074073001928   0.61365740740739005421 9.514931
  0.30788751714677997651   0.50029149519892002207   0.52813786008231999869   0.52957818930041000716   0.4950102880658299731    0.60426954732508997292 9.170784
  0.26360310928211999615   0.50285779606768998828   0.53566529492457004569   0.53434499314129002556   0.53269890260630003986   0.59087791495198005443 9.958959
  0.25393994817861997859   0.479119036732229997     0.56051668952904998289   0.54255258344765000533   0.50702446273432000279   0.60820759030633997355 10.431417
  0.2913808870598900147    0.48758001828991998083   0.54399862825790001875   0.53538665980795996369   0.50874056927295996378   0.59191958161864999255 9.523808
  0.24612863892698999546   0.50769509221159003776   0.55481252857799001621   0.52749628486511002112   0.48308613397346000795   0.60227337677182002373 9.632861
  0.35818218767463999574   0.49163491337705000905   0.53664075598233995645   0.52142394452064999566   0.46440519737843000136   0.57491617131534000773 9.111931
  0.41300784094565001769   0.4814442242883100187    0.51143626479702997134   0.52624853934867998895   0.50779098714626003108   0.55440164101000000141 10.949534
  0.28784843943165999702   0.50113237523077003299   0.54396846263275000499   0.52718434848600004283   0.48926234726666001373   0.5903054428313699864  9.067024
  0.36657811027001002691   0.50607675052359002432   0.52224010990874003557   0.51562406063183996441   0.47564381117799997556   0.56421738990074998821 9.236260
  0.31636569252278001763   0.4918757679592200005    0.54247926863003004261   0.50035454311954996598   0.47966071257201997602   0.60316005210361001154 8.635006
  0.30062878569776002591   0.48638618280300999208   0.55202908813022999457   0.47958274060525002414   0.47076421700617998578   0.62684655963688995506 8.511112
  0.27564398023485997546   0.48209043313372001993   0.55354844775809997071   0.51461485729365996633   0.49984407370711997354   0.61560608915193004709 9.566485
  0.34384457776122001604   0.50008017117612002522   0.53006719437107996384   0.51537175979729998865   0.48169387681027997505   0.57706456471355005444 8.906599
  0.30621966580799997448   0.48603341355550000458   0.5200702150497700238    0.52888135637646005449   0.46290436234040999164   0.62125240803129000433 8.706487
  0.33573916117792002023   0.48260959484582999224   0.53854869551216999479   0.50393200054583997538   0.46205321014387001899   0.58583825871937000862 8.365376
  0.34966498319348998658   0.47376864466927998132   0.54375411322708999684   0.491108906168550019     0.44557467118290000618   0.57662261441650997096 8.098381
  0.28260542248968001378   0.48531075376511001451   0.53241691869372997914   0.5019812325415700105    0.48638145876610000551   0.61576044909617000389 8.828647
  0.3511914984186599864    0.47053941808950000558   0.52123869739698003301   0.48781978992807001339   0.46056401271100999573   0.60885617966840999138 8.192738
  0.31056193252211999889   0.48393664736105002078   0.54924145833898996294   0.47349550871931000984   0.43380037244514002559   0.62886265358268000902 7.902106
  0.29876470948276001582   0.48418686404568000992   0.56522021219983997753   0.44620005320242001057   0.39962031175413997852   0.6533248445715500452  7.518286
  0.28584711060223000345   0.46199492113323997744   0.54817588719480003778   0.46315293314347000253   0.42690913444329997573   0.65715645376006004419 8.243607
  0.34816682857795000494   0.46899239433362999163   0.55107915237251003937   0.46360069393316999387   0.40239744437988000936   0.63225923759873003949 7.672890
  0.33853497284961997504   0.46258939480261002108   0.57376216845738003958   0.41494034928384998517   0.40570556815205999213   0.6304362218527600481  7.182455
  0.35469262637042997532   0.45086738542616999759   0.60060814516117999595   0.35796984573754997427   0.37710617105789001613   0.63502812876349001847 6.676475
  0.36214713318407998344   0.45039702642948997724   0.55799631438723995558   0.42370133343249000157   0.3666263648368600081    0.62756925995602996782 6.953768
  0.40236214914022999656   0.47092232319800997331   0.56512299105347996164   0.4269806076572800202    0.39038719086425999194   0.58739696789817996692 8.388576
  0.31497587023673001561   0.46422677164942999228   0.55241266315947001875   0.45410985177191998119   0.41777864854854002141   0.63971658229459005263 7.599385
  0.32494588526314999166   0.46027361076173001209   0.60245150277212999868   0.39107710482063001711   0.34247052454239002017   0.64598404286522004281 6.521661
  0.3118230786853999903    0.45514070709783999158   0.64305790545969998551   0.34270576226691001898   0.2834237804580900244    0.66454797446363000901 5.860841
  0.31385843231895999006   0.4508350716581300266    0.6130373510195600284    0.33832027394627001149   0.30340956916222999729   0.7075260614661600389  6.219822
  0.30392045484816998524   0.44955888110195002527   0.62636504475649001922   0.32406834618601998432   0.31359083755937000593   0.67697837957309003887 6.045969
  0.3334262747265400173    0.44943520693699001711   0.64968232783519996865   0.29021201981862998487   0.26348036306098998605   0.68194163397006002381 5.481697
  0.34265147697143999439   0.44203942458077000177   0.69831716017306999511   0.20826310384199001047   0.18633122031721000011   0.70305415980778995788 4.816441
  0.36426635797673001527   0.4154259680524399756    0.68124042811924001573   0.21880950193466000564   0.21054233604308000838   0.68490981010518003913 5.267878
  0.30159034253963001859   0.43755878620960997338   0.7295456971758399467    0.17301094453863999356   0.19150827336243000931   0.72977891143707995791 4.735844
  0.27131194721739998466   0.43113966609967002697   0.81532038857013999777   0.04766575009171999944   0.10394922762521000004   0.78088373717760994897 4.158498
  0.28125128963559997697   0.430512520770760021     0.75850461420489001529   0.13530773368497001075   0.08997615266384000055   0.77093857876766003212 4.345981
  0.31121643612595001338   0.42377065090968002448   0.79456449607495005516   0.08728645872248999571   0.0925282823933700066    0.71957815183216000676 3.884962
  0.30989543802945002104   0.41023844053544999966   0.88532806860264001703  -0.03823044888940999725  -0.01291236099105999915   0.72560419701515999069 3.325550
  0.32314607465716999046   0.41194002794369000142   0.86755781028673994992  -0.01922787854240999919  -0.02648738552058000142   0.7663344395392499564  3.520630
  0.31901778281053000397   0.39195797556308997756   0.92569825119254001144  -0.15850984155973998901  -0.09962405041218999613   0.8126936663405900374  3.372276
  0.25149164513047000957   0.42385005044536999685   0.96900166955742994546  -0.16038669572562000432  -0.13013140148227000936   0.83492644944417004904 2.622463
  0.19510428870732998696   0.42806209164184000349   1.1128822902765300729   -0.34998479455575998154  -0.30046827024494998648   0.90993476911366999449 1.943987
  0.22392413004771999363   0.3925774829374000241    1.0901133142047600977   -0.33592293043220000648  -0.26818678261044998079   0.88574230284351995746 2.329372
  0.2662152641875999981    0.3914593741362900059    1.1404620935062299569   -0.42004444831423998208  -0.29121936004851001201   0.85612579190894000369 2.494262
  0.27445571226253001607   0.37760546481958001674   1.1920268874530099978   -0.48830586418964000428  -0.43691529756779001747   0.87126131840942999673 3.298364
  0.20639146402454999762   0.38536024860085998922   1.2479458247918300273   -0.57777156410458996305  -0.44328798843773997707   0.92078624233785000275 2.007871
  0.1729776496092000071    0.4031430586607199773    1.2972212417524600081   -0.57824350860220996573  -0.48470596955464001487   0.91045787420226997888 1.538208
  0.09995758300852999878   0.40873560020952998117   1.4829827370324200064   -0.78811034212343999972  -0.67724692912587003413   0.95933997813310001312 1.363207
  0.1121207093833000018    0.38436164691305002572   1.5368096471522900703   -0.94848286568387996098  -0.79286251502071003472   1.0754592705670100727  2.122809
  0.0934487675238099974    0.41924668332673997728   1.345038414868340082    -0.65179978421506001851  -0.48750865092828998826   0.99786813322527001535 1.598983
  0.04410038337747999859   0.41465521040684999443   1.4647953159358300113   -0.79731297872407003169  -0.69863435207416002548   1.0602511068311999409  1.146554
 -0.06695705702757999422   0.4262531285421299887    1.6269619271506199354   -0.98594724392898003273  -0.90234184808698003621   1.1623137642923300206  1.089121
 -0.01056887817441000063   0.42476231680732001728   1.6940936328859199644   -1.0981092677716999262   -0.93305195133773000116   1.1228250830462200849  1.427830
  0.06033801330410999697   0.44644504279641999966   1.2998252951829301072   -0.53542479988263003143  -0.45510603103314001272   0.94889671948247000799 1.957910
 -0.08261722491061999907   0.46580803917379998147   1.6059822743404199574   -0.89202051338792998081  -0.80861990514791004525   1.112939906759840003   1.446886
  0.01578447973824000095   0.41117757710403002314   1.6561551303351500497   -1.0532325154449899696   -0.91463982059076998077   1.1395104920410099592  1.362753
 -0.17875506532134000093   0.42393235674600998619   2.0241890819277599256   -1.4730884277349400868   -1.2740014314942300633    1.2549976833855900349  3.652521
  0.10163945020016000587   0.42702965791788000116   1.340708988189339923    -0.63076070285055996223  -0.54385156055727001956   0.99620049768164997683 1.280789
 -0.07436931657904000126   0.43534208992481998601   1.7905898151096200088   -1.1642604109541399016   -1.1057420206872199397    1.1665084407594499272  1.925700
  0.05149424649809999921   0.42327053497625999334   1.4564262649286598972   -0.77991494089983004478  -0.64206699336801997813   1.0400282101088100806  1.137473
  0.14640049965829998735   0.37460156601192001746   1.4797939525002798966   -0.88667115761856996059  -0.72911312920764004275   1.027132768341199931   2.507039
 -0.02536279376838999899   0.44300642088332997659   1.5744351938803899937   -0.89068317444558997575  -0.78874321116283996336   1.091488122155179985   0.980771
  0.06942084772409999605   0.42172865640372997342   1.3517964476196100421   -0.61144037212610002907  -0.55657816962619000023   1.0068019384244699665  1.631442
  0.00942855330021999914   0.42400390170641999443   1.6085193365693399858   -0.97644204386029997966  -0.83893350590983994941   1.0938192968907800573  1.016274
 -0.07128195669494999387   0.44284480683381999278   1.6047528766520799959   -0.9842165316866400282   -0.86627871743270001836   1.2151134829234899737  1.562943
  0.05714769808266000062   0.41726290186559999995   1.5134252719373399998   -0.83713688951424003459  -0.72450487620257997268   1.0232833543307000568  1.025375
  0.02667888602348000154   0.4424312715265100171    1.3840038638834100126   -0.64706248305484004302  -0.56550751117174002935   0.99620058977880998619 1.694462
  0.01850808130954999936   0.41899100070965000775   1.5881173137222199809   -0.95169000734745001768  -0.82735674323601005042   1.1036830164754600769  1.011601
 -0.08688654073531000555   0.4238996383099200016    1.7819194478735200793   -1.1765107304815700662   -1.0307974987648200749    1.1753380904027699305  1.272169
 -0.03975504300143999775   0.42468214321191000149   1.6716168329524700997   -1.0400732235738199272   -0.90906101421292995202   1.1305536922224899143  0.974947
 -0.06715776686643000482   0.42812929733008997513   1.7379323604754699506   -1.1140759199903000898   -1.0215800729023700733    1.1616855386801701044  1.240512
  0.02183124315696999967   0.42448522556472001455   1.5268027888153599125   -0.86345518567245005404  -0.73694526325161002767   1.07044254225164992    0.988047
  0.08088963672077000011   0.42455740277175002539   1.5340103188084199815   -0.86721293087563999791  -0.70617302323829000965   1.0087762438164200596  1.167588
 -0.02999538359049000111   0.42582919709952998799   1.6037240250650699469   -0.95626366566564002802  -0.85329964187480999982   1.1239293841733499768  0.969847
 -0.07226281228052000571   0.43640306119291999432   1.6776465583976098994   -1.0557322106741799939   -0.92694158368010004523   1.18135533039226992    0.978197
 -0.05177412269165999892   0.43379511451426999713   1.6055949010417001066   -0.94285711193274002184  -0.8418489798962599524    1.1399980656660200218  1.144378
 -0.00587211569774999994   0.42645170490838002486   1.607788227687430016    -0.96804581087841001796  -0.83966237440644997392   1.1053639890845901039  0.935407
 -0.06898038303676000405   0.44129491691061001335   1.6325538952105600465   -0.97306108295590998392  -0.8575276196269000506    1.1306946702843800878  1.049651
 -0.00336403477702999993   0.42456697975988999527   1.5992264590942999458   -0.95703277624956994973  -0.83489946233373002471   1.1104359299276900241  0.943842
 -0.08070197086218000582   0.43582794345393000013   1.7180096435437299807   -1.0924884348232899445   -0.98059049930534003536   1.1772662737335399807  0.961614
 -0.05195432630141000319   0.41491392232551999042   1.7182353883664800431   -1.1325288661760499753   -0.99274164744160997564   1.1848134110227999116  1.220313
 -0.03201067690164999952   0.43598329624387999193   1.6103852425019100636   -0.9511445973782000074   -0.83974282023252999618   1.1148194443720800262  0.921638
  0.00836307067034000075   0.42137736036625000891   1.5926035852173598961   -0.9326172921821299644   -0.82547702044183002279   1.0727675741123099407  0.976781
 -0.01179340006736999923   0.4251337855729199755    1.6138643285124198989   -0.963396021805139946    -0.8508431612514000264    1.0999145131823000465  0.936202
 -0.01482415096405000077   0.43324882580092999307   1.5793824758491499249   -0.92271721202626000302  -0.82395163892181999543   1.1133561526020299137  0.939632
 -0.01952673283284999881   0.43457498148044998443   1.6391614339979099224   -0.99534461872131996252  -0.86993034360895005186   1.1164560501273899096  0.905083
 -0.01429240745402999939   0.43894787367089999064   1.6568801384643299102   -1.0148850952491499378   -0.87824569447601996686   1.112719383104419979   0.940235
  0.05157160044860999853   0.42415858113489002257   1.4985930790039800886   -0.82673857752968005208  -0.70575276761295002714   1.0428490860318200273  0.967852
 -0.04763357803447999805   0.43291060287416999186   1.6631555024087900652   -1.0260509704998899139   -0.9118810663822399798    1.1436619768081099924  0.921016
 -0.04052285005569000037   0.43820075253369000778   1.6386859445582400152   -0.98520030085349996618  -0.87710433926739994615   1.1207547787978100473  0.882354
 -0.05910225769501999821   0.44501763892058998628   1.6584156872902000579   -0.99928406315547002592  -0.89820677773423995838   1.1259142032328699479  0.873372
 -0.04382210277898999917   0.43344184419920001039   1.6848743316170700091   -1.0450381487865501029   -0.91280387561678000274   1.1220205730004200184  0.954607
 -0.02207363891778999984   0.43329708040050002316   1.6057554397911300015   -0.95329744621632994672  -0.84616469809556005277   1.1155222577016299379  0.906930
 -0.0502795999591399978    0.44427798270307000683   1.6476895160466999979   -1.0009931471447299778   -0.88435286556859005191   1.1406647939265899261  0.889231
 -0.07100337908256000585   0.44890215596583998847   1.6670660463247799488   -1.0073258034935699268   -0.91043048280091998237   1.1469822529716300341  0.904963
 -0.05786238527229999734   0.44367685120432998058   1.683362632784590085    -1.0429540856988999131   -0.93391259116430003218   1.1482477338839900405  0.895373
 -0.04564908655206999927   0.45033829401741998222   1.6373280830029799393   -0.97368208431021996407  -0.869118186608609955     1.1209337871399200903  0.852034
 -0.04465684081086999935   0.45905213958905000116   1.6244143733000699914   -0.94749764121538004868  -0.84773674672179999412   1.1095696923058300243  0.843219
 -0.07873675963312000425   0.45853683622060997793   1.7009477901236200736   -1.0445023402601298912   -0.93535857110403997083   1.1470893177811400943  0.859624
 -0.10102034131815000595   0.46524622005404997482   1.6881372479587399837   -1.0188410749347400763   -0.93340233475568001875   1.1563666145732900414  0.952048
 -0.03990013495418000267   0.44224279112385000978   1.6514053874881200468   -1.001218732774669995    -0.88579834139562996231   1.1264336912388699385  0.868146
 -0.03917594702564999865   0.44869925728798998321   1.6550124160196499901   -1.0048241999228599841   -0.88469148176195000488   1.1189908911514701018  0.849724
 -0.0460881280870300003    0.45559869741072001048   1.6292657573048598962   -0.95648595579217998708  -0.84480233693111994597   1.1079731293282699678  0.854045
 -0.05227375610947999907   0.45877113748120001979   1.6587976211288100181   -0.98361116389549996253  -0.88117855298100000727   1.1046588477528900274  0.818274
 -0.0532708341846499997    0.46601771487026000251   1.6643516736698600322   -0.97492017227088001441  -0.87959139668720998095   1.086655874666049959   0.811835
 -0.04150729053681000147   0.46503150658024000608   1.6500501120118600262   -0.97719895092322994756  -0.86111951379967999198   1.1063233289243399327  0.791393
 -0.03270980695771000257   0.47503844041005999221   1.6458673243726900104   -0.96615639480711001941  -0.84257588183239995328   1.0965278917700800321  0.759462
 -0.05831263727883000125   0.47873823747237997939   1.6552143907754599539   -0.96357683531483995232  -0.85912046361720995069   1.0958352410954099732  0.796918
 -0.01266797181513000005   0.46917799279288002756   1.5904275216905801038   -0.89331805951428999713  -0.78414753141319004648   1.0580949223245599278  0.755901
  0.02036642209387000066   0.47449857107901000086   1.5351673874740499048   -0.81772591914137005009  -0.70854201156776996928   1.0135977245962699556  0.731376
 -0.02316508663425000114   0.47841608949219999181   1.6307434312324000647   -0.93508109843196995925  -0.82928365713165996809   1.0657526425334300502  0.762011
 -0.024740314231829999     0.49522114034966002727   1.5969071109218599958   -0.86349515380431995926  -0.77092523742407004228   1.036988797837550047   0.754187
 -0.01262057825360000073   0.49692459163546998102   1.6183360661820400672   -0.89282088337478004991  -0.78227613603164003475   1.0222163651937699047  0.765302
  0.00954350043053000044   0.50026130860933004652   1.5630602299829698953   -0.83803192268725001934  -0.71798306584770998917   1.0236503463427899518  0.694149
  0.04095066773812999772   0.51738310547887000901   1.5124145081395299339   -0.7695877978954299703   -0.63717890042795999328   0.99214758218114995625 0.680533
  0.04767307186369999783   0.50042240867604004251   1.5245975519987300384   -0.78471224717014997907  -0.66447347785461996494   0.9799084269420099691  0.731960
  0.02207889621089999949   0.48340199352648000053   1.5302297051977100661   -0.8194319870420000429   -0.70205025271452003999   1.039424656759730059   0.724640
  0.04770473220660000069   0.50357246368117003499   1.4843177648024599158   -0.73862206818816000808  -0.61263159680878997992   0.98711238416216995351 0.711513
  0.08405429891816999788   0.51646145385368003033   1.4153440184720900152   -0.63170199627336998116  -0.52269127710018004063   0.91986529905620995073 0.773897
 -0.00351878048873999986   0.48539419377096998387   1.5882364978975400671   -0.88254279517366995833  -0.76260473064933997911   1.0523622435916100137  0.714867
  0.08315865077332000588   0.49300310505451999665   1.4614140275814799796   -0.74071245106593996965  -0.59156841925026004692   0.98452887490675999871 0.720823
  0.02257379098099000087   0.48532873552097000047   1.5126624116988600655   -0.80482875899870998104  -0.67371849261826000088   1.0431493951238899331  0.782892
  0.04139825164302000232   0.49664899038727000624   1.5216137669237599361   -0.78974137512729003507  -0.66678473154552997393   0.99571866898747996011 0.696980
  0.05689105060053999824   0.51863604622074999106   1.4975747027067800587   -0.76248690568945998169  -0.61573086556435996375   1.0035004122666999482  0.665960
  0.07515336485387999477   0.54070478379162001392   1.4787783603231399177   -0.73486739896351005452  -0.56932529256265995699   0.99845175610190994853 0.677282
  0.06678262794672000513   0.52147730800470004642   1.491627384152810043    -0.74179914400464996849  -0.59344949536755997599   0.96569873193888999818 0.718142
  0.00024419910877000002   0.52136759746006000604   1.5705141806261500026   -0.82088091096028004134  -0.70455835420424994808   1.0143177994692400556  0.730593
  0.06243003785718000131   0.50009422815589998912   1.4886890658426499279   -0.76075456603952995582  -0.61981590298875999245   0.99197610604737995743 0.688593
  0.01516935857218999935   0.48576570122694001652   1.5393213846180999749   -0.82611269203320003562  -0.71146608062734995048   1.0419070671399399686  0.724930
  0.05387931060309000125   0.51254940631026002507   1.5035508842691300835   -0.76287753101179001103  -0.62295364168250999537   0.98475081573915002053 0.687317
  0.1046034640382599995    0.53090055297377003463   1.4144837329972299589   -0.64548061947687995765  -0.49576048235663000563   0.93270641286972999495 0.790183
  0.0235117806430099989    0.49677078357166998268   1.5447983066724599865   -0.82327725124947004343  -0.69589366857615997386   1.022448285911139898   0.687176
  0.04531563415506000003   0.51045505636040000574   1.5385626467156399144   -0.81761974081615995669  -0.67348764011964001863   1.0097349062155001054  0.687427
  0.05292790888932000226   0.52198055164534995498   1.5069162711916399555   -0.77579322243999004893  -0.62156880824092997084   1.0058007004661899675  0.658856
  0.05869273751246999876   0.53464633227438995711   1.4995675233255700842   -0.76881914609633994484  -0.59896084658864001682   1.0108417162055500782  0.652404
  0.03065035589359000126   0.53005268191621002227   1.5434671247670499472   -0.8074682248800200135   -0.66158595133099995511   1.0158318001256800844  0.673604
  0.0428763335085500033    0.52622439556364997149   1.4952283699111998949   -0.74721921145800995756  -0.60394698460389995009   1.0001052979276199295  0.708968
  0.04470580899342999764   0.51439739116120997142   1.5277290775145300206   -0.80001960847662001441  -0.65610247624071005301   1.0073275041435298949  0.670012
  0.03125482319062999892   0.52474604056411000563   1.5382995301061799243   -0.81434211375066001271  -0.66553059456042995556   1.0326149512054298985  0.655340
  0.06420336733324999434   0.54984974896684002399   1.4948858488474199291   -0.75096401434671000708  -0.58246954299486997098   0.99830636946486994709 0.682535
  0.05403047066068999982   0.53658000761805002554   1.5073639633036799435   -0.76904232357239998841  -0.61082557439019002921   1.0043418485764399328  0.664354
  0.05112441454564999738   0.535636394439369945     1.5255861324350699082   -0.80447164292640005456  -0.63239986913047996353   1.0326718286599601004  0.636446
  0.05621128794941999962   0.5447630389196199685    1.5321719445828398953   -0.82191356544188998168  -0.63001035348173994866   1.052933951899359899   0.616204
  0.06994503707547000682   0.52787027033650002483   1.490768455746140031    -0.77140632946244003243  -0.59746761894435995721   1.0213549946399900215  0.638300
  0.06430266000298000273   0.54801652081660001681   1.4941862957425300351   -0.76931718619444000584  -0.58340614160253001508   1.0345351207876301025  0.643212
  0.05458795486334999669   0.55357135728900996874   1.5232112015621999124   -0.80912664914993004395  -0.61300284429160001309   1.0487071155047700266  0.624672
  0.05763436287075000136   0.541291179115359955     1.5187043537181399433   -0.81593267312617001608  -0.61863389209957997394   1.0626541015044699279  0.609744
  0.05943630897577999866   0.54364676486400997923   1.5243745489253699432   -0.83937784790305003391  -0.62253805095426995031   1.0918102279684900324  0.594834
  0.08980383893585999755   0.55942538760259996611   1.4831271265220400402   -0.77897812766537000151  -0.54959802406061997182   1.0541127577964999329  0.613598
  0.07273629175515000655   0.5577847810017200203    1.5163790010347999448   -0.82788742250936997458  -0.59971349785640004626   1.0903096733266999241  0.577129
  0.0797580688764899931    0.5693540053653900479    1.5247847398894200932   -0.85742156071588004895  -0.60008982349027994996   1.1300436518872700731  0.544701
  0.0722781722224799944    0.55152708730911004231   1.5319597100001400847   -0.85675750725175003897  -0.62082943013842994961   1.0984524457778299666  0.563328
  0.06741350686566000006   0.57955894344674996344   1.549107968081200104    -0.88311875658018001989  -0.61455522319461997061   1.1373317223047501034  0.553449
  0.08704577307855000667   0.56252038521348002309   1.5252974777714700672   -0.87006247270278003203  -0.59953745748172004859   1.1395211370399600526  0.533516
  0.10327468218615000473   0.56699489917571999076   1.5263406158761099185   -0.90053038447919997456  -0.59280476407677995532   1.1849281478075599505  0.505306
  0.1011102380713899962    0.57873932366823999107   1.5143929585152500206   -0.88348116275659005492  -0.57012808515658996988   1.179292365948110044   0.507642
  0.0712864867967900051    0.57051495367380999912   1.5738597205737900886   -0.9612509455635099842   -0.65738376827637001742   1.2198400961014999044  0.507106
  0.10560407603054000614   0.59524963934899999263   1.5491073553865999379   -0.94147559121265000925  -0.59605898049008998463   1.224819248640520053   0.470035
  0.1286879595579200064    0.62105107659148994781   1.5614737586172200423   -0.99252446286745998894  -0.58281944525799000978   1.2913237589765300672  0.461506
  0.1115654752289900048    0.6105439799980200144    1.551360210517519933    -0.96935158373585994518  -0.58509760634578000804   1.2824674685640800043  0.446041
  0.13120912673224000011   0.64005242634248005196   1.5610604607762199603   -1.0256486219779099578   -0.56723169444944998574   1.3744749799572000271  0.413316
  0.13769534720800000183   0.6026766181589600091    1.5381961166681399344   -0.9905002895400000229   -0.57559730370786998943   1.3226359445879700694  0.435102
  0.14466321130766998659   0.62398909383818002006   1.5669898037861600404   -1.0605570616790100935   -0.58189853015140002856   1.3941214459056900932  0.399732
  0.17711578252327001004   0.65130663807457001013   1.588092335734520022    -1.1621248121605800563   -0.57280288348195995685   1.5261603429148999922  0.405935
  0.13782869985820001002   0.62968703225863997819   1.5949138669172999716   -1.0935227592791099127   -0.61578375015002995152   1.4164824251640399932  0.387020
  0.15618793075160999906   0.65516088655383997175   1.6351743211183200621   -1.1985435575403600161   -0.63861158264674999785   1.5350774547720100749  0.378191
  0.19595293245107001101   0.66612671321308003503   1.5558853050402698948   -1.0948505137977999624   -0.52227067182038000581   1.481013814567490039   0.590171
  0.10245309821035999964   0.59441789355862995059   1.5693661166904100401   -0.99465083762207995299  -0.62360549416236998876   1.2851335257180001026  0.443996
  0.16369087573644999778   0.67878776583880995332   1.6177462433427101107   -1.1869445592630700759   -0.59711658604850004206   1.5493275554982399722  0.383147
  0.14994523709085999519   0.6439771515054799611    1.6013705955101000811   -1.1597571796733499028   -0.61186761846411996668   1.5289332098365100432  0.380012
  0.19201081139858000579   0.68713008718728996183   1.6041463970434699515   -1.2126662522691500357   -0.56716894432699005435   1.6163900044678700674  0.441134
  0.16962138310152999332   0.66395203878011999077   1.5954513269552099697   -1.158162398607379906    -0.58127808178583995069   1.5335758847804099592  0.383361
  0.16741057436545001003   0.69929650279401001089   1.6544014671614299949   -1.2727041700403600721   -0.61707072747415003811   1.6492008989953799158  0.362985
  0.18226818794418001013   0.74760644511152996028   1.7125041424080800212   -1.4138061102905399302   -0.63780743935729000693   1.8124833761990899461  0.441986
  0.18596394405228000579   0.68166872009432999402   1.6626507918484199067   -1.3199076869565999903   -0.64204934774080002491   1.6889371699722099951  0.413279
  0.17227523972226999049   0.67126464665636997875   1.6372532090803699756   -1.2463429207119300912   -0.62334493441797000912   1.6103216224684600011  0.375289
  0.18171386894839000603   0.71349057020469996981   1.680142583936550027    -1.3469278669331399279   -0.64119798012771000995   1.741357429544649893   0.388191
  0.17245120453821000117   0.69111520111307001013   1.6518543888989600799   -1.2753351656196099118   -0.6263731176336300166    1.6545484336349101095  0.364679
  0.15769897096675000725   0.68258201270706997388   1.6704820814154199837   -1.2883801190088499666   -0.65685010710919999877   1.6422271736214300031  0.346953
  0.15173776489936000034   0.69189699967054996144   1.7079974586455299868   -1.3534889792095798899   -0.69463611977088002281   1.696552818041940025   0.349591
  0.16163217674193000595   0.6690110346044699785    1.665765777718819951    -1.293409811601750059    -0.66092277653344000399   1.6574420422779900797  0.361133
  0.17927346193787999096   0.7121662766374600162    1.7036064862876700854   -1.3651480685009400595   -0.6625234634742600548    1.7206726654202200155  0.451751
  0.15727729330261000507   0.66102443278847999864   1.6269295682044899731   -1.2111049018802499955   -0.62453157971665995696   1.5768680737324400898  0.353991
  0.17339388912746001026   0.70293705700065001185   1.6670545097081799213   -1.33054880541389009     -0.63108616498159997299   1.7284586268048600655  0.343810
  0.18199686831538999798   0.7268251422240500359    1.6829946040031000809   -1.3965514293506500199   -0.62732345614901996456   1.8251492128212800647  0.353743
  0.15767946329186999233   0.69739076701288005289   1.6749093886220600691   -1.3108180704763099378   -0.64893322339825998402   1.692593460553879936   0.336334
  0.15038157507666999324   0.71045382719113003844   1.6937374783929100008   -1.3430556453584900911   -0.66172736788840003097   1.7337293795965900145  0.346401
  0.1525795847271499972    0.67963206785611995908   1.6679932087111699612   -1.2936534605208600546   -0.65342507543746997101   1.6610483250270799971  0.347079
  0.15267655168714000524   0.66489595452921002039   1.6699767109652801089   -1.303267552926939965    -0.67484558158472995881   1.6703450016771799191  0.384436
  0.16372706869587000389   0.69069636572781001327   1.6582952781123900809   -1.2803450157620099858   -0.63151444100178999452   1.6544869246658300277  0.343784
  0.15915324662863999938   0.70240986642653002736   1.6561222338724199687   -1.2782069794189701017   -0.62119075401488998978   1.6611188191905199574  0.341089
  0.16413344784330000103   0.72419161278854005115   1.7046893319427200986   -1.3828792483200500474   -0.65646834226440997639   1.7697763695554300512  0.345950
  0.17268244412414998634   0.72043715936504004738   1.6758577325132300029   -1.3300726189458300652   -0.62858926881925003549   1.7218387997702400138  0.374065
  0.15760529957639998755   0.68983334073335000891   1.6699593396616800867   -1.3027582501271000037   -0.64721612378291004664   1.6762459437128700568  0.337696
  0.16753183408776001206   0.71990432385617997291   1.6731946125577299433   -1.3401386708305900175   -0.62195290937209002369   1.7519995412063700257  0.346260
  0.16507361830750999498   0.71057374606890999491   1.6725164797721498999   -1.3271990328751599453   -0.63067720880637001546   1.7245564493101299686  0.339614
  0.1614107473659500136    0.67375543486817002226   1.628263077973570061    -1.2270794697044300481   -0.6137376297308599904    1.6093770385239301035  0.347417
  0.16345277272395999923   0.71158256830845001417   1.6855827684504300912   -1.3439293036661399405   -0.64578566413102000965   1.7296765367975599492  0.339025
  0.14883660061396000729   0.69789182775865998831   1.6720739864555300702   -1.2838700786946699584   -0.64401964006348000336   1.6511007512720698998  0.340467
  0.1535399316849100082    0.71253100637512001292   1.6854261208323699783   -1.3352488893241098999   -0.64775976373052002177   1.7239437289465100456  0.340625
  0.15624264877089999448   0.70419121899258996233   1.6973671273923200964   -1.3564008956355300128   -0.66693978728930003452   1.7382534710071499973  0.340462
  0.16275686940996000884   0.69129014991648995991   1.6720435759523499808   -1.3064096545008601069   -0.64676411875993000677   1.6801984752713801097  0.341530
  0.15584416611616999648   0.70722079226045997391   1.6820804846123700305   -1.3280390806183000052   -0.64751085248786999227   1.7130074155277299486  0.337616
  0.16979605564830999032   0.70903898336688997439   1.6887312097148099443   -1.3725114657715100641   -0.65166797990175995281   1.773677007697699981   0.343363
  0.15407646437254998717   0.70067861666071995508   1.6762382922703500387   -1.3060304254638799293   -0.64593172502304996296   1.6817448153784799736  0.337026
  0.16166794602525000335   0.70156872468900000062   1.6563951237373599756   -1.2831904921067700531   -0.62174514525386004316   1.6676880694197300237  0.340543
  0.15759897308449000164   0.7035355954166899739    1.6871241264785798997   -1.3380982947533399674   -0.65564112678043995341   1.7206121206102999999  0.337033
  0.15034542808097001165   0.69284014739527000071   1.686114986926340098    -1.3160254421598600594   -0.66632902972815000187   1.6800703148834799094  0.338311
  0.14759715878352000495   0.68558385151801004564   1.6732261044067000544   -1.2899938842001199557   -0.65806836293587001041   1.6584148200913499949  0.342995
  0.15948886923885000066   0.7050828891108400498    1.68249360243950008     -1.3304454487996399958   -0.64885633883223003959   1.7118611076210099586  0.336587
  0.1637523171458100113    0.70840718633638000146   1.6714867577685099675   -1.3227044145863300351   -0.63170076704010003077   1.718617972917940051   0.338620
  0.15369715034718001156   0.6967319071305499989    1.6824579296368800119   -1.3176951852664799958   -0.65767196405614003485   1.6897072293921000519  0.336967
  0.1551897292406400064    0.71371351513070002692   1.691808601691570102    -1.3409505849988800907   -0.65429895307642005342   1.7269294393149599021  0.340396
  0.15700140699246001308   0.6958033843326899559    1.6754216551691500925   -1.3123063338450500215   -0.64898683110628996307   1.6889168176133899646  0.336132
  0.15733660965963000566   0.6925202609609999449    1.6774678469264701075   -1.3104255055832700894   -0.65449621724426998437   1.6821377681953200156  0.337781
  0.15621727700203000277   0.70354565943558999841   1.6809273251909000457   -1.3236356868595400282   -0.64925719367696999029   1.7052900036946299078  0.336702
  0.15512123733048999163   0.69620881247773003242   1.6703586046310299196   -1.2955454221502900047   -0.64423796525054000117   1.669425690807530005   0.335983
  0.15388236945348998663   0.69254542100825000617   1.6619758437072600366   -1.2742689858487699084   -0.63853638448559002505   1.6438324759061400115  0.337496
  0.15899200369507998643   0.69757585650604003735   1.6792845429594900342   -1.324118290335219994    -0.65338278041708997002   1.7041866211823699651  0.337209
  0.1553053492031800098    0.6999029266220500034    1.6769998549426399226   -1.310552391681720108    -0.64779448887155999248   1.687355266829450029   0.335999
  0.15990738400578000111   0.70257957253337999237   1.6712455473615499546   -1.3100725993377000389   -0.63835004965580999237   1.6954402196478599585  0.336604
  0.15861729301884999743   0.69544379126093003318   1.6695488925310799644   -1.2996110685707000787   -0.64312910536126000061   1.6765741839964098947  0.336586
  0.15449715568611999128   0.69403128440565997614   1.6786651187502699134   -1.3096869791701999386   -0.65562926795090004095   1.6801352894926999682  0.336822
  0.15855482692586000959   0.70044250050144996056   1.6731004402087299443   -1.3099761942958298988   -0.64266985422958000651   1.6916139871090700719  0.336041
  0.15460432301539001054   0.68998117162507         1.6642860095953999622   -1.2824910448736599466   -0.64306081724026997737   1.6569653613488999344  0.336954
  0.15826773268298000019   0.70130745973940000759   1.67794170422847011     -1.3184568478181399875   -0.64740745843423996853   1.6981371710529800101  0.336001
  0.15535937912343000811   0.70157482563447004509   1.6800283234029500523   -1.3196073515184099101   -0.65021416840223000833   1.6994399473256900368  0.336316
  0.15552384746093000922   0.70102253608971998311   1.676374138905599942    -1.3113301099601699651   -0.644837032033219959     1.6857028330254899551  0.335588
  0.15444603954545998992   0.70283842062812995621   1.6771065140473699895   -1.3115861297021000897   -0.64278893635070000201   1.6822575192613000716  0.336101
  0.15789875440854000965   0.69665438095320997292   1.6700371426255899987   -1.2997817483986600084   -0.64176370823957995526   1.6742773081536099777  0.336279
  0.15726391058725999739   0.69788449212352998696   1.6725349378199299011   -1.3047381491786000929   -0.64387632328024002604   1.6805679679466301035  0.336251
  0.15599422294470999262   0.70034471446415003104   1.6775305282086099279   -1.3146509507384700477   -0.64810155336157004857   1.693149287532669911   0.336265
  0.15694648867662000513   0.6984995477086900495    1.6737838354170999633   -1.3072163495685700241   -0.6449326308005699504    1.6837132978431399444  0.335952
  0.15623842043423000203   0.70332454338032002195   1.6740978709420399895   -1.3053861046465200513   -0.64163964543360996196   1.6830659312758300405  0.337659
  0.15681066035290000538   0.69768367409459997042   1.6750907091123699022   -1.3105762765454200824   -0.64715003468812004606   1.6874540960290000946  0.335676
  0.15410361164316999094   0.69776581840927998091   1.6770825088703400496   -1.3079162716122700871   -0.6494500157964999687    1.6789821314201300861  0.336121
  0.15744202310519000987   0.69977332997841001916   1.6740959573741300837   -1.3094612136249399459   -0.6443648946213099693    1.6884560231868299685  0.335784
  0.15411546936011999431   0.6963894825843299774    1.6709593292324900204   -1.2964370733588999052   -0.64369822365420004129   1.6692318981875000627  0.335900
  0.15668122622556998613   0.69662286768910997026   1.6698876699482700925   -1.2996364233877100158   -0.64194577147775999659   1.6739726795303799811  0.335473
  0.15736916473675999217   0.69498283822263995368   1.6663315774510800704   -1.2941784392407100768   -0.63902141278085999865   1.6672813858808399612  0.336136
  0.15738533439662000246   0.70045500023721996019   1.6763719420322900078   -1.3160070599982800488   -0.64473823050784995203   1.6934179184599200685  0.335843
  0.15570636495716000391   0.69881608251576998736   1.6738094134512799815   -1.3072663693899000403   -0.64397876486024996368   1.6823651849632299538  0.335732
  0.15906768280600000476   0.70173501428395002044   1.6775839477088199114   -1.3216554109432399056   -0.64530668574197003196   1.7012243468774499444  0.335850
  0.15782962944452999521   0.70039863135904001368   1.6759277930897400477   -1.315350826547150076    -0.64490457022003000453   1.6932262347049600315  0.335769
  0.15594591611881000737   0.69765070700499998146   1.6720232852615100061   -1.3018666798201499191   -0.64432212545904998802   1.676974432020039929   0.335747
  0.1553905250814399952    0.69762483627267002362   1.673608379215459907    -1.3058810149252300103   -0.644681204958170051     1.6781091302375399366  0.335488
  0.15418988395440999528   0.69607493652992002975   1.6710034055417599674   -1.2968347981290400117   -0.64406707427216003392   1.6682998838969300692  0.335632
  0.1554882532253299976    0.69829760405893004371   1.6745679534633999275   -1.3086416509590099722   -0.6445645019708400314    1.6816601705408200651  0.335582
  0.15565510047636998969   0.69695940239587994558   1.6730346719443400794   -1.3037003885789599789   -0.64510310827316996729   1.6760344127901600775  0.335523
  0.15416561845512000151   0.69785038691748002559   1.6710680305605700724   -1.2980985187679499049   -0.64124952964032000402   1.6671389406447700843  0.335506
  0.15677830635383999125   0.70005094127801004156   1.6751768758041198915   -1.31226123739729994     -0.64339330851233000885   1.68590617169278989    0.335146
  0.15807251755355999912   0.70203894365204999595   1.6772636109353000755   -1.3199744570314300152   -0.64305642563242004783   1.6947093155907200224  0.335742
  0.155862495811630003     0.69477947678096996231   1.6694070547397898974   -1.2980763013785499016   -0.64214210957763995236   1.6685710021199999797  0.335360
  0.15602283757599000324   0.69633169971911001994   1.6694929406074499045   -1.2972429771862199477   -0.64160717550895995931   1.6682506084643899946  0.335597
  0.15562189931299999501   0.69780612797398000602   1.6732992002494100348   -1.305791982515809968    -0.64382517035537001338   1.678307780021710105   0.335520
  0.15584492327050000759   0.69795214324152998753   1.6711143982281999598   -1.3028814375452200114   -0.6406425899006900071    1.6746341552922399121  0.334946
  0.15593983466756000666   0.6984485136643500125    1.6701542613701299      -1.3024719620283600197   -0.63841233071446001901   1.6739340265432700594  0.334758
  0.15598410288538999691   0.69731954622687997158   1.6698015569633699595   -1.2996831701125599601   -0.64011624793818999724   1.6709028702345400941  0.335057
  0.15804654522002001271   0.69709834038651996568   1.6716105687864799556   -1.3079048509752899676   -0.64231412808585996999   1.68332635280806997    0.335621
  0.15513585014635000725   0.69766237528473995511   1.6712036651170500967   -1.3005501018197800356   -0.64151567925171004703   1.6711857936856000517  0.335134
  0.15673674694867001378   0.6973364040353500215    1.6682686487654498908   -1.2983453837828600186   -0.63782727753252999037   1.6700483843646500848  0.335396
  0.15546455271223999506   0.69857621806766001527   1.6714496843050299368   -1.304159628785430014    -0.63918987969786000836   1.6728767366832399954  0.334574
  0.15485621595557999552   0.69955289325693004177   1.67223069148340997     -1.3064212314842800211   -0.63781193380791001424   1.6723287652596598996  0.334206
  0.15478218832477999567   0.69860151146194005012   1.6743893863938399402   -1.3081426176240800174   -0.64330325906821994586   1.6775611588139700547  0.335112
  0.15529633696619998817   0.70243245027665002223   1.6749117576375200933   -1.311767138776900099    -0.63937547685329998437   1.6820352599566099627  0.335240
  0.1554378766775600107    0.70051920690272995174   1.6735355819130899313   -1.3083444294273200992   -0.64006713503437995261   1.678669195497459965   0.335190
  0.15572095610027000823   0.6966927201548900328    1.6707832304642200594   -1.3014990107281299014   -0.64145045139655998412   1.6719370665791499775  0.334909
  0.15402807633946999366   0.69604157873856997707   1.6676773881265500865   -1.2939947938684299711   -0.63747665888002003065   1.660043722012610079   0.334674
  0.15530127461133000355   0.69788987921644995982   1.6704751731501199519   -1.303520826795500076    -0.63800794801673998968   1.6710500761288000771  0.334187
  0.15538398684381998782   0.69800363118230002168   1.6701109271666600975   -1.3050061892833599853   -0.63625408239925995701   1.6709822173504000897  0.333745
  0.1558555359392500006    0.69675144961269996902   1.6658632987976100814   -1.2948828348776300068   -0.63387064264391002055   1.6624817305125700884  0.334493
  0.15461076572992998868   0.69784404930970000969   1.6691383755061599548   -1.3017421706441700824   -0.63497578534251997162   1.6663329725180100471  0.334313
  0.1545038490582699986    0.69885465176662997511   1.6676084170192899681   -1.3000073833339500506   -0.63148335986613002291   1.6634307448196901102  0.333995
  0.1538063086212100028    0.69723423762459002528   1.6673887713297599333   -1.2982129058022500168   -0.63221182359879002366   1.6579326909477098972  0.333542
  0.15273954559804001074   0.69662709960471003168   1.666006026309579946    -1.2960833776891900193   -0.62911157004094997447   1.6499320231499299272  0.332764
  0.15528855670215999107   0.69983634617241996523   1.6693085239676899167   -1.3073862685691000074   -0.63035913248687003296   1.6684524291908100491  0.332969
  0.15327210402335000872   0.70015477415153004603   1.6722710216866500943   -1.3106660387903898979   -0.63279464533730001019   1.6680046535835999499  0.332669
  0.15198038806540001278   0.70185643642094996952   1.6754748831311701007   -1.3185576407467700655   -0.6322566466839999455    1.6707661151191099957  0.332330
  0.15364008167782999825   0.70039963682494998931   1.6711081141864398969   -1.30941185972470997     -0.63078312308585005042   1.6656311257785199054  0.332570
  0.15298925335958998839   0.69897304073372001909   1.6676416057768699286   -1.3057296749647500089   -0.62560403771311001719   1.6574027865431599782  0.331625
  0.15205577206160000858   0.69868311447211994825   1.6653470629236000189   -1.3053838967049800068   -0.61950008966571001867   1.6499397971849099065  0.330328
  0.15252559459135001108   0.69961410312585003979   1.6715100955424200269   -1.3139356942387498961   -0.62793818825475000711   1.6618038244382000723  0.331433
  0.15069265938831000184   0.70100194769137003092   1.6694739748536400192   -1.3119133899411399291   -0.62039550100677998135   1.6511928876034300817  0.330615
  0.14925612375867999826   0.69955776654089996125   1.6703315283479300835   -1.3110423511127500262   -0.62296924042581003356   1.6479694952338899139  0.330911
  0.15064399424968000218   0.70374390208733994534   1.6750758600188200287   -1.3273315664671800906   -0.62216935966667996638   1.6658357253027600287  0.329965
  0.14959621857551000379   0.70730230332864996168   1.67961077687344007     -1.3429556608561699083   -0.61869825447954995834   1.6737875763791700834  0.330074
  0.14874476236051001332   0.70108611995456004973   1.671296354086089897    -1.3199763200124801088   -0.61762655214872996812   1.6502048225155800942  0.329513
  0.14629710270185000698   0.70142936151935997291   1.6713904740359100121   -1.3252585501563700632   -0.61104826668015999047   1.6424916708841099666  0.328728
  0.14851002751841999028   0.69948696205802995962   1.6655681154429400337   -1.3130641754602900839   -0.60908356854930001401   1.6356450184299899941  0.327432
  0.14677484724493000678   0.69830222487657001018   1.6606147315988200042   -1.3103174428170401011   -0.59749702948193994523   1.6180844700854299933  0.325631
  0.14604790521033000905   0.70129200260336999051   1.6659011150504901      -1.3164800381610699542   -0.60325497405427996878   1.6300341909933100393  0.327327
  0.14824796986022001355   0.70192641787581000479   1.6656028778125000489   -1.3211859436365100962   -0.60165249975936996307   1.6378900854507600915  0.326399
  0.14599653772123000195   0.70079039345349003476   1.665170065626409901    -1.3234057560399099529   -0.59797857209592997219   1.6302324256969999983  0.326240
  0.14261368026780998908   0.70381165299986003792   1.6692379784573800894   -1.3359425357210499286   -0.59170014424707995104   1.6249163922862099874  0.325187
  0.13789263437092000308   0.70637592226373002724   1.6711834362242699026   -1.3512218552290800044   -0.57780017153775997674   1.6124046898368700198  0.325423
  0.14134868675244000036   0.698773449022149995     1.6575632208416799518   -1.3168651890434699414   -0.57887446910623996388   1.5953806864961799228  0.323453
  0.13670103300382999145   0.69628822248955002383   1.6488069012531099133   -1.3116320003316099818   -0.55722702382601996263   1.5601531670928900919  0.320723
  0.14249688840092999964   0.69937427658019002408   1.6537207492303300782   -1.3143960220793600158   -0.57205514780805000186   1.5912785729844201033  0.321703
  0.14156241362265001293   0.69887239348844998332   1.6551499862756899883   -1.3224798620474200739   -0.56944849835184996323   1.5908175135389299726  0.321602
  0.1371338302269100029    0.69721997008688996189   1.6519639263347500879   -1.3182052627089499985   -0.560316305510920043     1.5672707617775301081  0.320894
  0.13643102653445998707   0.69716585338700998165   1.6479946920902799334   -1.3142519525285700777   -0.55143614431268994647   1.5539412002248000899  0.318836
  0.13164827094107001138   0.69535358335376995509   1.6394070053222200567   -1.309675050772900029    -0.52816493042107004463   1.5157955874886999137  0.315913
  0.13061052490947000493   0.69867114145633002487   1.6454807840256699958   -1.3271261350700600534   -0.52880698723971997222   1.5319928616374600683  0.317756
  0.13077064010048000675   0.69144820948520002712   1.6289384723565401014   -1.2985622419490499002   -0.51363948680546001047   1.4941864292204301012  0.314583
  0.12484912001681000571   0.68526648772787002173   1.6087887193061201074   -1.2798720950630499971   -0.47460915808464998467   1.4288214476875400472  0.310777
  0.12500484250598001279   0.69118298962075996883   1.6294783582755199003   -1.3086007799186401002   -0.50080248667003002261   1.4736718734232598926  0.314427
  0.12042012691204000141   0.6891217380899400391    1.6194919118967701088   -1.2958905792409800561   -0.48052713223228998851   1.435084386163530068   0.313101
  0.11927747586949000169   0.68807475082585001225   1.6118539670250500162   -1.2927269507567999973   -0.46306293398033998576   1.4145690127202599218  0.310188
  0.11034929869078000109   0.68350214119533003743   1.5917989873702100834   -1.2799877947807198897   -0.4144362482150499849    1.3382181381916300467  0.307051
  0.11092636165489000444   0.68474447132511995218   1.5960083541457299461   -1.2887521446171699147   -0.41855529046158002071   1.3477082644378199916  0.306032
  0.09803902598041999705   0.67897259574290003137   1.5696090805920299704   -1.2773122167599499921   -0.34921942377936998625   1.2414858131102799454  0.303237
  0.10615970343955999367   0.67579537045385995597   1.5740439035619500086   -1.256653370442019968    -0.38711280589442997879   1.2790328870508500536  0.307090
  0.09662576824078999982   0.67259352425645002604   1.5583299816786500003   -1.2564305612955499747   -0.34073748787086999279   1.2163092610536601068  0.305791
  0.09380950525414999408   0.67056762953468995736   1.544542503193059968    -1.2401147592754500071   -0.31474493202219000487   1.1726454376625699005  0.307365
  0.08952401362879999769   0.66644417821376000788   1.5295458133372399345   -1.2342330199646001088   -0.27975955305655997307   1.1237532754219798914  0.308118
  0.0733199850613600046    0.66402532540446002063   1.513834703938260029    -1.2350384791097099857   -0.22072765886150999548   1.028326823142780011   0.320730
  0.11196683627794999649   0.67995619714702004721   1.5850502154641599173   -1.2686636910747199902   -0.4111387832788599983    1.3286977915513500381  0.306274
  0.11612603233241999834   0.68735164122965997091   1.6115790772827800481   -1.2921544445782000565   -0.45937034063035997455   1.4017098341181299936  0.311023
  0.09617451830470000185   0.67167104396773003039   1.5500541293236300699   -1.2487133761180000402   -0.32466224995000997344   1.193242415096019915   0.304798
  0.11262887839058000061   0.68359599471973997442   1.5984195961371499006   -1.2891389108815400899   -0.42769073430734000363   1.359683331022029984   0.307862
  0.09851434853825999372   0.67382472083095001913   1.5580117764290799531   -1.2523707971769699743   -0.34298138259347998869   1.2194049110024300919  0.305489
  0.09773022857141000497   0.67771137059292996252   1.5635741533906399869   -1.2711727752932799884   -0.340612386001449996     1.2334198896176100657  0.302420
  0.09351549113733000074   0.67866937066247001731   1.5583392783049800911   -1.2784324777189099986   -0.31736217605495997685   1.2106133909009799687  0.300683
  0.08792936413570000276   0.66839367634050994571   1.5346658332272999914   -1.2473199119339799523   -0.28093091962747002155   1.1316997227132798987  0.304876
  0.07829933583445000678   0.66808544678665005012   1.5246198110544000315   -1.2515294225930699845   -0.24082576334652999739   1.0755540464075299401  0.307987
  0.10354996116707000653   0.67698850955693001819   1.5699426143617198903   -1.2643801239543099868   -0.36856052829578000996   1.2654118552653998986  0.304391
  0.09594846818037000569   0.67691311477738003166   1.5552109224009300625   -1.2664124065918200834   -0.32050140556281997428   1.2043101083091400927  0.300937
  0.0932045944302700019    0.67671138285168996873   1.5545955096411199214   -1.2751527071820198955   -0.31076418516331999475   1.1961828574625998911  0.299950
  0.09054971737627000306   0.67815471386206005455   1.5528873762471400166   -1.2865436621845400822   -0.29465558644825001755   1.1845718306926900087  0.297600
  0.10466302991301999759   0.68539610651598004143   1.5840153005161798916   -1.2932781758418598894   -0.37738953706958999756   1.3015120817448899704  0.302236
  0.0992473796134600017    0.68669375973818003178   1.5799473948173599069   -1.3067396448991299707   -0.35123396912025001138   1.2760592782451098959  0.300379
  0.09043774289988999737   0.68461137754273004852   1.5633938365978199414   -1.3051927373777600927   -0.3015601710492999965    1.2074389790689599167  0.297277
  0.08388163376630000667   0.68842281153562001617   1.5601194477158699669   -1.3255990440894900306   -0.26805999242605998978   1.1784525409707400367  0.294792
  0.0912295473485000008    0.6857773632876600356    1.5605641594087900081   -1.3083562536819699496   -0.29384813178127000555   1.2103539305108999002  0.295567
  0.08012771589438999476   0.67948093810513998658   1.5383408924488399805   -1.2974163205467599269   -0.23783088339495001007   1.119941611464960074   0.293995
  0.06786005888507000428   0.67652335389971995916   1.5155036884151800169   -1.2994853928992100567   -0.16805155655761999656   1.0291563763250000108  0.293520
  0.0794794745286099974    0.68783400955119000653   1.5539095259021800111   -1.33530641856593002     -0.24390239856664999718   1.158759007572669919   0.295111
  0.07723377936873999927   0.68913263329566998294   1.5493045858638601064   -1.3422443277211799639   -0.22255503557840999873   1.1351709305380599524  0.290554
  0.06909292348444000254   0.69436426461227995777   1.5447872396433000031   -1.3741502527223099506   -0.17515146534013001367   1.0974497003565899522  0.287548
  0.06145040551626999858   0.68366507917800001248   1.5159764176267900293   -1.3364073631486899085   -0.12998907458640998613   1.010188517231090044   0.287235
  0.04255191846767000102   0.68215073889791000283   1.4839909290315100865   -1.3512412222734599965   -0.01936662731949000127   0.87725313672407001508 0.290665
  0.06044829713345999805   0.69404091349275998102   1.5307327833235599979   -1.3732245795179900405   -0.13167861997113000649   1.0435481936296400196  0.286807
  0.04539758701205000302   0.70198401330810999976   1.5196554868617699885   -1.4165650381847199046   -0.05019013673257000097   0.97303637509812002104 0.285415
  0.04449114704907999873   0.69182048074064994569   1.5094197759795699998   -1.3874815828548099361   -0.05126674295520999847   0.93866024200717002035 0.287944
  0.04457844404246000258   0.69109265820693999149   1.5012444928453099191   -1.377923139400480057    -0.03700059096601999997   0.91688890975689996132 0.288547
  0.0270752215634900012    0.69139380511295001064   1.4754095860747700186   -1.4050718789805800579    0.06417680338006999385   0.81000749928755000351 0.290079
  0.0295018506708599991    0.70825007981992005313   1.5066606445953198978   -1.4663810255313201036    0.04157782082420000136   0.88625403825413995307 0.284339
  0.01032274656375999945   0.72411344278002998109   1.5022391226853899493   -1.5498288418473800121    0.14639250951510998644   0.81480286921871003525 0.291461
  0.07109556436156000414   0.69899838684235005015   1.5571717664425799299   -1.3812309216335298956   -0.1981835332987799958    1.1308184282804500942  0.292346
  0.0380803072630100034    0.69329495054529999276   1.495850131166720054    -1.3991116396438199043   -0.00141328078963999992   0.89021023153578004994 0.284768
  0.05142629628944000303   0.70003363119448003271   1.5295387391125099263   -1.4154424946280799169   -0.08514370222723000037   1.0150441250707300522  0.287467
  0.05382530969628000067   0.70204352547870996215   1.5280697770225699639   -1.4152043550981701081   -0.08216986999537999325   1.0187340871749799298  0.283851
  0.05849239101987999817   0.70715504784774996239   1.5373947775440599539   -1.4290657412198499721   -0.09762143351546999359   1.0587710097588900471  0.286269
  0.02413432866486000042   0.70205949522922994621   1.4871298258185901009   -1.4422203860226199268    0.0727087175044500017    0.83370609109836002482 0.282787
  0.00165503125508000004   0.70590711053770005545   1.4583011189062400348   -1.4762554526727800219    0.19663880892675000833   0.70183428646923995409 0.294636
  0.03270363331834000298   0.69706541665860999313   1.4882420219180800824   -1.4098541079150299637    0.03531842763544999764   0.85566565506008995801 0.285225
  0.01309726669220000021   0.71790074783529000957   1.4925595448342299232   -1.5133714876498700619    0.13526630073525000575   0.8090136421760699692  0.285898
  0.02518555139821999911   0.7093418306709700083    1.4984137630323699497   -1.469130456524579964     0.0689524569048299979    0.85930736093981996415 0.283102
  0.02241273999180999968   0.70203441949279998813   1.4817999009894500251   -1.4507356187271300829    0.09518156076054000436   0.80825611292293997323 0.284935
  0.03167639591001000093   0.70860935042036998777   1.5110659922902600627   -1.4710737192675200635    0.02962737410088000026   0.90982365224857997266 0.283025
  0.04505517454260000304   0.70583199122869999531   1.5272634769858299819   -1.4369715753022100913   -0.05208715457743000321   0.99108904082760995724 0.288022
  0.02807334862951000112   0.70298381242677998593   1.4931657949885399628   -1.4472946078708999185    0.05836438192605000047   0.85396434489910999499 0.282055
  0.02605195439357000167   0.71780108080336002541   1.5123184680824999226   -1.5046565437945500499    0.06443357454464999912   0.89705296000254997058 0.285623
  0.03507321904565000037   0.69942148310981000492   1.4999672153956600251   -1.4254978656815000537    0.01504843304393000021   0.89192091365246994883 0.282493
  0.03648753377732000258   0.69990308595869998864   1.4992768115873400525   -1.4237594379571099079    0.01259934367071999933   0.90289811175029999202 0.279485
  0.0399803753305399967    0.69572958902809001192   1.4955848950833499078   -1.4024486441699999251   -0.00188989490601999995   0.91122014849837995598 0.278003
  0.00754909662998000039   0.70400499481637002219   1.4670393851803500418   -1.4706842047475399138    0.16310702618674999265   0.73458008327058998965 0.293594
  0.04225625642971000268   0.70253389281312994541   1.5128121790620199238   -1.4290743175105100615   -0.02085064594985000172   0.94769558619887994677 0.280912
  0.04187908993853999701   0.69443737700482999209   1.501494871180439894    -1.4034060569830999476   -0.01794966833168000139   0.92346955125876994952 0.280172
  0.0387891434362599985    0.69044586611692004841   1.4856522682192701001   -1.3789069068120201056    0.0055164003280800001    0.87750189295340996765 0.282170
  0.05121614893853999873   0.69312451160396004735   1.509095915491170059    -1.3866557469867200059   -0.05996238213427999841   0.96821805472197997045 0.279295
  0.04565823518872000331   0.69366353322143003979   1.4993014259459400694   -1.390430894429580011    -0.02730570273315999913   0.93543561252437001929 0.277624
  0.05095074326025000183   0.69078455827722995419   1.4989685312210700996   -1.3728974088036300927   -0.04848277062170999741   0.95719296196031999902 0.277757
  0.04423200804893000215   0.70371170591581999609   1.5181660923645499128   -1.4408631825049200703   -0.02871437103772999863   0.96916587308042001503 0.282138
  0.04287129189575999977   0.70039524596609004092   1.5100376363282299597   -1.4253741135816899721   -0.02015667819627000104   0.94624987804867000118 0.279966
  0.05988045061108999978   0.69031090411906004256   1.5162765127085100492   -1.3651686500163000559   -0.10773603934313999431   1.0234652655179099501  0.283654
  0.03602512412490999766   0.69981558534985000009   1.4989434744185299309   -1.4267631184072500083    0.01683927660874999857   0.89633957505381001152 0.279650
  0.04362049870929000234   0.68985472124494995327   1.4920072270872000164   -1.3826185406755999718   -0.0159577039476999985    0.91261535383644998287 0.277771
  0.04457813479071000284   0.69642368513329000468   1.5001619869377000871   -1.4013576291005100938   -0.01819469343788000099   0.93322332296912002825 0.276493
  0.0459276572167999983    0.69741683919751995546   1.4994955448163300726   -1.4003334151592199408   -0.01831720599097999905   0.9381002088242900161  0.275073
  0.04460472127383999924   0.68947301391584003838   1.4881051912859399877   -1.3710426730277700536   -0.01537452617152999974   0.90772643977109002122 0.277316
  0.05431075476100000188   0.68660515072075001264   1.4955865921514499561   -1.3510801864090500324   -0.0631084152366400003    0.96143236433837997446 0.278171
  0.04015126522152000221   0.69112310417222999614   1.4809310432989000184   -1.3793290376370199724    0.01264456580559999987   0.88729198787566998519 0.275143
  0.03233682955257000113   0.69914844953927002269   1.489555183687770068    -1.4243208819573500712    0.04104159258870999916   0.86936421943836994508 0.277635
  0.04411936039036999657   0.69116363140231995565   1.4875469769573399503   -1.3802431701255100105   -0.00586643191032999983   0.90562445892502996259 0.274864
  0.04618885292028999945   0.68888065258943997904   1.4835280178943399676   -1.3691404331032699382   -0.00785470041248999967   0.90282661413835996189 0.273946
  0.04133535508195999852   0.69671380963363005456   1.4882982418892098941   -1.3955805710958000265    0.01090237830975000072   0.9009663403542700344  0.274203
  0.05561853274846999956   0.6866085347040900011    1.4903313046891200067   -1.344298126193540055    -0.0561433229863100014    0.95475151505764999094 0.275854
  0.04561722629890999775   0.68974178484949000278   1.4775950220120099843   -1.3628105243092900611    0.00259143225117000001   0.8951187561494100553  0.272335
  0.04559672185400000244   0.68778091066350999228   1.4667418200450399457   -1.3490003392491500822    0.01753999974334000123   0.87496032796192002579 0.270435
  0.04700140707383999861   0.69336826973762999415   1.4816701329250399066   -1.3748513011182299515    0.00163176432783000008   0.9119058916329599862  0.270081
  0.04819974997384000176   0.69531589764852996804   1.4784526037445899771   -1.3767556151634599004    0.01013490957751999981   0.91399561756390002021 0.267680
  0.03351466800767000098   0.69913520326419997808   1.4754844525403500999   -1.4124150109424300492    0.06449330533055999681   0.85129551718181994957 0.269900
  0.04676973646332999862   0.69729133349338001668   1.4830691836777198933   -1.3884127572674200835    0.01298832971363000043   0.90675622079917994611 0.267626
  0.05007897208424000324   0.70037544815395003095   1.4841382538671299418   -1.392954617082619917     0.01316021166764999931   0.9164883372609400336  0.263888
  0.04237711609052999956   0.69198380145356996884   1.4593855851772199461   -1.3649487803863600277    0.05444257406308999903   0.8487440426627800294  0.265256
  0.04731667189489999897   0.69111016162409999453   1.4609453358670099199   -1.3594910275466300931    0.03973638834681000181   0.86847047856896997242 0.262954
  0.05030733030135999678   0.68830833761933996051   1.4472688828559099328   -1.3414462557720399083    0.05415339336533000342   0.85222254767631999695 0.259450
  0.04383599985026000179   0.69875254701158995285   1.4536291815157400542   -1.3766997730954200208    0.07916283166165000162   0.84974218263086997993 0.257211
  0.04265957331524000001   0.70368849422266999127   1.4386797633264400975   -1.380479443091489955     0.12267159769872000574   0.82319996687712004846 0.250039
  0.04344908140362999799   0.70515481679058000797   1.4610613604588400527   -1.407332901563649985     0.08881199749095000651   0.86035501511237000294 0.253465
  0.05884260638193999915   0.69580706203201003746   1.4475110306030301022   -1.3422241934107799199    0.04996492262386000027   0.88703965853598998326 0.251235
  0.0477051432184699975    0.69979008910883999661   1.4342290216849300499   -1.3663731152721900752    0.1175999893923500017    0.81535423847793997432 0.247197
  0.04745783984079000178   0.70202718483899995139   1.4121172306550999753   -1.3611818653265499446    0.17133252929976000578   0.76603354893496000688 0.241863
  0.05522135168520000276   0.70646997976560999      1.4375399220782600906   -1.3769243116960199202    0.11225564331899999526   0.85303564880311999463 0.238639
  0.06164346948254000036   0.71371306892163000057   1.4266170905287900439   -1.3829120773508400966    0.1411621779469600102    0.85518145187328997725 0.227571
  0.05137432815759000043   0.70252420665446002612   1.393613532275570055    -1.3455709617558300195    0.19620532780753999202   0.76485572574241000865 0.232187
  0.05150163589255000313   0.71932994020078000474   1.4125977864266801021   -1.3984542250610099146    0.2025627909239300084    0.79999924134905997519 0.225244
  0.0520987886881500023    0.73484074149150002686   1.3952622382120600797   -1.4269582097054900327    0.27676748970323999943   0.77388758818543001983 0.213325
  0.06124312055179000069   0.71237876926318000059   1.3768722680748199938   -1.3391093486500100784    0.23055601753574000989   0.76304429827069997216 0.220874
  0.04664976696342999773   0.72725042643213999582   1.3668763437545599082   -1.4031797752159600456    0.32960012404013000475   0.69502786809198002782 0.207547
  0.04055334725417000102   0.74297210863219997901   1.3265590003303300293   -1.4336575661185499975    0.46941772474825999018   0.59902197286998004611 0.190122
  0.06213072467643999952   0.73246353237799000091   1.3383340233657798901   -1.3826505665442700987    0.37247549131510998555   0.68414156174846996183 0.194034
  0.06222341976277000197   0.74427029094132002296   1.3403021536073500553   -1.4091043780484500125    0.39086221371918999923   0.71401065062847002274 0.194720
  0.06192329531435999956   0.75768863055480994984   1.3410353924308100471   -1.4458930870500399379    0.43087504384863001272   0.69824011544969999399 0.182562
  0.0671977788927499986    0.78527084250499001872   1.3147463225084199401   -1.4960541496971500042    0.54820990186916995768   0.66493231030334998266 0.169021
  0.05350559045948000136   0.77035235948210001311   1.2707415781708000235   -1.4462659955704699755    0.62160076834994004713   0.54449800879551002453 0.171122
  0.05132676269280000286   0.79101118921351998292   1.2851095039900899408   -1.5257876065781199593    0.66255517903256000434   0.56378639923969997572 0.162477
  0.04636858376329999754   0.8303273991886900296    1.2392281219477299103   -1.6191267355421699037    0.87855475978097996581   0.46415744972419997749 0.154761
  0.05856102624815000268   0.80037810288426003424   1.2147081617647399465   -1.5019949208015299646    0.8169394635576400221    0.44969972983790001964 0.147441
  0.06179214502816000182   0.83314678358064997443   1.124431123541079991    -1.5395132763495500416    1.0870254504848499977    0.28760580066412999578 0.140018
  0.04829263692866000296   0.82057405098088997963   1.1977112363473600976   -1.5633183852256000712    0.93489915179690996627   0.36744171740673997606 0.144762
  0.04377263609906999892   0.86175098241184999726   1.1528051042494600331   -1.6499948029568900498    1.1407604276949299127    0.29174419150616998087 0.152371
  0.066423109802970004     0.89083536408418995123   1.1066621619246199693   -1.6711002156620600179    1.2675990952439999404    0.27443785326338998587 0.162469
  0.05777670637882000026   0.90361611476832004453   1.1077864453354200336   -1.733436526240669906     1.3307488272736700541    0.23894176549382001307 0.156616
  0.04094416044091000323   0.92814605583320997084   0.99479507527346999751  -1.7627758309618299926    1.664986002222609951    -0.02348938428386999899 0.166725
  0.04750756505387000034   0.89242725250114995905   1.0747828870822100367   -1.696095410645660051     1.3857919771342499526    0.14861603936293998895 0.148935
  0.03541364794765999857   0.82311216372633000393   1.1922528109098000648   -1.5960614966581199159    0.98499443614452997231   0.32506446812260997303 0.138340
  0.01990891701999999985   0.78925056354738998277   1.2350481354023898906   -1.558542137156150087     0.84369210659478999226   0.35037777555221999437 0.154260
  0.03660569856141999978   0.78349676269487000813   1.2192839826904600109   -1.4879335095519901078    0.80659324040515001375   0.38926812343511002501 0.157090
  0.05248395442447000014   0.87358627674996003343   1.1356608296741799169   -1.6720607720684999009    1.1997099305565399607    0.2765233549791399903  0.143682
  0.0500522780639999984    0.87120510412825002966   1.0533198753202999143   -1.6198879790925999611    1.365839031489689992     0.10150774095638000205 0.147481
  0.05474143971653999685   0.84293289481055999612   1.1065811500421800506   -1.5789843037231199308    1.1786595648406599235    0.21050884899114000182 0.134870
  0.06022584152527000328   0.83352385100991999156   1.0834691729385499404   -1.5434790541062399782    1.1976091334135199329    0.16989117773362999442 0.145441
  0.05341780231596000156   0.79575850549105997533   1.1952027881960900491   -1.4938466603934998922    0.86458387797014002452   0.37426793767710997418 0.148799
  0.05194024300043999925   0.81992569224358002877   1.1650978129176199349   -1.5444088479565400984    0.99488590276116994904   0.31785496309855998387 0.138956
  0.05150241095131000146   0.79988751656906997844   1.2539251124904400303   -1.5448943815678799485    0.76088578070519996555   0.49349197679772999203 0.146341
  0.05113987772947999749   0.81771691345886998725   1.2037738031978999498   -1.5636427809490600627    0.91212409340131994639   0.39549591783739002082 0.138259
  0.05421113235358999971   0.84956619054242998867   1.1115546070802300171   -1.6015721073427000576    1.184233974266110101     0.23690940049091999131 0.128767
  0.05717038006604999861   0.86406226032319999319   1.0684762924466599809   -1.6206989684012500508    1.3089013855007098908    0.17164324203299999305 0.127600
  0.05158195673831000166   0.79337929263109996381   1.1512101680108999258   -1.4757091192773799104    0.95582034715454000651   0.29286772526979998332 0.143351
  0.05180745615985000302   0.81343103866082000497   1.1473228334267200346   -1.5247970324751600746    1.0167927430050400783    0.2887816326971400227  0.134776
  0.0389455365118500027    0.82724687082713999065   1.1700704441058800143   -1.6033512003715300054    1.0450939247329600335    0.28217722359581998148 0.129903
  0.04446586971003999716   0.84290835502538996593   1.1310612984587600227   -1.6181030795695399149    1.1539694797805699622    0.24003548132714000451 0.122138
  0.04072868306484000306   0.85439968641630004154   1.1140430412293300666   -1.6549501953760399342    1.2335112682902700243    0.20112574044143000096 0.117271
  0.06276414313521000432   0.85015105777263000331   1.0778363772397598908   -1.5860799971072701009    1.2466998904457899933    0.1915130670760299969  0.125247
  0.05091266848862999878   0.86635768947800995132   1.0243362429656099888   -1.6259777848690599722    1.4310954988704900348    0.05308733377412999666 0.121186
  0.04603484942560000237   0.84894997301547003854   1.0941139270958100127   -1.6263007558103199646    1.2487053387744300181    0.18560056421470999544 0.113608
  0.04168155428013999714   0.85195851211792994473   1.0878803156226199977   -1.6499589818539099895    1.2837282257413100695    0.17314642182650000213 0.112603
  0.04559353235572000118   0.89129432031758004662   1.0335580711098999451   -1.7222086768511899457    1.499550654855470011     0.06878271021850000666 0.114119
  0.06067145061834999797   0.89882763798140996592   0.96530633609875005074  -1.6832736677813799897    1.6227350498350499031    0.00425561486071000025 0.133937
  0.04437701503846999684   0.84514206261571001022   1.1188794171041001047   -1.6233318172239898924    1.1895042060084799473    0.21269682141203999359 0.118324
  0.03818215205494999986   0.85570551591619004039   1.0837015293104499403   -1.6668035160259000449    1.3191285292365599879    0.12847412288321000129 0.103381
  0.02868803804940000049   0.85152714371268001248   1.091314147742340035    -1.689855789838230038     1.3242421011044800405    0.10688956330832000141 0.096838
  0.02122968729052000098   0.87007541378010999633   1.0788340346848699358   -1.7360144182301999738    1.4071774278443800466    0.08039646325094000623 0.104619
  0.02318683487107000077   0.85510802350876002897   1.1505000995321099655   -1.7327955082554600263    1.2148091290776399376    0.22792523971177999775 0.119183
  0.0301182932754599994    0.85792044000107003932   1.1189591353904799753   -1.7060910774088600128    1.2688807215258499639    0.18421576322736998854 0.110014
  0.02496958106689000159   0.88058310949951001945   1.0559834981557500999   -1.7630278959621499268    1.4828592604454400306    0.05882206601230999948 0.103641
  0.02336487904119999987   0.88005329339333004945   1.0414666930059899297   -1.7674354180054701047    1.5219681955487101011    0.02295858883988000088 0.093866
  0.01468297702938         0.8928800968818400019    1.0051785188943200833   -1.8236780293201899639    1.6661966591779200364   -0.06612498696089000316 0.087356
  0.00819651130820999926   0.84368725168013003479   1.1124918123868900999   -1.7340000540199900225    1.3114774770909900514    0.11033238666967999653 0.095480
  0.00094680839315000001   0.88026597306718001867   1.0663734001289300046   -1.8342634397393000611    1.5365496566550400637   -0.01496933665725999965 0.088659
  0.0027862411037200001    0.88175255620607995155   1.0177660019405498915   -1.8208554649611599086    1.6406201392468999778   -0.09243371135300000596 0.076278
 -0.01087978498213999952   0.89366861430858002269   0.96716943521558995656  -1.8782376587373099674    1.8264898481074200998   -0.23075844864319000616 0.065125
  0.00097168966443999995   0.87746198260319996365   1.0206695694897400806   -1.8383398709755200962    1.6420942396827200582   -0.09233271534128000002 0.068710
 -0.01076750124608000063   0.86591391125169003828   1.0317487964635199127   -1.8364303849146998981    1.6194907334940800148   -0.12114324522052000166 0.072320
 -0.02763780466040999945   0.89976546621818997984   0.97656302978399001091  -1.9584606893974398911    1.8765241036315800649   -0.2452216786928100023  0.065445
 -0.0190910499087600001    0.92629809643009997089   0.91007577093847003002  -1.9891366370081600135    2.0776376031586001325   -0.36718252384166000235 0.063692
 -0.03273483051724999926   0.96760351880507999844   0.80886775021427004262  -2.1167049285022501159    2.460717666192400177    -0.60593997909733998686 0.078864
 -0.01852063309433999924   0.90506341616401997374   0.90409497346627998304  -1.940497650378470107     2.0329280724290699212   -0.35928519624285998324 0.052463
 -0.02825435383808999959   0.91746213771244000679   0.82295576013495996825  -1.9936147556980599038    2.281117280316080187    -0.5314431260356500264  0.050130
 -0.04656924535306000007   0.90064330595955999215   0.90454893511444001142  -2.0077286362568700362    2.108254610285570152    -0.46323559229748001442 0.079331
 -0.03125618975745000222   0.8987025036901300501    0.92970633105941002938  -1.9617159845226999071    1.9977401225086599545   -0.36395794096333000667 0.058893
 -0.02794832991471999858   0.93853902240251996236   0.84396450241053000418  -2.0367381471983598829    2.2810436656409400769   -0.48915556595212000834 0.061305
 -0.04932752735162999891   0.94734996431744999956   0.79614204035791003022  -2.1009614198784900552    2.4714233014383699683   -0.6502403793683100286  0.060745
 -0.02794794059051999846   0.94090798006887998994   0.78010825025496999263  -2.0283408449502497994    2.435293170091779924    -0.63235764957527995644 0.064880
 -0.05039534547157999839   0.96275128723193004188   0.72714811650316002467  -2.1585982710147000319    2.6882618662773900553   -0.7806872799355899506  0.071133
 -0.02075867510449999967   0.91093928253942002549   0.90716410553747994783  -1.9483278118066600371    2.0419328526499098686   -0.36824065646629000614 0.056552
 -0.03093076803453000123   0.90552235562847005479   0.95656125322462004501  -1.9818240737538899143    1.9483384384790700672   -0.29104908130050999304 0.062207
 -0.04373423142487999765   0.91320699233337998546   0.84208889330317004962  -2.018590760611230106     2.2628942838524102044   -0.53084639285374002338 0.047594
 -0.05605582218294000163   0.90666144028502004826   0.8080954544855100119   -2.0333178224127599343    2.3555226241993101333   -0.61267832735978000613 0.048650
 -0.03616233442923000307   0.93654427870331002914   0.75744595770986999916  -2.038158886151280047     2.4970453969897201674   -0.68691227257929998729 0.063180
 -0.03223865963320000222   0.91327783639717996511   0.90678242934593000779  -1.9959077768532400565    2.0855151781067298167   -0.3900148791202099896  0.054136
 -0.04057488245520000231   0.89510721659415004581   0.89098201750242000951  -1.9696346892584299937    2.0991640073164501423   -0.45575889231706001592 0.059165
 -0.01627813671947999849   0.86888202543811998702   0.97041780526987997391  -1.8616358397049499462    1.7846979401450400182   -0.22984691655045000336 0.054192
 -0.01693186637066999845   0.91238304277606996351   0.90205642404786001709  -1.9569629538071799946    2.0521352118764899508   -0.34902441167949999068 0.058703
 -0.02147578460615999843   0.91334793537541003605   0.85411547482034999579  -1.9632973149710699623    2.171690793140229836    -0.4358475199386199761  0.060451
 -0.02881108846963000014   0.90236386161144999107   0.91080861699964998923  -1.9621113171347899229    2.0412277901665500934   -0.3819303357071500149  0.052220
 -0.03975984869258999965   0.89632766923458995212   0.88468277948249995912  -1.9697664667957999196    2.1136598965357498159   -0.46174969056499998166 0.055783
 -0.04226676448812000109   0.89290089170297004539   0.87208132264121995814  -1.9855478271260300627    2.1477712703909399572   -0.47370312381111001621 0.047606
 -0.02410122949853999927   0.90637024583059000449   0.89036216308243998352  -1.9693696255802999318    2.0874146844568302051   -0.38417856746110001787 0.054309
 -0.02801588429705999944   0.90385960168158996364   0.88894231718244998142  -1.9694688358841700992    2.0939759874765599967   -0.40357134823708001869 0.049635
 -0.05149552399750999959   0.94547508170822003315   0.77746864126590997657  -2.1134445847308898081    2.5194693232913798475   -0.67398948537119995894 0.055793
 -0.0250824835389900011    0.88803028950564000255   0.92218051426889002808  -1.9245880259614400742    1.9683907859316300826   -0.34088255875563999719 0.049359
 -0.03314960905238999861   0.89266342178530999618   0.84623671216417994945  -1.9553993972853300765    2.1796106212713302064   -0.49744408267991002681 0.048960
 -0.03802335374355000214   0.9003439166289900486    0.82068655623196995474  -1.9869585503872999599    2.2700256195797701153   -0.54403320841723001866 0.049832
 -0.04183642167690999891   0.87953956683351997015   0.9077830117956700029   -1.9532363767204399263    2.0264389091848000746   -0.39871711221591998875 0.047615
 -0.0333384444158999968    0.88972300465180997886   0.93908436755322000078  -1.9486518574755800071    1.9563349997894499133   -0.33768833110057000502 0.052450
 -0.0368521264116399988    0.89768868863469997166   0.85028600906228002376  -1.9773818771593700827    2.1916029646321901758   -0.49244698908806999738 0.047224
 -0.04629132790057999963   0.88415034858357999248   0.85794317056268998289  -1.9687792524037799335    2.1649269576112097901   -0.50777540489771999521 0.051365
 -0.03258474519794000296   0.89893228840709005212   0.88119253052751000954  -1.9692964400140700043    2.1117137300102197806   -0.42962236240223999895 0.047253
 -0.05172548254497000286   0.90361366039335000444   0.81104231222912004373  -2.0285628670107200833    2.3382864738490001244   -0.60004412892801994861 0.050114
 -0.03174323329049000275   0.89192613222757000102   0.89439596375895003     -1.9505817362237600765    2.060864707910969873    -0.40567295129873998105 0.047217
 -0.04318956511093999945   0.89873476492777004676   0.90303919819875000385  -1.9961456086663000864    2.0874846673891798154   -0.41289222787669999093 0.048916
 -0.04067957609629999777   0.89721692914215001036   0.88883857669011001601  -1.9859590558210600264    2.1105161558597198557   -0.4340301915775000019  0.047127
 -0.0341171372928799968    0.91775107398243005452   0.83517808686540995211  -2.0092161889314001932    2.2686821283673501704   -0.52339022479454999637 0.049108
 -0.03990660058090000212   0.889092443620750017     0.8896317805630999942   -1.9672313297731800485    2.086999713980440152    -0.42988539036057998866 0.046659
 -0.03290007317925999764   0.90312026641890996714   0.87672992866049004324  -1.9707992394081899068    2.1270925816910399853   -0.4337983020491800179  0.049251
 -0.03992509166091000317   0.89545573538195999408   0.87324347414603997741  -1.9818606801965699127    2.1426015982159700712   -0.46372691837063001463 0.046676
 -0.03016289298784999989   0.87689708013803002729   0.91710721827949004403  -1.925512945784769947     1.9718720063507599871   -0.35428187484550999198 0.048247
 -0.04034139681561999674   0.90412951428454002567   0.86084347454724996496  -1.9953213069046200623    2.190138714476999926    -0.48670526335168001753 0.046752
 -0.04389792975401000247   0.89290419269012999415   0.8712205623950699529   -1.9834822220121199887    2.1491942216818800127   -0.47453353894682998027 0.046578
 -0.04955452203204999823   0.88989014483165995717   0.86623457832883998808  -1.9905751130111399849    2.1679344675176999147   -0.49698912721911997492 0.047597
 -0.04197914965444000251   0.89255296048099996842   0.90910526830455995473  -1.977430233151070027     2.0551687394098001604   -0.40573776221391999464 0.048274
 -0.03813388222234000147   0.89640475659628005012   0.86499082387284997875  -1.9773939661572899062    2.1574944083265901185   -0.47076968236952998481 0.046555
 -0.04921825908619999884   0.89980839167769999243   0.85519360031252000809  -2.0131677840645201272    2.218116896269560101    -0.5142107103601799567  0.046619
 -0.04312814394369000187   0.89538141560829997978   0.84953599525550005378  -1.9868600405483700655    2.2043323617907599754   -0.51258030967563994462 0.047351
 -0.0412917180581499968    0.89675805075868997296   0.87901293133145996794  -1.9861843020028899787    2.1339702073424802187   -0.45366772110204001134 0.046528
 -0.0437830969718800006    0.88601167595730001558   0.88358758299310002915  -1.9744521211642400704    2.1059869674619697832   -0.44889272381825001679 0.047015
 -0.04120182185468999891   0.89960005470272996764   0.86652950165871001076  -1.9901040104695200128    2.1691007777232398368   -0.47725212846831999158 0.046449
 -0.04462497885785000201   0.89606689463347000135   0.8689495925651999908   -1.9906605246299400314    2.1623571435587600753   -0.47637947216519999083 0.046415
 -0.04697492245632999691   0.89637247425921995347   0.86680265177477000549  -1.9950604468466199837    2.1722349162301499703   -0.48270574906247998292 0.046608
 -0.04621626269685000232   0.90475500339892001023   0.84566722348217004956  -2.0130996066722501858    2.2430781709870601937   -0.52571902744345000436 0.046680
 -0.04148401610988999844   0.89300808356529004506   0.87864064129287000604  -1.9786983989979500809    2.1260193282321000474   -0.45384379963130000446 0.046420
 -0.03432652319943999691   0.89177228597115998365   0.88792108405952996364  -1.9556733573587199437    2.0812617993521200788   -0.42127140386756001256 0.046896
 -0.04549532511451000183   0.89779936525106995848   0.86337547124927005449  -1.9987941773880699703    2.1839031220402000955   -0.49097588373702000242 0.046402
 -0.04017931765180000198   0.90030820914570997004   0.86927909159505001302  -1.9904629045364299333    2.1617541073925798933   -0.46642935687763997787 0.046875
 -0.04296827672846000035   0.89475519680403003964   0.87073519469506999169  -1.9852273926432000284    2.1523341931095498758   -0.4725074934295300233  0.046418
 -0.04755483001883999833   0.89625779197547994492   0.87742362039134003115  -1.9991623025532299085    2.151733849008850008    -0.47077248380827002583 0.046493
 -0.04648469816992999853   0.89573774488532997839   0.86287174261935994934  -1.9946979668910800321    2.1811792638817499856   -0.4935760326445099988  0.046402
 -0.03986487559293999672   0.89606465463849005459   0.85961042763549000423  -1.9802318544533599187    2.1732307605063501121   -0.48407245288368999647 0.046643
 -0.04563234141236000019   0.89620950764122997434   0.87297032220238002242  -1.9944296905282599131    2.1571080768832300301   -0.47409747607711999473 0.046377
 -0.04769472360963999957   0.89159220955741003145   0.87265148654933999417  -1.9907320398899799319    2.1518662648452901998   -0.47654125742656999742 0.046497
 -0.04282504729343000055   0.89759809341639995584   0.86805999788137000461  -1.9902610178246400441    2.1647921495037500961   -0.47707441070787998116 0.046384
 -0.04785953974895999774   0.89971418397854996396   0.85701346577800996407  -2.0059918576371100762    2.2078719880936499287   -0.50769312328911997412 0.046426
 -0.04307789701965999973   0.89468460866860999303   0.87323384741415999155  -1.9855217636577400242    2.1464824931974901823   -0.467306130545759979   0.046374
 -0.04641181922745000327   0.8979435413613400252    0.86575179661551004973  -1.999560987663379974     2.1796065565788400598   -0.48729564186296997486 0.046392
 -0.04535073055459999669   0.89725739244118996041   0.86647146676215003325  -1.9970946766877799572    2.1753334104696597784   -0.4870623863598900205  0.046464
 -0.04480641678203999695   0.89636451908540004663   0.86833006111443999941  -1.9922690626443999573    2.1656012102864798941   -0.47905020071387000025 0.046295
 -0.04293158411321999768   0.89779546692268996644   0.87436875620635001738  -1.9922475996777500029    2.1513186056149100622   -0.465023881903699976   0.046504
 -0.04559641965575000205   0.89625217539466994765   0.86574599601611001987  -1.9940853750877500783    2.1737140993150401158   -0.48643799495931000498 0.046289
 -0.04395465534904999944   0.89521811660480998807   0.87465520249871997471  -1.986581788413990024     2.1451984065480798058   -0.46611140121861999175 0.046349
 -0.04221910660998000331   0.89416546557569998033   0.87524667909355002848  -1.9814885783888800397    2.1380255886658501296   -0.4627302295445500091  0.046368
 -0.04560389831618000267   0.89336670424040998117   0.87533403823175004455  -1.9878644017490298967    2.1439178087949701812   -0.4681700669785299751  0.046328
 -0.04278712316518999692   0.89380768888197004163   0.87121161925386003677  -1.981507299452339943     2.1472051253860700015   -0.46917119857643002634 0.046388
 -0.04492103685057000084   0.89560905295142001492   0.87253064646525002601  -1.9911990927592799761    2.1546323390089399119   -0.47286590670195000063 0.046378
 -0.04561438053405500459   0.89623084151794996099   0.86935815910924496563  -1.9942575328080049957    2.1654110880991348509   -0.48026773551821499986 0.046296
 -0.04560015898596500583   0.8948094398175399089    0.87054001712393003221  -1.9909748884183899875    2.1588159540550053705   -0.47730403096891999004 0.046357
 -0.0452014182188949995    0.89630834724003505265   0.86703802856527500964  -1.9931772188660750178    2.169657654800760227    -0.48274409783659000261 0.046303
 -0.04477553750240000074   0.89573514599974002337   0.87020059925741499729  -1.9903335817508700512    2.1594562529315597388   -0.47627469808896499837 0.046354
 -0.04433715833770500436   0.89546839203163997034   0.86948992171513506122  -1.9898035693727451623    2.1600982962562653711   -0.47687206275253501975 0.046384
 -0.04390776313286499921   0.89520882048518490848   0.87049633755483002417  -1.987786976738314948     2.1558698439904451227   -0.47458411225192997929 0.046394
