 -1                        0                        0                      2500.000000
 -1                        0                        0.00025000000000000001 2499.750006
 -1                        0.00025000000000000001   0                      2499.602128
 -0.94999999999999995559   0.00016666666666999999   0.00016666666666999999 2499.804134
 -0.96666666666667000474   0.00027777777778000001   0.00027777777778000001 2499.376045
 -0.94999999999999995559   0.00041666666667000002   0.00041666666667000002 2499.135409
 -1.0166666666666699381    0.00027777777778000001   0.00027777777778000001 2499.315201
 -0.97777777777777996615   0.00062962962962999998   0.00021296296296999999 2498.811711
 -0.96666666666667000474   0.00094444444445000004   0.00019444444444999999 2498.362008
 -0.95555555555556004332   0.00084259259259999997   0.00059259259259999996 2498.201933
 -0.93333333333334000947   0.00113888888890000006   0.00088888888890000005 2497.614280
 -0.88333333333333996507   0.00138888888890000006   0.00072222222223000004 2498.137470
 -0.90555555555556999092   0.00189814814816         0.00078703703704999998 2496.770536
 -0.88333333333334995707   0.00263888888891000012   0.00097222222223999997 2495.637463
 -0.83333333333335002369   0.00250000000002000011   0.0015277777778000001  2496.479215
 -0.88333333333334995707   0.00279629629631999999   0.00153703703706000003 2494.790075
 -0.88333333333335994908   0.00350000000002999995   0.00194444444447999993 2493.117210
 -0.80000000000003002043   0.00462037037040999993   0.00207407407410999979 2492.746256
 -0.73333333333338002191   0.00636111111115999963   0.00266666666671999978 2490.664973
 -0.83333333333337999971   0.00583333333338000026   0.00219444444449000018 2489.459776
 -0.83333333333338999172   0.00750000000006000034   0.00252777777784000002 2485.953720
 -0.75000000000007005507   0.00893518518526000005   0.00378703703711999982 2483.551905
 -0.68333333333343004856   0.01208333333343000054   0.00519444444456000024 2476.797397
 -0.61666666666676994701   0.01379629629639999959   0.00498148148159999974 2474.265054
 -0.4833333333334799975    0.01894444444459000149   0.00650000000016000019 2458.280672
 -0.60000000000014996893   0.01932407407423000073   0.00681481481498999973 2458.256414
 -0.53333333333354004946   0.02580555555576000137   0.00888888888911999915 2436.619794
 -0.30000000000024001912   0.03038888888913000158   0.01119444444471999998 2379.874709
 -0.03333333333367000106   0.04183333333366000273   0.01552777777815999953 1353.574293
 -0.0166666666670300008    0.04563888888923999659   0.01541666666707000068 1015.801828
  0.31666666666616999359   0.06241666666714999756   0.02052777777831999925 54.229839
  0.31666666666611997805   0.06775925925978999731   0.0234629629635699985  55.456868
  0.93333333333262002984   0.08886728395130999436   0.03079012345758000077 1.837949
  1.6666666666656999585    0.12039814814907999485   0.04174074074181000071 45.560509
  1.0777777777769399492    0.10419547325184000397   0.0343261316881499981  2.104386
  1.2351851851843700381    0.10256035665373999799   0.03363305898579999759 6.698692
  1.8475308641964500733    0.13466540923743999802   0.04530509830936999688 73.163104
  0.6993827160487400274    0.08047885230972000314   0.02672210791108000152 11.184120
  1.464814814813879984     0.11660322359487000632   0.03911076817661000155 22.802093
  0.89074074074002995705   0.08950994513101000194   0.02981927297745999919 2.777712
  0.69938271604868995635   0.0858214449023699949    0.02965729309633000077 11.436947
  1.1012345679004500454    0.09837562871589999869   0.03263911751343000212 2.308233
  1.1841563785999800196    0.10478231214835999341   0.03535097546198000262 4.670066
  0.96409465020502005395   0.09332803688535000475   0.03120219859859000092 1.597426
  0.88223593964260005329   0.09255156734309999411   0.03157318498278000041 3.092742
  1.0464849108359899343    0.09691961337269999754   0.03237263438077000316 1.574287
  0.88483081847214994919   0.08188114955439999842   0.02858383926981000051 2.640527
  1.0295410379507399234    0.09861689232747999911   0.03289055858356999817 1.536794
  1.0934137326618800223    0.10370907777238000391   0.03352013758437000224 2.336406
  0.97335343316494005173   0.09257773240658000169   0.03147262698928000174 1.477321
  1.0688249377627601078    0.0987481218524900034    0.03328834803715999963 1.824069
  0.9902772220944600079    0.09468305812713999348   0.03172373595822999826 1.443415
  0.9489628846374400517    0.0936655085347700006    0.0316853133066199999  1.776497
  1.0221044042863500767    0.09610608716321999978   0.03220080411223000261 1.440999
  0.96094900174643005375   0.09029435947048000677   0.03070755278959000009 1.524090
  0.97809701079749999941   0.09237499268472999792   0.03125330423808000274 1.438703
  1.0202989916206000043    0.09619835957680999972   0.0319792692164099987  1.446488
  1.0085626020066800201    0.09529320278425000568   0.03185260865963000093 1.412310
  1.0155654559658899849    0.09449979696099000681   0.03181407538172999899 1.383099
  1.0282095729016100805    0.09440816637792000254   0.03185924509348000283 1.403391
  0.97937897489369996062   0.09200590779009000519   0.03107918807405999836 1.419926
  1.024241011113349975     0.09549094567216000196   0.03191061050552999878 1.429894
  1.0127050110343900347    0.09471195742530000294   0.03174628393867000298 1.391513
  1.0451764044442699575    0.0976640636569399978    0.0325294572459600001  1.588365
  0.99582833228134004511   0.09342044675680000188   0.03144175536702999846 1.379942
  1.0075032641810699463    0.09312826464447999941   0.03148213446531999971 1.342370
  1.0069735952682599134    0.09204579557459000028   0.03129689736816999857 1.308068
  0.99953991130927000164   0.09193206876961999841   0.03128886813928000166 1.317593
  0.98599576994002002817   0.09043241043968000548   0.03087093853459000128 1.326151
  0.9991778520636900307    0.0895197364324600009    0.03086271399433000023 1.241844
  1.000852611954869964     0.08756938127029000041   0.03057319330798000112 1.176560
  1.0189149757482500736    0.09059908663665000583   0.03123503400903000077 1.261596
  1.0182875440049798943    0.08821077355140000131   0.03078121498417000015 1.189263
  1.0183964925371400412    0.08554036539763999747   0.03042939749927999968 1.108914
  1.0241079411715801051    0.08228765030915999312   0.02999564756484000144 1.028835
  1.0099170890060400474    0.08144611678391999732   0.02966500322895999908 0.986755
  1.0054181456349300383    0.07686963185754999706   0.02887998783893000118 0.864662
  1.0019649218359401033    0.07627366873992999508   0.02885133749033000003 0.850899
  0.99380361075141998572   0.07030511633420000184   0.02788639874340999997 0.716486
  1.0147005197504199714    0.06540555106364999427   0.02726816279014000061 0.594165
  1.0216244736481900901    0.05432363596032999814   0.02561564753122000035 0.401183
  0.98978954551811004769   0.05204460579222999761   0.02492570851087000036 0.352815
  0.97263034769138001501   0.03692308353375999691   0.02239073898387999861 0.216016
  0.98662080909240001958   0.03083159202798000167   0.02171520233341000042 0.095529
  0.97722214082113001421   0.00781257211318999931   0.01813280958065000004 0.054996
  0.98718103068905005415  -0.00426558859600999988   0.01620639865376000133 0.069956
  0.93639787248618000515  -0.02734359125970000151   0.01220431728096999999 0.743777
  1.0003178233576899281    0.03390682915531999936   0.02226281496866000173 0.100835
  1.003850315553870054    -0.01195387508543000084   0.01534394315150000056 0.119390
  0.99604532358825004223   0.00026536456937000002   0.01710564210959999998 0.029684
  0.9733145067079299606   -0.03136526376428999674   0.01203375192734999939 0.469425
  0.99356699419524996397   0.01758880592542000007   0.01970554920832999837 0.011496
  0.99070860838069996213   0.02137675033466000102   0.02042293527863000072 0.027984
  1.0096584766216700757    0.01834137510643999922   0.02002327481706000015 0.017949
  0.99991072921015999864   0.0379392563416399986    0.02299553075974999916 0.140169
  0.99701167499373000158   0.00968383751244000085   0.01857811427214000125 0.002184
  1.0094494888264000654    0.00903259536154000023   0.01844835691972000064 0.011116
  0.99036029538857994758   0.00586211742648999959   0.01779807211639999887 0.016594
  0.99518484069685997362   0.00898193184647999923   0.01835437279155999885 0.004209
  1.0075303421494099521    0.00087677055488999997   0.01721501344727999899 0.031026
  0.99705783118378998875   0.01341079708278999916   0.01908291526806999913 0.001717
  0.98338674242319001895   0.01235178226626999949   0.01889524463479000035 0.027820
  1.002933802225600024     0.00986239208772000074   0.01856007884849000117 0.002081
  1.00281736490522011      0.01298941927548999918   0.01912636613423999987 0.001429
  1.0066336270094000671    0.01499316298999000055   0.01951236280558000039 0.006687
  1.0048609905493399719    0.01449123478489000062   0.01926812589505999887 0.004193
  0.99897400388263002391   0.01088568683055000062   0.01875061717787000065 0.000643
  0.99629899775549002339   0.01499487670483000065   0.01941318687162999976 0.003724
  1.0012751011080700536    0.01114551324199999915   0.01877335585427999942 0.000643
  1.0049864820801599485    0.00993628248257000073   0.01868397750952000003 0.003754
  0.99903999390788000845   0.01254216843273999946   0.01898318082843000049 0.000537
  0.9967087010271700187    0.01005949306137000031   0.01854506977281000085 0.002010
  1.0012901989357099186    0.01225693772195999946   0.01898104204388000038 0.000572
  0.99826103004274002739   0.01264434874816999961   0.01903653751250999893 0.000763
  1.0005215833417400173    0.01152022211854000083   0.01883915126884000077 0.000416
  1.001593846907590013     0.01332719868494000072   0.01911829891623000044 0.001072
  0.99962896463886996568   0.01149606479414999952   0.01884253761245999886 0.000393
  0.99817016232328004133   0.0114486991749899996    0.0187955377626100005  0.000694
  1.0005101897826000901    0.01205487808521999923   0.01893466597355999981 0.000398
  1.0014004979342598922    0.01083860823253000004   0.0187610557414800011  0.000801
  0.99963011991448003091   0.01211627838269000064   0.0189276495566900009  0.000380
  0.99932459954888996911   0.01225792538949999934   0.0189640841596299993  0.000427
  1.0002223373935299477    0.01170464793628000003   0.01887038449154000014 0.000371
  0.99914409151532002085   0.01148978265685999915   0.01882571513356999862 0.000444
  1.0001686652157799617    0.01191360422813000051   0.01890742826356000064 0.000363
  1.0003851170436599549    0.01232695557058000047   0.01896110392872999914 0.000423
  0.99981800274007004425   0.01170378748826000036   0.01887217919152999954 0.000363
  1.0005092169851099726    0.01143174805241999915   0.01883901174106000082 0.000431
  0.99984989418213998658   0.01194514580012000053   0.01890549010278000028 0.000359
  0.99966870403179997062   0.01200371040805999975   0.01891968054704000132 0.000368
  0.9998071123722299669    0.01192894479011999929   0.01890735653315999895 0.000360
  1.0000657784400299732    0.0121546757239900001    0.01894133740814000003 0.000377
  0.99987994666505997099   0.01181650954718999925   0.01888946874567999992 0.000358
  0.99952263693051002225   0.01188012919681999922   0.01889411532419000075 0.000374
  1.0000071581444600621    0.01190523547030000046   0.01890410002871999867 0.000358
  1.0000175536222100092    0.01184898242162000029   0.01889201605162999995 0.000358
  1.000086544772349928     0.01176867249261999947   0.01888489978123999991 0.000362
  0.99990905682969000168   0.01190102747324999974   0.01890034252239999879 0.000357
  0.99984655413725997963   0.01189953257221000073   0.01890392481289999982 0.000358
  0.99988930400849995728   0.01188689503456000045   0.01890094762257999925 0.000357
  0.99977838019104003919   0.0118310525663699994    0.01888973923171999997 0.000359
  0.99994996365610999689   0.01188668974432000036   0.018900509829469999   0.000357
  0.99995226966447003925   0.01196656528756000031   0.01891173123729000122 0.000359
  0.9998980274149099623    0.01185402348228000065   0.01889503436858000138 0.000357
  0.99993418891462004794   0.01192905135247000065   0.01890616561438999976 0.000358
  0.99990706778983995395   0.01187278044983000082   0.01889781718002999863 0.000357
  0.99989918041909497948   0.01189396125390499923   0.01890064507249000075 0.000357
  0.99990354212229992648   0.01187752547776500106   0.01889768844549000182 0.000357
  0.99992951024289999928   0.01189385860878500005   0.01890042617593500063 0.000357
