 30                      -10                        0                       10                      1457.271744
 30                      -10                        0                       10.5                    1395.934794
 30                      -10                        0.00025000000000000001  10                      1457.281185
 31.5                    -10                        0                       10                      1652.623528
 28.5                    -10.25                     0.000125                10.25                   1255.223146
 27                      -10.375                    0.0001875               10.375                  1081.621091
 28.5                     -9.6875                   0.00021875              10.4375                 1217.275043
 27.75                   -10.03125                 -0.000046875             10.65625                1121.020597
 26.625                  -10.046875                 0.0001796875            10.984375               972.937373
 24.9375                 -10.0703125                0.00026953125000000002  11.4765625              775.844162
 24.09375                -10.08203125               0.00031445312500000001  10.97265625             747.349029
 21.140625               -10.123046875              0.00047167968749999999  11.208984375            519.567135
 21.9140625              -10.6123046875             0.00022216796875000001  11.4208984375           570.564135
 19.74609375             -10.55908203125            0.00062231445313        11.58447265625          433.913328
 15.744140625            -10.822998046875           0.00095690917969        12.048583984375         279.791535
 14.8681640625           -10.4393310546875          0.00077264404297000002  12.7025146484375        241.770204
  8.80224609375          -10.47149658203125         0.00106521606445999996  13.86627197265625       317.707708
 11.89599609375          -10.92852783203125         0.00094216918945999996  12.21392822265625       244.491905
  9.910400390625         -10.544647216796880329     0.00134953308106000006  12.666107177734380329   259.115928
  5.0687255859375        -11.244705200195319605     0.00153894805909000009  13.606582641601569605   494.826993
  9.0867004394531303291  -10.964290618896489704     0.00127213096618999997  13.007183074951180757   298.514564
 17.122650146484371447   -10.403461456298829901     0.00073849678039999999  11.808383941650390625   310.884635
 11.095687866210939276   -10.824083328247070312     0.00113872241973999992  12.707483291625980115   250.982715
  8.1409835815429705264  -10.545296669006349433     0.00114462518692999993  13.096432685852059663   315.499901
 13.843351364135740411   -10.753572702407840467     0.00100383818150000009  12.310546159744259143   244.329604
 15.941199302673339844   -10.928110241889950061     0.00057915383578000001  12.301128983497619629   282.194213
 11.41810011863709029    -10.640512973070149982     0.00115693826974000002  12.57486262917518971    240.603896
 14.917117953300479627   -10.5568889528513008       0.00079907242209999998  12.193442538380619311   252.856066
 12.051045387983329249   -10.757284734398130155     0.0010538099203300001   12.578973103314639914   240.292759
 14.194334372878079975   -10.366822900250559414     0.00105144601780999994  12.869520047679539942   231.313505
 15.343503512442120851   -10.085970434360220338     0.00110608443199        13.197315960191190243   231.361085
 12.422470606863509346   -10.348403128795329309     0.00101358094392999996  13.052389054559180082   228.631514
 11.712030228227400031   -10.145818341989070177     0.00101845232513999998  13.423310501966630781   231.998944
 10.174811180681009759   -10.617180813569580877     0.00136524353294        12.835357768926780153   259.861401
 13.694825842045249331   -10.483793494408020663     0.00092079391545999995  12.73572542855981915    232.476437
 14.763237986247990108   -10.337639155855869788     0.00086287712902999997  13.043441187881400722   234.032784
 15.486389016034079802   -10.01104460525676032      0.00087053908278000001  13.271564756025329146   230.066492
 13.135771932662470007   -10.267392908499470394     0.00106530285095999991  12.921158455530530773   224.037128
 12.322038905869710845   -10.232269784821259151     0.00116651571192999989  12.860017089355100239   224.416246
 13.924657122173819346   -10.013038276993039943     0.00107964053228000001  13.321590728337470821   217.445562
 14.03957276223811057     -9.7776606682855504715    0.00115906384068999993  13.614523378226289552   210.396746
 13.347767786021009329    -9.8354277551680002745    0.00100279734136999991  13.560297774491120393   212.243947
 10.986402527858469824   -10.103397625117409575     0.00124983340569999996  13.302619575378230365   238.884682
 14.361392393990179528   -10.034132860221919969     0.00096536266350999997  13.279328460863560224   220.096423
 15.0197818305923807      -9.6089039672921394697    0.00108268240433        13.635264979996570389   209.990599
 16.318437442456808384    -9.2391543865405498792    0.00111723313454000005  13.926702942715259326   210.704405
 15.248485453758370056    -9.3606697169843400275    0.00103965027398999999  14.123548841258239506   201.599978
 16.304842214306319192    -8.907308121226769515     0.00102682398550000002  14.724744034122089431   192.963490
 14.994589902588730368    -9.0305173957643098959    0.00117032112242999994  14.488086622554469329   190.108106
 15.311188656887999571    -8.5287096635355101881    0.00127280035189999995  15.092465703399929211   176.654440
 16.989924945991401017    -8.5758634550019898768    0.00126788794983999993  14.973201273381320675   188.697438
 17.773296061650938782    -8.0327319352426602705    0.00116603350509999993  15.598314617223669742   176.951856
 18.169844108825948581    -7.4134026202113298964    0.00128409049184000004  16.55909783406693947    156.189743
 19.744875247942729857    -6.3156519466709202248    0.00138479453559000004  18.021014261102120457   133.024541
 18.604800241930210092    -6.8191703789987698769    0.00151893418571999992  17.117753893431430612   141.395260
 18.727155158214529251    -6.2722685072219404034    0.00140339333930999998  17.941572964197259665   125.439105
 19.595770264326098697    -5.1204710333319196636    0.00147114603405000001  19.425758809605230937   101.383734
 18.855021143892589208    -5.3592695760259001503    0.00165780404853000003  19.230181716545679649   106.936357
 23.089044792157821462    -3.2785718039782398847    0.00174353905005000006  21.804888636942301616   74.436675
 26.977972859792721749    -0.65350287419960995106   0.00197890839912000021  25.161100103713490483   87.571467
 22.037555482229411297    -3.2178118010047200848    0.00160970764839000005  22.12316781866623927    70.004090
 23.753933102379008346    -1.4171325120076900816    0.00165509437973000001  24.625874781283638271   69.065918
 22.902009403435030777    -1.2720705160009500023    0.00187899722058999991  24.522337711086301226   74.940901
 25.815357637256401091    -0.18485335663349999891   0.00171658429367999997  25.959248252913059929   82.110555
 28.184402203288030364     2.0441569390217297908    0.00202596143796999984  29.030415881507419584   119.960819
 21.742928249066579838    -3.3293140402435099645    0.00160984988503000003  21.826923077580779875   71.481188
 19.92860013626281912     -4.4636910794817001857    0.00172715597402000004  20.430763850533448789   91.141840
 24.343668262008009151    -1.2545627873455500456    0.00171922721377        24.57712715231815892    68.505244
 23.562777799370678622    -3.3677200557865498709    0.00148485804369999992  21.895069112976141668   79.226607
 23.067201502418949843    -1.795982900947350025     0.00178046242637000009  23.865520561558760448   63.722037
 23.364820765778461009    -0.61992431629380995162   0.00163877790239999989  25.642834149428381352   91.299564
 23.157988785562981349    -2.613909932057130181     0.00171734876314000003  22.764375015063819774   61.220391
 25.418467577117901612    -0.21148002593535000782   0.00182621650647999995  26.089525677531408832   83.107852
 22.661813081079408505    -2.5498555366664699129    0.00166394154039000005  22.892573727568439779   60.709511
 22.86140271315566963     -2.6900230665005597785    0.00178539559211000009  22.423923446970949414   62.036923
 21.530534779100499065    -3.5703229307402000181    0.00175434694723999992  21.396069223262831116   74.841287
 23.640384891281129853    -1.8335028231942100962    0.00172800714713999999  23.781862670054330522   61.917068
 23.093593233120650154    -3.0476627782618401774    0.0016668840950200001   22.065846868270011072   69.368816
 23.073799435094368704    -2.1089028702759700096    0.00175206784352999992  23.415602138236568663   59.171440
 23.405590383353271022    -1.8630625145963299882    0.00164528705499000002  24.003283328490638837   63.057215
 22.997449630705069978    -2.483282928524499944     0.00175036845783000002  22.818763417350879763   59.140832
 22.305140574939780862    -3.0444728105678300345    0.0017138561553         22.163794479055521691   67.048382
 23.306573812195800599    -2.1362453200376099183    0.00172446939917999999  23.377345622304630979   58.807729
 22.861829193974340768    -2.0252333956951398264    0.00172807485732999998  23.487767437666441595   60.480433
 23.458012954905388625    -1.8269767206001399362    0.0018135487385400001   23.657165580210818945   61.559753
 22.860863049535900871    -2.3691358326498899167    0.00170134333993000007  23.083721690729039011   58.229458
 23.257513769791241742    -2.5235500800488499529    0.00173604966291000004  22.859948996644121166   59.976169
 23.158592625837009393    -2.3989709089604200898    0.00173405596151000006  23.016903606899699497   58.129799
 23.087940124042521717    -2.5849146248102399248    0.00170305073570000006  22.732765030405559514   60.687729
 23.077334607331408733    -2.2279058089095400419    0.00173981356656999989  23.244892861278820817   57.839411
 23.204232416745000478    -2.0828460067542300393    0.0016994726757699999   23.542668473255208283   59.729601
 23.049145327215050827    -2.3831736980819298033    0.00173764451230999997  22.999739681326971663   57.911500
 22.766393992763891418    -2.5533478042632800076    0.00173195929098000001  22.795283297812630963   60.274940
 23.171528857337818863    -2.2405209410940298831    0.00172634187213000011  23.231830041181630975   57.757327
 23.367437659324750143    -2.2561498458730699923    0.00176758461633000005  23.162961404614531347   57.834336
 23.174130599767501337    -2.1549042380188598855    0.00175163632216000006  23.30280838730127968    58.438919
 23.162477119319628827    -2.3379542412250300387    0.00173845105167000011  23.088379802000101648   57.340027
 23.340243794441761338    -2.1480917204689098376    0.00174845104104        23.364292373210581388   58.730725
 23.121919944021730231    -2.3244032036786701489    0.00174034614449000008  23.090877854297868765   57.173084
 23.334347182670558851    -2.3516083070258599896    0.00174654827573999995  23.04213168976825088    57.518132
 23.027698892350120019    -2.3710935006387199309    0.00170825905569000009  23.063648289009400116   57.893686
 23.282502967581091724    -2.2848857595644798124    0.00175275322616999995  23.138133125713249427   57.470809
 23.279094749458689506    -2.4089048146529901118    0.00176270747691000007  22.947931194708111491   58.285770
 23.198420330368040965    -2.2826169094837700513    0.00173543327332000008  23.160855329563251104   57.388277
 23.048312997974690575    -2.2633217499501201431    0.00173694357209000006  23.196991366018991698   57.489527
 23.119821544148660308    -2.2853933892190498867    0.00173934474799999992  23.158276446956310934   57.289090
 23.018816501347938441    -2.3302981122387800283    0.00172403438256999992  23.111061590695520351   57.431494
 23.084738117906230315    -2.3189450240701998673    0.00173121409346999999  23.117829474449951732   57.190918
 23.046058032330090981    -2.3507310196127098045    0.00173924474550000009  23.066826459288868989   57.580021
 23.160329755858551692    -2.2996454370160002156    0.00173638614136000001  23.13734811199465824    57.202700
 23.080927561647960999    -2.2762392857669300206    0.00173519451199000011  23.163786141849289635   57.329242
 23.101314951065880621    -2.2916680246314498071    0.00173600864691        23.14493455688700152    57.208084
 23.11432984027754145     -2.3319374554791099108    0.00173263276511999992  23.08721855185843097    57.282191
 23.115702766245320277    -2.3203014389140999008    0.00173431076083999992  23.104983025632900961   57.148017
 23.140030340950040966    -2.3399795272080399222    0.00173511992317000011  23.080584676300688329   57.368573
 23.110993798536920707    -2.3037459002756000004    0.00173578646598000004  23.128847086740421446   57.111588
 23.056347557496550849    -2.3340523464532800801    0.00173444259103        23.083920608565918542   57.363923
 23.134334206268050593    -2.3082471643753201818    0.00173590025377999991  23.123991236137470651   57.099180
 23.156737239629780589    -2.3094038295516501336    0.00174195771907000008  23.106520126954389838   57.083978
 23.192736800491559279    -2.3046332322923701597    0.00174732953188000005  23.100865453206598232   57.151748
 23.136964061318309405    -2.2964459628796598523    0.0017336314553400001   23.141292883434729788   57.203792
 23.125680973345868807    -2.3174138934789199062    0.00173866747219999997  23.103481611582090238   57.093620
 23.148170342644988295    -2.2991039549266498732    0.0017418451946800001   23.126437005074290454   57.168925
 23.123819660345240834    -2.3150020679172400584    0.00173619436930000002  23.110346520493248335   57.074522
 23.159292241257549705    -2.3212875773859598105    0.00174057344119999996  23.093322660843181637   57.106243
 23.147217630577401337    -2.3169021581083701911    0.00173937669739000008  23.102203767317490701   57.066588
 23.142393545681098743    -2.3211138101527701849    0.00174219787519999995  23.087284777036149563   57.102948
 23.136349041121320624    -2.311463825819680018     0.0017374746591400001   23.114814621362139491   57.064530
 23.156380812491001109    -2.3089720472195498502    0.00173883425025000006  23.113460906481549273   57.099291
 23.133355933132150994    -2.3153034319140801678    0.00173870916670999993  23.105976435306960326   57.061440
 23.113633892958279858    -2.3199319123280401911    0.00173391972720000009  23.110150545285531365   57.155900
 23.145961402961898301    -2.3120358502457500904    0.00173994822109999991  23.107427731537178772   57.057800
 23.157622343551150124    -2.3128505651267001753    0.0017415600028700001   23.104864757268639863   57.063474
 23.139426729805858685    -2.3089246784447401417    0.00173946932752000005  23.114338005419980959   57.080722
 23.145269905384520115    -2.3149077881924600142    0.00173939985492000001  23.105237326843109713   57.044784
 23.154755751393551577    -2.3160849919198098767    0.00174233396366000009  23.096938504115808399   57.039497
 23.163959106529659948    -2.3183955749698799131    0.00174476361591999998  23.088000445492649959   57.051830
 23.132049152884921028    -2.3163154660093501214    0.00173863560031999997  23.102925241632888742   57.071050
 23.151229045884591073    -2.3137167903473598862    0.00174082890222999995  23.104379878359701195   57.049482
 23.165252119680140197    -2.3130692784386099881    0.00174254630424999996  23.10101528512094049    57.065576
 23.141329979769150071    -2.3147448935452099583    0.00173966845108999998  23.10473614776045892    57.044388
 23.15033093825401167     -2.3176913817566702214    0.0017411673648500001   23.098218197002360341   57.068311
 23.147053786784930196    -2.3134497331234800122    0.00174025300704000008  23.10512534790348127    57.047021
 23.142975665781488459    -2.3158769130431200445    0.00173999873613000003  23.101638784951731509   57.053557
 23.149165700858819861    -2.3142568210213001478    0.00174062136069999995  23.10369460500771055    57.042585
 23.14820688191808884     -2.3165475142159102084    0.00174075880815000006  23.100177943960069626   57.056773
 23.147342060568220745    -2.3142241783965897817    0.00174037945732000003  23.103888496917630135   57.040801
 23.151026840910351012    -2.3147476542489902052    0.00174210176146999992  23.099391550057699618   57.034095
 23.153905308673270014    -2.3146675872772601856    0.00174345271473999998  23.096468661664989241   57.032877
 23.161254430977781027    -2.3148718957622698156    0.00174372529712000005  23.095758986092608467   57.040679
 23.159463074947588268    -2.315667505656660019     0.0017443243557199999   23.092832719387811125   57.028556
 23.164611761991981354    -2.3163728479743501687    0.00174617585323000009  23.087401776577859636   57.022605
 23.169921565950069464    -2.3167744830702599046    0.0017474644570600001   23.084395467308009842   57.023328
 23.16034276302665873     -2.3170780593585700302    0.00174598819723000009  23.086843218740728645   57.032413
 23.169634948427450638    -2.3163614969204098237    0.00174920664747000004  23.080616058029988835   57.018744
 23.17707454694438951     -2.3164997494207097972    0.00175264298938000002  23.072454834987080829   57.016771
 23.182070010283279515    -2.3186949826346898718    0.00175268303370999996  23.069078987141850234   57.017977
 23.186496179558201192    -2.317092972191430178     0.0017534949694600001   23.069822314266680507   57.025568
 23.179957825425308471    -2.317089243983220026     0.00175161827640000003  23.074077540385189877   57.020955
 23.181935506372411737    -2.3175539289362299122    0.00175409561929999996  23.067111102237991105   57.011125
 23.187942476583568663    -2.317943651869209809     0.00175741120042        23.058468919702971078   57.007060
 23.19891066762628995     -2.3187409659795599204    0.00176100189672000001  23.049638364530689927   57.011489
 23.193041025293460677    -2.3188504309688697802    0.00176025128371999997  23.050743012796111486   57.001068
 23.199582625227531452    -2.3197310244616899944    0.00176456778737000002  23.039075749001561633   56.994272
 23.199685147907608496    -2.3177627132308900038    0.00176512890324000008  23.040739946969310381   57.007063
 23.215985911728111546    -2.3205894283499599595    0.00177141190449999993  23.021506655115189233   57.004979
 23.202687413097130786    -2.3192724429763198479    0.00176825800104999991  23.030257270863831565   56.992693
 23.204575785832549428    -2.3195381814746900417    0.00177188605321000007  23.020566724030391725   56.984566
 23.20435825177828093     -2.3211384298468797915    0.00176750956950999993  23.029069076955750006   56.998909
 23.224308810699671568    -2.3225548801974000845    0.0017802764568800001   22.996640182848480549   56.994033
 23.200426825040910472    -2.3208918296403702186    0.00177070802899000003  23.021169211302911606   56.986036
 23.210088771622061188    -2.320219528040199819     0.00177620959371999998  23.009656856635931632   56.982033
 23.212954031543940658    -2.3197600771368498407    0.00178055960581999999  22.999950746476020669   56.982120
 23.220117471370070206    -2.3218711852146398655    0.00178497227902999996  22.984940738407299676   56.975880
 23.230384894441328925    -2.3229412655911199082    0.00179517452485999994  22.957873233110170474   56.979912
 23.19329561623311875     -2.3187054819875498879    0.0017716115205899999   23.021526582339788547   56.966119
 23.177789018999838788    -2.3167807828826201266    0.00176727905244999993  23.033969782085449651   56.960823
 23.205858698871338675    -2.3183130091657000449    0.00177946546021999995  23.003397839276630066   56.976623
 23.202351194599099671    -2.3190540711768901083    0.00178207713950000006  22.995415884172270893   56.957110
 23.201238898982378345    -2.3188120160279899196    0.00178717268264999996  22.982840464243199818   56.944628
 23.192413272489748266    -2.3176689686052798223    0.00178323514345999994  22.992917555370361526   56.939451
 23.183575522923600687    -2.316393688887810054     0.00178674791831999989  22.984547904737571145   56.918167
 23.185501757266610667    -2.318615827340829938     0.00178362050601000004  22.989751605460138961   56.917022
 23.175323286464241335    -2.3187672364284002136    0.00178569802890000007  22.982928488551891633   56.910057
 23.148845892314959372    -2.3135056768987700693    0.00177847656213000007  23.00720258140176       56.887705
 23.113210102787398625    -2.3093229227408400561    0.00177522870367999991  23.018333502898979503   56.864419
 23.158884886578981366    -2.314867149159899995     0.0018001446143299999   22.950355398130369622   56.837544
 23.149432820368538444    -2.3139103322985401512    0.00181657739526000007  22.908548206152829607   56.785839
 23.109531967289520082    -2.3103850741498099808    0.0017949533404299999   22.964338586927439678   56.772634
 23.063678501443089175    -2.3061716032107097973    0.00179884366932000009  22.955087648269561384   56.699400
 23.067246832608038432    -2.3076923584514301702    0.00180142598026000007  22.947901018199061696   56.705842
 23.021460842139301661    -2.2997813719223598738    0.0018103398453600001   22.932006699208329792   56.628091
 22.944529619976830048    -2.290288439669339926     0.0018226607535899999   22.906545804536541766   56.524858
 22.999233784410858306    -2.2997084440741701883    0.00184452519554000006  22.840707835680021276   56.456510
 22.942245625222589922    -2.2949012047408401394    0.00187917344146000011  22.751895002070540386   56.275764
 22.859417469256740674    -2.2856164707376200873    0.00183447452706000003  22.872166530385030114   56.384212
 22.837688775341590031    -2.2807965007278299119    0.00186615021545000009  22.794946474431778682   56.221450
 22.722909746708360501    -2.2673485718660200128    0.00189851233305000011  22.71846920254814961    56.003385
 22.670872729139180279    -2.2629057402961998413    0.00191856685825999998  22.669450621500569554   55.866088
 22.474469842987218726    -2.2412728088389499703    0.00197842845273000015  22.526632108116068309   55.478059
 22.554991722110628416    -2.2542810884223798418    0.00197263362356000019  22.528035617023348891   55.483873
 22.487890999257661662    -2.2432853661964697878    0.00202989939833999981  22.390349434494030589   55.197489
 22.302127764258120379    -2.2221198139259001891    0.00212761183397999981  22.149440886548529051   54.634297
 22.085003912809579418    -2.1976099367857799827    0.00210941968020000002  22.209393905047509321   54.662882
 21.985386874374409416    -2.1902932521204800942    0.00219553446217999985  21.988282055819581728   54.061504
 21.616625438207439203    -2.1517655922477199049    0.00234404552674999985  21.623188482455290682   53.095076
 21.684121757020548671    -2.1521029874768000667    0.00230711912326999995  21.72629207406034979    53.396452
 21.36946959316061978     -2.1205263563791501014    0.00246566962936999989  21.327525565939769336   52.371623
 20.816969468247329189    -2.0601531301492501669    0.00270929021769000019  20.727972294851628732   50.850168
 21.124918301057139303    -2.0954608251140598441    0.00263461367064000019  20.904052963910391583   51.474630
 20.319189718008111356    -2.0076214535680101392    0.00286992243520000018  20.341312021090299567   49.776286
 19.327720694883101515    -1.9003722733890699992    0.00324107773580000012  19.437247588361188377   47.453787
 19.758995194176961263    -1.9517729229732498908    0.00315739445216999979  19.619938590728899896   48.000978
 18.897676390974829985    -1.8521139835650899386    0.00352714251140000008  18.721417236470760059   45.785761
 17.538201867358520047    -1.7022881792237800624    0.00411869100372999966  17.270531613478500077   42.276660
 17.596025311275820258    -1.7118324277536201006    0.00397861303406000025  17.623792079799720511   42.836916
 16.293502065599881234    -1.5729797715206099706    0.00453859789519000037  16.247782641332531028   39.394216
 14.031768364276150152    -1.3293930922062899835    0.00545325173394000003  14.0076878145729804     33.846022
 14.487862924719840052    -1.37017006331312996      0.00523842230159999971  14.549690957377299227   35.226821
 12.499208538932059298    -1.1564696078593399431    0.00615341130087000004  12.288603644253059954   29.905205
  9.0849524609565399658   -0.78451827509448002207   0.0076095780834000001    8.7142816721990001838  21.782547
  9.97536749737970041     -0.88135237716521996898   0.00723135852728000027   9.647303949014169433   23.860528
  6.2517737563075996832   -0.48042872466578001589   0.00864761431937999953   6.1889505831032298744  15.527274
  0.60855970078212995311   0.13050100261322000739   0.01091207597721000067   0.64816006791558999911 3.355269
  2.3624610869774200772   -0.06221130761325999875   0.0103647098593200003    1.959025794473570059   6.619258
 -3.0160979912282499527    0.53060261357642002356   0.01260560948966999925  -3.5233020727718100673  11.265393
 -5.4554298686357798331    0.78853939390617000527   0.01351462817751999945  -5.7482212181059999523  16.164587
-11.835205997008779732     1.4782341263357599015    0.01608893366845999887 -12.046450386443330771   32.151986
  3.8549128464652100412   -0.21883017473692001342   0.00972941697967000078   3.5240986575384201096  9.927835
  7.3603476901340396665   -0.59850832698643996466   0.00829127797541000071   7.0522124416838902761  17.804538
 -2.2514854789433300652    0.44177746368302001079   0.01220879062699000046  -2.5481128031585300597  8.343773
  5.3033220688689697297   -0.38498412160339001709   0.00900188723192999959   5.3148879311563401728  13.480625
 -0.93624297620395002806   0.30170592978146998364   0.01170467892522999986  -1.3137545717897700648  5.572754
 -3.9632666801590801242    0.62471671896915004218   0.0128657107147100002   -4.1514394138179904203  12.066326
  1.9003679648091400534   -0.00794345131039999978   0.01051349041343000064   1.6052141396993200306  5.663116
  4.2190583671257000375   -0.26075137694750999406   0.00953868696061000061   3.9974355183078897902  10.762378
 -0.63384951742606998604   0.26614525352538997982   0.01154126471038999929  -0.91172572279192998224 4.395346
 -1.893043500996800077     0.40741567491809999035   0.0119710451538100008   -1.9450788379569698971  6.712824
  1.2985849399838700347    0.05519543801957999679   0.01076629368293999939   0.98299963636594001049 4.340596
 -1.7318418912411499555    0.38471726328022998187   0.01194866623446000017  -1.9023744348494100453  6.618042
  0.99231550079657004915   0.09022172733725999927   0.01087228436868999983   0.72831699606213995413 3.723873
  2.069048288272199887    -0.03067421903373999947   0.01034128044437999938   2.037630060565640111   6.301221
 -0.18492016008490999579   0.21861089257766999627   0.01136382930501999948  -0.47590841370092001883 3.396896
  1.9911195081649000205   -0.0188807232515200013    0.01041597695654000039   1.853509866113310034   5.985055
  0.02239273897167000024   0.19488875933116001082   0.0112599427719299993   -0.22041682556562000594 2.705473
 -0.57941104975113999487   0.26191575291008001303   0.01143777252849000059  -0.64292372401035002838 3.572840
 -1.0590048858376999164    0.31273647637881002437   0.01161452592263999967  -1.0738614437427900228  4.580070
  0.47948540413800000426   0.14585041459764999661   0.01105784475717999996   0.27777238611090998566 2.678359
  1.0421698916545900637    0.0830097816497700064    0.01085907387718000085   0.7577273313903299945  3.801925
 -0.17401581439971000598   0.21718926009500000296   0.01129309786566000048  -0.2927609601601799949  2.760222
  0.65313117483094995652   0.12560382574084999474   0.01089765138096999986   0.68228574785127005242 3.423903
  0.0245926736440599987    0.19535912586845999295   0.01124728482401000061  -0.18635987331286998914 2.590654
 -0.43233219960511998226   0.24614277733291001216   0.01151700913217999951  -0.85904270437946994576 4.601297
  0.34833672568531998115   0.1594114462931399967    0.01106330926595000021   0.27135937484182998114 2.562076
  0.61141958561924003579   0.13056561295020999158   0.01102109294386999921   0.36393849119730997677 2.911680
  0.022343035605029999     0.19553334830880000905   0.01122509663520999956  -0.12858609732080999999 2.392297
  0.41498618056454000813   0.15318840820286999671   0.01103682496925000034   0.33750972072515000866 2.713059
  0.12054109936989000629   0.18446367154908999142   0.01120416332126000086  -0.08093518899292999336 2.325835
 -0.22157863698585000822   0.22153338141209999446   0.01131208226604000014  -0.34003327850330000715 2.863324
  0.30421939385703999914   0.16477115630125999113   0.01112140413439000053   0.12332096995735999934 2.326614
  0.37312745361457999582   0.1567306853576800052    0.01105970185440000031   0.2789394025556000134  2.585606
  0.28599375862194997833   0.1663877954853799912    0.01110659759679999935   0.16261458358847999395 2.357578
  0.01821191804164000103   0.1961665395291199987    0.01126532157788000081  -0.23315224122577998811 2.756366
  0.26580552377439997658   0.16860021960214000014   0.01111381234392999975   0.14523147082492998683 2.319102
  0.46593685220661001933   0.14657807316012999577   0.01104789206297999982   0.30370201500972998643 2.684840
  0.13324148975542998707   0.18329452952163000079   0.01118079549214999989  -0.02051406923817999939 2.137717
  0.12590999475642999927   0.18417699300168000054   0.01120349004906999978  -0.07906299231289000418 2.328551
  0.16593093572281000792   0.17972969362260998727   0.01117926693599999993  -0.01864359833754999918 2.162411
  0.03854013045422000072   0.19327290084647999469   0.01121761491228000056  -0.11075166282923000483 2.343667
  0.23779957800633999554   0.17189659243756000295   0.0111454568288599995    0.06480281176070999682 2.193769
  0.28084766425960000502   0.16729684604288000416   0.01110550247920999954   0.16637349649787999684 2.363495
  0.16061774059232000744   0.18017196517253999954   0.0111794981107500007   -0.01910801762023000075 2.157113
  0.08298934826404999465   0.18894617077503000901   0.01122869633995000026  -0.14196290754255000421 2.502739
  0.22010147989681000391   0.17368670739535999048   0.01114253334294000065   0.07343287623305999601 2.187202
  0.10214624497735000364   0.18654485541851001384   0.01119559011206000022  -0.05721921624215999674 2.227835
  0.2038862447490900065    0.17555865818280000368   0.01115799014965999925   0.03429730475999000217 2.125646
  0.11173672551301999656   0.18569071585443000516   0.01120624200133999923  -0.08541706645103999684 2.334276
  0.19301029130086000407   0.17668770951012999215   0.01115846050753999986   0.03372039056203000179 2.114405
  0.17944694747604000851   0.17812673757093999694   0.01115910519405000079   0.03284140256936000229 2.101441
  0.18620495335265999093   0.17732525954510999777   0.01114902432308000069   0.05858390302280999662 2.141063
  0.19417474604838999563   0.17666185222020999723   0.01114867756094999919   0.05928053194683000071 2.149790
  0.18578549468437000058   0.17753938045829001369   0.01115638269840000044   0.03968339455507000069 2.116564
  0.247822999349749995     0.17066171333944998856   0.01113517378268000062   0.09078531546140999886 2.232548
  0.16188686715400998906   0.1801363254760899868    0.01116939006478000034   0.00731077693671999991 2.072337
  0.15617855555855000849   0.1806864183249199951    0.0111636790827299992    0.02248067755159999931 2.069952
  0.1323247109632799956    0.1832502983959899967    0.01116652354925999971   0.01657236394739999841 2.045180
  0.14754891376272999404   0.18156115501829001024   0.01117035695941000044   0.00553907245268999999 2.064877
  0.11759342837717000341   0.18484954872052999919   0.01117422737621000077  -0.0025885826089500001  2.068945
  0.10023001265254999348   0.18677192623450999953   0.01118114378078000071  -0.0194245872054299995  2.108691
  0.15964271377017000275   0.18028803473682999958   0.0111646148407299993    0.01977490512565999864 2.068591
  0.11666801628266999791   0.18483819295973000219   0.01116847129802999924   0.01233810252167999964 2.028493
  0.09405859084699000339   0.187189126701549996     0.01116801191465000009   0.01485176531415999951 2.021203
  0.14919403629440999848   0.18129475870580000207   0.01116052625581999934   0.03095763602890999958 2.075890
  0.12549358035648000564   0.18396085121684999097   0.01117080209611000068   0.00579797205051000002 2.048543
  0.09007018419456999658   0.18769268092950999738   0.01117323241899000064   0.00160568175672000011 2.040478
  0.07342461941793000657   0.18948532360365999416   0.01116892803010000046   0.01387481908169999924 2.013481
  0.03636247224552999896   0.19344740789635000988   0.01116821356544000013   0.01804269239621000137 2.016549
  0.06944547235490999837   0.18984786359850000514   0.01116754586038999977   0.01765434299947999872 2.018972
  0.03117472244391999991   0.19385719902062001352   0.01117233556281000025   0.00742094062862999962 2.009336
 -0.0194002718157600014    0.19916064933293001205   0.01117524156958000017   0.00284522896925000013 2.023659
  0.04398151833729999766   0.19249707553265998916   0.01116517826497999931   0.02529525225527000029 2.030609
  0.05550368480161999712   0.19129597688187000015   0.01116719180349000015   0.01937285963062999883 2.019488
  0.02071565866220000107   0.19505405485078000649   0.01116998871375000056   0.01430971585605999956 2.008237
 -0.01595580743019999956   0.19898651892538998798   0.01117097711328999925   0.01403869112701000045 2.014370
  0.0418765516378599989    0.19282624365490999563   0.01117220728003999984   0.00725704965230000026 2.011748
  0.01415030372605000086   0.19576354696649000964   0.01117418393295999991   0.00377691960985999985 2.018740
  0.02797409588326000077   0.1942846261244899897    0.01117252441481999918   0.00724627545726999958 2.010522
 -0.01255410510430999931   0.19852573822173999463   0.01117459995560999945   0.00424217171543000027 2.020135
  0.05192993828736999773   0.19174542725818000122   0.01117034601148000038   0.01146665724013000084 2.003922
  0.02402065600051999858   0.19464440997213000584   0.01117039007139000034   0.0129647449387399992  2.004552
  0.03594639181374999909   0.19336591942636999208   0.01116900576490000019   0.01583475387450999916 2.010568
  0.02996716986588000148   0.19405494944995999029   0.01117164475234000073   0.00939339506158000034 2.005316
  0.03214198896407000072   0.19389222174490000628   0.01116884921167000076   0.01664631591962999896 2.013502
  0.03141653907395999812   0.19386595470168999089   0.01117146397503000071   0.00972728445138000032 2.004213
  0.04795149295166999809   0.19210131584019998763   0.01117193369136999966   0.00746632498986000027 2.011251
  0.02752461723457000006   0.19431587009813999778   0.01117047495816000068   0.01259886813950999995 2.004157
  0.03747870543232999924   0.19323088156511000757   0.01116969275569000032   0.01398538232330000068 2.007033
  0.03184505375748999945   0.19384893247875001343   0.0111711567531800008    0.01054139187700999999 2.002592
  0.04733741817618000031   0.19224368229624999582   0.01117133077753999955   0.00920235591527999996 2.007642
  0.02984984654443000041   0.19404422805315998946   0.01117062524792999945   0.01202414768287000078 2.002687
  0.03915818883797000244   0.19311127424242999218   0.01116983751035000028   0.0135882480183799996  2.006909
  0.03335195151496000293   0.19367728458687000215   0.01117105735886000061   0.01069252534312999971 2.002174
  0.04596377781756000314   0.19234206609033999147   0.01117111772757000028   0.00976349293206000071 2.005576
  0.03213440738032000143   0.1938224190961899962    0.01117063565050999997   0.01189002433765000075 2.002669
  0.01166069131122999918   0.1959510048493099954    0.01117139149375999917   0.01110738738019999977 2.001455
 -0.00847393217683999923   0.19805379364486999649   0.0111719142349000003    0.01092775245022999976 2.004674
  0.02464620543756999849   0.19460559245240000026   0.0111714953802300003    0.01009151678612999967 2.003461
  0.0285489362677199994    0.1941845691529699991    0.01117084278099999932   0.01154098995867999973 2.001667
  0.02056890904538000164   0.19500847643776000884   0.01117158854288999997   0.01005112294186000059 2.003322
  0.02924303279659000096   0.19411893343157998748   0.0111708738735999992    0.01143029898870000054 2.001523
  0.01955725218775999918   0.19511696353162000239   0.01117092600042999921   0.01184420895835000022 2.002272
  0.02262920258019000125   0.19479995576840000715   0.01117098368862000021   0.01151850468801000026 2.001538
  0.01268897996290000059   0.19584994701426000629   0.01117098855963000008   0.01210606516467000078 2.003385
  0.02818620862694999965   0.19422045019372000119   0.01117104015905000074   0.0110459102985100005  2.001142
  0.01731063138975999852   0.19536060296853999252   0.01117130182651000087   0.0110100607190300008  2.001338
  0.02057107948207000103   0.1950255399531800049    0.01117131998783999977   0.01077832400520999968 2.001828
  0.02211467180565999946   0.19485635181458998977   0.01117106776342999958   0.01133345951730999925 2.001170
  0.01039306877021000004   0.19607527148150000196   0.01117152674778000045   0.01081810996881999928 2.002120
  0.0245305417899999989    0.1946080179440599911    0.01117103709214000047   0.01127725173373000066 2.001079
  0.03441033549494999788   0.19357170661114000976   0.0111708319268099994    0.01122595375409000083 2.001270
  0.03731024746902000117   0.19326766031322001327   0.01117068664421000043   0.01143122693279000068 2.001903
  0.02231053540958000125   0.19483736730470999077   0.01117114803093000042   0.01111535227246999991 2.000960
  0.01416064332114999949   0.19568938701739999053   0.01117131459597000068   0.01116003315691999932 2.001157
  0.02247929276818000019   0.19482125941535999303   0.01117120217561999931   0.01096581421351000042 2.001319
  0.02220582704629000051   0.19484757871478000646   0.01117110136648000011   0.01124154819135999954 2.000977
  0.03445591311526000067   0.19356732006124000023   0.01117084872832999932   0.01117999809112000045 2.001181
  0.01923446076967999865   0.19515887027836001377   0.01117119812906000077   0.01116502439046999917 2.000908
  0.01595447388082000054   0.19550546692723999587   0.01117120215026000049   0.01135367799551000034 2.001470
  0.02512827494042000134   0.19454170437709999986   0.01117108065684999964   0.01112285222276000046 2.000926
  0.01990900729298000077   0.19508474239341999645   0.01117122699952000087   0.01104513680479999975 2.001127
  0.02337515816575000058   0.19472719905640001326   0.01117108456899000048   0.01121922300150000017 2.000939
  0.02281838759643000161   0.19478499179350999837   0.01117115432643999914   0.01106967775223999945 2.001068
  0.02235896718382000131   0.1948319319844599995    0.0111711146064700003    0.01119858058158000082 2.000886
  0.0227378951202600009    0.19479248554344999467   0.01117109094975000071   0.01123748782568999988 2.000969
  0.02241737533724999856   0.19482614686440000162   0.0111711337606400004    0.01114588616077000043 2.000888
  0.02119438094983000162   0.194952127695760008     0.01117117900752000008   0.01109694867629000027 2.000998
  0.02282996386177000084   0.194783431216240005     0.01117110817861999977   0.0111886544202000008  2.000868
  0.01829210863584000007   0.19525848579463001009   0.01117119668054999959   0.01122622055374999928 2.001058
  0.02341923336427999963   0.19472089973147999054   0.01117110966277000059   0.0111486943055099999  2.000869
  0.02627830910388000152   0.19442233461992999843   0.01117103497518999976   0.0111758833435599992  2.000845
  0.02980023327098000122   0.19405406679071998677   0.01117095339826000046   0.01118131282010999955 2.000945
  0.02502586141961999841   0.19455315191166000499   0.01117104995088999929   0.01121002016464999959 2.000905
  0.02306949685783999879   0.19475789812620999952   0.01117111280820000038   0.01116191966174000065 2.000845
  0.02543953441006999855   0.19451034986247001113   0.01117106820592000081   0.01113899528392000085 2.000903
  0.02312910899037999915   0.19475153645396001134   0.0111711030063300007    0.01118368425716999986 2.000849
  0.02423420604266000172   0.19463670047668998886   0.01117106982140000059   0.01120637653583000069 2.000902
  0.02362297653387000068   0.19469984991777999905   0.01117109970242999989   0.01116311486309000053 2.000837
  0.02521998188120999976   0.19453237834270001305   0.01117106706745999919   0.01115364664257999933 2.000858
  0.02462247737635000003   0.19459514156109000704   0.01117107734525000021   0.01116239858699000047 2.000837
  0.02566752094559000136   0.19448607565855000057   0.01117105940920999976   0.01114797397051999969 2.000880
  0.02376371197918000083   0.19468517125511000665   0.01117109210704999959   0.01117475668551000043 2.000827
  0.02607424063880000101   0.19444335055074998819   0.01117103925675999934   0.01117615707783999913 2.000840
  0.02276339416021999976   0.19478942202244001192   0.0111711192305600001    0.01116233026316000056 2.000841
  0.02364212289614000054   0.19469765017181001054   0.0111710981667100008    0.01116571853326000022 2.000829
  0.02175140375397000003   0.1948955559021499917    0.01117114440396000004   0.01115683725659000029 2.000869
  0.02499353141759000016   0.19455640188859998907   0.01117106554355999995   0.01117132712253000003 2.000820
  0.02338869403704000108   0.19472439505555999562   0.01117110041461999957   0.01117506001521000047 2.000829
  0.02427105363109999941   0.19463195926776000189   0.01117107841354000007   0.0111803163151599997  2.000837
  0.02410903435680000068   0.19464893193026999718   0.01117108373575999986   0.01117601595215000042 2.000828
  0.02486550628781000055   0.19456968256734000211   0.01117106936191999966   0.01116884913151999954 2.000823
  0.02522376912454999884   0.19453244364885000084   0.01117105720743000012   0.01117975591260000033 2.000841
  0.02403753445324000038   0.19465634854107000118   0.0111710879268900002    0.01116922787809000034 2.000821
  0.02472110771210999855   0.19458487019578998845   0.01117107373394999985   0.01116606445667999922 2.000830
  0.02426205269563000075   0.19463291649664998806   0.01117108123531000002   0.01117352807828000082 2.000823
  0.02531560044795999956   0.19452250349172001131   0.01117105992678999946   0.0111667094197000008  2.000830
  0.02415168409636999844   0.19464450431426000288   0.01117108406198999947   0.01117274486905999939 2.000821
  0.02476207543187999849   0.19458055215899000556   0.01117107221186999962   0.01116754642232000057 2.000826
  0.02438705837969000131   0.19461982541222999643   0.01117107897944999949   0.01117203266428999989 2.000819
  0.0239193978856400008    0.19466885751074000654   0.01117108889403000023   0.01117381713547000062 2.000824
  0.02462897918727000035   0.19459447630318998934   0.01117107424495000084   0.01117009113250999955 2.000820
  0.02487186762252999866   0.19456902175828999502   0.01117106928544000025   0.01116859452964999964 2.000824
  0.02433172997790999936   0.19462563367526999891   0.01117108036785000036   0.01117170728421000049 2.000819
  0.02513311502799000022   0.19454182009856998969   0.01117106164102000046   0.01117335122367999964 2.000825
  0.02431142959693000094   0.19462771643044998737   0.01117108135542000009   0.01117025871449000077 2.000819
  0.02438289549879000054   0.19462031240009000643   0.01117107887819000084   0.0111725717602499993  2.000821
  0.02456745826514999953   0.19460093532740999067   0.01117107540326000084   0.01117071128945000026 2.000818
  0.02380530669224999868   0.1946806535340800115    0.01117109250943000044   0.01117102785369000068 2.000817
  0.02321119432957999967   0.19474277935681999496   0.01117110599236000035   0.01117087821927000013 2.000820
  0.02423434706057000024   0.19463580754404999351   0.01117108227457999994   0.01117248083132999989 2.000820
  0.0242921589628399999    0.19462973920884998891   0.01117108158520999962   0.01117081424370000055 2.000818
  0.02419426117205999982   0.19463994306602000472   0.01117108387083000018   0.01117058574135999967 2.000818
  0.02404253416645999938   0.19465581015594998759   0.01117108770492000053   0.01116953689980999982 2.000820
  0.02430092732637999936   0.19462882159816000116   0.01117108116082000079   0.0111714087231700003  2.000818
  0.02412866521977000134   0.19464681397002001062   0.01117108552354000028   0.0111701608409299994  2.000819
  0.02425786179972999959   0.19463331969113001341   0.01117108225150000023   0.01117109675261000051 2.000817
  0.0242671316879299985    0.19463238081470998764   0.01117108200387000039   0.0111712393283700008  2.000818
  0.02424891405895999996   0.19463427137753999685   0.01117108247060999947   0.01117107593161000001 2.000817
  0.02414761144521000019   0.19464485075623000343   0.01117108473219000087   0.01117114166997999931 2.000817
  0.02366238873293000089   0.19469561235207999417   0.01117109557860999913   0.01117145981450000033 2.000818
  0.02388865611598000108   0.19467194309590998835   0.01117109053477000069   0.01117127268322999981 2.000817
  0.02434119088209999934   0.19462460458357999649   0.01117108044709999928   0.01117089842072000079 2.000817
  0.02422805719057000151   0.19463643921165998951   0.01117108296900999956   0.01117099198633999917 2.000817
  0.02384698140411500161   0.19467629831499499993   0.0111710915220999997    0.01117115026846000024 2.000817
  0.02397645906872999944   0.19466275214515499359   0.01117108862080999979   0.01117108476183499913 2.000817
  0.02402711037560499932   0.19465746245581000418   0.01117108749001999995   0.01117105189265000034 2.000817
  0.02403158424599000087   0.19465698661260499858   0.01117108738046499947   0.01117106230315000059 2.000817
  0.02400178980750999891   0.19466010846782999533   0.01117108801284999973   0.01117117911760000075 2.000817
