250                       50                      -50                      -10                      2412781.096267
240                       54                      -45                      -11                      2390251.037063
210                       66                      -30                      -14                      2333547.785449
120                      102                       15                      -23                      2261420.364599
-150                      210                      150                      -50                      2926879.107977
190                       89                      -35                      -28                      2828340.138772
 10                       52                        0                      -16                      264088.955117
-320                      -98                      -45                        5                      6203612.819432
 10                       50                       15                      -16                      243604.617464
 10                       44                       60                      -16                      241662.004506
 10                       26                      195                      -16                      771427.765631
 10                       26                      -50                      -12                      116140.994115
 10                      -28                      -380                        0                      3008635.844867
-60                        7                       -9                      -50                      105193.994358
-270                      -50                      114                      -164                      3352861.099615
-320                      -73                      195                      -83                      5527725.099240
-140                      -39                       -7                      -24                      1199091.349339
-70                       -3                       -2                      -24                      178863.018265
-70                      -13                      -16                      -35                      293667.642481
-10                       34                        7                      -21                      60149.693974
-80                      -12                      -87                      -38                      519817.822139
-10                       30                       23                      -21                      46086.193187
 40                       52                      -13                      -28                      421198.959647
-40                       11                       -5                      -25                      29174.895497
-130                      -46                      -89                      -37                      1477349.009911
-10                       12                        0                        1                      915.732004
 80                       15                       15                       79                      267831.124013
 30                       37                       22                       17                      208647.474848
-40                       14                       -1                      -33                      24422.127211
-160                      -12                       39                      -199                      1084416.949492
-230                      -188                      334                       34                      11668415.713084
-1010                       77                      255                       26                      16425033.168990
-340                      -39                      -1000                        9                      23733692.982230
 20                       14                        1                        5                      25305.717238
-30                       -5                      -26                       -5                      85206.133730
-10                       21                       11                      -17                      12824.291626
 10                       19                      -26                      -99                      169848.836896
-510                      110                      -349                        8                      4372493.992881
-300                      -88                      -291                       -6                      6976850.438204
400                       23                      -500                       11                      8672876.625925
  0                       12                       13                        2                      7014.349725
-50                       16                       11                      -29                      26026.628696
 -0                       14                        3                       -3                      5452.770519
 30                       16                       15                       25                      65129.405886
-20                       14                        3                      -19                      4249.725450
-10                        5                       -2                        8                      6620.243115
-20                       11                      -11                       -9                      8298.438387
-10                       12                        7                       -1                      1856.675938
-10                       21                        9                      -19                      12916.897837
-10                        9                        1                        1                      1874.438035
-30                       10                        3                       -6                      12587.730494
-10                       13                        3                       -4                      1241.826408
-10                       12                      -14                      -49                      37418.884960
-10                      -38                       32                        1                      307202.952987
 30                        4                      -200                        5                      796370.437740
-210                       11                      -43                        1                      850372.141413
-10                       13                        2                        1                      1200.178762
  0                       11                        3                       18                      6245.730940
-20                       13                        3                      -10                      2733.919060
  0                       12                        3                        9                      4412.967165
-20                       13                        3                       -5                      2273.219675
  0                       12                        3                        4                      3604.397059
-20                       13                        3                       -3                      2215.866871
  0                       12                        3                        2                      3407.895966
-20                       13                        3                       -2                      2214.389100
  0                       12                        3                        1                      3336.844051
-20                       13                        3                       -1                      2231.043751
-30                       32                      -57                       -7                      92890.741196
-50                        0                      -26                      -19                      113002.897682
-110                       15                       37                        6                      206716.671352
-40                        4                      -100                       13                      225727.265360
-10                       12                        2                        1                      1045.573805
  0                       12                        1                        2                      3166.605214
-20                       13                        2                       -1                      2137.571801
  0                       12                        2                        1                      3211.923151
-30                        8                      -20                       11                      22392.044222
 20                        3                      -50                       -4                      58513.003155
-60                       19                      -50                       -4                      79425.487696
-60                        2                       26                       -4                      115442.291187
-10                       12                        4                       -0                      1266.771637
-10                       12                        0                       -0                      909.985937
-10                       12                        0                       -3                      1001.542264
  0                       12                        0                        3                      3147.970748
-20                       13                        2                        0                      2156.634398
  0                        7                        0                        2                      1576.935055
-10                       12                        0                       10                      1783.405565
-10                       12                      -20                        0                      8726.057437
-30                       10                        0                       -1                      12329.263687
-10                       12                       -0                       -1                      922.372291
-20                       14                        0                       -0                      1602.446505
-20                       18                        2                       -1                      2154.596585
-10                       10                        1                        1                      1340.242991
-10                       12                        1                        5                      1227.859287
-10                       10                        0                        1                      1295.322091
-10                       12                      -10                        1                      2666.522999
-20                       12                        1                        0                      2772.833016
-10.199999999999999289    12                        0                        1                      913.205017
-10.099999999999999645    11                       -1                        1                      992.742654
-10.199999999999999289    12                       -3                        1                      1018.442316
-10.099999999999999645    12                       -1                        1                      909.347610
-10.099999999999999645    13                        1                        1                      1105.394368
-10.099999999999999645    12                       -4                        4                      1071.923932
-10.099999999999999645    12                        0                        1                      914.268511
-10.099999999999999645    12                        8                       -4                      1917.250573
-10.099999999999999645    11                        6                        6                      2639.639875
-20.100000000000001421    12                        0                        0                      2782.173098
-10.099999999999999645    13                        8                        3                      2857.321677
-10.400000000000000355    12                       -4                        4                      1069.933451
-10.199999999999999289    11.910000000000000142     0                        1                      912.064451
-10.199999999999999289    11.960000000000000853    -1                        1                      907.547599
-10.199999999999999289    11.929999999999999716    -1                       -0                      917.214698
-10.099999999999999645    11.939999999999999503    -1                        1                      907.876593
-10                       12.039999999999999147    -2                        1                      947.666081
-10.199999999999999289    11.939999999999999503     0                        1                      912.238000
-10.199999999999999289    11.960000000000000853     0                        1                      912.468499
-10.199999999999999289    11.960000000000000853    -2                        1                      942.626698
-10.199999999999999289    11.960000000000000853     0                        3                      978.357897
-10.199999999999999289    12.960000000000000853     0                        1                      1041.089456
-20.199999999999999289    11.960000000000000853     4                        1                      3279.402755
 -0.2000000000000000111   11.960000000000000853     4                        0                      3316.257478
-10.5                     11.839999999999999858    -1                        1                      910.783723
-10                       11.910000000000000142    -2                        0                      968.940521
-10.400000000000000355    11.869999999999999218    -1                        2                      916.644618
 -9                       11.990000000000000213     1                        1                      996.061270
-11.300000000000000711    11.460000000000000853    -1                        1                      993.934692
-15.199999999999999289    12.080000000000000071    -1                        1                      1334.084560
 -8.0999999999999996447   12.009999999999999787    -1                        0                      1026.601417
-10.199999999999999289    11.910000000000000142     0                        0.57999999999999996003 907.442574
-10.199999999999999289    11.759999999999999787     3                       -0.41999999999999998446 1099.320416
-10.300000000000000711    11.910000000000000142    -2                        1.5800000000000000711  935.715759
-10.099999999999999645    11.980000000000000426     0                        0.57999999999999996003 909.064455
-10.599999999999999645    11.859999999999999432     0                       -0.41999999999999998446 913.932102
 -8.4000000000000003553   11.419999999999999929    -2                        0.57999999999999996003 969.872626
-15.199999999999999289    12.070000000000000284    -1                        0.57999999999999996003 1339.864714
 -6.2999999999999998224   12.410000000000000142    -1                        0.57999999999999996003 1411.188676
-10.300000000000000711    11.929999999999999716    -0                        0.57999999999999996003 907.459820
-10.199999999999999289    11.759999999999999787     3                       -0.68000000000000004885 1090.511499
-10.400000000000000355    11.890000000000000568    -1                        1.3700000000000001066  908.967316
-10.5                     11.869999999999999218    -1                        1.1899999999999999467  909.873085
-10.199999999999999289    11.949999999999999289     0                        0.72999999999999998224 909.003381
-10.400000000000000355    11.900000000000000355    -1                        1.0400000000000000355  907.862652
-10.199999999999999289    11.960000000000000853     0                        0.23000000000000000999 906.438401
-10                       12                        1                       -0.34000000000000002442 936.012943
-10.099999999999999645    11.980000000000000426     1                        0.16000000000000000333 939.353478
-10.300000000000000711    11.919999999999999929    -1                        0.81999999999999995115 907.644888
-10.199999999999999289    11.960000000000000853     1                        0.38000000000000000444 941.941664
-10.300000000000000711    11.929999999999999716    -1                        0.70999999999999996447 908.187802
-10.199999999999999289    12.109999999999999432     0                       -0.77000000000000001776 919.310442
-10.199999999999999289    11.910000000000000142     0                        0.23000000000000000999 906.034354
-10.199999999999999289    11.910000000000000142     1                        0.23000000000000000999 938.847408
-10.199999999999999289    11.910000000000000142    -1                        0.23000000000000000999 913.221299
-10.199999999999999289    11.910000000000000142     0                       -0.77000000000000001776 914.250251
-20.199999999999999289    12.910000000000000142     0                        0.23000000000000000999 2172.425965
-20.199999999999999289    10.910000000000000142     0                        0.23000000000000000999 3847.744051
-10.199999999999999289    11.759999999999999787     0                        0.23000000000000000999 908.266210
-10.199999999999999289    11.910000000000000142    -0.46000000000000001998   0.57999999999999996003 903.248929
-10.199999999999999289    11.910000000000000142    -1.4599999999999999645    1.5800000000000000711  916.637445
-10.099999999999999645    11.919999999999999929    -0.46000000000000001998   0.57999999999999996003 903.675312
-10.199999999999999289    11.939999999999999503    -0.46000000000000001998   0.57999999999999996003 903.422477
-11.400000000000000355    11.519999999999999574    -1.4599999999999999645    1.5800000000000000711  1000.007630
-12                       11.970000000000000639    -1.4599999999999999645   -0.41999999999999998446 1002.506447
-11.800000000000000711    11.410000000000000142    -0.46000000000000001998  -0.41999999999999998446 1056.561364
-15.199999999999999289    12.070000000000000284    -0.46000000000000001998   0.57999999999999996003 1333.987689
-10.199999999999999289    11.910000000000000142    -1.8400000000000000799    1.6299999999999998934  928.624296
-10.199999999999999289    11.910000000000000142    -0.46000000000000001998   1                      904.832837
-10.199999999999999289    11.929999999999999716    -0.92000000000000003997   1.1399999999999999023  906.384066
-10.199999999999999289    11.919999999999999929    -0.23000000000000000999   0.46000000000000001998 904.023591
-10.199999999999999289    11.939999999999999503    -0.3499999999999999778    0.10000000000000000555 904.931475
-10.199999999999999289    11.919999999999999929    -0.42999999999999999334   0.78000000000000002665 903.748992
-10.199999999999999289    11.929999999999999716    -0.68000000000000004885   0.80000000000000004441 903.997700
-10.199999999999999289    11.919999999999999929    -0.56000000000000005329   0.71999999999999997335 903.444587
-10.199999999999999289    11.929999999999999716    -0.54000000000000003553   0.4500000000000000111  903.797849
-10.199999999999999289    11.919999999999999929    -0.46000000000000001998   0.69999999999999995559 903.409980
-10.300000000000000711    11.929999999999999716    -0.51000000000000000888   0.70999999999999996447 903.366595
-10.300000000000000711    11.929999999999999716    -0.39000000000000001332   0.56999999999999995115 903.348603
-10.300000000000000711    11.910000000000000142    -0.4500000000000000111    0.69999999999999995559 903.487632
-10.199999999999999289    11.929999999999999716    -0.46000000000000001998   0.60999999999999998668 903.348729
-10.300000000000000711    11.929999999999999716    -0.4500000000000000111    0.54000000000000003553 903.277020
-10.199999999999999289    11.919999999999999929    -0.36999999999999999556   0.44000000000000000222 903.423007
-10.300000000000000711    11.929999999999999716    -0.47999999999999998224   0.64000000000000001332 903.287415
-10.400000000000000355    11.919999999999999929    -0.42999999999999999334   0.56000000000000005329 903.711254
-10.199999999999999289    11.929999999999999716    -0.4500000000000000111    0.5999999999999999778  903.348873
-10.900000000000000355    12.109999999999999432    -0.58999999999999996891   0.80000000000000004441 905.926538
-10.400000000000000355    11.970000000000000639     0.04000000000000000083   0.46000000000000001998 907.529466
-11.199999999999999289    11.949999999999999289    -0.64000000000000001332   0.08000000000000000167 923.454375
-12.199999999999999289    11.810000000000000497    -0.4000000000000000222    0.76000000000000000888 999.336943
-10.099999999999999645    11.900000000000000355    -0.46000000000000001998   0.57999999999999996003 903.460492
-10.199999999999999289    11.900000000000000355    -0.26000000000000000888   0.56999999999999995115 903.990147
-10.599999999999999645    11.810000000000000497    -0.46999999999999997335   0.69999999999999995559 910.402985
-10.800000000000000711    11.880000000000000782    -0.46999999999999997335   0.38000000000000000444 911.753310
-11.199999999999999289    11.980000000000000426    -0.4500000000000000111    0.67000000000000003997 917.105842
-10.224000000000000199    11.908400000000000318    -0.46000000000000001998   0.57999999999999996003 903.234424
-10.323999999999999844    11.908400000000000318    -0.46000000000000001998   0.57999999999999996003 903.436371
-10.224000000000000199    11.908400000000000318    -0.54000000000000003553   0.5999999999999999778  903.346830
-10.224000000000000199    11.918400000000000105    -0.5                      0.58999999999999996891 903.275066
-10.224000000000000199    11.908400000000000318    -0.46000000000000001998   0.51000000000000000888 903.281410
-10.224000000000000199    11.908400000000000318    -0.46000000000000001998   0.54000000000000003553 903.250394
-10.124000000000000554    11.888400000000000745    -0.48999999999999999112   0.60999999999999998668 903.324657
-10.224000000000000199    11.918400000000000105    -0.46000000000000001998   0.56000000000000005329 903.249838
-10.224000000000000199    11.908400000000000318    -0.41999999999999998446   0.54000000000000003553 903.253900
-10.224000000000000199    11.908400000000000318    -0.44000000000000000222   0.55000000000000004441 903.240579
-10.224000000000000199    11.918400000000000105    -0.4500000000000000111    0.5999999999999999778  903.252686
-10.224000000000000199    11.908400000000000318    -0.46000000000000001998   0.55000000000000004441 903.243682
-10.224000000000000199    11.898400000000000531    -0.4500000000000000111    0.56999999999999995115 903.247194
-10.224000000000000199    11.898400000000000531    -0.4500000000000000111    0.55000000000000004441 903.252034
-10.224000000000000199    11.908400000000000318    -0.46000000000000001998   0.56999999999999995115 903.235697
-10.323999999999999844    11.958399999999999253    -0.39000000000000001332   0.68000000000000004885 903.590488
-10.323999999999999844    12.008399999999999963    -0.41999999999999998446   0.5                    903.779428
-10.224000000000000199    11.838400000000000034    -0.35999999999999998668   0.54000000000000003553 903.944646
 -9.224000000000000199    11.918400000000000105    -0.46000000000000001998   0.58999999999999996891 924.066555
-10.224000000000000199    11.918400000000000105    -0.46999999999999997335   0.58999999999999996891 903.247282
-10.295999999999999375    11.903600000000000847    -0.46000000000000001998   0.57999999999999996003 903.371385
-10.224000000000000199    11.908400000000000318    -0.45800000000000001821   0.58030000000000003801 903.234337
-10.224000000000000199    11.908400000000000318    -0.45200000000000001288   0.58120000000000004992 903.235157
-10.247999999999999332    11.901799999999999713    -0.45400000000000001465   0.57020000000000004015 903.265522
-10.211999999999999744    11.907999999999999474    -0.45850000000000001865   0.57750000000000001332 903.236712
-10.217999999999999972    11.918200000000000571    -0.46829999999999999405   0.5838999999999999746  903.252132
-10.223000000000000753    11.903399999999999537    -0.45460000000000000409   0.57350000000000000977 903.237289
-10.218999999999999417    11.91319999999999979     -0.46370000000000000107   0.580400000000000027   903.239830
-10.221999999999999531    11.905900000000000816    -0.45689999999999997282   0.57520000000000004459 903.234953
-10.234999999999999432    11.907600000000000406    -0.4590000000000000191    0.57530000000000003357 903.238140
-10.217999999999999972    11.907899999999999707    -0.45860000000000000764   0.57689999999999996838 903.234880
-10.220000000000000639    11.906900000000000261    -0.45679999999999998384   0.58620000000000005436 903.234856
-10.221000000000000085    11.909900000000000375    -0.4597999999999999865    0.58650000000000002132 903.235268
-10.221999999999999531    11.906900000000000261    -0.45760000000000000675   0.57799999999999995826 903.234484
-10.285000000000000142    11.958399999999999253    -0.46760000000000001563   0.57699999999999995737 903.341050
-10.057000000000000384    11.912200000000000344    -0.43180000000000001714   0.53029999999999999361 903.859485
 -9.9380000000000006111   11.901199999999999335    -0.50800000000000000711   0.56320000000000003393 904.763997
 -9.724000000000000199    11.919700000000000628    -0.44019999999999998019   0.607099999999999973   908.733765
-10.236000000000000654    11.907899999999999707    -0.45739999999999997327   0.58089999999999997193 903.238021
-10.227000000000000313    11.907400000000000873    -0.45760000000000000675   0.58540000000000003144 903.235257
-10.220000000000000639    11.90779999999999994     -0.45839999999999997415   0.57899999999999995914 903.234470
-10.224999999999999645    11.908899999999999153    -0.46019999999999999796   0.57250000000000000888 903.235255
-10.221000000000000085    11.907400000000000873    -0.45769999999999999574   0.58279999999999998472 903.234435
-10.223000000000000753    11.909100000000000463    -0.45950000000000001954   0.58309999999999995168 903.234471
-10.221999999999999531    11.908599999999999852    -0.4590000000000000191    0.58179999999999998384 903.234423
-10.226000000000000867    11.908599999999999852    -0.4590000000000000191    0.58350000000000001865 903.234480
-10.221000000000000085    11.907999999999999474    -0.45850000000000001865   0.58009999999999994902 903.234399
-10.224999999999999645    11.909299999999999997    -0.46010000000000000897   0.57830000000000003624 903.234542
-10.221999999999999531    11.907899999999999707    -0.45829999999999998517   0.58169999999999999485 903.234357
-10.221000000000000085    11.908099999999999241    -0.45689999999999997282   0.58199999999999996181 903.234487
-10.223000000000000753    11.908300000000000551    -0.45919999999999999707   0.58050000000000001599 903.234358
-10.173000000000000043    11.888400000000000745    -0.46029999999999998694   0.57909999999999994813 903.246611
-10.147000000000000242    11.909599999999999298    -0.46139999999999997682   0.60029999999999994476 903.362083
-10.060999999999999943    11.915399999999999991    -0.47799999999999998046   0.57020000000000004015 903.875788
-10.023999999999999133    11.911500000000000199    -0.43830000000000002292   0.57579999999999997851 904.090072
-10.320000000000000284    11.91629999999999967     -0.4552999999999999825    0.57689999999999996838 903.363758
-10.224000000000000199    11.908400000000000318    -0.45810000000000000719   0.580400000000000027   903.234337
-10.226000000000000867    11.908500000000000085    -0.45829999999999998517   0.58140000000000002789 903.234443
-10.221999999999999531    11.908099999999999241    -0.45850000000000001865   0.580400000000000027   903.234354
-10.221999999999999531    11.908500000000000085    -0.44800000000000000933   0.58020000000000004903 903.236389
-10.16200000000000081     11.911899999999999267    -0.45810000000000000719   0.5903000000000000469  903.330389
-10.176000000000000156    11.918400000000000105    -0.45829999999999998517   0.57379999999999997673 903.331271
-10.124000000000000554    11.901199999999999335    -0.45819999999999999618   0.57660000000000000142 903.378302
-10.227000000000000313    11.908200000000000784    -0.45819999999999999618   0.58030000000000003801 903.234639
-10.223530000000000229    11.908408136149999379    -0.45807900000000001395   0.58037700000000003175 903.234332
-10.222120000000000317    11.908432544600000114    -0.45831600000000000117   0.58060800000000001297 903.234376
-10.22353999999999985     11.908414387540300794    -0.45807399999999998119   0.58036898222999999675 903.234332
-10.225540000000000518    11.908711261845150275    -0.457627000000000006     0.58032299111499996425 903.234375
-10.222879999999999967    11.908252815461290552    -0.45828200000000002268   0.58038100000000003575 903.234336
-10.22371000000000052     11.908369136150000145    -0.45809100000000002595   0.57537700000000002731 903.234559
-10.236520000000000508    11.905585136150000025    -0.45307900000000000951   0.58039099999999999024 903.242203
-10.271720000000000184    11.913408136150000161    -0.45650800000000002488   0.58035099999999995024 903.263449
-10.173529999999999518    11.912154136150000738    -0.45466400000000001258   0.58032099999999997575 903.301901
-10.221320000000000405    11.908804382775400654    -0.45890500000000000735   0.58537600000000000744 903.234699
-10.223440000000000083    11.908368918300020312    -0.45792599999999999971   0.58027499999999998526 903.234332
-10.222699999999999676    11.908322128725799871    -0.45818100000000000493   0.58040099111499998674 903.234341
-10.223670000000000258    11.908380532181450207    -0.45804499999999997994   0.58032499999999997975 903.234333
-10.22879999999999967     11.907765136149999208    -0.45607900000000001217   0.57982400000000000606 903.235284
-10.238179999999999836    11.910408136150000047    -0.45734700000000000353   0.58209599999999994679 903.236678
-10.242599999999999483    11.90904213614999918     -0.4589300000000000046    0.57837700000000002998 903.240712
-10.207140000000000768    11.910408136150000047    -0.45734700000000000353   0.57913599999999998413 903.242925
-10.222559999999999647    11.908459181983390707    -0.45838804083480000351   0.5804759748458200308  903.234357
-10.22353999999999985     11.908414576189999323    -0.45802300000000001345   0.58033400000000001651 903.234332
-10.223359999999999559    11.908422476908709697    -0.45800600000000002421   0.580351999999999979   903.234333
-10.223430000000000462    11.90841199072688994     -0.4580159999999999787    0.58034600000000002851 903.234332
-10.225329999999999586    11.90843413614999946     -0.45732600000000001028   0.58137700000000003264 903.234425
-10.2233900000000002      11.909408136150000601    -0.45813700000000001644   0.58039700000000005176 903.234458
-10.229369999999999408    11.908492136150000462    -0.45707900000000001306   0.57951699999999994883 903.234986
-10.233530000000000015    11.908393136149999947    -0.45852599999999998914   0.58053399999999999448 903.236348
-10.217290000000000205    11.907324654539939601    -0.45900499999999999634   0.58119900000000002116 903.234691
-10.223633038270010687    11.908405527088589793    -0.457627000000000006     0.58009999999999994902 903.234334
-10.223594999999999544    11.908391018363269964    -0.45803500000000002546   0.58033149111500004214 903.234332
-10.223553750000000662    11.908396261454170073    -0.45803025000000002764   0.58033511833624995546 903.234332
-10.224287500000000861    11.908578126149999221    -0.4575790000000000135    0.58052968000000004789 903.234342
-10.225758100000000184    11.90890813614999999     -0.45824056000000001898   0.58023884000000003347 903.234367
-10.221049199999999502    11.908438646149999585    -0.45789910999999999808   0.5798769999999999758  903.234463
-10.218529999999999447    11.908668356150000633    -0.45816308000000000034   0.58061070999999997433 903.234949
-10.223574951999999882    11.908398528950000284    -0.45808334249999999033   0.58037951769999995832 903.234332
-10.224326779840010815    11.908200000000000784    -0.45792599999999999971   0.58038086753999995615 903.234364
-10.223471249999999344    11.908406747635989831    -0.45802074999999997651   0.58034237277875000416 903.234332
-10.223159100000000166    11.908401936149999756    -0.45810532999999997728   0.58017700000000005378 903.234335
-10.223115200000000513    11.9084011961500007      -0.45787899999999998046   0.58035857999999995727 903.234336
-10.223517499999999814    11.908608136150000689    -0.45807294999999997875   0.58037022999999998696 903.234336
-10.221529999999999561    11.90840943615000036     -0.45811656000000000599   0.58041900000000001825 903.234412
-10.224126768897010109    11.908214269556410159    -0.45805679083154998699   0.58057956056116000187 903.234354
-10.223708897999999934    11.908608136150000689    -0.45818100000000000493   0.58017700000000005378 903.234335
-10.223453299999999189    11.908411016149999639    -0.45814366000000000811   0.58027700000000004277 903.234332
-10.222530000000000783    11.908407156150000006    -0.45805698000000000247   0.58037039999999995299 903.234352
-10.2237954000000002      11.908398176149999514    -0.45797900000000002496   0.58031001000000004275 903.234334
-10.223539600000000505    11.908508136149999146    -0.45807091999999999254   0.58037457999999997327 903.234333
-10.223604445999999513    11.908305365549999522    -0.4580236402000000262    0.58048015590000001662 903.234334
-10.222530000000000783    11.908508136149999146    -0.45814366000000000811   0.58027700000000004277 903.234362
-10.22336817300000078     11.90842167205000024     -0.45812900000000000844   0.58035758940000004014 903.234333
-10.223813665999999856    11.908443003349999501    -0.45805933119999997505   0.58032700000000003726 903.234333
-10.223113148999999567    11.908359253749999596    -0.45805933119999997505   0.58032700000000003726 903.234334
-10.22403000000000084     11.908366314049999346    -0.45810259209999998342   0.58036692160000002971 903.234339
-10.223232442594499148    11.90837526837113991     -0.45804037766779998053   0.58045053654458000914 903.234333
-10.22403000000000084     11.908401420550010386    -0.45812900000000000844   0.58030000000000003801 903.234337
-10.223584918000000243    11.90839023194999946     -0.45808092109999998254   0.58039700000000005176 903.234332
-10.223538147999999381    11.908409554949999531    -0.45805899999999999395   0.58037996749999998247 903.234332
-10.22341513699999993     11.908388136150000136    -0.45807498190000001115   0.58036263570000001799 903.234332
-10.223729999999999762    11.908403618450000394    -0.45807809240000002537   0.58036755110000004532 903.234333
-10.223520451449999769    11.908407141569000487    -0.45809903004599999976   0.58037407063199997204 903.234332
-10.223409132600000504    11.908359253749999596    -0.45812900000000000844   0.58042271037228998498 903.234332
-10.223425000000000651    11.908433526940319425    -0.45806099999999999595   0.58038149999999999462 903.234332
-10.22346749999999993     11.908422899796059724    -0.45805449999999997557   0.58036899777874995099 903.234332
-10.223496645000000882    11.908411635749999391    -0.45808683080000001109   0.58038699999999998624 903.234332
-10.223547678999999277    11.908418136150000777    -0.45808205270000001974   0.58037169960000001279 903.234332
-10.22347208699999932     11.908414212449999425    -0.45806900000000000395   0.58038077269999999164 903.234332
-10.223629999999999995    11.90840987454999933     -0.4580761389999999933    0.58038196750000003998 903.234332
-10.223521091209999412    11.908396721849999977    -0.45808399967300000855   0.58035831280399996501 903.234332
-10.223576787000000721    11.908396087345149539    -0.45809963180000001781   0.58038128246499998131 903.234332
-10.223567127249999942    11.908399454246369586    -0.45808947384999998409   0.5803809537237499816  903.234332
-10.223529440569999238    11.90841313614999919     -0.45807850967399998954   0.58038005803799996851 903.234332
-10.223529722700000377    11.908407699070000518    -0.45808399999999999119   0.58037851583400001942 903.234332
-10.223580000000000112    11.908408088565000327    -0.45807897353900001169   0.58037716503000003065 903.234332
-10.223527946400000843    11.908404899303999258    -0.4580772000750000239    0.58038199999999995349 903.234332
-10.223482890330000572    11.908406857660999378    -0.4580763167119999979    0.58036726109799996465 903.234332
-10.223589797000000701    11.908397327445149116    -0.4580741880499999974    0.58038203411500000062 903.234332
-10.223579267499999901    11.908402529621360699    -0.45807615421249997523   0.58037945048624994815 903.234332
-10.223549999999999471    11.908407159831000399    -0.45808031327799997312   0.58037838753399995095 903.234332
-10.223543084379999257    11.908409416321999785    -0.45807700000000001195   0.58037790775099995511 903.234332
-10.223521110469999229    11.908410136149999659    -0.45808034227599997434   0.58037841817099999897 903.234332
-10.22354455107999982     11.908409559822999313    -0.45807995548100000072   0.58037499999999997424 903.234332
-10.223491254069999812    11.908404408623999515    -0.45807738896499999859   0.58037528654399994643 903.234332
-10.223556635234999135    11.908413630663499561    -0.45808304153149997928   0.58037436945099996066 903.234332
-10.22354946302625045     11.908411447823629814    -0.4580815811673800142    0.58037627708825001438 903.234332
-10.22353999999999985     11.908408667722000018    -0.45807941514099997926   0.58037716936999994566 903.234332
-10.223533757080000228    11.908408335865999561    -0.45807799999999998519   0.58037660600999996241 903.234332
-10.223524656129999499    11.908409136150000407    -0.45807877815399999921   0.58037756038999999131 903.234332
-10.223527355679999928    11.908408643054999132    -0.45807939587800000636   0.580376000000000003   903.234332
-10.22352423110999986     11.908405897956999553    -0.45807941082699998869   0.58037766423000003435 903.234332
-10.223527546345000161    11.908407864403500298    -0.45807837229600001372   0.58038085672799999415 903.234332
-10.223531797528750076    11.908408288258380381    -0.45807876809225001047   0.58037939254600001693 903.234332
-10.223525000000000418    11.90840809466978989     -0.45807924903355001778   0.58037726689705004812 903.234332
-10.223530342145499716    11.908408636149999893    -0.45807907073277998045   0.58037707580652997397 903.234332
-10.223532256701700405    11.908408058441750654    -0.4580789042828000146    0.58037749999999999062 903.234332
-10.223527581422199972    11.908408219432359942    -0.45807849999999999957   0.58037702638642996167 903.234332
-10.223534819730600631    11.908407672056100068    -0.45807927595087000183   0.58037613090998996235 903.234332
-10.223517884445000092    11.908408457888500109    -0.45807817187499999534   0.58037641383000004858 903.234332
-10.223523413333749588    11.90840851034688086     -0.45807848269149997744   0.58037660271500002285 903.234332
-10.223529666118800208    11.908408303706570663    -0.45807907154422000673   0.580376800000000026   903.234332
-10.223527999999999949    11.908408321434910349    -0.45807894018237999001   0.58037716721860999058 903.234332
-10.223530569624299957    11.908408176050150118    -0.4580788000000000082    0.58037695237411002225 903.234332
-10.223532000000000508    11.908408276242889556    -0.45807905981761998238   0.58037710537733000482 903.234332
-10.223529764256900521    11.908407603315479761    -0.45807912845578002692   0.58037697502995000409 903.234332
-10.223531218001399523    11.908408243273409965    -0.45807961202456998207   0.58037739496536000505 903.234332
-10.223530308856599191    11.908408237313150124    -0.45807933401841999244   0.58037730282063004772 903.234332
-10.223529908255200027    11.908408058547850672    -0.45807893931881998872   0.58037709999999997912 903.234332
-10.223530817940400084    11.908408236150000548    -0.45807896225497002352   0.5803770622021999781  903.234332
-10.223529461422300457    11.908408167933830057    -0.45807890000000001107   0.58037695904259001267 903.234332
-10.223528999999999201    11.908408195164380317    -0.4580790461464300245    0.58037706462413996    903.234332
-10.223530812382099597    11.90840802295394063     -0.45807915227978002193   0.58037681413107000683 903.234332
-10.223527117871549663    11.908408192427929251    -0.45807884604567999931   0.58037685441902997496 903.234332
-10.223528338403660598    11.908408213381669327    -0.4580788994886699772    0.58037691715860995068 903.234332
-10.223529614874420801    11.908408158798460263    -0.45807904999999998763   0.58037701111906003781 903.234332
-10.223529776003040581    11.908408186149999963    -0.45807896197844999442   0.58037699154472000007 903.234332
-10.223530500000000742    11.908408174593809292    -0.45807901690155999885   0.58037701887364001596 903.234332
-10.22352991282178003     11.90840812944708027     -0.45807898520224998862   0.58037704999999994993 903.234332
-10.223530196300760764    11.908408031760650658    -0.4580789859177399892    0.58037692846258004398 903.234332
-10.223531093808949421    11.908408104226460011    -0.45807885464046999013   0.58037699599825998131 903.234332
-10.223530570356709646    11.9084081269609392      -0.45807890251695998485   0.58037701315473000374 903.234332
-10.223529976028530086    11.908408147466980509    -0.45807902000000000342   0.58037698907448997954 903.234332
-10.223529886986460369    11.908408156149999257    -0.45807899024079001826   0.58037700533122005275 903.234332
-10.223530200000000789    11.90840814592271002     -0.45807899171334998112   0.58037699056533997855 903.234332
-10.223530107093980135    11.908408141382990308    -0.45807900924803002241   0.58037702000000002123 903.234332
-10.223529829891029763    11.908408089827320353    -0.45807898879782998902   0.58037699502895001569 903.234332
-10.22353003261694937     11.908408198399049738    -0.45807902923776000481   0.58037696076871003736 903.234332
-10.223530002668159256    11.908408181161059147    -0.45807901822887997501   0.58037698307652996199 903.234332
-10.223529935827500026    11.908408138055259329    -0.45807900053242001093   0.58037700999999997098 903.234332
-10.223529983288070611    11.908408146150000206    -0.45807899984190997289   0.58037699703071998769 903.234332
-10.223530004438620367    11.908408136300250746    -0.45807899000000001921   0.58037700078862997088 903.234332
-10.223529900000000836    11.908408132764849441    -0.45807899905402998941   0.58037699427806999086 903.234332
-10.223530176445809303    11.908408127479640726    -0.45807901057164002179   0.58037699790258001631 903.234332
-10.223529924413510273    11.908408151461850721    -0.45807899172903998597   0.58037697248552999607 903.234332
-10.223529970083630403    11.908408148942140059    -0.45807899610878999308   0.5803769843641399806  903.234332
-10.223529949999999644    11.908408137665329463    -0.45807899954830000322   0.58037699618066995733 903.234332
-10.223529984674430082    11.908408141149999793    -0.45807900046538002625   0.5803770039350399923  903.234332
-10.223529996443510015    11.908408135787690085    -0.45807899499999998882   0.58037700091318000784 903.234332
-10.223530049081420046    11.908408141149999793    -0.45807899850957001231   0.58037699573463996661 903.234332
-10.223530019800639579    11.908408124996979538    -0.45807900647674998362   0.58037700323647001266 903.234332
-10.22353006177709922     11.908408145562910718    -0.45807899613314001508   0.5803770096316099858  903.234332
-10.223530021332820183    11.90840814236339007     -0.45807899686336001066   0.58037700579322004657 903.234332
-10.22352998000000035     11.908408136122339727    -0.45807899981785998866   0.58037700005517001145 903.234332
-10.223530000287240682    11.908408138149999544    -0.45807899943283997279   0.58037700017177995537 903.234332
-10.223529997704750016    11.908408136838350089    -0.4580790020000000129    0.5803769986273700221  903.234332
-10.223529999342979124    11.908408136347039985    -0.45807900129727002758   0.58037700199999997519 903.234332
-10.223530022665029193    11.908408133292269326    -0.45807899745203001229   0.58037699914567997261 903.234332
-10.223529916477550827    11.908408134226510455    -0.45807899899727000381   0.580377004779810024   903.234332
-10.223529949628520797    11.908408135957380125    -0.45807899887534997418   0.58037700251850998789 903.234332
-10.223530002094850744    11.908408135378010684    -0.45807899899999998672   0.58037700053125995669 903.234332
-10.223530007621230098    11.908408137149999462    -0.4580789995224400224    0.5803770002537099737  903.234332
-10.223529989999999401    11.908408136633740426    -0.45807899924021999727   0.58037699966710998289 903.234332
-10.223529995607789189    11.908408136362469421    -0.45807900027522002739   0.58037700100000000347 903.234332
-10.223530004676129934    11.908408135225780455    -0.45807900196211998045   0.58037699854792001997 903.234332
-10.223529989653020067    11.908408137283309713    -0.45807899932807999432   0.58037699742715997964 903.234332
-10.223529992075510719    11.908408137049239173    -0.45807899982037997288   0.58037699857036995077 903.234332
-10.223529998365339821    11.908408135649999338    -0.458079000055570007     0.58037700001461001165 903.234332
-10.223530005000000642    11.908408135995559363    -0.45807900007598001402   0.58037700001996994636 903.234332
-10.223530000533610718    11.908408136077040851    -0.45807899949999997258   0.58037700000212999463 903.234332
-10.223529999861829864    11.908408136168889158    -0.4580789999979000271    0.5803770004999999621  903.234332
-10.223529996239220097    11.908408136858509963    -0.45807900037054999354   0.58037699946329002199 903.234332
-10.223530004250250158    11.908408136293409996    -0.45807899860611001053   0.58037699922604002456 903.234332
-10.223530002089640689    11.908408136310670855    -0.45807899902338999887   0.58037699966953004704 903.234332
-10.22352999871984025     11.908408136349999396    -0.45807899998389001173   0.58037699998111003108 903.234332
-10.223529998000000063    11.908408136027549773    -0.45807900002909002213   0.58037700003411996086 903.234332
-10.223529999863739448    11.908408136125389731    -0.4580789997999999974    0.58037700000231995379 903.234332
-10.22353000016041058     11.908408136178969983    -0.45807899999766998889   0.5803770002000000483  903.234332
-10.223530003256010801    11.908408136068089789    -0.45807900018934999409   0.58037699978245005372 903.234332
-10.223530002087640511    11.908408135767409419    -0.45807899981786998067   0.58037699951835997059 903.234332
-10.223530001531189626    11.908408135867780686    -0.4580789998628799764    0.58037699976376999622 903.234332
-10.223529999000000146    11.908408136097769159    -0.45807899997966000649   0.58037699994401004133 903.234332
-10.223530000492599967    11.908408136177040859    -0.45807899996368001139   0.58037699990000002348 903.234332
-10.223529999819339409    11.908408136184210235    -0.45807899990000000567   0.58037700003667003212 903.234332
-10.223530000528059603    11.908408136049999371    -0.45807899996105999607   0.58037700001311998133 903.234332
-10.223530000160000242    11.908408136240980824    -0.4580790001955999946    0.58037700010619996949 903.234332
-10.223529998131379415    11.908408136147500045    -0.45807899990882000596   0.58037699980877999195 903.234332
-10.223529998638639427    11.908408136155369306    -0.45807899993103001757   0.58037699990657998228 903.234332
-10.223529999500000187    11.908408136137509814    -0.4580790000100399828    0.58037700001214997947 903.234332
-10.22353000016022051     11.908408136167720315    -0.45807900004132001692   0.58037700005000003589 903.234332
-10.223530000155840014    11.908408136100000263    -0.45807899995654999259   0.58037700004863002068 903.234332
-10.223529999844160443    11.908408136200000271    -0.45807899995980999597   0.58037700002048997483 903.234332
-10.223530000339779988    11.908408136144769784    -0.45807900003228002594   0.58037699986873003688 903.234332
-10.223529999127910273    11.908408136254509557    -0.45807899996061002268   0.58037699992722002751 903.234332
-10.22352999947795027     11.908408136203380678    -0.45807899996071999027   0.58037699994868996445 903.234332
-10.223529999900479837    11.908408136169999381    -0.45807900000721002431   0.58037699998791003608 903.234332
-10.223529999800000212    11.908408136152090151    -0.45807899999124002122   0.58037700001470005073 903.234332
-10.223530000062000411    11.908408136157540014    -0.45807899998000001229   0.58037699999544001273 903.234332
-10.22353000013806934     11.908408136166780622    -0.45807900000605000779   0.58037700002000003341 903.234332
-10.223530000099449566    11.90840813610359028     -0.45807900001550000413   0.58037699998195002582 903.234332
-10.223530000063869139    11.908408136077619943    -0.45807900004414997541   0.58037700003490000356 903.234332
-10.223530000008940632    11.908408136108210584    -0.4580790000230600123    0.58037700003129999438 903.234332
-10.223529999943080426    11.908408136140000266    -0.45807899999794998713   0.58037700000069003536 903.234332
-10.223530000100000237    11.908408136145089529    -0.45807899999660001145   0.58037700000114000876 903.234332
-10.223529999981399996    11.90840813615309024     -0.45807899999000001312   0.58037699999978997756 903.234332
-10.223529999994079631    11.908408136150979928    -0.45807900000020002063   0.58037700001000003258 903.234332
-10.223529999981440852    11.908408136160840485    -0.4580790000152499819    0.58037699998837999349 903.234332
-10.223529999743169228    11.908408136148029399    -0.4580789999831800241    0.58037699997903002824 903.234332
-10.223529999841899141    11.908408136152720758    -0.45807899998889001214   0.58037699998926994827 903.234332
-10.223529999985249361    11.908408136148850076    -0.45807900000244999861   0.58037699999500003134 903.234332
-10.223530000010320862    11.908408136154999823    -0.45807900000057000245   0.58037699999882996771 903.234332
-10.223530000027119868    11.908408136149290613    -0.45807899999500001353   0.58037699999692005104 903.234332
-10.223530000049999344    11.908408136148690204    -0.4580790000027800124    0.58037700000018999091 903.234332
-10.22352999992730993     11.908408136148169731    -0.45807899999919998724   0.58037700000906000675 903.234332
-10.223530000018159924    11.908408136143110667    -0.45807899999208001596   0.58037699999081004965 903.234332
-10.223530000012139851    11.908408136145080647    -0.45807899999411000325   0.58037699999560998787 903.234332
-10.223529999980000227    11.908408136150079315    -0.45807899999995999041   0.58037699999963998643 903.234332
-10.22352999999917067     11.908408136151999557    -0.45807900000008999752   0.58037700000088998653 903.234332
-10.223529999999620088    11.908408136149910561    -0.45807899999800000268   0.58037700000041003712 903.234332
-10.223530000004000584    11.90840813615093019     -0.45807899999954998504   0.58037699999799996498 903.234332
-10.223530000017209574    11.908408136147080825    -0.45807900000239998306   0.58037700000105996168 903.234332
-10.223529999961350256    11.90840813615288063     -0.45807899999622997411   0.5803769999951899905  903.234332
-10.223529999983510308    11.908408136151839685    -0.45807899999786999556   0.5803769999964399906  903.234332
-10.22352999998999934     11.908408136150049117    -0.45807900000036000376   0.58037700000097003361 903.234332
-10.223529999999630746    11.908408136150999468    -0.45807899999996998242   0.58037699999991998467 903.234332
-10.223530000003119511    11.908408136150040235    -0.45807899999899998056   0.58037700000069003536 903.234332
-10.22352999998999934     11.908408136149880363    -0.45807899999918000322   0.58037699999926994909 903.234332
-10.22353000001725043     11.908408136149029488    -0.45807900000148998876   0.58037699999915004501 903.234332
-10.223529999985400352    11.908408136150059775    -0.45807899999947998548   0.58037700000246994492 903.234332
-10.223529999990050854    11.908408136150280043    -0.45807899999948997749   0.58037700000134995193 903.234332
-10.223530000005000673    11.908408136150159251    -0.45807900000003998198   0.58037700000018999091 903.234332
-10.223529999998529405    11.908408136150500312    -0.45807900000000001395   0.58037699999996994471 903.234332
-10.223530000000330631    11.908408136150010037    -0.45807899999950002501   0.58037700000001002376 903.234332
-10.223529999998149265    11.908408136149969181    -0.45807899999999002194   0.58037700000049996518 903.234332
-10.223529999997989393    11.908408136149359891    -0.45807900000047002687   0.58037699999933001216 903.234332
-10.223530000006379126    11.908408136150660184    -0.45807900000048001887   0.5803770000015200381  903.234332
-10.223530000002279294    11.908408136150470114    -0.45807900000015999709   0.5803770000009600416  903.234332
-10.223529999998939743    11.908408136150029577    -0.45807900000020002063   0.58037700000003000778 903.234332
-10.223529999999769302    11.908408136150200107    -0.45807899999995999041   0.58037700000000003175 903.234332
-10.223530000002000406    11.908408136150040235    -0.45807900000009998953   0.58037700000003999978 903.234332
-10.223529999999769302    11.908408136149999379    -0.45807899999995999041   0.58037700000019998292 903.234332
-10.223529999999520612    11.908408136149729373    -0.45807899999978002326   0.58037699999973002551 903.234332
-10.223530000003780316    11.908408136150359979    -0.45807899999978002326   0.58037699999958003438 903.234332
-10.223530000002380547    11.908408136150269385    -0.45807899999982998329   0.58037699999980996157 903.234332
-10.223530000001000317    11.908408136149999379    -0.45807900000004997398   0.5803770000000699758  903.234332
-10.22352999999997003     11.908408136150100631    -0.45807900000000001395   0.58037700000000003175 903.234332
-10.223530000000440765    11.908408136149999379    -0.45807899999989998285   0.58037700000001002376 903.234332
-10.223529999999369622    11.908408136149999379    -0.45807899999999002194   0.58037700000009995183 903.234332
-10.223529999999220408    11.908408136149899903    -0.4580790000000600215    0.58037699999981995358 903.234332
-10.223529999998939743    11.908408136149800427    -0.45807899999988999085   0.58037700000027003799 903.234332
-10.223529999999149354    11.908408136149899903    -0.45807899999989998285   0.58037700000019998292 903.234332
-10.223529999999630746    11.908408136150049117    -0.45807899999999002194   0.58037700000002001577 903.234332
-10.223529999998239859    11.908408136150120171    -0.45807900000001000596   0.58037700000003999978 903.234332
-10.223529999998930862    11.908408136150089973    -0.45807900000001999796   0.58037700000004999179 903.234332
-10.22353000000019918     11.908408136149990497    -0.45807900000000001395   0.58037700000000003175 903.234332
-10.2235299999997995      11.908408136150010037    -0.45807900000000001395   0.58037700000000003175 903.234332
-10.223530000000259577    11.908408136149999379    -0.4580789999999499984    0.58037700000003000778 903.234332
-10.223530000000099704    11.908408136150020695    -0.45807899999995999041   0.58037700000003000778 903.234332
