  1                        1                        1                      41.697912
  1                        1                        1.0500000000000000444  39.257070
  1                        1.0500000000000000444    1                      39.195042
  1.0500000000000000444    1                        1                      43.902491
  0.94999999999999995559   1.0333333333333301063    1.0333333333333301063  36.379926
  0.9000000000000000222    1.0500000000000000444    1.0500000000000000444  32.922494
  0.93333333333333001747   1.0666666666666699825    1.0666666666666699825  32.900541
  0.9000000000000000222    1.1000000000000000888    1.1000000000000000888  29.158780
  0.86666666666667002694   1.1333333333333299731    1.0500000000000000444  28.483794
  0.80000000000000004441   1.1999999999999999556    1.0500000000000000444  23.940027
  0.73333333333332995085   1.1833333333333300175    1.1333333333333299731  19.956303
  0.5999999999999999778    1.25                     1.1999999999999999556  13.272005
  0.63333333333332997306   1.3166666666666699825    1.1833333333333300175  13.145045
  0.5                      1.4499999999999999556    1.25                   7.303395
  0.36666666666667002694   1.5                      1.2333333333333300619  4.746519
  0.10000000000000000555   1.6999999999999999556    1.3000000000000000444  0.721423
 -0                        1.7333333333333300619    1.4499999999999999556  0.193529
 -0.4000000000000000222    2                        1.6499999999999999112  4.265781
 -0.2000000000000000111    2.0055555555555502067    1.4666666666666698937  1.324162
 -0.56666666666666998253   2.1759259259259198238    1.5611111111111100058  7.759310
  0.23333333333333000637   1.6314814814814799782    1.3277777777777799439  1.671596
 -0.2999999999999999889    1.9944444444444400233    1.4833333333333300619  2.374422
  0.10000000000000000555   1.7222222222222201005    1.3666666666666700269  0.463963
  0.33333333333332998416   1.4314814814814800226    1.2777777777777798995  4.528918
 -0.06666666666666999641   1.8620370370370300517    1.4194444444444500597  0.301240
 -0.07777777777777999946   1.8450617283950498937    1.5240740740740799097  0.371523
 -0.19629629629629999354   1.904732510288049907     1.5623456790123499971  1.272523
  0.02592592592592999831   1.7678497942386799391    1.415586419753090075   0.184101
  0.05061728395061999841   1.7304183813443099194    1.3326131687242799284  0.413499
 -0.04567901234568000346   1.8164008916323699516    1.4762088477366299699  0.228943
  0.05349794238683999725   1.6830189757658899907    1.4750857338820300146  0.230874
  0.02345679012346000084   1.7277734910836799465    1.4611754115226400774  0.176610
  0.0786008230452699963    1.669570187471419942     1.4082990397805199567  0.434262
 -0.01460905349794000031   1.7796932155921298957    1.4592313957475999686  0.170239
  0.02318244170096999887   1.7835443339429999376    1.4406621513488899744  0.141884
  0.03477366255145000057   1.8086498342478301016    1.4359932270233299878  0.120653
  0.00315500685872000019   1.776227899710409952     1.4886802697759600189  0.129717
 -0.0079103795153099999    1.8486071419498999457    1.4614278501752899775  0.134883
  0.03462124676118000233   1.8426300350133000272    1.4648361689021200949  0.078709
  0.05923639689073999931   1.8740984447238799859    1.467638555479380047   0.051395
  0.07268709038258000521   1.790710310504850078     1.4667801846771599816  0.118970
  0.10797642635779000631   1.8727444932739600869    1.4249277083439499947  0.118598
  0.125159613202620007     1.883052331420629999     1.4702377386436600304  0.092880
  0.1222278672515200032    1.9625532024407998932    1.4417558169674999924  0.051482
  0.09643949187212999541   1.9403914924495799799    1.4948270323830799011  0.018855
  0.09067102462930000384   1.9742149920373899263    1.5297766944026400804  0.012927
  0.05626391264509000151   1.9908587613807500194    1.4892096392560199014  0.037083
  0.01521968885857000013   1.9302282629872100639    1.5493274424578600268  0.110196
  0.0954758226532800014    1.9544719675774000489    1.468648723340090001   0.022189
  0.10237077639437000554   2.0722653692731500819    1.5241181491864499442  0.028544
  0.13608116980620998948   2.0097761245445400213    1.5258194053634299703  0.023885
  0.11244790166481999361   1.8867100201663999925    1.4920450662176600876  0.055714
  0.10489005771197999761   2.025876531996460006     1.5160998784442500931  0.013785
  0.05794343352350000281   1.9599328698629598922    1.483864125427889924   0.030854
  0.11654673573552999655   1.9973153108741499295    1.5153305853795500102  0.013664
  0.11259605606458999993   2.0437992556946000811    1.5721560488108698994  0.030677
  0.09975588100611000597   1.9768037896066998904    1.4945255547077900271  0.012804
  0.09975903653531000004   1.9396795296823698962    1.5103220112157400568  0.016239
  0.10360730241780999328   2.0043272814179400321    1.5146554116371200305  0.011587
  0.0794760696332799943    1.9729153978338700437    1.5106411884521500077  0.016529
  0.10727906920997000439   1.9912153326140800136    1.5141582361476999541  0.011483
  0.11642381045996000322   2.007349277055090031     1.4857827739257700728  0.015341
  0.09710922108696999622   1.9824985632918199485    1.5187782142834200805  0.011354
  0.10557451413705999654   2.0085569952758599577    1.5372023533376999449  0.014130
  0.10121053928885000162   1.9847420910239899072    1.505194754365269949   0.011401
  0.10012525063938000625   1.9679767098686500315    1.5107653915604699613  0.012014
  0.10273678947320000199   1.9952396385306199189    1.5136829066179600112  0.011190
  0.09342529735603999352   1.9837715292835400582    1.5109456806967300757  0.011863
  0.10381562624649000315   1.9893543817814500763    1.5133550972849600935  0.011175
  0.10123055191558999466   1.9933196313785999099    1.5253493910922899524  0.011702
  0.10121554244553999935   1.9868864761126399099    1.5102334135470298904  0.011156
  0.10806941768984999752   1.9984884343246500649    1.5060693973498799902  0.011653
  0.09984927023768999654   1.9864960310500299201    1.5156010100500401094  0.011152
  0.10051683647994999471   1.9799182874321299419    1.5124434406367299744  0.011229
  0.10218180122488999817   1.9914093007560000892    1.5133730401226499485  0.011129
  0.09834878302558999752   1.9871734901643300919    1.512783211861520094   0.011243
  0.10244891544126999428   1.9888091588771699136    1.5132121259291000381  0.011125
  0.10177111549035999793   1.9909231843428301101    1.5178907038541600283  0.011194
  0.10135443570674999847   1.9878956531701899024    1.5121477361238100379  0.011122
  0.10414083134425000665   1.9922467108188799401    1.5102209247336699782  0.011209
  0.10092216051433000601   1.9879337009922399826    1.5142559887209499081  0.011120
  0.10096853988333999441   1.9850163746037299273    1.5130375270599198956  0.011122
  0.0997145086283399984    1.9850879936335998899    1.5130820420073500809  0.011140
  0.10176531373804000025   1.9878788675662799612    1.5131796049486601063  0.011116
  0.10172606675607000215   1.9907891065487399729    1.5133513594690299886  0.011127
  0.10115792160151999834   1.9864595575899799407    1.5131159851622000279  0.011116
  0.10120916152917999731   1.9869524309288100206    1.514886649764060067   0.011109
  0.10113652444038999378   1.9864808198081200796    1.5162561065841899666  0.011109
  0.10183277073150000247   1.9862602030644700424    1.513198837862330004   0.011124
  0.10114981306862000365   1.9875153265103000511    1.5139917010062999836  0.011113
  0.1015916039557099998    1.9884381924136100839    1.5149226519838099314  0.011115
  0.1008684052976299983    1.9873917656688699918    1.5160210635541200297  0.011125
  0.10154108662793999429   1.9877570920919300779    1.5138899696000300832  0.011112
  0.10100843686145000166   1.9863783739404199391    1.5135895615964500838  0.011113
  0.10115422863501999373   1.9868933285587100368    1.5139228341932899902  0.011111
  0.10145317145946999848   1.9868865745426700364    1.5144746013652901073  0.011108
  0.10160485065490000578   1.9865721985588500331    1.5147160515447799511  0.011106
  0.10110440725145999896   1.9858548799389799111    1.5151270540680599197  0.011104
  0.10088606756321999436   1.9849037738625099347    1.515745596302070064   0.011100
  0.10131249119650999335   1.9853922736747400268    1.5163093642139799933  0.011098
  0.1013916224772599961    1.9846417462327499148    1.5175026292243301018  0.011092
  0.10137919893440999752   1.9837927148406000466    1.5170895349500599369  0.011089
  0.10146421763702000163   1.9822128567964900636    1.5181909775430599829  0.011081
  0.10088975446343000086   1.9812667193689799117    1.5195767505015300713  0.011074
  0.10053220636769999441   1.978613979774050069     1.5220070999799000244  0.011064
  0.10137263009142999381   1.9787419480063499488    1.5227215415294599321  0.011057
  0.10161591135554000342   1.9756610350782699559    1.5262095141431499812  0.011043
  0.1010166010962500055    1.9730168348664600675    1.5267690985530799619  0.011040
  0.10082909040573999337   1.9672043791833100368    1.5314023332174500069  0.011026
  0.10052058778229999714   1.9654400725606000488    1.5348883206839400994  0.011003
  0.10004877285494000183   1.9570536804426499344    1.5432369922543800467  0.010949
  0.10113031004311000272   1.9546654166954400278    1.5452254597634200728  0.010928
  0.10142936188081999593   1.9426911351561300112    1.556834639655179986   0.010879
  0.09992223873878999796   1.9356384281097900324    1.5614397959415200479  0.010859
  0.09907540243041999817   1.9156271246255500706    1.5790549368407100772  0.010793
  0.09953993437171000658   1.9097102476329099741    1.5880153792827300663  0.010727
  0.0988953563546999953    1.8809631818577099427    1.6163219023153700959  0.010574
  0.09955130758902000498   1.8691339473169399366    1.624903993619789988   0.010578
  0.09691868236860999575   1.8344583673773400267    1.6566859155287299021  0.010434
  0.09466334261250000659   1.7803419834879399275    1.7066115534655099673  0.010279
  0.09633126860705999717   1.7713322838161800199    1.7195033627597400283  0.010106
  0.09495920169537999667   1.6991848634114901095    1.7897275757192498968  0.009792
  0.09279395951937000064   1.7045260718544898992    1.783536694046959914   0.009901
  0.08938231286346999538   1.5750720973115699408    1.9035953131724399068  0.009509
  0.08462579111784999941   1.4221265550385000509    2.0472320186009800302  0.009211
  0.08692262560923000314   1.4368830100483800383    2.0403859721126198501  0.008925
  0.08305226710759999742   1.2651535233285999826    2.2072731814361699065  0.008486
  0.08229754709452000161   1.2197838893312400455    2.2459518231239701258  0.008577
  0.071691201851269995     0.90552444838739998278   2.5439104397214999942  0.009131
  0.0734015529177400039    0.83818135232632995368   2.6175249442534500588  0.009253
  0.081819731567820006     1.2761402543604600801    2.1898052500140998688  0.008761
  0.0930884953286899991    1.6018606629594700497    1.8847763966613300113  0.009376
  0.07704052522061999309   1.0796085020304200253    2.379126928956460052   0.008603
  0.07977382804733999799   1.1002236887663801035    2.3650960389969699627  0.008385
  0.07875087628709999399   1.0122654059693398931    2.4527414334883999025  0.008426
  0.08637523627901999568   1.3104988989203900651    2.1664204334149501641  0.008470
  0.08383667386144999512   1.2308001846790099787    2.2465746127747601157  0.008304
  0.08460623724492000175   1.2363083323528900603    2.2468860076001497816  0.008323
  0.08360489168427000239   1.1625283249152500442    2.3114542086882798877  0.008269
  0.08388120397260999395   1.11121572570857996      2.3635447223143399853  0.008296
  0.07843502611635000399   1.0185358999867000218    2.4489961402250601807  0.008346
  0.08414389972737000567   1.174352584287589929     2.3062539354617599408  0.008230
  0.08632893556739000551   1.2114170320482000598    2.2768328836941598148  0.008364
  0.08928861739903999617   1.3599181626012000201    2.1271923643914698587  0.008534
  0.08114842393702000056   1.1038814656403199699    2.3685451962666599357  0.008236
  0.08209480303765999409   1.063041398549759986     2.4109276141697097984  0.008297
  0.08253027074360000381   1.1049810950820799782    2.3698393638209700462  0.008240
  0.0816101712543900043    1.0929484384247400985    2.3849714550113101375  0.008242
  0.08210885136185999689   1.1103434100473699164    2.3665921434305601245  0.008215
  0.08240384594057000023   1.1540705449014398987    2.3244214862850198777  0.008229
  0.08462264074950999471   1.1886295605172800816    2.2962998471848998783  0.008291
  0.0820169781401400011    1.1250684893595599423    2.3504838589962200324  0.008208
  0.08020921723434000505   1.0853023785846600546    2.3880777236794399343  0.008245
  0.08316022910411000058   1.1520900328618599584    2.3267098825161798281  0.008218
  0.08245352646350000148   1.1042640766110900508    2.3714357703436199643  0.008234
  0.0824162660712999956    1.1416189278288499942    2.3361750572996697883  0.008226
  0.0824411063327700061    1.1167156936836799552    2.3596821993289700536  0.008212
  0.08121772811907000678   1.0826616958652099942    2.3911289186543198682  0.008248
  0.08267460385784999866   1.1347329486127000209    2.3428146415507100642  0.008214
  0.08264627419197999314   1.1406680110565901032    2.3353949898200401236  0.008225
  0.08224320706939000636   1.1179245602996799036    2.3587928550279300133  0.008210
  0.08179292383701999847   1.1050728802825799946    2.3698246340180402214  0.008223
  0.08245418385264000061   1.1273179315301700143    2.349567139667540161   0.008207
  0.08203513970867999661   1.1301582937759300229    2.3462137031321601555  0.008210
  0.08213663136469999404   1.1267976437528599565    2.3495808271813598544  0.008207
  0.08216198850226000272   1.1348648161287100411    2.3409616955354799472  0.008218
  0.08222290242761000345   1.122159624256940047     2.3543350651548200503  0.008208
  0.08218229314404000563   1.1306297521714498977    2.3454194854085899102  0.008210
  0.08221275010671999506   1.1242771562355700077    2.3521061702182599618  0.008207
  0.08251873207590000592   1.1271933316528399693    2.3503522323818901718  0.008209
  0.08214241662408000577   1.1255996999328798935    2.3504509523426397877  0.008207
  0.08239329359196000124   1.1266621210795200181    2.3503851390354699724  0.008208
  0.08220513586604999423   1.1258653052195399802    2.3504344990158498874  0.008207
  0.08229540760866999038   1.1270577876415148744    2.3495739834244497857  0.008207
  0.08229830023836000319   1.1264588157315249539    2.3500090460050899743  0.008207
  0.08233346697967999783   1.125797543882870011     2.3508366549429000614  0.008207
