250                       50                      -50                      -10                      2412781.096267
250                       50                      -52.5                    -10                      2418276.217092
250                       50                      -50                      -10.5                    2413268.796885
250                       50                      -50                      -10                      2412781.096267
250                       52.5                    -50                      -10                      2490010.108659
262.5                     50                      -50                      -10                      2586014.032950
237.5                     51.25                   -51.25                   -10.25                   2285885.298763
225                       51.875                  -51.875                  -10.375                  2143389.260822
237.5                     48.4375                 -52.1875                 -10.4375                 2205135.460575
231.25                    50.15625                -49.53125                -10.65625                2168822.816213
221.875                   50.234375               -51.796875               -10.234375               2056643.117758
207.8125                  50.3515625              -52.6953125              -10.1015625              1889828.241229
200.78125                 50.41015625             -53.14453125             -10.78515625             1810066.107244
176.171875                50.615234375            -54.716796875            -11.177734375            1543970.202767
182.6171875               53.0615234375           -52.2216796875           -10.7177734375           1669643.496770
164.55078125              52.79541015625          -56.22314453125          -10.52978515625          1477060.952627
131.201171875             54.114990234375         -59.569091796875         -10.466552734375         1188083.473330
123.9013671875            52.1966552734375        -57.7264404296875        -10.8568115234375        1078015.581624
 73.35205078125           52.35748291015625       -60.65216064453125       -11.09771728515625       697151.379958
 73.858642578125          54.723052978515617895   -60.884552001953117895   -11.628326416015630329   741113.202144
 44.6746826171875         52.8438568115234375     -65.6896209716796875     -11.467391967773439276   541099.698581
-24.29656982421875        52.735023498535163355   -72.42359161376953125    -11.842201232910159803   266989.169955
-49.114227294921882105    56.35004043579102273    -72.047901153564453125   -11.339664459228519178   229915.724159
-161.7572784423828125      59.217443466186523438   -80.713453292846679688   -11.420629501342780543   260172.100531
-94.301223754882826711    53.967809677124023438   -73.435010910034179688   -12.487401962280280543   171375.646168
-207.05242156982419033     53.894219398498542262   -80.367970466613769531   -13.497826576232920814   431126.682210
-121.03862762451171875     52.982125282287597656   -78.394780158996582031   -11.755166053771979762   195822.456925
-217.7273750305175497      55.660016536712646484   -87.498481273651123047   -12.614499568939219643   490364.476505
-144.95751857757568359     54.834383130073547363   -80.786901116371154785   -12.235303997993479896   236413.097315
-180.4092288017272665      56.332155764102928686   -79.908705055713653564   -12.066567003726969887   315155.090980
-63.324734568595893336    53.634306564927101135   -74.294869974255561829   -11.898292675614360547   195989.670543
-18.931888043880459094    53.632757849991321564   -68.299379982054233551   -11.504958577454090118   278021.530462
-113.45111094415187836     54.533976810052990913   -77.665020832791924477   -12.052717642858629787   188997.448321
-146.94362115114927292     51.209068731404826735   -79.846939784474670887   -12.757124708034110583   245030.809966
-73.57157575897872448     55.064797509694471955   -73.997660811292007565   -11.694029521429920138   189050.506656
-137.85653447266668081     54.640048074652440846   -77.451366382301785052   -12.096364914556049897   213561.359762
-81.957684544613584876    53.885741942358443168   -75.083994076267117634   -11.947810735349779776   180670.953099
-60.602169876801781356    55.744037687327363528   -71.696063156196032651   -12.335813877187320031   204232.831759
-105.9295131875842344      53.672603383547539124   -76.720100908296444686   -11.900328009625820158   181277.362637
-124.2481904566375448      52.965268396847022814   -77.454402552402825677   -12.500099653627339436   197161.361552
-86.240729433393426007    54.53991523148260967    -74.861846246569712093   -11.895547054479269633   179623.008529
-70.763464516085150535    53.499058307203313234   -72.385455237791802574   -12.062826238008950597   180500.602798
-60.702037936903252557    54.273659195536652078   -71.163052327034961309   -12.296464985433319228   194076.230493
-94.62264437491397473     53.822867336544817363   -75.330838762981073842   -11.999362253577700699   176260.855251
-91.006346495024104115    54.029083333818938684   -72.922581502421280675   -12.274758018823320072   170440.721114
-95.530677470229363735    54.100754029549193547   -71.841875215498362195   -12.438231660560100877   166536.302856
-114.58417300062464506     54.716614830147008774   -75.349330329749875546   -12.347445227439720838   182746.011848
-81.718641637220031271    53.803447437939240672   -73.126424010781320817   -12.133980985366649819   174633.852659
-96.845864185229686427    53.307524009096027839   -72.005228203077763283   -12.633941376413099889   165324.282200
-102.14843156114781664     52.691328397902736924   -70.576919181331788877   -13.003138537380010575   160917.344963
-92.226842836826065763    53.458802434712779927   -69.159275895841744841   -13.032014319215820208   158160.547971
-91.028942067782125491    53.27676998379676121    -66.073494462272080341   -13.548340352034880851   149656.367768
-109.78599578980103502     53.214883606247113335   -67.837225873786891839   -13.60457527076098927    157227.482346
-104.94579968959733662     52.674058331623882623   -64.729746456410396149   -13.809740948087709356   145807.105418
-110.26808765695460579     52.027182658873812215   -60.377114229598497275   -14.470910440991429979   136747.011099
-111.08505106761343484     51.504328293861021848   -60.590501657996270524   -14.875250640023550019   137978.577075
-108.93560672992779814     52.320253873486620932   -56.862248930495098875   -15.246399814525419814   128115.790244
-112.32919431431777468     52.134716611278562937   -50.004913805076746769   -16.368030453098121768   115069.293775
-102.56964176353291407     51.256615167657969323   -50.685786203684912721   -16.026690672312998487   110048.274831
-98.961464750398874912    50.277480948363397317   -42.110066368633930267   -17.237748373089008425   90642.237726
-125.29295682686021962     49.695084272391632396   -40.467803568380652735   -17.92762960156618135    111163.362894
-112.34080070665230267     50.56290395159268769    -35.889447327848650104   -18.12690879434882163    88123.213042
-112.96867552617173658     50.092191780458520611   -23.538920162774829237   -19.752737871511449441   71646.762321
-114.50805805191970421     49.07255414737223731    -17.683737722834571571   -21.172162708640961171   67529.322353
-116.62804324940225342     47.595239891621460515     3.662950530547389949   -24.522788842465718773   59003.159577
-114.59637586209878179     46.695281835138942483    -1.2220059795442599349  -23.352421891218060779   58204.010357
-115.72996663598928535     43.975564447069132257    23.169447933221981373   -26.844617610278028508   65182.938268
-96.284322867175617944    47.635012955399517409     8.8637825781778403211  -24.505218887575939135   41056.660697
-81.780005887333317105    46.604977296903470574    33.529575651457086849   -27.794013530580819804   48197.873879
-121.27724400202532706     45.731382282945823192    35.992969851837003148   -28.828835373296580968   80932.528837
-115.69829918911871403     46.867906949300220276    16.467210796719271571   -25.931063623244689609   59015.211400
-108.63484505772593991     44.304529035271556836    37.424889125724952521   -29.403008750740760036   66270.467887
-109.71830267483737487     45.75144472156829778     22.183936803600008858   -26.990441030933428834   54857.190198
-102.91522313763830709     46.970582752563899476     0.27712116967122002453 -23.754371702851891257   45968.900938
-95.129069021472773215    45.930921240713857401    11.388466755405019626   -24.778437913823939454   39229.167784
-84.379581907508054428    45.098761915260062949    15.251224867833830245   -24.906262449503049794   35131.947771
-82.052339431480888265    46.032619337256953429    24.51003868918570916    -26.725725144214088402   40385.868738
-73.097430997064051894    47.117043758671918852     2.2671468488342898517  -22.955348061139059013   40488.182625
-64.991614463976006277    45.971136230730337502    25.168975322344621759   -25.791905568364178691   46199.884883
-93.434320969222738995    46.720721122105508982     6.5000847078395702638  -24.263755169229970221   39027.821706
-70.197513785462248848    44.849560111247697591    15.400464978668859217   -24.920326524467149909   36027.508203
-91.934447049772913374    44.233787484263203282    28.56375977292969992    -27.452686582568070151   43699.442427
-77.806685010241267264    46.396229690069738183     8.8413000798581400375  -24.079682691496309133   36647.151779
-80.856711404736259396    45.500017082084546871    -1.5135013720855099439  -22.359288273134151126   36092.571919
-63.185925084751183078    44.201563277225510262    12.489659569298089181   -23.86902480007035976    36849.909820
-70.748024055869066729    44.831352738445509942    10.992265853933460562   -23.967707392360260599   34885.057142
-75.284230566546540331    43.743616233449166941    11.223927084317180558   -23.997109628236000134   31617.209223
-74.023003344699176864    42.41730950513888132     12.41524058654669993    -23.955823096605840306   29469.491211
-68.817350142033021143    43.098475052961539689    28.543099515576940917   -26.515771458334011612   38855.038205
-77.846871089060442728    44.899631574803791523     6.0006488498300996071  -23.3984090694341198     33522.096805
-83.301226413106107316    43.773967755576421723     6.929225100403190396   -23.193774479484488893   32126.231008
-68.579980543859335285    42.8623688717222322       2.9174653275228901173  -22.351594569439310334   31051.917602
-81.127516639493464368    42.145286115175160546     3.1390240782179801293  -22.482093215121619068   30096.300477
-75.668992381518592083    40.699834549002559925     6.6998286965152802352  -22.593233610891520158   26734.981349
-74.580053027747666761    38.599936036101951231     7.0494186198578701052  -22.190645881620209678   24373.369578
-65.854050364793707217    39.238482508492701584     5.831349205669529745   -22.296303901909009682   24107.159736
-57.130462340637507168    36.970739884950830856     5.2824112583026998635  -21.847568613121268299   21461.472166
-74.850537132429593612    37.204266898961186882    11.025581943939730678   -22.886470833795158342   23964.306171
-59.164511283263507835    35.450840047401271704    14.747302126105520159   -22.958160997449621021   19670.434390
-48.183008605148529568    32.103617013514316625    20.551441150049289064   -23.196194888613618446   18246.478437
-53.34902720828245748     30.021970411625261477     9.539185899528089152   -21.104617011969288853   13001.516376
-43.012039140074108445    23.824300864868440897     8.1011585560187899802  -19.679013969651009575   8345.718480
-37.007970581397209742    26.451526295045439952    15.430877834297389128   -21.613978270970321205   10781.264847
-17.816203201199090955    22.470825130228330835    13.657362455394350675   -20.281907037382950421   11427.550616
-15.879148423271969293    15.454394766877429745    23.588008739577208672   -20.537978470187681523   8924.399664
 -8.6746720678226605372   11.996906514995499649     9.8372626425945792761  -17.860243985482359363   3181.186301
 11.079496200840269537     1.9435512657360900501    4.4801733888672297113  -15.192268533916740481   5065.828918
-34.470711905083888382    16.392739090665081392    14.821291430849630189   -19.563700310762730084   9345.033122
-14.010315186729100034     7.3826443236577903306   12.742982850222709601   -17.206490097071569068   7642.481134
 -6.3173755038650298843   12.936384144534500251    12.313414963357020682   -18.078162950433579681   4338.427324
-20.128052525973480158    12.615723157150689815    -2.090599233480659791   -15.873977031131580873   5264.512850
 18.446831497878978467    -1.358471794699199986     8.3003720553280402328  -14.830423062408540247   7163.186304
  5.6736808868380004256   10.712626687332960529     1.4372423636767799326  -16.114913417656460126   6626.325568
-33.170041103290571982    25.489292046706029993     2.44828831274582015    -19.133225629943449775   9221.939815
  5.5426133475865899669    5.3534691656521102843    6.837351119682489653   -15.906123704292269849   3763.645585
-20.46242426187529162     10.738614803833440803    12.01147238239992987    -17.744340418013429428   6724.240130
 -0.86034540034032003231  10.719123716458080153     4.080799868357569693   -16.522270167745698899   3726.860133
 14.973162713752769193     7.8872186136693995806   18.625013530476490331   -18.309423372845369471   11796.102607
-11.352748716041919153    11.433597021280370143     3.08830395750862996    -16.482838616560030687   2939.310436
 -1.3552009144441199417    6.8151640646585303074   -0.39155616928538999888 -15.307575286606599718   3932.086606
 -2.5957445617993499809    8.3454690846275205729    2.7846866138752202069  -16.00022220256333938    3098.629128
-17.284368720588719981    15.894079003028620534     3.058175421485509915   -17.526663781883438986   3578.661661
-19.093421632786011344    13.115902095507930625     5.303414449374399986   -17.41271412549887998    3713.418973
-14.535152574674579995    12.516707500745470227     4.9977608041201904143  -17.190103136060589151   3031.000487
 -1.2947902395805399589    6.2522610577958097622    7.2958315875638000136  -16.240040188449718528   3644.851484
-13.286974100336680138    13.483624516720420061     4.1175894630050802192  -17.20500788352500976    2977.319992
-12.210637908603599655    10.892792546691390854    -2.3430922233400202082  -15.578841933872119796   4187.548742
 -9.5586635280179006458   11.720878022919469785     6.7921739261109301822  -17.289893472579798583   2814.887974
-21.771024897736189985    16.231934446205340095     6.713227461497200288   -18.083699351799371158   3604.368405
 -7.3895646457835599819   10.317085425021980782     3.7668218257807097871  -16.521091489872350877   2848.119543
 -6.2588229204154499641   10.96088499222564927      3.884683782082490211   -16.559312595208009355   2875.245507
 -3.9929258047927400632    8.7325982140033193701    4.6484022827363000729  -16.221560203585088544   2907.175681
 -2.2472397334629099497    9.4321263058048394612    6.4577369508465798376  -16.813090264062598322   3028.368004
 -9.0763714703971700715   10.933229342411490137     3.9306622058431202049  -16.565401528435671707   2811.990350
-12.148785477514300268    13.233440677285980058     4.5387685871723295605  -17.24628933946283027    2944.453419
 -6.0318907229731300035    9.8578088298239805454    4.6209938588453098873  -16.477742487554518647   2807.001408
 -9.7694222631704299431   10.453615817862809578     5.6706421262075501488  -16.86775189401317121    2924.644550
 -7.1364727561042000659   10.834067698634939347     4.3311733681137498664  -16.636422419909301595   2797.293584
 -8.5121345929626404114   11.355906521872960013     6.0706798536758501683  -16.96363846436728906    2759.331875
 -9.0734195665521806262   11.875317070298450517     7.2226088676234097008  -17.184911951614761705   2822.211861
 -5.8197712432006696304    9.7696281734522099072    2.6845807171280902104  -16.031708977553588369   2903.595939
 -8.6239404568135906715   11.233065560552660145     5.7652756238652198562  -16.975347348823248694   2766.868215
 -6.0758477940296096165   10.707194963030779888     6.4633991464069397992  -16.961173831891510844   2833.128051
 -8.3262405513052808459   10.87672074756630991      4.5638464409840802105  -16.664344604299628827   2771.729008
-10.267503455619729991    12.292071434489459492     5.7444937844741401634  -17.142133931145210113   2807.247151
 -7.0907939061347802223   10.466374480990349838     4.9018688402525203429  -16.643840348452201283   2771.345811
 -9.1400819975039500065   11.131965956856200606     6.3196620112750796494  -16.987162963061891219   2769.715179
 -8.3572349254021993659   11.216935512569779831     6.964896723550250357   -17.12064995805269163    2795.960105
 -8.3339891448295091436   10.961774438817180055     5.1641090116256203046  -16.778420942737898969   2756.715205
-10.214279189920059565    11.874981758059149684     6.7579944099683597614  -17.208444511042959135   2795.212497
 -7.871665227081099836    10.818526300257550687     5.3659002326814801975  -16.784991389099889858   2756.942196
 -7.5307827133394695807   11.052670453893979285     4.8633203496490100548  -16.764036109452270296   2781.155717
 -8.7377571764628303441   11.112142081115649717     5.9555765958685595862  -16.931381249659491317   2757.657851
 -8.1038326138544505284   10.891109110479009203     5.5128572230605303872  -16.753868674109039461   2740.469291
 -7.8437786923748795687   10.72013088544218995      5.3866480226581900936  -16.643129336751929515   2730.820687
 -7.881460527411520367    10.45038033094333052      4.8654370777410802518  -16.605322994757319321   2776.014327
 -8.3544660765748606224   11.129524974140549531     5.7693691596921601317  -16.874059596964798402   2748.963326
 -7.4641923939673500143   10.702836218213089836     4.8874366174601702184  -16.608919383117761726   2748.369285
 -8.1265479267922007267   10.938606958048959328     5.2378811730365901767  -16.667273240686299118   2729.420719
 -8.253989276647750728    10.998647286944660095     5.1738716432141496071  -16.608414166479509078   2716.110089
 -7.6242240749529104349   10.81379524355306998      5.4445537098867200498  -16.588840298919098615   2712.705920
 -7.2693415400146097483   10.739805645921009614     5.5847760590172601525  -16.494049977009698438   2695.577398
 -7.0611848749274397363   10.451185044119929657     4.7469970114827297891  -16.303196834714661634   2704.273323
 -7.7499547980149898763   10.752048213000810151     5.5587097507259901619  -16.415475774360139383   2673.733488
 -7.8928360000388098072   10.776654210394660538     5.8943463173589103477  -16.318753969981319329   2645.508015
 -7.3948971534394303262   10.763015208247939114     5.3133474928783401836  -16.219078137340659396   2641.979034
 -7.1704563839717003759   10.784457369650819913     5.2766972279884098995  -16.007052537635029665   2602.888449
 -6.4429201228285304381   10.377403848098550654     5.5775366647095099282  -15.953112493190840127   2609.707133
 -7.3265921484993903334   10.887975492912589814     6.4196811230543096016  -16.083287654193778593   2603.688051
 -7.1470607876546097259   10.673439814607300846     5.999354607538309736   -15.68705335049078009    2529.822834
 -7.0859204114746097147   10.640256898950449127     6.2066438817988398569  -15.283555037231320028   2457.989791
 -6.1201085333483096207   10.568392594411550434     5.8459331314166300686  -15.344749891144170206   2499.714884
 -7.4086186158184696993   11.06313732986414955      6.2969410174195896701  -15.406210066911310008   2475.439222
 -6.565959823807149931    10.640146603525899138     5.3934265062574295868  -14.937496112267140802   2405.937862
 -6.1856436614610403879   10.516232158832549359     4.8802991978589798094  -14.36460034130382013    2320.010790
 -6.2296892270795201085   10.609552121378529321     6.3382113862586102471  -14.192505130660279633   2303.800897
 -5.7593056486334202049   10.522099497242379584     6.8689684653937099768  -13.285231427172909946   2221.806980
 -7.0996356353454599386   10.802470348033210712     6.280493149818929588   -13.82504854516550985    2211.752262
 -7.5893991863440399825   10.919509224844039963     6.4977731590200802358  -13.06519787217619033    2098.760433
 -5.9015158381380903307   10.235911560070560355     5.9299013346162201543  -12.593082272030809321   2056.981137
 -5.1479644492978904324    9.8222986751737693112    5.7463814932145300673  -11.186518374590560754   1905.852076
 -5.255236061393580016    10.249812879095919982     5.7900672759448097437  -10.667218970390420552   1843.196811
 -4.3398938863530700516   10.05459086916865985      5.5817789730177995722   -8.3590509369699699249  1678.994168
 -5.2326379238531703919   10.143016974381870554     7.4671518474640796725   -8.5833989641509997881  1894.608311
 -5.3956420742906701093    9.9476083745417902549    5.7775742709645303563   -7.3118516467709495643  1584.112252
 -5.2138102871192897325    9.6603628131914991428    5.2318771737499503161   -4.3251617565699698176  1466.106003
 -2.3777540869676698776    8.9206254411138594662    5.5158215847031000223   -3.161867143964559812   1679.257769
 -3.4340836428487100385    9.5669993737541805245    6.1519332962529400533   -1.0282210262371900278  1849.291614
 -2.4501330277912001243    8.9582722742322307141    3.7735536663978099803    0.14624853228015000095 1515.507347
 -3.7567120012669099616    9.2299263250989405094    3.8995824026813901142   -6.8216946263749900226  1477.569909
 -5.5025205142975703865   10.030950699731809195     3.727574523220369862    -6.5179622498528297925  1349.123087
 -7.0649037279625099828   10.586113329040779618     2.833450992479010111    -8.1960098027969703338  1413.417925
 -4.1216940288844199358    8.8851651869585808186    2.734514910006959898    -0.40023411328885000193 1310.921778
 -4.012594100150089993     8.3004523458535395264    1.3108828785015400609    3.5791742985517100983  1514.336049
 -6.8472353879928897769    9.9449302382581894477    4.0232208384315297778   -9.178774905323470179   1594.366443
 -3.549408617841620206     9.2049367652387203975    3.8359704594062398186   -2.1850073271207599568  1368.906183
 -5.4370047228045397247    9.6607814074613607147    3.8653861305103700552    0.10751190295878999825 1381.427843
 -4.091503654794790279     9.2305542165037408608    1.849845837822019945    -0.17268413708186000632 1183.496151
 -3.5303503386325298941    9.0156499181598608317    0.1588301698580500132    1.9035546726621999092  1169.796143
 -2.9149820270235298203    8.9075698775831302356    1.3630589007354398934   -3.7073364117589098221  1273.264492
 -4.4853648365773999274    9.2147310759779692546    0.15601879250417000078  -2.1759817239984400317  1146.181745
 -4.9533429459453000021    9.2196282313475901304   -1.6839570409468700429   -2.1714689224372700771  1250.129988
 -2.0236751012613698464    7.9806073296079595991   -1.521363136668060001     4.3279634616608300135  1400.945607
 -4.6328091610385202515    9.5183648572008507927    2.4153401082482601758   -3.8064808219744201701  1203.110027
 -3.6600591527515700108    9.4429926775023300678   -0.68789092433400000903  -3.4928880292459401069  1269.540467
 -5.2393097174764804436    9.6882993868373805668   -0.34190982759720001116  -0.07856153951939000291 1039.421032
 -6.401473562702959974    10.078664141464500403    -1.1943941917635199079    1.7358258966003698998  1001.870613
 -5.8649397967241396756    9.4707123188992596852    1.4557883637574799973    2.3213470408907999065  1226.003719
 -5.313719635730990376     9.4637824085500295013    0.91986854173460996797   0.86778827335661001818 1108.156918
 -5.2326450257834196123    9.3680489148753292028   -2.3951784520816099544    4.9720743812847896237  1193.402866
 -5.0826860595971998791    9.4056279004567091562   -1.1925488119991400904    2.7774355804699899508  1099.300897
 -7.1112717086717500692   10.065752845064739773    -0.81435800461998997246  -0.30102065944792999463 1019.543575
 -7.4692106467740497777   10.292182571790020162    -1.2967350258281900022    4.7159962694879595801  1095.499523
 -7.7186013531419899181   10.457331320837949917    -3.1688865588400298989    3.5963302701985799814  1066.008461
 -9.2675925760481696614   11.041337539121899525    -2.0446380785267201929    2.0961303079495001711  971.554868
-11.360045834273659437    11.85919235845448938     -2.4706827117905199032    1.7554776716892599442  990.388130
 -7.7802589535083903627   10.529360351454519318    -2.3144033910469401505   -1.1523633618377000509  1104.639944
 -7.546972723457630039    10.35147701670615028     -1.5511521171328799262    3.2489063616565401205  1017.340550
 -7.4450539322982702828   10.311284450340700403     0.36661536281848000618  -0.20640931681933999409 986.721972
 -8.2192746885817591362   10.825628728751880203    -1.3974265076823300102    3.7382472841414697839  997.290048
 -8.1197246563579508205   10.776980413133340875    -0.58376959044415999145   0.43299072427946000419 939.572980
 -8.4061006228081094349   10.989732111346929955    -0.10007832709981000219  -0.9749670944090800262  941.673556
-10.124349363940110536    11.398951424209409211    -0.63521521515385004353   1.2946536031751800788  932.247075
-11.985787264558689813    12.059095065581869832    -0.3556257268490100043    1.0740674564625800613  948.860886
 -9.2590855757404906257   10.938648184650800133    -0.05107725297079999949  -1.929564624849070098   995.600487
 -8.9991328539508099738   10.910393320676069706    -0.38766456664867998683  -0.51261164760142996499 954.637003
-10.810345792850249325    11.752546898229660144    -2.1922590882051902206    1.8619908107206999404  960.685521
 -9.7591837575013897776   11.378098489002340443     0.14518384830077998848  -0.55761856266255005465 927.371167
-10.004979348227999836    11.546478963942560014     1.2400948117145300653   -1.8844929979685700605  959.520701
 -7.6908495230248803409   10.479664925280919974     1.4615263262322399918   -1.5332837521253699364  1012.308188
-10.030471725393910631    11.434326404992480875    -1.278812734595830003     1.0131721700091800287  931.679326
-10.017731897645870021    11.583785044992719548    -0.78864227929785002402   1.6042106150020700728  916.935405
-10.527031419493399156    11.920480907151040029    -0.98913113562244003862   2.6626217463038099886  932.348044
-11.846143715882689662    12.120600268465130611    -0.69497359992922003169   1.2442181884824798921  934.784147
-10.914538951001510725    11.784695304632180068    -0.66717259755794999787   1.0414113224317300688  923.008150
-10.236613801831229154    11.69150119760045925     -0.65950666642157995678   0.25593416921502998296 911.670956
-10.292746020776789351    11.837776084295979828    -0.67165239205544002843  -0.26342554776504001346 914.514573
-10.433562478596089207    11.784713613121370557     0.29374388710753002174   0.15879660198396000625 915.987031
-11.042039807035960663    12.044249091171030486    -1.0559726763857000265    2.0877949169789498107  922.991712
 -9.9504350415530602447   11.767429168810609852    -0.43801626994085002265   1.0119568291582698993  905.606772
 -9.4683830868288403337   11.758796100899829185    -0.32343810613230000728   0.99722958252155002867 910.539464
 -9.2771318027771698667   11.369465421091549118     0.25976201210931998409  -0.57234580929928002835 920.988772
 -9.7183588038418591282   11.538161338611420348    -0.06917166001442999479   0.0926893722702700068  910.563027
-10.151753165265249734    11.807117614079210455     0.35216692466318999521  -0.84452212868831000314 917.286701
-10.051237214550710064    11.63961818726433961     -0.50343997830759001921   0.9920274290794800498  909.516368
 -9.5447599522923400883   11.53364133302205019     -1.1288111744497599798    1.0175072978775701049  913.325293
 -9.7669605838682791443   11.596409403046880726    -0.77317240906043005477   0.80282962390416001686 907.945490
 -9.5068820200757304661   11.579307851266170459    -0.23239349224006999872   1.1938174579910600936  912.736183
-10.054180856392349597    11.663452861016889273    -0.55272837287620002478   0.49040499140903998088 907.598446
-10.193048044340340397    11.795293471457940271    -1.064506855078110048     1.555920064505210032   911.113789
 -9.8370311139664803335   11.602444371823050773    -0.31800545878035002545   0.45849704532899998588 907.294263
 -9.7530665833393808128   11.675249715084380142    -0.53752127702133001286   0.3898168158207599987  905.381441
 -9.60398126773370997     11.693065478994400408    -0.55456192637819001767   0.08871150919138999502 908.151625
-10.030396213757359902    11.757878655320590511    -0.14996328024894001185   0.37250821695436997505 905.422755
 -9.7312836199157892736   11.738048094502429919    -0.16902477011952998787   0.62598446222215997636 906.265318
 -9.8955596153163103423   11.866858445035960656    -0.32925733988497002391   0.74163611674878004987 905.333498
 -9.9248238659912306758   11.999065481642409381    -0.3348832804372899874    0.88320565245866999859 909.958631
-10.08344510706726993     11.795659897623339774    -0.55835431342852004377   0.63197452711892998511 903.903528
-10.259525850643010259    11.82446579918380003     -0.7530190850830099647    0.634969559567310049   905.836893
 -9.9307987181871002491   11.78039418772153013     -0.3495318353510299958    0.05601100916315000094 905.514988
 -9.9357077990285898039   11.777152932993800505    -0.37165294399849002627   0.29499746416193001197 904.195452
 -9.8034933386184199833   11.799581840048150028    -0.7484296569177200098    0.65670424497083002002 905.673558
 -9.9736704949726195935   11.76830445150248039     -0.29957987441612998758   0.44355722395849001005 904.126970
-10.191124924853010469    11.92873814849341052     -0.24190095884272999616   0.66626585017330997029 904.651506
-10.196414547644440773    11.768069270270549609    -0.40648670545796000697   0.27676141595754999436 905.833024
 -9.9707733483983407297   11.842161151344610559    -0.34856468127821998992   0.62541744155097001023 903.945192
 -9.7906734498803995592   11.662901068238710423    -0.54717494771795005537   0.33170747822184998288 906.042404
-10.09101205610986085     11.862278878429739493    -0.31821945606154000696   0.58262625718545002496 903.712521
-10.123742704245449531    11.85704925645629082     -0.39070621859372001161   0.84679026074498997545 904.322434
 -9.9827165253328100647   11.797127013859419975    -0.37641626264729999285   0.43294566330770001272 903.705876
-10.090303023481519418    11.880309019126070069    -0.50119748229165994591   0.69292472062304000247 903.441328
-10.148619287735970218    11.936311302937870238    -0.60200628622941998458   0.81760846895531003042 903.999331
-10.152965007597389402    11.825526253174679425    -0.52852907593628994931   0.5448181425665900024  903.781485
-10.075053199193520825    11.886960684671619148    -0.30382682503987001876   0.49468286472245998064 903.795044
-10.077151176161960322    11.864135487909550193    -0.36745869713703999127   0.52900578032157996589 903.458450
 -9.9676263829456903665   11.876398946487709551    -0.25311687313247999143   0.57393306815230005213 904.793329
-10.106630351434469972    11.838244426502939177    -0.45967602523534001335   0.55209687396301998508 903.391896
-10.037388482095520814    11.827629095269260873    -0.53415477759412999248   0.52086026192222001363 903.632523
-10.173019991253930527    11.908032000544489293    -0.55482722848179000241   0.71449815510723002632 903.430149
-10.186163789070420194    11.917731371772260829    -0.40742493897878001574   0.72340250308521003575 903.652221
-10.074582308839250544    11.850154664395009974    -0.50247231794029001417   0.57149582221297001716 903.385183
-10.145116661342630238    11.874234567374710281    -0.64162782983749999666   0.73650200563154999411 903.710682
-10.094142547457130021    11.866660257775839327    -0.43600098031215001049   0.58087983664906994719 903.325457
-10.133884576010869338    11.851236655483070592    -0.47529079369312998704   0.51656062334311003692 903.399940
-10.031599900616930299    11.795116001533939354    -0.38189283010865998635   0.39601842297686001837 903.821400
-10.137664968594679138    11.879803000791849144    -0.51159362888851001028   0.63487822207463995294 903.307837
-10.07262551215189994     11.866194519249750883    -0.47958068249501001334   0.65311475410674002529 903.391962
-10.087940278116640513    11.862455053308080366    -0.47850821029453999289   0.61897622141582997468 903.330596
-10.090534700069380136    11.891292061632450228    -0.50461154348240999656   0.65101817721323995691 903.467444
-10.102606438593200622    11.851506335285320048    -0.4709099047971099794    0.57682719977556995428 903.324690
-10.136594807541570162    11.880057659185540686    -0.44603404420587000612   0.63428491774457995689 903.310233
-10.147564102976650346    11.876558573211200454    -0.45376106880728001025   0.59445886670610004199 903.266130
-10.177376015406650822    11.883610333162760497    -0.44138749806365001893   0.58220018935123996062 903.257489
-10.182978567610920351    11.880828406436899414    -0.49896155766541999688   0.63321542782395001669 903.285447
-10.214700740983710503    11.910643364503199493    -0.47807845961461997719   0.66546217872163004881 903.285047
-10.219765338756410245    11.897384893261810035    -0.51897652791022996777   0.62359309124115003264 903.294867
-10.259745362784160605    11.906430497890479359    -0.45710839273844999786   0.61735722149434002493 903.280027
-10.19763500463630912     11.893371407734859346    -0.41879142613084002766   0.62552441745442999288 903.318245
-10.214232755226390736    11.896381521880069698    -0.49393025246538002637   0.62407592279446999495 903.261711
-10.250048869589530653    11.917704452281359551    -0.43629074377562998555   0.61133232835688999796 903.266388
-10.236000760519660346    11.891420038104140389    -0.43627998390694000541   0.55202065227684005144 903.295435
-10.22002574586769974     11.905837532903429832    -0.46762884068769999812   0.63710179711043002371 903.257091
-10.171096330260979812    11.89533642222333043     -0.46251027475772998887   0.60999789731218001521 903.257674
-10.14131655379133079     11.872878452803439231    -0.49643768921159997509   0.61535557492726999929 903.288566
-10.222865790639980688    11.906497952411880803    -0.45132748013461998493   0.61233813999947994677 903.248231
-10.181449185861270124    11.899259598470630195    -0.41749679435647002457   0.5967430890921899822  903.292821
-10.206036862885110139    11.897101041027710266    -0.47482188793815000016   0.61724271436889999176 903.246776
-10.242055877138740883    11.901187007529570039    -0.45507257865432998445   0.61444352310284000573 903.270753
-10.188836216980419636    11.896799068549890777    -0.46065085073188000164   0.61110930375984995333 903.247525
-10.241506292779959608    11.919507464283690013    -0.48582703168252999726   0.65669578826809005268 903.273122
-10.193408584749979795    11.89258461594300087     -0.45249738146836998576   0.60082408908045004114 903.247416
-10.185547981760040059    11.89065380606280975     -0.45201995944881001588   0.58365532649391005382 903.243888
-10.168309099706220877    11.883061942642500597    -0.444215518829360001     0.55693209118565001337 903.255225
-10.164049032547799456    11.882071313379819699    -0.46866755965898998504   0.59407757685207995824 903.254835
-10.208161601116939821    11.900391292653869968    -0.45566250001571001471   0.60777299921262994964 903.244066
-10.207741298275619712    11.893566309293809979    -0.45685001370363997886   0.59363826081810000534 903.246824
-10.21033528726887063     11.898271608576099112    -0.46717979908479001505   0.60033056136632001465 903.240811
-10.2187986385283196      11.90111510489265001     -0.47452100789299000994   0.6000837975092599974  903.241846
-10.197299568239859724    11.899642564866439898    -0.46799205954008998853   0.6108625399027800551  903.243268
-10.194635356307749419    11.897378595051900874    -0.44660527110655001692   0.58406799911892004484 903.241654
-10.185747495671320095    11.89258199462475929     -0.46123604457440997573   0.58168521422833996404 903.241578
-10.208460871983859874    11.903283575496789837    -0.46948662770410998224   0.6048178308142699855  903.239059
-10.21991731709577067     11.909598460213780768    -0.47821996183176002093   0.61539908297445000684 903.243285
-10.202289937376040285    11.896115322008339987    -0.45426181169483997868   0.57458826286113995341 903.239026
-10.204785121944130566    11.894351700579280262    -0.44739668777222002527   0.55645112434032995008 903.245360
-10.208781439842299577    11.897747655301090575    -0.47947687042252001843   0.59664293551612002098 903.244637
-10.198171877191390067    11.897470860114200519    -0.45482317093553997767   0.58721173321821995561 903.238627
-10.223881491238760333    11.904988688472949221    -0.46163966013523000109   0.60178897990163005005 903.239004
-10.206066801626160867    11.90265761447004067     -0.45292583615006998254   0.58387284203130995763 903.236722
-10.203932558804799768    11.904850617417009673    -0.4457988546827100218    0.57564398236379998863 903.239909
-10.206744181732320342    11.897332667035980691    -0.44233861175373001551   0.56891307819187997286 903.241739
-10.208031699420979876    11.901795848381590659    -0.46269962371652001432   0.59584164265867001209 903.237035
-10.215785997362610615    11.907341183711050547    -0.46178233377383998137   0.60976933604377003828 903.241380
-10.205663952372679759    11.898921787434019848    -0.45614194221458997935   0.58338353115679997263 903.237069
-10.185085674066849393    11.895434366726979292    -0.4516556263731300036    0.57336589463086995444 903.241888
-10.214182536945779489    11.902600108036459403    -0.45914365169470999772   0.59468320858393997064 903.237044
-10.218800617991410817    11.905516819046859212    -0.46063235595240997755   0.59167887899714000088 903.235435
-10.229114988391419416    11.909539798513179676    -0.46353694846083998149   0.59391245188660002352 903.235675
-10.217876875619479549    11.907363407533459565    -0.46155879154226997496   0.59965475497872999799 903.237169
-10.208717183184379707    11.901032192458879777    -0.45749615454650999213   0.58745133711228003648 903.236324
-10.206625614165689697    11.902901129142229308    -0.4577333334880400173    0.58473914181576003291 903.235915
-10.212073409062840668    11.904258029177409384    -0.45169421635200002196   0.57802945731957000586 903.235570
-10.217041610576000465    11.904196470442650835    -0.46085219401941002193   0.58707656559107002092 903.235193
-10.222529015050920265    11.9049658984289497      -0.46481537295407998611   0.58867842737094000505 903.236087
-10.218553442713590229    11.907404031445700809    -0.45795989535941999948   0.58331068474948999381 903.234609
-10.223471572478189273    11.910589950939099779    -0.45819176576587999916   0.58124035856809996847 903.234893
-10.226608926006230504    11.907786545914079923    -0.45783599735357999316   0.58530865151288002934 903.234970
-10.228428889580779781    11.908193904247239558    -0.46694600499041000186   0.59565793310572001662 903.236476
-10.216162279192330331    11.905241997944870036    -0.4555071635115999773    0.58243657626611000655 903.234866
-10.220382511252669389    11.906797703826789814    -0.45544526916959998664   0.57738736006264002043 903.234497
-10.221173457883299562    11.907438146216760444    -0.45285172577818999518   0.57024160059537998269 903.234997
-10.223811969006410649    11.909418669123070345    -0.45252196867769001187   0.57714507070448994863 903.234851
-10.212846175076270683    11.906644655256139131    -0.45288115100558001824   0.57483119437847995936 903.235751
-10.223168238273739661    11.907501073249600054    -0.45659728576657998556   0.5826892872292800396  903.234549
-10.226795801430879962    11.910318740877709587    -0.45575504597504001847   0.57782962510683999469 903.234509
-10.220638027829030747    11.906592105576830676    -0.4603567794576299832    0.58346340786964001612 903.234521
-10.22693884667956965     11.908200780319759815    -0.4561172948250000192    0.57737415538471004162 903.234692
-10.220649793705090858    11.907603218664219114    -0.45749924522581997266   0.58182655240829994625 903.234418
-10.221064828835100258    11.908154811223180758    -0.45793088414747001869   0.57756418549443000465 903.234473
-10.223808439782839486    11.909845131719119848    -0.45295844280134001103   0.57384045366645997088 903.234915
-10.221430630817479823    11.907405362112399416    -0.45850719529355998816   0.58105766931884994531 903.234364
-10.214968080874289313    11.904661807035589405    -0.45893625094319001612   0.58108825853527001915 903.234729
-10.223838871291729191    11.908904507417179985    -0.45655034721707998813   0.57864428346395002656 903.234379
-10.223109551072029788    11.909236245881700711    -0.45979856677237002094   0.58215898528012000046 903.234484
-10.222427791117189244    11.908626610367969434    -0.45871024237167001836   0.58096607897575003321 903.234388
-10.223108714630640748    11.908115038057710322    -0.45770263090660001648   0.58368310658899003052 903.234458
-10.222597743181760066    11.908124981349079263    -0.45775969421681000915   0.58215337631535002405 903.234377
-10.224497724498990081    11.908927511959099377    -0.45826449432374000148   0.57958415162864995729 903.234347
-10.226421689895930811    11.909589658606529738    -0.45864711887269998813   0.57846295123882995881 903.234427
-10.223754693777790337    11.908054571050909587    -0.45683062315393002661   0.57975366138765005442 903.234376
-10.222301524846280074    11.907351705818570053    -0.45913065627693999682   0.58263014586130001948 903.234415
-10.223454534680369576    11.908516307017530167    -0.45719542448204997243   0.57964074906328999504 903.234343
-10.223971048705559284    11.90832689472089001     -0.45763917440982998519   0.57786473938386995197 903.234382
-10.22294106956270987     11.908175459692030174    -0.45772956426506999916   0.58108121708247995052 903.234345
-10.222407286001979898    11.90845774933961998     -0.45901771602828000951   0.58092823215898004019 903.234375
-10.222744137945930731    11.908356954767439717    -0.45847094280968997415   0.58063458946614998624 903.234344
-10.225388102526519418    11.909582754605649413    -0.45732301764672000921   0.57941268430143999524 903.234382
-10.22241999874474061     11.907949710235710583    -0.45821115088184999342   0.58064642306449998355 903.234339
-10.221282145967890642    11.907571703897259496    -0.45753904689558999586   0.58141733770955994487 903.234381
-10.223693829866210336    11.908588559943639851    -0.45808313246670001595   0.58004244814887995219 903.234334
-10.223215181055920198    11.908530306290129985    -0.45825076105508000257   0.57940088778892995247 903.234350
-10.223009597436009344    11.908264171341560456    -0.45785986346257001589   0.58066113475908998076 903.234336
-10.223544842417730649    11.908302419501779923    -0.4572038428369000207    0.57986078805173002504 903.234343
-10.22334466629978067     11.908316053318200645    -0.45752061783009001505   0.58005423840532999158 903.234336
-10.222779511493000015    11.908042940402030041    -0.45864195783855998823   0.58106137312561001451 903.234341
-10.222948267289840629    11.908161282055900188    -0.45828032449943001403   0.58070621711003000964 903.234335
-10.224078181701180768    11.908715323093939986    -0.45766081824755000529   0.58008559614717003505 903.234336
-10.223663635962070728    11.908523919879380415    -0.45779840140611999244   0.58022580287650005193 903.234333
-10.223312998977290178    11.90845291329203981     -0.4584902430873200041    0.58076356304192000568 903.234336
-10.22332091580791058     11.90841869829857913     -0.45824783677301000884   0.58058623188277003191 903.234334
-10.223803727027009458    11.908582058747189336    -0.45834498411006002749   0.58011921524999998656 903.234336
-10.223605194629259429    11.90850258689578034     -0.45822370394819000872   0.58025469512727001486 903.234333
-10.224193520842890237    11.908855600452790569    -0.4578962127975800267    0.5798483719076800158  903.234340
-10.223259580678099923    11.908334861655120562    -0.45818429657396997356   0.58049175580944001318 903.234333
-10.223790204759909628    11.908556265888380565    -0.4578969304244799865    0.57992111909828003569 903.234333
-10.223465478148460406    11.908370257215690202    -0.45796853370967999242   0.58040423830687004614 903.234332
-10.223351302289579223    11.908261105851719819    -0.45791123433116998065   0.5805851333858600416  903.234334
-10.223206739949029398    11.908309546934610523    -0.45819053739449999707   0.58076712696176002737 903.234334
-10.22364433855718957     11.908494586149940275    -0.4579703321669900129    0.5801326210641499781  903.234332
-10.223929742970389256    11.908610813415270613    -0.45779618904151997416   0.58001692287796002834 903.234334
-10.223427121251170036    11.908403849595160295    -0.45808726969085999947   0.58037304757657004473 903.234332
-10.223495092330180611    11.908393719524299925    -0.4576885645386399859    0.58031315978478004158 903.234334
-10.223577669054490613    11.908475370052910236    -0.45808991909579999113   0.5802693112916500473  903.234332
-10.223393667543589913    11.90834811162747009     -0.45825962592554997377   0.5803638062431200062  903.234333
-10.223461159648209673    11.908392063690449447    -0.45814431979568998043   0.58032930540146998588 903.234332
-10.223596143857449192    11.908479967816399281    -0.45791370753597998577   0.58026030371814996123 903.234332
-10.223562397805139312    11.908457991784919372    -0.45797136060089999043   0.58027755413897996739 903.234332
-10.2235549083528241      11.908432421682814351    -0.45796943293833503041   0.58026842968551006763 903.234332
-10.223521573601475509    11.908422813634299331    -0.45802922640274001953   0.58033677479926004672 903.234332
-10.223463318898335928    11.908381160453069825    -0.45805642675268498643   0.58036677185417007152 903.234332
-10.223446299699816109    11.908387053405425249    -0.45802790170026996819   0.58038864294171998992 903.234332
-10.223494905700519553    11.908414039721940014    -0.45808666673075998377   0.58031205498063997972 903.234332
